-1.07669 0.00388955
-1.05114 0.00436249
-1.01374 0.00518898
-0.976332 0.00617454
-0.950788 0.00693892
-0.724179 0.0212737
-0.710899 0.0228075
-0.691451 0.0253115
-0.672003 0.0281216
-0.658723 0.0302161
-0.215731 0.128097
-0.212648 0.120154
-0.208135 0.10787
-0.203622 0.0948072
-0.200539 0.0854364
-0.653316 0.0312387
-0.645407 0.0325981
-0.633826 0.0347791
-0.622244 0.0371857
-0.614335 0.0389586
-0.365015 0.178965
-0.360447 0.182465
-0.353759 0.18739
-0.347071 0.192073
-0.342503 0.195132
1.02808 0.00471228
1.05002 0.00423287
1.08217 0.00360929
1.11431 0.00307898
1.13626 0.00277046
0.711283 0.0227353
0.725756 0.021032
0.746951 0.0187904
0.768146 0.0168494
0.782619 0.0156967
0.367258 0.177028
0.372649 0.172788
0.380543 0.166432
0.388438 0.159904
0.393829 0.155349
0.0293686 -1.10683
0.0313697 -1.09558
0.0343 -1.07766
0.0372303 -1.05801
0.0392314 -1.04361
0.0868761 -0.630756
0.0890084 -0.611433
0.092131 -0.583338
0.0952536 -0.555476
0.0973859 -0.536582
-0.0901034 -0.601319
-0.0880279 -0.62041
-0.0849885 -0.648274
-0.0819491 -0.676027
-0.0798736 -0.694917
-0.0449862 -1.00106
-0.0430707 -1.01546
-0.0402655 -1.03593
-0.0374603 -1.05566
-0.0355448 -1.0687
-0.153146 -0.124052
-0.150334 -0.140706
-0.146216 -0.165816
-0.142098 -0.191788
-0.139286 -0.210024
-0.138006 -0.218808
-0.135803 -0.23362
-0.132576 -0.255869
-0.129349 -0.278788
-0.127146 -0.294826
-1.35455 0.00133507
-1.32901 0.00143235
-1.2916 0.00161474
-1.2542 0.0018446
-1.22865 0.00202884
-0.868647 0.0103061
-0.855367 0.0109976
-0.835919 0.0121042
-0.816471 0.0133224
-0.803191 0.0142184
-0.249261 0.187952
-0.246178 0.184156
-0.241665 0.17802
-0.237151 0.171193
-0.234068 0.166134
-0.567282 0.0517395
-0.559373 0.0544076
-0.547792 0.0585855
-0.53621 0.0630843
-0.528301 0.0663401
-0.315331 0.2087
-0.310763 0.210233
-0.304075 0.211798
-0.297387 0.21255
-0.292819 0.212595
1.26684 0.00137866
1.28879 0.0012062
1.32093 0.000975435
1.35307 0.000770558
1.37502 0.00064553
0.868726 0.010222
0.883199 0.00951602
0.904394 0.00856982
0.925589 0.00772774
0.940062 0.00721255
0.425904 0.129353
0.431295 0.125029
0.43919 0.118927
0.447085 0.113101
0.452476 0.109281
0.00759862 -1.19123
0.00959988 -1.1865
0.0125305 -1.17888
0.0154611 -1.17042
0.0174624 -1.16417
0.110072 -0.427698
0.112204 -0.410497
0.115327 -0.385534
0.11845 -0.360836
0.120582 -0.344121
-0.0675244 -0.808794
-0.0654489 -0.82714
-0.0624095 -0.854047
-0.0593701 -0.881007
-0.0572946 -0.899452
-0.0241472 -1.13529
-0.0222314 -1.14388
-0.019426 -1.15552
-0.0166206 -1.16603
-0.0147048 -1.17256
-0.183738 0.0253443
-0.180926 0.0136296
-0.176808 -0.00415394
-0.17269 -0.0226892
-0.169878 -0.0357814
-0.114039 -0.39632
-0.111836 -0.413922
-0.108609 -0.440295
-0.105382 -0.467383
-0.103179 -0.486296
-1.21562 0.00214133
-1.19007 0.00237331
-1.15267 0.00278249
-1.11526 0.0032742
-1.08972 0.00365739
-0.796413 0.0147061
-0.783133 0.0157254
-0.763685 0.0173657
-0.744237 0.0191811
-0.730957 0.0205214
-0.232496 0.163312
-0.229413 0.157636
-0.2249 0.148671
-0.220386 0.138924
-0.217303 0.131819
-0.610299 0.0399655
-0.60239 0.0418272
-0.590809 0.0448052
-0.579227 0.0480819
-0.571318 0.0504909
-0.340173 0.196697
-0.335605 0.199363
-0.328917 0.202953
-0.322229 0.206167
-0.317661 0.208143
1.14746 0.00261937
1.16941 0.00233928
1.20155 0.00197235
1.23369 0.00165681
1.25564 0.00147086
0.790005 0.0151284
0.804478 0.0140543
0.825673 0.012623
0.846867 0.01136
0.86134 0.0105943
0.396581 0.153155
0.401972 0.148643
0.409867 0.142112
0.417761 0.135674
0.423152 0.131331
0.0184836 -1.15898
0.0204849 -1.15169
0.0234155 -1.13912
0.0263461 -1.12434
0.0283474 -1.11297
0.0984741 -0.526672
0.100606 -0.508292
0.103729 -0.481578
0.106852 -0.4551
0.108984 -0.437153
-0.0788144 -0.70404
-0.0767387 -0.723674
-0.073699 -0.751967
-0.0706593 -0.779714
-0.0685836 -0.798348
-0.0345672 -1.07523
-0.0326514 -1.08736
-0.029846 -1.10414
-0.0270406 -1.11976
-0.0251248 -1.12975
-0.168442 -0.0429371
-0.16563 -0.0568328
-0.161512 -0.0780274
-0.157394 -0.100234
-0.154582 -0.115983
-0.126022 -0.30272
-0.123819 -0.319458
-0.120593 -0.344247
-0.117366 -0.369369
-0.115163 -0.386717
-1.49348 0.00110426
-1.46794 0.00111098
-1.43053 0.00114942
-1.39313 0.00122184
-1.36758 0.00129082
-0.940882 0.00729771
-0.927602 0.00776805
-0.908154 0.00852357
-0.888705 0.00935838
-0.875425 0.00997401
-0.481893 0.0901928
-0.476511 0.0934572
-0.46863 0.0984255
-0.460749 0.103616
-0.455367 0.107288
-0.452621 0.109454
-0.447239 0.113179
-0.439359 0.118883
-0.431478 0.124881
-0.426096 0.129145
-0.42335 0.131186
-0.417968 0.135601
-0.410088 0.142067
-0.402207 0.148531
-0.396825 0.152943
-0.394079 0.155376
-0.388697 0.159809
-0.380816 0.166254
-0.372935 0.17264
-0.367553 0.176965
-0.266025 0.203388
-0.262942 0.20118
-0.258429 0.197456
-0.253916 0.193146
-0.250833 0.189865
-0.524265 0.0683027
-0.516356 0.0718545
-0.504775 0.0774895
-0.493193 0.0836383
-0.485284 0.088131
-0.290489 0.21236
-0.285921 0.211746
-0.279233 0.210006
-0.272544 0.207262
-0.267976 0.204808
1.38622 0.000582437
1.40817 0.000461503
1.44031 0.000292772
1.47245 0.00013398
1.4944 3.12557e-05
0.947448 0.00696199
0.961921 0.00648725
0.983116 0.00584876
1.00431 0.00527769
1.01878 0.00492646
0.485807 0.0879
0.496122 0.08202
0.511227 0.0741384
0.526331 0.0671274
0.536646 0.0628421
0.54191 0.0608525
0.552225 0.0568874
0.56733 0.0516316
0.582435 0.0470318
0.59275 0.0442686
0.598014 0.0427961
0.608329 0.0402763
0.623434 0.0368655
0.638539 0.0337872
0.648854 0.0318764
0.654118 0.0308336
0.664433 0.0291975
0.679538 0.0269198
0.694643 0.0247829
0.704958 0.0234046
0.455228 0.107196
0.460619 0.103604
0.468514 0.0984482
0.476408 0.093416
0.481799 0.0900512
0.286375 0.211698
0.290073 0.212214
0.295488 0.212483
0.300903 0.212177
0.304601 0.211638
0.306488 0.211228
0.310185 0.210325
0.315601 0.208673
0.321016 0.20663
0.324713 0.205011
0.3266 0.203961
0.330298 0.202135
0.335713 0.199186
0.341128 0.195912
0.344826 0.193489
0.346713 0.19236
0.35041 0.189717
0.355826 0.185772
0.361241 0.181743
0.364938 0.178942
0.133604 -0.248329
0.137049 -0.22497
0.142095 -0.191865
0.14714 -0.160054
0.150585 -0.139066
0.152343 -0.129144
0.155788 -0.109284
0.160833 -0.0815755
0.165878 -0.0554853
0.169323 -0.0385917
0.171081 -0.030229
0.174526 -0.0143083
0.179572 0.00784109
0.184617 0.0286161
0.188062 0.0420184
0.18982 0.0483524
0.193265 0.060902
0.19831 0.0781497
0.203355 0.0940624
0.2068 0.104166
-0.00328543 -1.19323
-0.00128435 -1.19533
0.001646 -1.19602
0.00457635 -1.19386
0.00657743 -1.19075
0.208591 0.108871
0.212165 0.118675
0.217398 0.13194
0.222631 0.143912
0.226205 0.151348
0.228029 0.154914
0.231603 0.161591
0.236836 0.170557
0.242069 0.178563
0.245643 0.18348
0.247467 0.185706
0.251041 0.189897
0.256274 0.195355
0.261507 0.200009
0.265081 0.202726
0.266905 0.204107
0.270479 0.206088
0.275713 0.208543
0.280946 0.210472
0.28452 0.211487
0.12167 -0.335989
0.123803 -0.319721
0.126926 -0.296428
0.130048 -0.273758
0.132181 -0.258633
-0.0562354 -0.909282
-0.0541597 -0.926391
-0.05112 -0.951344
-0.0480803 -0.976179
-0.0460046 -0.993073
0.0402884 -1.03563
0.0424297 -1.02034
0.0455655 -0.996754
0.0487013 -0.971753
0.0508426 -0.953869
0.0519354 -0.945019
0.054077 -0.926971
0.057213 -0.900058
0.060349 -0.872567
0.0624906 -0.85346
0.0635834 -0.844555
0.065725 -0.82467
0.068861 -0.795782
0.071997 -0.767162
0.0741386 -0.747768
0.0752314 -0.737553
0.0773727 -0.717868
0.0805085 -0.689062
0.0836443 -0.660277
0.0857856 -0.64063
-0.0137272 -1.17564
-0.0118114 -1.18081
-0.009006 -1.18701
-0.00620057 -1.19155
-0.0042848 -1.19371
-0.199035 0.0806373
-0.196223 0.0712271
-0.192105 0.0568251
-0.187986 0.0416808
-0.185174 0.0309104
-0.102055 -0.495949
-0.0998515 -0.515102
-0.096625 -0.543409
-0.0933985 -0.57203
-0.0911952 -0.591758
