-1.2091 0.0310462
-1.15801 0.0310462
-1.0832 0.0310462
-1.00839 0.0310462
-0.957306 0.0310462
-0.793025 0.0450468
-0.766464 0.0450468
-0.727568 0.0450468
-0.688672 0.0450468
-0.662111 0.0450468
-0.231709 0.227374
-0.225545 0.227511
-0.216517 0.227783
-0.20749 0.228126
-0.201326 0.228395
-0.651298 0.062485
-0.63548 0.0624849
-0.612317 0.0624846
-0.589154 0.062484
-0.573336 0.0624833
-0.363849 0.21566
-0.354715 0.215641
-0.341338 0.215664
-0.327961 0.215777
-0.318827 0.215921
1.03368 0.00479086
1.07757 0.00479086
1.14186 0.00479086
1.20614 0.00479086
1.25004 0.00479086
0.714976 0.0226939
0.743922 0.0226939
0.786312 0.0226939
0.828701 0.0226939
0.857647 0.0226939
0.368633 0.141921
0.379415 0.141991
0.395205 0.142112
0.410995 0.142237
0.421777 0.142315
0.0189942 -1.0747
0.0229965 -1.07434
0.0288575 -1.07348
0.0347185 -1.07226
0.0387208 -1.07122
0.0874201 -0.606995
0.0916848 -0.606614
0.09793 -0.606054
0.104175 -0.605515
0.10844 -0.605172
-0.0895738 -0.447208
-0.0854225 -0.447471
-0.0793435 -0.447793
-0.0732645 -0.44801
-0.0691132 -0.448077
-0.0444974 -0.869313
-0.0406661 -0.869787
-0.0350555 -0.870229
-0.0294449 -0.870338
-0.0256136 -0.870203
-0.167725 0.0499976
-0.1621 0.0501133
-0.153864 0.0502421
-0.145628 0.0503123
-0.140003 0.0503231
-0.137444 -0.108694
-0.133037 -0.108731
-0.126585 -0.108833
-0.120132 -0.108985
-0.115725 -0.109114
-1.48697 0.0290014
-1.43588 0.0290014
-1.36107 0.0290014
-1.28626 0.0290014
-1.23517 0.0290014
-0.937494 0.0365787
-0.910933 0.0365787
-0.872037 0.0365787
-0.83314 0.0365787
-0.806579 0.0365787
-0.48052 0.118548
-0.469756 0.118535
-0.453995 0.118511
-0.438233 0.118485
-0.427469 0.118469
-0.421977 0.156466
-0.411213 0.156414
-0.395452 0.156338
-0.37969 0.156278
-0.368926 0.156258
-0.265238 0.261545
-0.259074 0.261621
-0.250047 0.261815
-0.241019 0.26211
-0.234855 0.262369
-0.565264 0.0798912
-0.549446 0.0798895
-0.526283 0.0798842
-0.50312 0.0798762
-0.487302 0.0798699
-0.314165 0.245337
-0.30503 0.245355
-0.291654 0.245514
-0.278277 0.24586
-0.269142 0.246222
1.27244 -0.00083752
1.31634 -0.00083752
1.38062 -0.00083752
1.4449 -0.00083752
1.4888 -0.00083752
0.872419 0.00961754
0.901365 0.00961754
0.943755 0.00961754
0.986144 0.00961754
1.01509 0.00961754
0.488439 0.0739998
0.509068 0.0740065
0.539279 0.0740148
0.569489 0.0740195
0.590118 0.0740203
0.600646 0.0306425
0.621276 0.0306427
0.651486 0.030643
0.681696 0.0306431
0.702326 0.030643
0.427279 0.108911
0.438062 0.108939
0.453852 0.108979
0.469641 0.109013
0.480424 0.109032
0.287319 0.146466
0.294715 0.146436
0.305545 0.146477
0.316374 0.146602
0.32377 0.146726
0.327544 0.152049
0.33494 0.152074
0.34577 0.152152
0.356599 0.152265
0.363995 0.152355
0.134483 -0.317526
0.141373 -0.317505
0.151464 -0.317549
0.161554 -0.317674
0.168444 -0.317795
0.17196 -0.104168
0.17885 -0.104283
0.188941 -0.104432
0.199031 -0.104533
0.205921 -0.104556
-0.00277481 -1.10853
0.00122753 -1.10828
0.0070885 -1.10752
0.0129495 -1.10629
0.0169518 -1.1052
0.209503 0.0356559
0.21665 0.0355333
0.227117 0.0354515
0.237584 0.0354978
0.244731 0.0356102
0.248379 0.108889
0.255526 0.108839
0.265994 0.108876
0.276461 0.109036
0.283608 0.109211
0.110616 -0.467047
0.114881 -0.466844
0.121127 -0.466588
0.127372 -0.466394
0.131637 -0.466302
-0.0669948 -0.691925
-0.0628435 -0.692269
-0.0567645 -0.692601
-0.0506855 -0.692685
-0.0465342 -0.692572
0.0408348 -0.972884
0.0451177 -0.972398
0.0513895 -0.971439
0.0576613 -0.970237
0.0619442 -0.969306
0.0641298 -0.813294
0.0684127 -0.812905
0.0746845 -0.812219
0.0809563 -0.811437
0.0852392 -0.810869
-0.0236584 -1.01572
-0.0198269 -1.01618
-0.014216 -1.01652
-0.00860515 -1.01644
-0.00477361 -1.01613
-0.198318 0.157454
-0.192693 0.157608
-0.184457 0.157852
-0.17622 0.1581
-0.170595 0.158263
-0.113477 -0.257727
-0.10907 -0.257954
-0.102617 -0.258321
-0.096164 -0.258707
-0.0917573 -0.258967
