1.013837199392257 0.5619747412144989 0.0048420815581805 2.70433627232139 
1.011023313400915 0.5666698082030195 0.004998642761835252 2.697504852702101 
1.016001728374068 0.5536308784584211 0.004176196401764911 2.707058430152073 
1.010448153432177 0.5669548513915043 0.01004910103753763 2.695791022479978 
1.018770830628232 0.5449993505411861 0.02645759629014894 2.712323338767447 
0.9895280025575303 0.6038192046017491 0.05343837830544815 2.650214038017189 
1.016480213909715 0.542952655734217 0.06144492847299798 2.705437283867292 
1.008441490720575 0.5720665535216791 0.0500933604859307 2.693639193901765 
0.9753434277145785 0.6209352212234427 0.07821302146807667 2.617061789829316 
1.007776645934407 0.5676002701195089 0.03127981172696136 2.687782218989427 
0.9987180617056104 0.5854008948213509 0.0294564579027492 2.667847801852369 
0.9887395100382461 0.5995241147473365 0.001040264676255086 2.642837143006514 
1.003752580424103 0.5776742534313095 0.01382959416005072 2.679581093787743 
0.987470645884012 0.5996415000480614 0.01647873086125142 2.638892953290872 
1.008901796977904 0.5674022130463168 0.01361097331326141 2.69090814975177 
1.009933762809463 0.5660491411956465 0.02550432113647058 2.693941976901325 
1.013679359844773 0.5616838293806654 0.00357410864255628 2.703634890616549 
1.010705505743693 0.5656901583993512 0.007869428636233045 2.695916621286147 
1.012981649965638 0.5647193747242619 0.00126587674872671 2.702969901726376 
1.002041324602596 0.5703400594329775 0.08998837826099121 2.675031685702801 
0.9998986635488804 0.5733662125772206 -0.0009385682248919479 2.664970835650721 
0.9992184599335446 0.5690840702974359 -0.00282705185711697 2.661582965131259 
0.9997880577436536 0.5738798150719691 -0.002636786121091196 2.664931596130593 
0.9994530253550082 0.5643726138424502 -0.005082061331210423 2.660845403928008 
0.9980462093278617 0.5771772505013177 -0.007563332686408348 2.660812788603378 
0.9998800839116885 0.5616702422562496 -0.006829095996190668 2.661116739862229 
1.001795498947357 0.5443651791046819 -0.01520319853034485 2.661629091663849 
0.9914588503007608 0.5925679815243332 -0.006991303844643342 2.647674755679027 
0.9951654144798638 0.5867583465955408 -0.003288665091278651 2.656317744180585 
0.9994851046781013 0.5675343004497188 -0.006153079431295902 2.661490254600435 
0.99817095245248 0.5746778892260831 -0.01504715187254438 2.660487159670212 
0.9926890750207295 0.5773754568859581 -0.0354160506580252 2.645510334886144 
0.993109873678264 0.5889771657645659 -0.01013523325949746 2.651165529627674 
0.9735647379176389 0.6009496860032306 -0.05114398923608658 2.598580840472769 
0.9868622149782796 0.5716388694027487 -0.06339837562170801 2.627851602854112 
0.9824607797057798 0.5984759845278936 -0.02025237258490961 2.622548646898426 
0.9918322313931515 0.5898985673838582 -0.01089197709412989 2.647486510861389 
0.9863566103111133 0.6012233960923038 -0.001046276648271485 2.636113724811839 
0.9889105759155863 0.5878712197766629 -0.02842035264654924 2.638154354272313 
0.9909973853436342 0.594025888105652 -0.002342521394651322 2.646868807378978 
0.9700168625940456 0.6199331838895253 -0.01439367507855324 2.595987019815887 
0.9867452295727122 0.6005520063351883 -0.004913045526098536 2.637025450134584 
0.9800910452046598 0.6091427242111958 0.00972330831628357 2.620713587860784 
0.9257226813794638 0.6755186138077807 0.02203811609816099 2.495551995681979 
0.9486223345233267 0.6527372290349356 -0.002622709765805447 2.550077029273452 
0.9753058007921361 0.6112504748613039 -0.03978075496344415 2.609397253546247 
0.9634150947720993 0.6336821015625398 0.0166560795670168 2.583454472178277 
1.001456476735509 0.5359732525974527 -0.03734028965771159 2.657681053381257 
0.9966801796268024 0.5754379679426778 -0.01575962342721673 2.655969054095118 
0.9814025713396765 0.5628623954111965 -0.08843374995520094 2.610135566288638 
0.9894043695191095 0.5799165280930092 -0.03430270351425663 2.636051728934679 
0.9603794451087561 0.6158361766368058 -0.07815003969201655 2.570546631352753 
0.9351789236492201 0.6459384152317811 -0.06204704877037499 2.508217827784928 
0.9923083628589204 0.5936758569212069 0.003940594458642316 2.650936766409837 
0.9991127649893855 0.5836086131070278 0.009408376430592542 2.667528942763187 
0.9994245281694016 0.5837912489871826 0.0125400044321881 2.668727837600875 
1.006223997106027 0.5727821253145345 0.004338834682615035 2.684883533740309 
0.9665158523456894 0.6298028425656603 0.01136863003533678 2.590625002009964 
0.9520317397150725 0.6478590623894576 -0.02660723009124539 2.558324542506047 
0.9452694827447917 0.6491828758817657 -0.01306355376234864 2.537166007874466 
0.9234765388266234 0.6622031125465756 -0.04091861548234382 2.481487284003328 
0.9608397902859561 0.6369582197095158 0.05846927052229663 2.579518523847667 
0.9860047216563569 0.605344119780429 0.02032423518211251 2.637837529557476 
0.9891105912895898 0.5906568025576886 0.09326892134768072 2.644849828338721 
0.9810144192745073 0.6088027778457112 0.03597370488421413 2.624352941848313 
0.9981337003968449 0.5826769874080171 0.04556417461416353 2.665149265722957 
0.9686503371209515 0.6317658389456443 0.05991166538573058 2.601408057398279 
0.92373034044458 0.6725834825634717 0.06135282579858946 2.489170704466865 
0.9612253865307007 0.6476348527761745 0.06897086550964447 2.589601008531559 
0.9552835040886409 0.632522715114614 0.09052714490008829 2.562039733701148 
1.001107560138323 0.5798804812484145 0.01658156779428209 2.672084405371414 
1.008735242123042 0.5678779478845165 0.07099720195403002 2.693882804231416 
1.014977720229811 0.5623556283792931 0.0006008415526454943 2.708368060638283 
1.014019923685324 0.5637968393079726 0.0004409858467433518 2.705946418408109 
1.021452401050688 0.5426224999724235 0.02761779251580335 2.720177525346258 
1.001567333267179 0.5836456002729046 0.002673465734388159 2.675667979498175 
1.012338265100408 0.5657494538251565 0.0007392163961508835 2.701383997269436 
1.000052118382541 0.5750411329357855 -0.0001885173259827251 2.666014660073515 
0.9996411218543843 0.5717615800048804 -0.00203517515124065 2.663680031004284 
0.9983344787008042 0.5782716602795673 -0.001447624430615452 2.662034208749953 
0.9954918660156931 0.5852410133634953 -0.001930854164985844 2.656509226310784 
0.9942251772116895 0.5889547582685382 -0.001410667977152859 2.654439184994972 
1.00144574604216 0.5467772798604605 -0.007399714260244266 2.662048367868741 
1.004607533647799 0.5343939959611442 -0.03494309246260481 2.667541797107043 
0.9966536907382337 0.5889720053488268 0.001829029455385516 2.662467030596268 
0.9764061216014599 0.5747687735565288 -0.1064551705440963 2.60280647443682 
0.9965529007398826 0.544065071810886 -0.07427979282914292 2.648583351574877 
0.9250603385790575 0.6508480813535736 -0.06426944811025849 2.480630157950903 
1.014729041526165 0.5604398295731371 0.001548902683998631 2.706473539464405 
1.014394173364516 0.5599700841726235 0.003774732773000306 2.705097761523678 
1.014547024611851 0.5601530191369912 0.004770261228234745 2.705720174149919 
1.00899741273693 0.5698249156199435 0.006520450911969258 2.69251291374541 
1.009320600588661 0.568221808761293 0.004062125329532506 2.69266183999422 
1.00824697356632 0.5715790202627165 0.002647311208817691 2.690966368259054 
1.015780811889239 0.5540070685393027 0.01163029591108461 2.706610760781709 
1.015700608343723 0.5550096320222802 0.00606213224618718 2.706811483159483 
1.015338665361325 0.5567923626970023 0.007316946494195191 2.706570957716928 
1.013630617722777 0.5602947694902045 0.008266943646184294 2.702744776061218 
1.01260464632551 0.56022922111766 0.01029683243327188 2.699279570848477 
1.012952198791875 0.561020874586502 0.01253546646395237 2.700922961031547 
1.016873012478175 0.5511152899058449 0.01783059390577079 2.70887698557171 
1.018465253347925 0.5457640686776539 0.01574118359143893 2.71136252687888 
1.020195275591854 0.5421793962726729 0.0126936793291944 2.715252733536214 
0.9995665955700928 0.5856721478907408 0.05304015313229809 2.672220752774806 
0.9952249745560324 0.5924923621002611 0.06287282307427736 2.662575529039769 
0.9943508020827496 0.5941571277160944 0.07112029459618276 2.661769255965163 
1.018735365166939 0.5428650107480087 0.04340430892683418 2.711795471695991 
1.020441924445378 0.5430121315987492 0.05645950897697121 2.71857160706632 
1.026074384533813 0.5202675902371763 0.05905141707169342 2.726185985273238 
1.016505955458802 0.5557813512730072 0.04221532147017557 2.711174657933394 
1.013157737608572 0.5574208963067525 0.05176617898473851 2.701320009420568 
1.01385141315567 0.56144832089441 0.05712238887982544 2.706363840917597 
0.9829862694707907 0.6104797420035625 0.05744152239714729 2.633115808388329 
0.9801615501441329 0.6135256418879167 0.06986439170162861 2.627273570845379 
0.987824951339944 0.603569284697167 0.08107183590951786 2.646965860124413 
1.013008189865119 0.5560706729764318 0.03747276449605567 2.699300473547921 
1.008501562207098 0.5654078825920728 0.0349953678445112 2.689233484411758 
1.005938636398233 0.5673166787678672 0.04258473115631269 2.682081261681359 
1.004735789852429 0.5742212130547484 0.02837633541180192 2.681307175948628 
1.001974404931203 0.5775029696830335 0.03415196589124118 2.674196878904089 
1.001874421428872 0.5769927024449243 0.03763495157626383 2.673866429187449 
0.9912414499378979 0.5953380551416543 0.006513760461740482 2.648474006643843 
0.9890035000953351 0.5982343040448893 0.006187058227287438 2.642911082043788 
0.9861446612903804 0.60215504254625 0.008667252593962949 2.636037075632075 
1.007402389001885 0.5710059649159058 0.012117481615633 2.687910333320731 
1.005626107704499 0.5726756580545792 0.01648599426848957 2.682995369936855 
1.005713206660582 0.5724876095122453 0.01913205408347352 2.68327761074173 
0.9922738203687738 0.593710557243185 0.01113360149128026 2.650924964561618 
0.9900354635380837 0.5966971227845373 0.01529398933966184 2.645526698933309 
0.9923129736239741 0.593207048638436 0.02122753215771571 2.651021429198555 
1.011589731596005 0.5611135690448659 0.01824809224809721 2.696515768887386 
1.009464905730636 0.5662857681416967 0.01681818049400341 2.692248066952954 
1.007869548864898 0.5665955024024716 0.0219371095690499 2.687198364606062 
1.014087662976141 0.5574377312487334 0.01924966911512807 2.702941030361349 
1.01329180566314 0.5575741209567541 0.02644375001582575 2.700550638699368 
1.014437711494663 0.5547337137934431 0.02734932648696182 2.702940576105174 
1.014387751614352 0.5621612932736199 0.001644061035590137 2.706276001461166 
1.01424281754488 0.5622250483474119 0.001922375270825982 2.705824435572526 
1.014656168219632 0.5605873611271818 0.001473564494376265 2.706309236756041 
1.012364125777934 0.5630474993581315 0.005596788003598377 2.699984481229464 
1.012191344387122 0.5640528386920456 0.007870319014232982 2.699986919637484 
1.013276896993937 0.5600902238544084 0.007137098672731003 2.701429653599963 
1.013909842319273 0.5631663512734166 0.001643391339458387 2.70522619425301 
1.013201060598545 0.5636122565970878 0.001672965440988234 2.703089965856329 
1.012684639546749 0.5645683922725365 0.003535993775414241 2.701895623847821 
1.012248854329999 0.5520056547867134 0.07591484085874065 2.697318653837921 
1.010910163536641 0.5603350086116168 0.09484273639342065 2.699471677919308 
1.017186717368437 0.5403053992036655 0.09831643609616679 2.710167987345824 
1.000139766900715 0.5753548130048609 -0.0005192012451509828 2.666516981208727 
0.9999455716078975 0.5754400474090123 -0.000959087338305127 2.665922458132814 
0.9999557730144853 0.576585111358785 -0.0003721306051799566 2.666474816747026 
0.9982008855394099 0.5616847854102764 -0.003253438965120032 2.657227565850634 
0.9994045902966057 0.5688348318674252 -0.001380884891158319 2.662072586513176 
0.9994542495176879 0.5715452198934048 -0.002114734478943403 2.663067479909797 
0.9988466953961431 0.5790752999857535 -0.002251978659357403 2.66420778999105 
0.9992213529969534 0.574075501680254 -0.003460434621309348 2.663159364403655 
0.9997436164681301 0.5738484324039946 -0.004381377649481202 2.66489860503878 
0.9984177445529029 0.553398710530821 -0.003126390047976187 2.65547939060703 
0.9994407105383841 0.5644729170190865 -0.002593987724231315 2.660861709427493 
0.9991451998017102 0.5665971771916344 -0.003406931754511071 2.660588357381574 
0.9994324721799296 0.5737232731179268 -0.006175139221700634 2.663797578773185 
0.9989351433280517 0.5764842974501521 -0.004973625248212178 2.663364499123583 
0.998214840858482 0.5793105596337523 -0.002973204562587792 2.662243624449729 
1.001282741217971 0.5546806387347634 -0.009853515226544525 2.663569796269183 
1.000816776561672 0.5547701911537678 -0.005570043076143605 2.662051033477133 
1.000355672847884 0.5459831785621414 -0.006694048652796393 2.659075555584054 
1.002847147782492 0.5385615693863505 -0.02388497089958882 2.662848209754163 
1.004030066023235 0.5407690907237911 -0.01515699044698239 2.667953432313089 
1.004137654660764 0.5224216312357138 -0.01397116895791526 2.663030018030418 
0.9889516716140655 0.5973096560902973 -0.004503077378285683 2.642261237328985 
0.9891526230655703 0.5958486610221471 -0.008344160188806446 2.642090747759511 
0.9883417702242402 0.5962671686555894 -0.0112171015289145 2.639971479720043 
0.9940898179710026 0.5878179999757133 -0.007238742766230277 2.653515546304261 
0.9954772592900609 0.5864835623210117 -0.005633624951348046 2.657327872197508 
0.9962165550298924 0.5829671304645162 -0.009308515248554096 2.657875684836924 
0.9980346676790695 0.5735052118967296 -0.009972333716437911 2.659321183098437 
0.9996442165011413 0.568468951012582 -0.01027156868259683 2.662571764995179 
1.000496588750405 0.5612938495702837 -0.009745388867987974 2.662408559031223 
1.00186700303591 0.5624927929301834 -0.0238841983072141 2.667988870823735 
0.9999356691599144 0.5620311386985543 -0.01902221724201763 2.66102645795276 
1.001766015537254 0.5619934228879071 -0.01580005206989848 2.667096667432308 
0.9944978231117937 0.5652768918101979 -0.04933453984467681 2.647405859082633 
0.9938884343045096 0.5608100394965807 -0.04107070024086385 2.642266695990682 
0.9983167357891594 0.559792329909291 -0.03463365830096538 2.656290757307657 
0.9937514198862201 0.5846851983012785 -0.01850097389508701 2.651495713811125 
0.9934631441568497 0.5835144448112065 -0.01482867877364111 2.649418142839882 
0.9957939732835771 0.5815974504416537 -0.01206541153571727 2.656009929519238 
0.9613550064624482 0.6105857275790258 -0.06111852416221143 2.566729162033426 
0.9704797104129289 0.6054276602195481 -0.06010408542638964 2.593150163723246 
0.9700250566695926 0.588730179228538 -0.0747572653937712 2.583781379822315 
0.9792433592179446 0.596899335717484 -0.05646861027001709 2.615043013899412 
0.9791881956288994 0.5757993423149952 -0.06721133551606287 2.605107388403002 
0.9780753127702272 0.5837738061841208 -0.07642420130412203 2.607388652510816 
0.9757016374320104 0.607400746470691 -0.01658094853323311 2.606139832295719 
0.9791468478828101 0.6054656221219931 -0.02281733276347978 2.616398152411442 
0.9773178088868485 0.6000813085959391 -0.03151760804681051 2.608021446310552 
0.9891625303922604 0.5924647476165895 -0.01722830235311644 2.640640855956371 
0.9913497526919218 0.5907998906021288 -0.01604650637428621 2.646868620621435 
0.9917194447607207 0.5866150185459829 -0.02235333788638854 2.645955498620487 
0.9822029122372431 0.6058740171762773 0.007366236618302346 2.625438912523701 
0.9817888164065093 0.6061624064574844 0.000954931781463584 2.624294488789868 
0.978987917712495 0.6079121166964649 -0.002405946095705862 2.616425245450057 
0.9853611222166065 0.5968047726878655 -0.02301721388149188 2.631154687839849 
0.9847551527695659 0.5903726026833306 -0.02939117775276154 2.625944509168808 
0.9825416112706434 0.5970721964951684 -0.03404453965864853 2.623442832455358 
0.9926475817584339 0.5920928604719466 -0.00441899352360314 2.651169984663191 
0.9925353352201228 0.5926123813464064 -0.00224611459019566 2.651092625233002 
0.9930620090994058 0.5922547618334769 -0.0007119690550985866 2.652531498411755 
0.9594639409301998 0.6324174000361399 -0.0159071998210701 2.570834789945591 
0.9647579704663299 0.6308215227192153 -0.02074394606947817 2.587025192409917 
0.960726991392994 0.6271917761846855 -0.03590516971322241 2.572717962997423 
0.980145436535513 0.6064683796135948 -0.009242129318275076 2.619455209759582 
0.9846309974110899 0.6017936976565323 -0.009101935919687439 2.631157088228242 
0.98547461876519 0.6007941131132651 -0.01358661201399811 2.633414214430471 
0.9722597899217881 0.6182897534080738 0.01201866822380771 2.601489341274096 
0.9764084149066135 0.6154268269113654 0.008489480544639386 2.612961484120839 
0.9751401765592805 0.6161560033212702 -0.003672744228459799 2.609404052388386 
0.9418902532965346 0.6597318213060546 0.03405364331457732 2.534197839604377 
0.9356802664752423 0.6774722024745 0.03929352665227988 2.528628631268143 
0.9326490278958847 0.6703437332008516 0.05414566630660227 2.514536898932555 
0.9440127939726374 0.6599582460118056 0.02299271547449143 2.540702028852404 
0.938068746472872 0.6575941418286397 0.007890364755196029 2.520192536660726 
0.9319267333306608 0.6731916975148829 0.01021235819489002 2.512795351722759 
0.9729079393057861 0.6196936005690171 -0.02170847115549064 2.605446540754464 
0.9695862345965301 0.6138687167354882 -0.03603951317770022 2.592221597796166 
0.9661640882951996 0.6255183063638611 -0.0430502368342352 2.589577629326825 
0.952000612408212 0.6439687664953334 0.021541991539114 2.554655678404322 
0.9580334308373197 0.6420650246766623 0.01521059992593698 2.57229001874986 
0.9554162062692434 0.642449202908208 -0.0004530891337056218 2.564272395715937 
0.9978269817295642 0.537883657596482 -0.05598595091003416 2.647862066837568 
1.003337733489636 0.5376106557910174 -0.04912220113975255 2.665928932223261 
1.006871396997069 0.5005347489181072 -0.05568262531453427 2.66336384066019 
0.9954037425992058 0.5748582448196926 -0.02585514138445078 2.65214139272359 
0.9985194169102751 0.5737524882275753 -0.02175108383033187 2.661806837291578 
0.9993776122927401 0.5625276340154788 -0.02824434890281632 2.659761319634109 
0.992316066109039 0.5198688867432796 -0.1007955647747646 2.627669475941691 
0.990011118452957 0.5577244051366194 -0.08658671739030606 2.6356840685618 
0.9909244558293676 0.5507815792589148 -0.07128405408793419 2.632983271499785 
0.9825723453286542 0.5868733123464986 -0.04410118969553876 2.618692604918226 
0.9886037032329629 0.5835876574682024 -0.04182198933589313 2.636582396452396 
0.9888875246034743 0.5680520490269632 -0.05234410731614492 2.630463519747792 
0.9597036415565136 0.5820949825454359 -0.1099296677170785 2.554737954727773 
0.9642059962556857 0.5963333812352737 -0.09856288926440493 2.574082509512063 
0.969613662763827 0.5899884660579704 -0.09101452602617081 2.58734653041754 
0.9289152667010159 0.6316513641806777 -0.09655279294382398 2.484613778839212 
0.9399893895427961 0.6415365559458927 -0.07324110696675755 2.521620132139244 
0.9512696125156723 0.6315415005706202 -0.06670620164888363 2.549698468171685 
0.9908248348622815 0.5947917946701755 0.0008255590875841243 2.646737420516378 
0.9916472618137772 0.5941673211378279 0.001613923585068116 2.649044988200501 
0.9931884915378661 0.5924383120784721 0.0004523516871645168 2.653057015844939 
0.99535095712317 0.5887963873161927 0.007946574162511981 2.658096662249988 
0.9971464037072458 0.5866231009506974 0.006168580280179131 2.662752204972437 
0.9976961471047066 0.5867723234059364 0.003352913901339849 2.664626477559166 
0.9958916735623562 0.5885591354407401 0.01842068193476036 2.660019999893774 
0.9968814533364048 0.5869617614482915 0.01516260455288208 2.662192388424722 
0.9949938598890232 0.5912125478878132 0.01074046704275931 2.658423427316536 
1.00662649694939 0.57136655220857 0.00986703319518919 2.685479863915194 
1.00547750592945 0.5746953830380138 0.007572353465355073 2.683527670501637 
1.003403761129423 0.5760335639982338 0.01058766540112715 2.677399754172111 
0.960416653289678 0.6358299202412633 -0.003706679916890456 2.575507034009491 
0.9638579030589232 0.6281713691265385 -0.002672471223760398 2.581085795865596 
0.9703425987508302 0.6219324474197493 -0.006927033159374502 2.597808602183314 
0.9423594424755846 0.6580838388132769 -0.04442402301125306 2.536823420242139 
0.9469780695976745 0.6442110420647731 -0.0399205588258299 2.541060227819302 
0.9535282931634084 0.642301300596701 -0.04952765947514379 2.561271610153114 
0.9254735344856424 0.6691486636563699 -0.004248434668752957 2.489819720313291 
0.9362660056076748 0.6663054694472549 -0.01367725547270504 2.521813446019416 
0.9313633203585251 0.6609902360271427 -0.0287618714874841 2.503239582833829 
0.916146749112228 0.6760539865041287 -0.01093381599859532 2.467279647867485 
0.9115201244573685 0.6695505430410678 -0.0372041270161025 2.449576112433273 
0.8999067368412905 0.685580662713254 -0.04671918190653861 2.428093762711595 
0.952851899031956 0.6445469276230118 0.03822105930260781 2.557995659446757 
0.9569699888834841 0.6432209835029764 0.04085134565373195 2.570439123737878 
0.9635270291985027 0.6343521851886365 0.02930155463253668 2.584387639488821 
0.9922506529237128 0.5943681601771942 0.02598687904363342 2.651718985263097 
0.9886330652277719 0.5995630948303516 0.02888885651967511 2.643074096581055 
0.9864219426830535 0.6020601506535739 0.03378882137756724 2.63779586278515 
0.9886224231816062 0.5907694901396819 0.119851983680957 2.646986339639372 
0.9848250211558343 0.6023205976608063 0.1092278226691492 2.639987167286086 
0.9732147456840974 0.6170128777045749 0.0931627835940083 2.609836126559236 
0.9744741912454903 0.6170599177538438 0.0258266194256302 2.60799693736438 
0.9776207890807797 0.6135036616733929 0.02520887888008571 2.615952433604813 
0.9815908717001526 0.6082783445966914 0.0189379971350661 2.625142241841362 
0.9901777466248409 0.5944827222895079 0.04454019325708582 2.645849240571619 
0.9937118173221914 0.5899521740893315 0.03913312918952797 2.654546060520409 
0.994954696312865 0.5892790730503445 0.03287315245058705 2.657773786881334 
0.9699209457580688 0.6324749509031787 0.03387201523969081 2.604025855744605 
0.973841898308775 0.6247071234612043 0.04859141028996436 2.612104024430205 
0.9788389947573264 0.6177263376568364 0.04481574668328204 2.623605602061306 
0.9093447524584634 0.6962417924664114 0.0714398733360752 2.464058540424474 
0.916618677627685 0.6751704458890371 0.05719594283453106 2.468614380002601 
0.9144031086581375 0.684483099993234 0.027446890553827 2.467945434434776 
0.9465574023667431 0.6676173148941994 0.06675587033854499 2.557391861000431 
0.9505187730548187 0.6502873335329297 0.05836398563646854 2.556348224723889 
0.9512603926918248 0.6591252983536001 0.04553446400269308 2.564047589332486 
0.950067776595686 0.6428452669178527 0.1162246910832773 2.555816907820305 
0.94853392203862 0.6479158424457999 0.1030833993893092 2.552734930912613 
0.9388435956025618 0.6531270566080563 0.09128707164704677 2.524502952799948 
1.003146247809198 0.5752630204473821 0.02456212667703318 2.676443635354832 
1.000590710686003 0.5804218928505502 0.02091020151618331 2.670837089365671 
0.9981007444095414 0.58278465218685 0.02477651422564837 2.664033965511031 
1.000022821039952 0.5814399071131742 0.08181066962180637 2.673697880797338 
1.00377125974215 0.575685028573357 0.06702292501810228 2.681509336868788 
1.003260103161332 0.5776805865897827 0.05961224363397021 2.680165378844088 
1.015475123915279 0.5623597935636773 0.0002038712779454212 2.710044816470573 
1.015367123722178 0.5622338383042464 0.0001986336940508372 2.709611485659092 
1.015643046381375 0.5620245328892535 0.000150673605190676 2.710424824400725 
1.014951720416405 0.5623217260688878 0.0007933947052644012 2.708262251000538 
1.015085260166311 0.5616675562184444 0.0006316609204150707 2.708349175401094 
1.015152397795038 0.5626474279056662 0.0001750370737551634 2.70911795700063 
1.014426753023964 0.5630900324182292 0.0006632568540727421 2.706921243971613 
1.014456251806262 0.5625802275300068 0.000760603795207131 2.706737377472141 
1.014858489374996 0.5578357030018446 0.003605194960621358 2.705493203034281 
1.014891707094519 0.5579493551495422 0.002600737601058419 2.705657262997715 
1.024333914339477 0.5325267171760885 0.02301428740454143 2.724569353872598 
1.018217819967941 0.5463008118261602 0.07689931080377775 2.714421073379536 
1.02518351043512 0.5263331936839085 0.07812648375071574 2.727792541620997 
1.005878170314881 0.5761299433725086 0.00219688223101268 2.685658617310283 
1.002507127040235 0.5794769178224454 0.004734275617521096 2.676351256349336 
1.002136505221964 0.5801241298657137 0.00678382736275973 2.675532582646662 
1.011600049851322 0.5653770785409032 0.003427979246692414 2.698702405699634 
1.011174325079532 0.5674476151322748 0.00263147697070231 2.698435338055434 
1.010123286685007 0.5695524759835111 0.001617639616415325 2.696098358905088 
1.017213399924855 0.5491462595923079 0.00773106259329058 2.708768787893835 
1.016452792188858 0.5518314635682124 0.01036990338543887 2.707687062277966 
1.027517571487802 0.5204782230671758 0.03532495133101321 2.729790285884021 
1.021844980986167 0.5444378669684787 0.03722217681945295 2.722888521011774 
1.000141608685155 0.5755045972185907 -3.316607362901621e-05 2.666474664170587 
1.000079577597519 0.5758803972652162 -0.0001540135119164644 2.66648805297508 
0.9998270840343597 0.5761908250351271 -3.979040543106594e-05 2.665810042306587 
0.9984759485005024 0.5627554393753197 -0.003628283153862769 2.65826083326526 
0.9997664148508609 0.5717356389091188 -0.001611839168566943 2.664091096884374 
0.9995490972728204 0.5722511370353458 -0.001561835615796744 2.66352932045991 
0.9994925889078342 0.5735871534168968 -0.001769973776882232 2.663748412233183 
0.9994141530627557 0.5775494975758357 -0.001357314519316468 2.665232648277249 
0.9992434840985778 0.5769695654976766 -0.0009455071685851962 2.664326056335236 
0.9975891382243103 0.5553602114501327 -0.001461719479803268 2.653689254770913 
0.9988302647554104 0.5665129651385548 -0.002040975774116745 2.659763189372258 
0.9987326413224148 0.5491693024184938 -0.002820064358856822 2.655163168590994 
0.999620115129255 0.5618760292819694 -0.004031469834448393 2.660581073726229 
0.9972612613017764 0.5808884218518154 -0.005169550223473112 2.660110819368577 
0.9967060224311554 0.5833813940184809 -0.002888991853116279 2.659470185195152 
0.9973823897251677 0.5818026698607589 -0.001739330455658189 2.660797074344723 
0.9934578782610494 0.591567897579566 -0.000578031920175003 2.653434714781021 
0.9937970408550423 0.5903994095654895 -0.002162356715226407 2.653874321843634 
0.9937084504462523 0.5906972524961354 -0.003363265494571425 2.653848742875128 
1.000746663724951 0.5319288343352608 -0.005192471603277864 2.656208824871756 
1.006067187756502 0.5134356202900108 -0.02163227630140177 2.665770055671978 
1.00420380836239 0.5363843291388776 -0.02544361346253377 2.667200735581894 
1.009595845524864 0.5005319627450734 -0.03915183826370222 2.67188246263495 
0.9939909839441952 0.5915506345356019 0.00363685003415744 2.655219627739499 
0.9948516612270225 0.5905077749468726 0.001879536136327639 2.657402735163268 
0.9941724153082165 0.5917919518336611 0.001033895658529908 2.65591708827929 
0.9758665825104976 0.5441138145887251 -0.1139879599425838 2.587710304378522 
0.9079240665893589 0.6763653623119414 -0.002610205173781717 2.442116086166159 
0.8959952240540822 0.7023546451792335 -0.01013223095548788 2.427116499781533 
1.000653621540259 0.5067806705548713 -0.08041853088515827 2.647512377425667 
0.9459179381606239 0.6064308609375934 -0.1044636808471091 2.52386805296605 
0.9550474761207496 0.6211536311397569 -0.08352885689205479 2.557039409900059 
0.9268700032672315 0.6741390392221149 0.1039053092596318 2.503993666879442 
0.9305761704381995 0.6599044522742907 0.09083469491683761 2.503219412798148 
0.9140722664743541 0.6620007391102307 -0.07921625015134091 2.457996406676573 
0.89247805447308 0.7095788903779213 0.03418167327169675 2.42168713097933 
0.9062944967715293 0.6835629957153114 0.0189962676463451 2.441972929368388 
0.9987891029600927 0.5788963771656546 0.104585738086886 2.670954936176809 
1.005215588835683 0.5627749738670821 0.1112238592279453 2.684100016247369 
0.9706107214915181 0.6183439438595435 0.1151694802418449 2.605172359358459 
0.9667099925318935 0.6261517216009747 0.100456535581679 2.595621162084963 
1.014825294803047 0.5612246165651605 0.0002887308084007315 2.707228632349447 
1.014586264468723 0.5551579433904084 0.001450107892379981 2.703104430526365 
1.02998646407592 0.5343949956046586 0.09075162206503463 2.749785836911013 
1.015653500995623 0.5510544961950877 0.003074088333152525 2.704490595988765 
1.030482073000571 0.5243292856664448 0.02600452847559455 2.741485746752583 
0.9982770027962182 0.5541429335282771 -0.001402640572446136 2.655498636495132 
1.000458349329473 0.5476798180798577 -0.003534257014510306 2.660371277305926 
1.012188289115139 0.5104378476105755 -0.02633824804243727 2.685458175729531 
0.8781595711124665 0.6904450821725646 -0.02986383538774021 2.365116829687682 
0.9296960137722211 0.6168074145439748 -0.1028738277905685 2.478346119043046 
0.9508095468929783 0.6563057327280721 0.1237407886103585 2.569051319101979 
0.9018801023475203 0.7020856843487383 0.06548042689748276 2.445317558763365 
1.008908180840997 0.5758468271580335 0.1234060146885673 2.706074361938509 
0.9903927855820841 0.6040589646218353 0.1255855878990164 2.66227385478564 
1.015486541727189 0.5618636246702575 9.699081737728842e-05 2.709808776703452 
1.014466134279489 0.5588227260192888 0.0007841713338730389 2.704697633828391 
1.020501317817132 0.5360871725002214 0.01158590863539419 2.713127843705192 
1.024083423098666 0.5258389021485781 0.02114539486017517 2.720310631300042 
1.034324162583726 0.5233534105578727 0.07009770268157869 2.75684392153812 
1.016802600487591 0.5447881714992865 0.006030922445173092 2.705062576927286 
1.033130662990463 0.5235952495991802 0.04507232490591051 2.751093381329782 
0.9972487967349933 0.5558061787294394 -0.000632878007472519 2.652927936720057 
0.9985916720059865 0.5499247408147901 -0.00145578877082056 2.655153048799413 
1.004637956449022 0.5274498052745999 -0.005464211240637363 2.667368984663999 
0.9995505845921731 0.5348326988511141 -0.002036310332118407 2.653754070240881 
1.008423935325183 0.5170863392479295 -0.01440330996564153 2.67561681239535 
1.012948559172708 0.4998081155795279 -0.05145467699987126 2.683486073417578 
1.013353674651182 0.5025177911988036 -0.0359007268599413 2.685584404024651 
0.9610759643952965 0.5611291086751887 -0.1237819840285639 2.549289520460425 
0.9848429243359067 0.5305367176457129 -0.1174857184970129 2.610736519752646 
0.8747929807078944 0.6998666492514951 0.01147334102426859 2.360771706178326 
1.000755166323337 0.5138460646309199 -0.09860783686676187 2.652780538478849 
1.008583134944478 0.5043791116376024 -0.07613189711738357 2.672891909231264 
0.9447776895159191 0.5925707521807336 -0.1110863845790451 2.512663307752906 
0.9225041745053255 0.6817063870096656 0.1032846935203755 2.49602366095009 
0.8892212215818184 0.669016151667326 -0.06313275806843555 2.384956236107489 
0.9064123851134755 0.6445313548457102 -0.09490520680304286 2.424125234846537 
0.8853642700229684 0.7114182996174523 0.02818844176046342 2.401399060188999 
1.021599715553447 0.5513320632033782 0.1100290522886905 2.73279951993345 
0.9729685936361123 0.6310743821363807 0.1207374450464093 2.622418582877073 
