1.004438961489911 0.5843757325030494 0.004175644015977736 2.68555699421413 
1.002335341460123 0.5880367834517668 0.004354505178756344 2.680687799586866 
1.00794685899271 0.5765631085006456 0.00410976609164838 2.692795766420557 
1.002975195479781 0.5881539208329959 0.009491173038643696 2.682940714776473 
1.013479377596936 0.5669324864171588 0.02660155452849255 2.706487018286209 
0.9837311543644389 0.6266856371514576 0.05529960887589248 2.645582097354051 
1.012412753779183 0.5650873629392066 0.06345513845346736 2.703989493358292 
1.00372501955049 0.5938848613517174 0.05147946465033824 2.690607362198726 
0.9684501114120896 0.6451602703980971 0.08110563710488294 2.610854227054781 
1.002169331158025 0.5888381519054219 0.03133401777483077 2.681262221404281 
0.9931094989949599 0.6065257007589085 0.02974307876681996 2.661892244051497 
0.9837760868993858 0.6191611607789356 -0.0007010066707086693 2.63861872020354 
0.9973918684420214 0.5978957260212667 0.01338866904832884 2.670261415212442 
0.9816268628574654 0.6202429065120997 0.01581251790101031 2.632420193282883 
1.001816054733757 0.5884795050325409 0.01288855316922596 2.679322198194111 
1.004125294470674 0.5873405704315399 0.02550182282154063 2.686693256074173 
1.003884336185914 0.584231090297722 0.002894839847827768 2.683615800546471 
1.002796012982669 0.5870961758876734 0.00727705776487713 2.681696808812446 
1.002788245495482 0.5868063643682886 0.0009662663760722559 2.681458213098685 
0.9975686926535573 0.5931479912786587 0.09369711775128452 2.673874376573563 
0.999609511819078 0.5882203833292999 -0.0009801797461015636 2.672754705770641 
0.9991817944274433 0.5864102940504614 -0.001644887733975115 2.671718669648345 
0.9994707668524112 0.5888180665956863 -0.002655970903608866 2.672673327459596 
0.9993115519530954 0.584225424434995 -0.004435314695373241 2.672196598010572 
0.9970439396612455 0.5922664803335864 -0.008347878783754849 2.666389731397556 
0.9997389935739776 0.5822229356218049 -0.006871851801084797 2.672881932374887 
1.001827048659047 0.5687878784752651 -0.0155223818870119 2.676235521389415 
0.9880532128726718 0.6099134763294017 -0.008973144568776218 2.646977967277196 
0.9931254073073256 0.6013391149743761 -0.00391998383332081 2.658243321948218 
0.9990150239121762 0.5857549348751611 -0.007579081713404303 2.670731911116933 
0.9972057488051977 0.591805108683209 -0.01680806740631724 2.66747410312248 
0.9909354443914243 0.5969649452461503 -0.0391431907799524 2.651791087805683 
0.990539956259839 0.6058967168793852 -0.01227813200391373 2.652898614195108 
0.9684036022324946 0.624157187089027 -0.05662409714741305 2.597191749909482 
0.9843071420512433 0.5953296048691585 -0.06951679576749994 2.634634981898241 
0.9778060422098515 0.6184460698810011 -0.02400250077931109 2.61987987680719 
0.988860058453624 0.6070162959695445 -0.01307614418237801 2.648052135189028 
0.9812718310364562 0.6210253216692201 -0.003095269323073158 2.631710578337841 
0.986082771972858 0.6071837799563574 -0.03241710213928765 2.640849978855044 
0.9869409415474946 0.6116635304991526 -0.003924948078128814 2.644210829416847 
0.9629668465454541 0.6432254230074396 -0.01802020081469177 2.588651198062562 
0.9820633325077092 0.6201243619048838 -0.007330878148668353 2.633789242709656 
0.9737052157377781 0.6310750404348293 0.008233694283073861 2.613788075511696 
0.9119707063881584 0.7030708397143602 0.02212308012760088 2.474001281783953 
0.9380916195599319 0.6791500379033669 -0.005191548998226865 2.535709545539357 
0.9699586083717077 0.6342596038123731 -0.04531846118383677 2.607357872152426 
0.9548924147387419 0.6582459129633838 0.01577404677623381 2.572750378938137 
1.001020956423181 0.5609965300070999 -0.04084001473460824 2.671098641526266 
0.995407429934725 0.5926473824867408 -0.01769627405428719 2.662015146181935 
0.9776662031603506 0.5892075835012851 -0.09499457484046402 2.615023351835052 
0.9869118246817142 0.5997658055422718 -0.03819080865309284 2.640147033247251 
0.9530288555882394 0.6429108655563884 -0.08511685910162295 2.566155353451342 
0.9233249022258608 0.6738706182388772 -0.06739153177902597 2.491920338169659 
0.9873374175705525 0.6119699020560739 0.003277074263220449 2.645624448184455 
0.9931935065479703 0.6027503950838297 0.008923589529925342 2.659251570675016 
0.9934984515100559 0.6037181846958063 0.01213127043152276 2.660908369920149 
0.9988865183071018 0.592739304938109 0.003876971307741425 2.67199688279869 
0.9585096255043232 0.6538119804577935 0.009827789393680076 2.580943801549471 
0.9423475103575546 0.6740404223060947 -0.03069916037941614 2.546342924469247 
0.9341938435795859 0.6755400538570921 -0.01612260816634185 2.521116020659657 
0.909594636007112 0.6905555720841455 -0.04508455781556124 2.460204128922536 
0.9523008956067448 0.6619238278076005 0.06041430159596621 2.56940971960591 
0.9799465570767204 0.6272718331608894 0.01994055810577539 2.631719706227321 
0.9836320438516013 0.6141589672993439 0.0972865509337784 2.641722281082056 
0.9744042475310417 0.6313941872986079 0.0364148652210479 2.617138474619182 
0.9927605280166369 0.6042885030489618 0.04653527111929076 2.660271488181425 
0.9609644984788226 0.6565512631726591 0.0622968684173773 2.593508754184481 
0.9109525252329989 0.6991722582214848 0.06409467545744672 2.470056317597511 
0.9528330262240816 0.6733257980231323 0.07178261297736002 2.581000679377143 
0.9463068474978018 0.6575909516593407 0.09442779479727678 2.55101154754566 
0.9950239971895963 0.5999687410961417 0.0160709377353959 2.663712944738448 
1.004394356389991 0.5903268407057189 0.07331305435034011 2.692502128468955 
1.003484390206122 0.5853468279383185 0.000473125111325699 2.682924773071097 
1.003133232936384 0.5862793101565312 0.000289251220938861 2.682298708855547 
1.016559993754704 0.5646877148841206 0.02821287868390117 2.715657586710941 
0.9954312721960684 0.6022941280025865 0.00251429614601169 2.666319711504445 
1.002591931656469 0.5874827410837048 0.0006019139712882264 2.68120068311819 
0.999720724233525 0.5885057421587233 -9.281756772529159e-05 2.672806942376042 
0.9995512233487838 0.5872333387333444 -0.0008804285234330987 2.672482703075977 
0.9977944753863485 0.5913263087448669 -0.001625063483974422 2.667899329942803 
0.993717135822997 0.5994052964186304 -0.002324881282350874 2.659035681127133 
0.9915775194881515 0.6039454204919803 -0.001903061178980763 2.654640198420763 
1.001763193694639 0.5713177134875024 -0.007593446603188952 2.677777417736618 
1.004616771898697 0.5598098934395404 -0.03766541232530528 2.68257988657544 
0.991348268540666 0.6069327262785799 0.001756185034410373 2.65565889014977 
0.9720922489231889 0.6016351017079349 -0.1132758999239397 2.606780783854462 
0.995349868826052 0.5697294134888191 -0.07945061610648967 2.660433445301442 
0.9117429849871691 0.678863827905998 -0.06865827779304091 2.460523870774212 
1.004758656881921 0.583251143666709 0.001356459213123217 2.685959645838408 
1.005029312720114 0.5826410341814211 0.003347823929647043 2.686518474207292 
1.005568927444678 0.5826748965971565 0.004339586242241055 2.688344925318352 
1.001195895668097 0.5905378541716921 0.005992614820445282 2.678388867907558 
1.001193759560009 0.5892237583505064 0.003723252674670966 2.677583839181783 
1.000269716501837 0.5918151528717628 0.002380892219506233 2.676039921805301 
1.008664058046831 0.5762852588286549 0.01129434493460538 2.695123029620827 
1.007890306742778 0.5774890312599084 0.00585026960806921 2.693149774939954 
1.007272741856966 0.5792454423845876 0.006885388333823568 2.692092357815139 
1.005735770193626 0.5823442217198991 0.007685201848399944 2.688738482867443 
1.005158986793885 0.5820610169974489 0.009744062680534042 2.686671514494625 
1.005924132316026 0.5826840608907932 0.01203336734380934 2.689621200922909 
1.010682521740744 0.573159972862356 0.01763908895207661 2.700263530044693 
1.012627207711963 0.5679085634318679 0.01588535085134786 2.703828042160758 
1.01417988382525 0.5646345613829317 0.01277299216982624 2.707171529961295 
0.9944295681403404 0.6078962258771182 0.05469375832137025 2.668599549104093 
0.9899442134963635 0.6149786677125054 0.06490286509378589 2.658976161555295 
0.9891545331240754 0.617299603365624 0.07395733475227231 2.659047559371375 
1.014263633645374 0.5649907443545912 0.044519408584132 2.708831057092145 
1.016585072067145 0.5650881782229364 0.05831774701215417 2.717705965699524 
1.022757435007127 0.5420297280626815 0.0610456057698394 2.72638540959057 
1.011922916002379 0.5777231445012586 0.04333745289975492 2.70807504771122 
1.008688882873819 0.5793574699492176 0.0532018177313585 2.698739752363777 
1.009647252891121 0.5836454751962505 0.05903792961751026 2.704952532706941 
0.9765792806036306 0.6336500291443283 0.0591973453258401 2.627049457538624 
0.9736492001407356 0.6374757537366231 0.07269577715005515 2.621708218933398 
0.9821650731198271 0.627049070611772 0.08401885315150216 2.643423506925127 
1.007955549200032 0.577621828575056 0.03790208835692911 2.694448822484744 
1.003243631154165 0.5868661316796386 0.03558125657905606 2.68396029594693 
1.000797707796095 0.5887589275174221 0.0433040050246728 2.677305571983986 
0.9990770654437358 0.595336861126442 0.0285419594284165 2.674768480379675 
0.9964829292153528 0.5986306441836875 0.03449864431124648 2.668370953798475 
0.9965454539880219 0.598469097007144 0.03841517749680474 2.668804376765443 
0.9859584672393946 0.6149233388491419 0.005464773202258302 2.643006784348048 
0.9836840200259906 0.6179450167747662 0.004886066848416867 2.637525191285995 
0.9804490697253858 0.6228063963031214 0.007446731988795073 2.630184925397026 
1.00044211920043 0.5917194997034892 0.01159590087240494 2.676651086155013 
0.9991485988552004 0.5932202402549144 0.01594036242037265 2.673320541450576 
0.9994596697208229 0.5932411153942572 0.01879985308467292 2.674467548257566 
0.9867522084426338 0.613333457292502 0.01040777635888987 2.644633159280109 
0.9842802877884745 0.6172718812160795 0.01478687879255052 2.639198740872795 
0.9865433126765687 0.613710238398761 0.02092869716770339 2.644463639810002 
1.004948642831665 0.5826584803170272 0.01761517096561689 2.686469855311658 
1.002830944101525 0.5874779555248637 0.01634872502944193 2.682196015251486 
1.001588843134292 0.5876716706880332 0.02137419992241657 2.678297677585131 
1.007939200807584 0.5791585876932869 0.0191421286495528 2.694502205320798 
1.007564866408784 0.579150843868628 0.02639408262050895 2.693463347092387 
1.009066313652644 0.5763891481414083 0.02767166094473621 2.697004309977191 
1.003682919809303 0.5849527324838412 0.001298303220920423 2.683358377140828 
1.003954381784381 0.5848459148352435 0.001530267213392256 2.684202068305584 
1.004298105106768 0.5834907099033758 0.001157076963967436 2.684561333415481 
1.003555163770441 0.585071478738329 0.004927396372200234 2.683019855334839 
1.003828750857371 0.5858502942255062 0.007103132211279184 2.684405542606152 
1.00494191029237 0.5823380424147395 0.006517426857791508 2.686073724881579 
1.003268614503019 0.5857520771210648 0.001279223332800534 2.68244305065928 
1.003009648315865 0.5859601310146431 0.001311196821434868 2.681701314547019 
1.003003573840165 0.5865870563676449 0.002828770181873208 2.682053409547937 
1.008315261300991 0.5742892820555058 0.07884511330428808 2.696829147580945 
1.007179236874438 0.5828040538665995 0.09836693069905793 2.700152942881205 
1.013979264780391 0.562502097126003 0.102280157767424 2.711930048376451 
0.9998016504281337 0.5887791337898282 -0.0003468301472137634 2.673262244869459 
0.999621506645917 0.5888781992945292 -0.0007008996575871322 2.67272128731829 
0.9996038551358684 0.5895304566528611 -0.0003916557837845047 2.672877756967676 
0.9982879111356007 0.5829060586764803 -0.00155778062386483 2.669997959639976 
0.9993046741562615 0.586275511878472 -0.0009149838845988983 2.672049406387405 
0.9994015925011245 0.5872114090032433 -0.0009781752532296735 2.672123686428304 
0.9983072943290762 0.5922838170983287 -0.002483097515873891 2.670169069356975 
0.9987934811431707 0.5890788916140807 -0.003474991885133844 2.670575269724637 
0.9994043960245287 0.5892487645872023 -0.004794093861971669 2.672852685093719 
0.998260418132663 0.5782962981992706 -0.002259685747168616 2.669889041289341 
0.9992863429673881 0.5843504857906445 -0.00251958819026243 2.672185643326449 
0.9990465438859951 0.5854119559854584 -0.002703225913579146 2.671452815335497 
0.9989116739862709 0.5892116132825559 -0.00665528801305254 2.671196614520776 
0.9982237624997308 0.5914122388328313 -0.00582771062331132 2.669793417205914 
0.9974918749437759 0.592656828512253 -0.003116983576413255 2.667683460210888 
1.001150896176897 0.5772557348790309 -0.009342141460531464 2.676583356939646 
1.000525644317667 0.5775257797680747 -0.006107468955405766 2.67464507510556 
1.000102564313536 0.5722399977093706 -0.005400074642308081 2.674015654281088 
1.002675031405136 0.5636545354856762 -0.02513778334313682 2.677085671099021 
1.004194971958388 0.5658676511251057 -0.01623327995363388 2.683366150312493 
1.004363239281133 0.5514553253840074 -0.01448521260769215 2.68100316147054 
0.9846738520363031 0.6159223097372633 -0.006466038356775129 2.639620163240019 
0.9852062231464166 0.6141425278839624 -0.01075377350566086 2.640324028924467 
0.9843528171732778 0.6152441784667404 -0.01394587908294118 2.638567992104344 
0.9916319200485219 0.603647429234094 -0.008658732973262931 2.654877575157367 
0.9934689805699698 0.6020357608632342 -0.006993605474496695 2.659965870941432 
0.9945272185959084 0.5983131768009181 -0.01088626189558836 2.661407777123427 
0.9970997113296717 0.590641088862408 -0.01175391112707669 2.66639263717995 
0.9990753641110169 0.5866092519537403 -0.01124563398919587 2.671449363878067 
0.9999606250291294 0.581082108031813 -0.01121301295610978 2.672382982356087 
1.001348446701078 0.5821182531374021 -0.02592556096376695 2.677964868730574 
0.9992436610574569 0.5815217283028302 -0.02069711711993129 2.670328125872418 
1.001403522052302 0.5815617226688587 -0.01695049355998239 2.677519017239205 
0.9929857258433046 0.5870866848751726 -0.05379587887118648 2.655903963645837 
0.992407316509164 0.5821598258597726 -0.04496430696464183 2.65042482572709 
0.9976348549991249 0.5808911520874684 -0.03842230696720694 2.666861209755481 
0.991490570506674 0.602736053709533 -0.02158264780747848 2.654986111898376 
0.9911545047156725 0.6003088665436536 -0.01715149101029343 2.651888439994353 
0.9940846487045777 0.5980859214697892 -0.01434940076835426 2.660210013312603 
0.9541865079682619 0.6356894414108359 -0.06682174185255016 2.560922233777086 
0.9648976013737165 0.6301163337686333 -0.06631445976394901 2.591821914623576 
0.9645864180774258 0.6138691137677268 -0.0807442989928394 2.582935771902151 
0.9752152151311648 0.6197262618204937 -0.06217718336778839 2.616924390951509 
0.9753271560455479 0.5998930319397939 -0.07311832116035734 2.608090508619142 
0.9740015130632587 0.6085127419701873 -0.08276504222931837 2.610468179756041 
0.9697123847240681 0.6288058295260039 -0.02019731785197362 2.600446018503831 
0.97404750988265 0.6265552628564924 -0.02690034025612426 2.613311626278633 
0.9721317530015138 0.6214313722274031 -0.03604490847640367 2.604900480492067 
0.9856405717294077 0.6111045040917209 -0.02028005468509524 2.640516929737439 
0.9883626143305035 0.6091888623772415 -0.01917454681194367 2.64827784556415 
0.9890296458335991 0.6048763745264091 -0.02561436189650805 2.648237219436302 
0.9761782465493121 0.6268456179745752 0.005856192003368213 2.618914055039427 
0.9759981354943671 0.6270518212439944 -0.001067655137646358 2.618519226824249 
0.9729157168796244 0.6290671788522483 -0.004910948471092375 2.610061357251349 
0.981476524271339 0.6164788661778438 -0.02686253488021791 2.630739989602379 
0.980991966313172 0.6100582696145378 -0.03345116605771975 2.625925214055179 
0.9785195462936346 0.6180088681359858 -0.03873788776637031 2.623699588508665 
0.9893629924225125 0.6088067010942535 -0.006001030111451907 2.650421150098024 
0.9888804405043931 0.6096003857788611 -0.003448388392931865 2.649296316065759 
0.989315373970639 0.6087782942389642 -0.001311805182383329 2.650112893032023 
0.9506002136675101 0.6574514969969936 -0.01930516166008357 2.559704943193049 
0.9570691973980235 0.6556639356144658 -0.02485208206341177 2.579348750017552 
0.9525506760502184 0.6520881961834702 -0.04086610722757841 2.563741624889377 
0.9746280130505945 0.6273266554616684 -0.01221749648317276 2.614682095132502 
0.9798096636150596 0.6218636747598587 -0.01202556755769508 2.627915710390612 
0.9810617783494766 0.6206503424746481 -0.01681179250088348 2.631358542420235 
0.9649180534465177 0.6413550386185314 0.01074969061848089 2.592742576640952 
0.9696657565558173 0.6380654209976707 0.006770814089841037 2.605649039107475 
0.9684466634070684 0.6387693721583095 -0.006467356478853383 2.602350091499468 
0.9305554175724992 0.6863810860564628 0.03465822152434574 2.517987193248502 
0.9237959070315336 0.7048302288889388 0.04038090073033734 2.512336346615943 
0.9205129760284951 0.6971958181645174 0.05604005868329794 2.496966778777092 
0.9330519032842143 0.6864793486519071 0.02265488178376172 2.525470724262376 
0.9259355191857916 0.6842558234125884 0.006708828458513831 2.501598825654657 
0.9191740004677859 0.7006535513105792 0.009028612937247557 2.493848664699125 
0.966606938923085 0.6428391067454805 -0.02595430667378685 2.600402478729779 
0.9630241835104961 0.6372234304904134 -0.04113013885133197 2.58664716572941 
0.9592400413233373 0.6501446337228383 -0.04871630704050845 2.584305412175923 
0.9419892730338748 0.6696616127020555 0.0214549999128005 2.540870576552404 
0.948886557032712 0.6676832199201073 0.01419888232294986 2.560865425958009 
0.9458078356945266 0.6681746558139059 -0.002504518447882572 2.551636600776795 
0.9967115972690862 0.5631331852709076 -0.06042855180541922 2.659393553041441 
1.002990905644693 0.5628661702418181 -0.05301450152169364 2.679913296246873 
1.006906558923026 0.5279686357501053 -0.05970098203306633 2.679389624408647 
0.9936620364601553 0.5934895260046373 -0.02860240909457074 2.657615431702876 
0.9972720616945816 0.5921456072761072 -0.02461546840196071 2.668711423603853 
0.9984438466879055 0.5821650265843801 -0.03066874976505977 2.668399333935658 
0.9902709820158569 0.5473488943049885 -0.1071921462605415 2.637858701272281 
0.9876301302504631 0.583725096498843 -0.09282670963178999 2.644506861196034 
0.9887534890636357 0.5764139685116828 -0.07721312998189654 2.641885240613196 
0.9787807575519484 0.6084363622684317 -0.04881028362184954 2.620028108898164 
0.9858699346765685 0.6047495539110851 -0.04665488044950359 2.640961103709501 
0.9863849142955385 0.5901520323344033 -0.05703582682204435 2.636020496917935 
0.9531343862974156 0.6101904612301612 -0.1177832963954116 2.553267859385976 
0.9577532488422225 0.623372982094382 -0.1051707442719893 2.572051355550367 
0.9641224512935496 0.6169163146907007 -0.09838757661901454 2.588058571745565 
0.9170186748759473 0.6602613842750991 -0.1027739424047848 2.469023497384394 
0.9291477435863514 0.6692637156455333 -0.0786674508083177 2.508108959127518 
0.9418950358694751 0.6589721887172141 -0.07300902022233298 2.539741135574076 
0.9862821394136558 0.612778380291004 -0.0002974427142047115 2.642705060122667 
0.9870626598890136 0.6122887826053613 0.0008324713153879435 2.644921725780903 
0.989010826624544 0.609251718339166 0.0001672822841022088 2.649396115437495 
0.9899018896789837 0.607448668794462 0.007326487304424221 2.651262053550922 
0.9914805624452252 0.6055256063123664 0.005847349635002345 2.655275337364134 
0.9920633024020007 0.6050070795553254 0.003074696563774524 2.656839044724441 
0.9901502657882331 0.6090082275584144 0.01813561882811282 2.653328534134435 
0.991165948417893 0.6067662298205461 0.01466129292211224 2.655119682644799 
0.9894371579305812 0.6109191501236305 0.01017035090267302 2.651953294439033 
0.9994133207698244 0.5918242247093127 0.009138817766401531 2.67325500892619 
0.9984412752948455 0.594734986834301 0.007074992327880004 2.671748570403119 
0.9968347762092907 0.595886000359766 0.009893219291669723 2.667136484508061 
0.9515921276818368 0.66087180633045 -0.006448671429859764 2.564451874971125 
0.9554724027484444 0.6521562590407959 -0.005313811013207456 2.57027550704796 
0.9630098224716982 0.6451571691235835 -0.01024603407543926 2.589459807782311 
0.9314400429900997 0.6854278397953636 -0.04925344031146941 2.522873295127598 
0.9366317099204441 0.6708006694927806 -0.04485311509323534 2.527571568993386 
0.9445560998704604 0.6687389078982071 -0.05554877209333564 2.551856071135234 
0.9114626130846392 0.6967294531010688 -0.00599622615700261 2.467280590052811 
0.9241663288699711 0.6938500486747096 -0.01657174015606183 2.504597356436811 
0.9182992409660725 0.6885462823807473 -0.03223132231462444 2.483175118960503 
0.9013611143972825 0.7040374237243688 -0.01295591774758889 2.44364621163629 
0.8958226180936641 0.6975182583904811 -0.03976388017822592 2.423299871595759 
0.8831959368323778 0.7140955919852904 -0.05009569291774203 2.400790815861806 
0.9430405025195734 0.6701864005992879 0.0390222583221439 2.544781214596557 
0.9477372131063949 0.6686768337845668 0.04188795986639586 2.558746088968193 
0.9548400715860468 0.6589933245595354 0.02921681016675967 2.573213057129413 
0.9864501305406286 0.6157664853233107 0.02603104489126798 2.645669012540222 
0.9826839662748933 0.6212093989215126 0.02900084929078292 2.636919539996601 
0.9802988524830134 0.6243841953937201 0.03438553804089954 2.6316715616672 
0.9832154660766669 0.6144869836054224 0.1249395235206327 2.644562162116439 
0.9791314577841228 0.6261020258624517 0.1134853036067613 2.636917239104761 
0.9662084611703862 0.6414538965041139 0.09729548250850395 2.60361968150945 
0.9672120457653414 0.6401175400991675 0.02549036043140014 2.599377159894494 
0.9706812206223056 0.6364318123476876 0.02507220544880435 2.608103407358882 
0.9751092685957089 0.6302512054447031 0.01819394596930713 2.617854667787082 
0.9843331228375815 0.6164614336521551 0.04557630580747877 2.640138742827272 
0.988020630334933 0.6117662061798854 0.04004717695796625 2.649020360161226 
0.9892281144624515 0.6105034331273308 0.03318148325655348 2.651674703789265 
0.9621104684990575 0.6570180008366122 0.03438736992540208 2.59535064151322 
0.9665524928186388 0.6486838666146606 0.04989987047701539 2.60437764743842 
0.972027709092518 0.6413000207943724 0.0460896619575837 2.616780593678 
0.8951732077449626 0.7227230321954162 0.0747777835216564 2.442425987233462 
0.9029175009306797 0.7019407845062859 0.05951687049829546 2.44722842006885 
0.8995361641398208 0.7122086157094415 0.02828184814021794 2.444239564402269 
0.9365103242056145 0.6940887231377694 0.06943648332597044 2.545449870946131 
0.9406780541638075 0.6763211470376893 0.06056560990523444 2.543803553422935 
0.9414659907841285 0.6855539008995143 0.046987202913251 2.552161409727276 
0.9408452865237757 0.6680266472456595 0.1210791471406495 2.544889569138876 
0.9391589138178154 0.6732548786115814 0.1072670082632041 2.541539325922995 
0.9279246101284399 0.6788878078256654 0.09535126313420238 2.509267414579933 
0.9972230607942599 0.5958847611895125 0.0242648415078071 2.66877762384956 
0.9946654370229919 0.6009142034715254 0.0207075273416417 2.663265954643056 
0.9923196996730496 0.603233407017237 0.02454966221664052 2.657024899050348 
0.9952776698128999 0.6042873775408613 0.08467609351579822 2.671843085368135 
0.9990901546687503 0.5982903452763312 0.06943831763468315 2.679387383078802 
0.9983426753536062 0.5997474624757549 0.06128715706593874 2.676906140094344 
1.003410580122949 0.5854808040871905 0.000137606471672739 2.682756529210405 
1.00348321626842 0.5853456317198734 0.0001608950443095091 2.682919896333484 
1.003553763921906 0.5852201953708854 0.0001374558773878526 2.68308199164272 
1.003699877102671 0.5852669776415996 0.0006435241059225682 2.683596958006058 
1.003782842626775 0.5847500777568581 0.0005407149102059241 2.68357246743983 
1.003336132498329 0.5856468329703569 0.0001073217365984255 2.682605224263134 
1.003201114060227 0.5858713930474555 0.0004756036833369803 2.682286437651846 
1.003272704100672 0.5854615981823447 0.0005902735768677768 2.682285934597507 
1.00594334806592 0.5805439291401842 0.003282738487341778 2.688367049848089 
1.005772986484355 0.5809812859884346 0.002431785965535383 2.688040742494405 
1.019400016950582 0.5547928730292493 0.02359789189585186 2.719724580522444 
1.014706405255828 0.5684414455411856 0.07954980956307774 2.71500225571586 
1.022326606091718 0.548128716424922 0.0811389417596811 2.729865877804839 
0.9987780457437695 0.5956425172068923 0.00201774921281105 2.673376449133648 
0.9960806551792952 0.5985802259182563 0.004384025281771961 2.666209514653204 
0.9957788924148584 0.5995930406563309 0.006411120147173311 2.665860410281659 
1.002418912108883 0.5870838206938337 0.002824187240938137 2.680396063793549 
1.002033445770051 0.5886999106578857 0.002141102635522662 2.68006053519419 
1.001508917959403 0.590263011183687 0.001366379043740861 2.679237099142551 
1.0101498979794 0.5718760507068426 0.007717676392363453 2.697563796817501 
1.009606143589552 0.5741261576975143 0.01025182527369781 2.697045580617307 
1.02374709657906 0.5422905635229717 0.03656017560837256 2.728349418912431 
1.017463409376872 0.5664950565379391 0.03831326355732704 2.720156089509901 
0.9998063364388206 0.5885741570122573 -1.787601312388464e-05 2.67301353305912 
0.9997555463761205 0.5887959882518499 -7.098410741939697e-05 2.672974981630593 
0.9994781930822109 0.58904659598718 -3.475979738121101e-05 2.67217474941435 
0.9984486214587515 0.583397117014625 -0.001638304025880908 2.670251193150141 
0.99961626935895 0.5872113386383915 -0.0007310844601788112 2.672686634621163 
0.9995552555173122 0.5873754238053623 -0.0006459144414261202 2.672432353551601 
0.9991758790699208 0.588460199212173 -0.001752772775630856 2.671453389231405 
0.9990639902784478 0.5905490074031561 -0.001382054921280394 2.671683453963721 
0.9988754749393799 0.5899438485655115 -0.0009515905669910883 2.670699808345835 
0.9977169828465314 0.579692345382498 -0.001016572852799409 2.668597736605166 
0.9989350063958242 0.5853857925634046 -0.001514351347728997 2.671337649430606 
0.9986067469093026 0.5752000332139814 -0.002536237607864881 2.670433635577333 
0.9995420412311622 0.5826079733179279 -0.003940233614850037 2.672687611345661 
0.9958838918398807 0.5958167256553779 -0.006200391666299402 2.664377085007835 
0.9952825782681518 0.597111346080174 -0.003473413645439866 2.66286444576565 
0.9962783376524511 0.5950829879435382 -0.002122975933866509 2.664954772578391 
0.9899748091179772 0.607631482941268 -0.0009771717870669559 2.651583708690834 
0.9908347871208747 0.6059551936843494 -0.002855976777790211 2.653409293657492 
0.9907817068481873 0.6069065966503602 -0.004478319462101829 2.653926499088547 
1.000981335489386 0.5609668885606047 -0.005239182901194827 2.674487508240365 
1.006402306307882 0.5424073833046102 -0.02331066940607795 2.683910728372313 
1.004228619221653 0.5621827428481243 -0.02755987533692488 2.682558661559757 
1.010245851734967 0.5281780889143979 -0.04217050662434408 2.690014299856302 
0.9888569358428131 0.6099758679838149 0.003122404285705922 2.6493710388116 
0.9898377137454567 0.6080415730026555 0.001469084180925931 2.651359133921812 
0.9896097829829871 0.6088826959632034 0.0008165244344842841 2.651125625951539 
0.971677806960827 0.5720366022362217 -0.1217327294130725 2.592403079435518 
0.8916806141867022 0.7039277980190967 -0.003289123470183581 2.41415408570764 
0.8787817631278932 0.7303824058565107 -0.01157085781378384 2.398630828853395 
0.9999760113348798 0.5340777750938441 -0.08620959189296735 2.661584507723367 
0.9371635031295493 0.6346789174382622 -0.1116953867749175 2.516575114702952 
0.9468224186819859 0.6482047874460262 -0.08964818726846484 2.550132179533185 
0.9150407855644291 0.7000322446920751 0.1084488683806845 2.48749362920562 
0.9190405507238194 0.6856487940309492 0.09451624375693114 2.486629196721346 
0.8998259448726644 0.690971218352931 -0.08457276936400566 2.437182883699815 
0.8752295186987024 0.7366396973869552 0.03545839796098568 2.392740457638072 
0.8899976107927239 0.7113079805453314 0.01892113028175831 2.414324540780884 
0.9942350012309968 0.6019184738092905 0.1085855672663897 2.670075761363325 
1.001200783292911 0.5856402443458913 0.115880240831705 2.684491203564421 
0.9634934065783268 0.6429003516906958 0.1201298730180952 2.599026322220236 
0.9591281024862797 0.6508353685502328 0.1044393174327291 2.588250716137908 
1.00388905525195 0.5842310830907489 0.0002886733760386299 2.683624979699202 
1.005628385856844 0.5783428599899572 0.001548157680480119 2.686048782571274 
1.027769999632531 0.5564348719086994 0.09402959869140234 2.754366157542689 
1.007794540272441 0.5739922364484933 0.003258890062628363 2.690831120524856 
1.026690446463528 0.5463786476433874 0.0269466520639889 2.740104609049494 
0.9981786566305938 0.5789271057196559 -0.001075705492548623 2.669981653742822 
0.9999967503965076 0.573851319102 -0.002972933709969877 2.674585714735473 
1.013275530271655 0.5392756615739527 -0.02865674400189216 2.705967169291815 
0.8587836979589669 0.71815810890915 -0.0311222736786141 2.330666417969245 
0.9192629684101741 0.6449722395316263 -0.1088896503181517 2.46649380642162 
0.9418079806364986 0.6815067166745166 0.1286086409019437 2.559367170869999 
0.8866934855898679 0.7284107740781269 0.06785785807095139 2.421080363892275 
1.005244905580954 0.599038691816755 0.1281789787209845 2.708215624992224 
0.9850668039885682 0.6280854869847325 0.1306269394881076 2.660707801827903 
1.003634617716374 0.5850391986419214 9.3936687811639e-05 2.683246163903853 
1.004577354107753 0.5819038090237399 0.0007964586609957831 2.684576152874351 
1.014707564505968 0.5586339755130287 0.01206846792925904 2.705696589137792 
1.019345029828708 0.5481175641842156 0.02211212202898521 2.715994383200951 
1.032146553222212 0.5450800249448853 0.07252170386099663 2.760909544078136 
1.009941181503145 0.5675294853355713 0.006307290190431653 2.694446465521796 
1.030274060786882 0.5454278070322155 0.04649349473392626 2.752779754418655 
0.9975575367090116 0.5800453953494852 -0.0004776977409630298 2.668271138919935 
0.9984454735300599 0.5760239266453648 -0.001397612416605586 2.670369995505367 
1.005143742598085 0.5566905189363158 -0.005920326357177485 2.686544869204221 
0.999871263424591 0.563982538413819 -0.002203389435536208 2.672465985199826 
1.009235833535715 0.5464548565901904 -0.01586502871849406 2.695678453481367 
1.013934358945767 0.5273794775120183 -0.05488675778469995 2.702703153235461 
1.014600781017734 0.5304669259768583 -0.03852974921000708 2.705922546081248 
0.9557967587310389 0.5890641565394943 -0.130803171937806 2.551226675615623 
0.982489549684194 0.5583071293932214 -0.1244406815050474 2.62077879119003 
0.8547322018788798 0.7268854856380953 0.01200306482541799 2.324246556381749 
1.000151457294955 0.5411607427135734 -0.1045798664852377 2.667386307547271 
1.009144259284378 0.5318830228353268 -0.08140079283901604 2.69106673566529 
0.9369734228067765 0.6205884120298233 -0.1180898424623188 2.507859293487344 
0.910161392278363 0.7075372788356716 0.1072673741221023 2.478339404893735 
0.8718677799495214 0.6972533465930468 -0.06613184388218124 2.355533632845989 
0.8923662186500853 0.673226532718622 -0.09974833812376432 2.403497157516423 
0.8671936927897816 0.7385252317221738 0.02871287842675403 2.370287826559804 
1.018898456289442 0.5738041698567088 0.1142310978636919 2.736719920794918 
0.9659740252925588 0.6558726384946092 0.1256576613706362 2.617226229085645 
