2690
0.01836784499999999
0.01313528968105447
0.009499989733639275
0.009101611802566245
0.008641209904268254
0.007589657509277148
0.006325007084618028
0.005069908272004431
0.004368434379962649
0.003815159038259908
0.003582036150118539
0.003382205058437671
0.003143664799570123
0.003014301251463292
0.002914019887768959
0.002729991082053296
0.002486704207661894
0.002276583691648404
0.002195993659928563
0.00207761800097267
0.001997765454076705
0.001947293243800552
0.001988451641519562
0.002061168576217354
0.002133356673986009
0.002202116869652326
0.002264454269806593
0.002317414623077663
0.002358192160107075
0.002384213770676491
0.002393202258014426
0.002383217841049279
0.002352680819974251
0.002314639860207801
0.002268194932143697
0.002190536973244506
0.002081705993925875
0.001942366542765583
0.001892871026956205
0.001994534874237758
0.002073005709025549
0.002127741282884288
0.002158571899411571
0.002165723697797578
0.002149778771076249
0.00211177864110032
0.002053396073968372
0.001984735140076355
0.001915545615999215
0.00183036268351805
0.001900849044247241
0.002011573083710305
0.002141697908515705
0.002419791286662476
0.002681158477561729
0.0029224034393599
0.003140542269506219
0.003332836352571145
0.003496844478210748
0.003630535767469911
0.00373227823972111
0.003801031512934705
0.003836203536346949
0.003837630680851689
0.00380562835253051
0.003741055979600449
0.003645253325450293
0.003520212728373828
0.003368397832904546
0.003192029103643024
0.002993683292316973
0.00277621158243252
0.0025426825849722
0.002296316144199007
0.002040374198658212
0.001778106937220858
0.001674828475848766
0.001633374324978787
0.001583664695651243
0.001526666310444458
0.001463390639292794
0.001394871253429075
0.00132214488068505
0.001246234131533352
0.001245508483643687
0.001250474373297006
0.001252224975661798
0.001251063637650651
0.001260145548667047
0.001272947426582294
0.001282678905990653
0.001318189666149827
0.001381444299877854
0.001429231988686386
0.001462448829887331
0.001482099767867506
0.001489275432123793
0.001485130065791818
0.001470860239426053
0.001447684591723675
0.001454023723582332
0.001472358263863272
0.001486901007402508
0.001497798190260635
0.001505199137573021
0.001509255125836106
0.001510118412824446
0.001507941418098069
0.001502876039241485
0.001495073090052479
0.001484681843826552
0.001471849665494351
0.001458316659011722
0.001448661067948171
0.00143615484809763
0.001420972954883747
0.001403291293021647
0.001383285771955472
0.001361131427716371
0.001337001611440924
0.001311067245211641
0.001283496144617625
0.001254452406818371
0.001224095862746018
0.001192581592002372
0.001160059498924042
0.001126673948134419
0.001092563457676029
0.001057860447550386
0.001022691041249648
0.0009871749180895544
0.000951425213977385
0.0009424931856935881
0.0009365392918707083
0.0009292179408941503
0.0009205984866768879
0.000910753522846669
0.0008997580243273462
0.0008876884667971124
0.0008746219728372751
0.0008606354969195318
0.0008458054720348329
0.0008302065294001071
0.0008139108805125944
0.0007969878318812851
0.0007795033282905761
0.0007615196244800393
0.0007430949579967094
0.0007242832027389984
0.0007051337831393417
0.0006856916168438559
0.0006659970266906928
0.0006656245917484593
0.000664955990221261
0.0006635919123656464
0.000661566645399736
0.000658913836887598
0.0006556664352751485
0.0006518566391913172
0.0006475158548502336
0.0006426746609182743
0.0006373627802436777
0.0006316090578864508
0.0006254414449114454
0.0006188869874468872
0.0006119718205424007
0.0006047211663850471
0.0005971593364744177
0.0005893097373637635
0.0005811948796224375
0.0005728363896763677
0.0005642550242216937
0.0005554706869215775
0.0005465024471221769
0.0005373685603428657
0.0005280864903114413
0.0005186729323093942
0.0005091438376110258
0.0004995144388213468
0.0004897992759505532
0.0004800122230792514
0.0004701665154887569
0.0004602747771323967
0.0004503490483236949
0.0004404008135104887
0.0004304410288218929
0.0004204801491233812
0.000410528154639711
0.0004005945772739827
0.0003906885266528604
0.000380818715815523
0.0003709934856125363
0.000361220827990949
0.0003515084076228803
0.0003539074906952488
0.000374526656168106
0.0003944065409680064
0.0004134919400686221
0.0004317324597580274
0.0004490825803585841
0.0004655016802816991
0.0004809540242090571
0.0004954087137059027
0.0005131302815493122
0.0005314406189223519
0.0005489455133118604
0.0005655965293153709
0.0005813474076496461
0.000596154302773988
0.0006099760072629246
0.0006227741643420326
0.0006345134714201284
0.0006451618755711763
0.0006557499490558172
0.0006660881299083155
0.0006750841061374246
0.0006827080304786515
0.0006889360034994518
0.000693750188040132
0.0006971388817693658
0.0006990965457772114
0.0006996237875145361
0.000698727287769485
0.0006964196879893358
0.0006927194697595174
0.0006898777495005504
0.0006857353261082721
0.000680298266325291
0.0006735892233583063
0.0006656359055265265
0.0006586159016477577
0.0006508066437251048
0.0006420525815914735
0.0006323857812158551
0.000621840600395801
0.0006104534709116261
0.0005982626739526598
0.0005853081495670875
0.0005716313352695929
0.0005572750145276667
0.0005422831705815118
0.0005267004307280415
0.0005105727803094429
0.0004939468006638359
0.0004768694265944867
0.0004593877733153062
0.0004530140065736599
0.0004490289444661344
0.0004445805937652869
0.0004396953039481621
0.0004343999431424828
0.0004287217005512489
0.0004226879169852427
0.0004163259422219623
0.0004096627298828537
0.0004027249763604579
0.0003955393708451882
0.0003881311025172307
0.0003805264254208574
0.0003727513098344404
0.0003648309220292689
0.0003567895468171156
0.0003486505637010917
0.0003404364368500001
0.0003321687158548414
0.0003238680339932021
0.0003155527419843596
0.0003074896808158978
0.0003004844304992371
0.0002934501328333283
0.0002864020927997313
0.0002793547937897656
0.000272321896068628
0.0002653161987929975
0.0002583496084926917
0.0002514333457381279
0.0002445779588961527
0.0002377933078829275
0.000231088418169656
0.0002244715758595306
0.0002179503423679341
0.0002115315798613682
0.0002052214817462317
0.0001990256048123307
0.0001929489012471031
0.0001908142728448692
0.0001941978690102458
0.0001970779057653554
0.0001994725028388877
0.0002014000370317987
0.0002028791238723737
0.0002039284464171592
0.000204566608900128
0.0002048121422027899
0.0002046834608975395
0.0002041988094926006
0.0002033762058466781
0.0002022333946729293
0.0002007877824039828
0.0001994668032079816
0.0001982400526334138
0.000196730589989258
0.0001949537097177823
0.0001944656900888658
0.0001937980709508652
0.0001928414297225067
0.0001916079593953512
0.0001901097472337687
0.0001883587480346616
0.0001863667952424625
0.0001841455607729942
0.0001817065180337446
0.0001790609480639138
0.0001762199500058015
0.0001731944388111556
0.0001699957808429658
0.0001666345261400054
0.000163120853904436
0.0001594647960990458
0.0001556762342203449
0.0001517648925550286
0.0001477403257327953
0.0001436119031695965
0.0001393888117513786
0.0001357155106651575
0.00013443573280153
0.0001331108754285548
0.0001317427870030641
0.0001303332830682735
0.0001288841436853372
0.0001273971112637495
0.0001258738887654487
0.0001243161382809554
0.0001227254799606725
0.0001211034912736442
0.000119451706570739
0.0001177716169342147
0.0001160646703259882
0.0001143322720296713
0.0001125757853734921
0.0001107965327243887
0.0001092624746573678
0.0001077963409330529
0.0001063043650998408
0.000104787866092082
0.0001032481298192667
0.0001039218508461781
0.0001047288484508635
0.0001055437818988092
0.0001063642458746239
0.000107187857579405
0.0001080122593700161
0.0001088351214246774
0.000109654144399951
0.0001104670620551418
0.0001112716438668726
0.0001120656976526524
0.000112847072223865
0.000113613660027323
0.0001143633992063964
0.0001157067897294417
0.0001171498508077407
0.0001185684437443602
0.000119959616096954
0.0001213204686854041
0.000122648160817751
0.0001239399155593124
0.0001251930249263622
0.0001264048549388663
0.0001275728505295559
0.000128694540339036
0.0001297675414466126
0.0001307895640365597
0.0001317584160102081
0.0001326720075980892
0.000133528356001944
0.0001343255900345675
0.0001350619546806042
0.0001357358154787658
0.0001363456626257142
0.0001368901147200119
0.0001373679220871282
0.0001377779696508652
0.0001381192793382668
0.0001383910120202336
0.0001385924689969453
0.0001387230930451899
0.0001387824690428086
0.0001387703241683136
0.0001386865276036819
0.0001385310897619174
0.0001383041611751623
0.0001380060311216846
0.0001376371259974585
0.0001371980069325152
0.0001366893675645575
0.0001361120318856268
0.0001354669512889095
0.0001347552009002273
0.0001339779756291959
0.0001331365881651614
0.0001322324636386374
0.0001312671338739579
0.0001302422317784879
0.0001291594856240308
0.0001280207131238997
0.0001268278153001567
0.0001255827701645562
0.0001242876262470549
0.0001229444960090254
0.0001215555491770881
0.0001201230060286496
0.0001186491303570847
0.0001171362229605566
0.0001155866155322371
0.0001140026640141789
0.0001123867418546531
0.0001107412333600233
0.0001090685271222802
0.0001073710096641256
0.0001056510593420157
0.0001039110404789101
0.0001021532976657191
0.0001003801503632884
9.85938876738035e-05
9.67967633359601e-05
9.49909909807034e-05
9.317873967423784e-05
9.13621206602433e-05
8.954320557624795e-05
8.939065812372323e-05
9.06607169438578e-05
9.279347500940061e-05
9.485995004199221e-05
9.685828981231825e-05
9.878674364277584e-05
0.0001006436628648855
0.000102427501055713
0.0001041368141497245
0.0001057702604773669
0.0001073266007383111
0.000108804697905196
0.0001102035170578719
0.0001115221251341558
0.0001127596905872164
0.0001139154829383759
0.0001149992339782857
0.0001161992387219701
0.0001173145072442816
0.0001183443910276472
0.0001192883489329333
0.0001201459467300436
0.0001209168565071139
0.0001216008559569159
0.0001221978275167679
0.0001227077573781044
0.0001231307344001786
0.000123466948939277
0.0001237166915524224
0.0001248764226877142
0.0001263322184587579
0.0001276984871310671
0.0001289743888505113
0.0001301592116390027
0.0001312523707944768
0.0001322534080769322
0.0001331619906889125
0.0001339779100574812
0.0001347010804214621
0.0001353315372292219
0.000135869435347713
0.0001363150470882202
0.0001366687600550809
0.0001369310748148278
0.0001371026024017397
0.0001371840616565256
0.0001371762764101891
0.000137080172523063
0.0001368967747835681
0.0001366272036811833
0.0001362726720616769
0.000135834481677144
0.0001353140196410085
0.000134712754799482
0.0001340322340340205
0.0001332740785006115
0.0001324399798218745
0.0001315316962406943
0.0001305510487460415
0.0001294999171818079
0.0001283802363472586
0.000127193992099206
0.000125943217463953
0.0001246299887692759
0.0001243409270195173
0.0001252656163440169
0.0001261311152221944
0.0001269372668719626
0.0001276839804938423
0.0001283712299359197
0.0001289990523076767
0.0001295675465430857
0.0001300768719171286
0.0001305272465252916
0.0001309189457241455
0.0001312523005466137
0.0001315276960850986
0.0001317455698547909
0.0001319064101395484
0.000132010754322065
0.0001320591872033816
0.0001320523393155693
0.0001319908852280283
0.0001318755418554529
0.0001317070667654074
0.0001314862564876784
0.000131213944837949
0.0001308910012413067
0.0001305183290725709
0.0001300968640065014
0.0001296275723818296
0.0001291114495871049
0.0001285495184548124
0.0001279428276798611
0.0001272924502549455
0.000126599481927725
0.0001258650396765981
0.0001250902602092929
0.0001243834476175043
0.0001240362158524966
0.0001236461499893871
0.000123214068021571
0.0001227408138719244
0.0001222272561158255
0.000121674286711948
0.0001210828197383829
0.0001204537901339786
0.0001197881524508948
0.000119086879612762
0.0001183509616846101
0.0001175814046535106
0.0001167792292150471
0.0001159454695773832
0.0001150811722708811
0.0001141873949765393
0.0001132652053598138
0.0001123156799239244
0.0001113399028729867
0.0001103389649910747
0.0001093139625338302
0.0001082659961356147
0.0001071961697328705
0.0001061055895015262
0.0001049953628090572
0.0001038665971861974
0.0001027203993094195
0.000101557874005731
0.0001003801232717372
9.918824530785741e-05
9.79833335733038e-05
9.67664758563247e-05
9.553875336354434e-05
9.430123982617777e-05
9.305500062711802e-05
9.180109194201203e-05
9.054055990415089e-05
8.927443978407057e-05
8.800375519379955e-05
8.67295173008209e-05
8.545272407345372e-05
8.417435953889107e-05
8.289539306072236e-05
8.161677864165773e-05
8.033945424296141e-05
7.906434112903149e-05
7.779234323079809e-05
7.652434653365736e-05
7.526121848561163e-05
7.400380742905721e-05
7.275294205566496e-05
7.150943088396478e-05
7.027406176013384e-05
6.904760138226607e-05
6.783079484723453e-05
6.662436522442139e-05
6.555830698351528e-05
6.601213801837869e-05
6.644361701774182e-05
6.685246833326719e-05
6.723844479616936e-05
6.760132774097372e-05
6.794092698042542e-05
6.825708073243675e-05
6.854965550096015e-05
6.88185459114532e-05
6.90636745033224e-05
6.928499148084466e-05
6.948247442445377e-05
6.965612796533405e-05
6.98059834222664e-05
6.993209840472359e-05
7.003455638360245e-05
7.011346622859405e-05
7.016896171574416e-05
7.020120100564853e-05
7.021036609278219e-05
7.019666222740639e-05
7.016031731277295e-05
7.01015812770156e-05
7.002072542078297e-05
6.991804174599769e-05
6.979384224847784e-05
6.964845815388143e-05
6.94822391574812e-05
6.92955527227257e-05
6.908878338435231e-05
6.886233202879621e-05
6.861661514395712e-05
6.835206403871252e-05
6.806912403867216e-05
6.776825366744399e-05
6.744992381962911e-05
6.711461693154064e-05
6.676282615009077e-05
6.639505450822814e-05
6.601181410215151e-05
6.561362527601755e-05
6.520101581342086e-05
6.477452013536888e-05
6.433467850730512e-05
6.388203625223854e-05
6.341714297547485e-05
6.294055179661973e-05
6.245281858802132e-05
6.195450119944601e-05
6.144615869474457e-05
6.092835063048474e-05
6.040163636911178e-05
5.986657441553467e-05
5.932372176553624e-05
5.877363325934581e-05
5.821686093465672e-05
5.765395338669377e-05
5.708545513144481e-05
5.651190598721101e-05
5.5933840467981e-05
5.535178720439404e-05
5.476626838940568e-05
5.417779925115385e-05
5.35868877734047e-05
5.299403631203736e-05
5.239973541826259e-05
5.180446705693731e-05
5.120870417540946e-05
5.061291031893678e-05
5.00175393763902e-05
4.942303500016232e-05
4.882983021692322e-05
4.823834708134189e-05
4.764899635856246e-05
4.706217723970951e-05
4.647827708337271e-05
4.589767118629018e-05
4.53207225825647e-05
4.474778186891459e-05
4.417918705551527e-05
4.361526344137667e-05
4.305632351003785e-05
4.250266684624471e-05
4.195458007133501e-05
4.141233679616496e-05
4.087619759052252e-05
4.03464099699713e-05
3.982320839718279e-05
3.930681430119876e-05
3.87974361100718e-05
3.82952693003813e-05
3.780049646140426e-05
3.731328737455186e-05
3.683379910779383e-05
3.636217612351667e-05
3.5898550402369e-05
3.544304158081824e-05
3.499575710003144e-05
3.455679236985532e-05
3.412623094239953e-05
3.370414469955341e-05
3.32905940489403e-05
3.288562813302809e-05
3.248928504639981e-05
3.210159206379348e-05
3.17225658754694e-05
3.135221283345757e-05
3.099052920257916e-05
3.063750141946153e-05
3.029310635899174e-05
2.995731160271298e-05
2.96300757172685e-05
2.931134853229045e-05
2.900107142528308e-05
2.86991776101142e-05
2.840559242756058e-05
2.812023363829574e-05
2.788068984294068e-05
2.767652924778874e-05
2.747617242115918e-05
2.727957225662214e-05
2.708667855960689e-05
2.689743819933588e-05
2.671179526270162e-05
2.652969120681137e-05
2.635106501314155e-05
2.617585333919425e-05
2.600399067198556e-05
2.583540947803664e-05
2.567004035475273e-05
2.550781217880438e-05
2.534865225434224e-05
2.519248645932448e-05
2.503923938979025e-05
2.488883450352253e-05
2.4741194261102e-05
2.45962402642963e-05
2.445389339505999e-05
2.431407395159235e-05
2.417670178028741e-05
2.404169640801701e-05
2.391415252595008e-05
2.382239500614558e-05
2.373007598455157e-05
2.363735208099627e-05
2.354438093615796e-05
2.345132092890223e-05
2.335833089345263e-05
2.32655698487183e-05
2.317319672190399e-05
2.308137009043865e-05
2.299024791546644e-05
2.289998729060327e-05
2.281074419197004e-05
2.272267323610855e-05
2.263592744256027e-05
2.255065800382816e-05
2.246701406088958e-05
2.238514248814605e-05
2.230518767981637e-05
2.222729134898627e-05
2.215159232915598e-05
2.207822638761181e-05
2.200732604146216e-05
2.193902038299944e-05
2.187343491383276e-05
2.181069138451619e-05
2.175090764305887e-05
2.169419749009638e-05
2.164067054266638e-05
2.159043210547829e-05
2.154358304917725e-05
2.150021969693494e-05
2.146043371964446e-05
2.142431203799866e-05
2.139193673067474e-05
2.136338495373202e-05
2.133872886611599e-05
2.131803555988077e-05
2.130136700462248e-05
2.128877999135748e-05
2.128032609222119e-05
2.127605162005608e-05
2.127599760026744e-05
2.128019974750872e-05
2.128868845230336e-05
2.130148876960947e-05
2.13186204202076e-05
2.134009779408697e-05
2.138536112256118e-05
2.145975264372657e-05
2.153881170463556e-05
2.162247659842631e-05
2.171068037187807e-05
2.180335093671104e-05
2.190041119298769e-05
2.20017791485172e-05
2.210736805130509e-05
2.221708651761745e-05
2.233083866953756e-05
2.244852427307764e-05
2.257003888078701e-05
2.269527397930071e-05
2.282411713439014e-05
2.295645214522857e-05
2.309215919582552e-05
2.323111501134623e-05
2.337319301681795e-05
2.351826349406005e-05
2.36661937455529e-05
2.381684825558672e-05
2.397008885329788e-05
2.41257748786472e-05
2.428376334484561e-05
2.44439091064419e-05
2.46060650240798e-05
2.477008213241927e-05
2.493580980289511e-05
2.510309591097215e-05
2.527178700278965e-05
2.544172845686532e-05
2.561276465051776e-05
2.578473912079327e-05
2.595749472794617e-05
2.613087381231338e-05
2.630471835707304e-05
2.647887014273209e-05
2.665317090300157e-05
2.682746247983925e-05
2.700158697194199e-05
2.717538688595811e-05
2.734870528131594e-05
2.75213859186052e-05
2.769327339724459e-05
2.786421329498134e-05
2.803405230766831e-05
2.820263837938208e-05
2.836982083309625e-05
2.853545050141015e-05
2.869937984673054e-05
2.886146308406223e-05
2.902155630185588e-05
2.917951757169801e-05
2.93352070626085e-05
2.94884871472334e-05
2.963922250864837e-05
2.978728023789179e-05
2.993252993271911e-05
3.007484379186076e-05
3.021409670445063e-05
3.035016633584631e-05
3.04829332104517e-05
3.061228079132006e-05
3.073809555576013e-05
3.086026706494716e-05
3.097868803519921e-05
3.109325439970556e-05
3.120386536969999e-05
3.131042349174828e-05
3.141283470164957e-05
3.151100837250898e-05
3.160485736219965e-05
3.169429805643942e-05
3.177925040481755e-05
3.18596379595415e-05
3.193538790552397e-05
3.200643108985934e-05
3.207270204508283e-05
3.213413901376194e-05
3.21906839637065e-05
3.224228260517714e-05
3.228888440182098e-05
3.233044257883178e-05
3.236691412955572e-05
3.239825981726785e-05
3.242444417433932e-05
3.244543549868473e-05
3.246120584654566e-05
3.247173102405299e-05
3.247699057301601e-05
3.247696775826592e-05
3.24716495477273e-05
3.246102659199002e-05
3.244509320227129e-05
3.242384732338177e-05
3.239729050658058e-05
3.23654278772123e-05
3.232826810445344e-05
3.2285823364675e-05
3.223810930330639e-05
3.218514499714331e-05
3.212695291138212e-05
3.20635588574314e-05
3.199499194578292e-05
3.192128454043708e-05
3.184247220766601e-05
3.180895868171163e-05
3.177160630046805e-05
3.17293811892827e-05
3.168229621924867e-05
3.163036738662584e-05
3.157361378153256e-05
3.151205754886588e-05
3.144572385094246e-05
3.137464082708652e-05
3.129883954966495e-05
3.121835398389727e-05
3.113322093761806e-05
3.104348001969903e-05
3.09491735837053e-05
3.085034668470765e-05
3.074704702282771e-05
3.063932489283383e-05
3.052723312679806e-05
3.041082704002829e-05
3.029016437317011e-05
3.016530523430871e-05
3.003631203829515e-05
2.990324944623923e-05
2.976618430428069e-05
2.962518558274896e-05
2.948032430732939e-05
2.933167349983279e-05
2.917930810947267e-05
2.902330494797267e-05
2.886374262162095e-05
2.870070146604453e-05
2.853426347432242e-05
2.836451223064973e-05
2.819153284028264e-05
2.801541185887269e-05
2.783623722479867e-05
2.765409818261677e-05
2.746908521933378e-05
2.728128998735757e-05
2.709080523521923e-05
2.689772473590812e-05
2.670214321409681e-05
2.650415627397651e-05
2.630386032759224e-05
2.610135252384405e-05
2.589673067310283e-05
2.569009317943127e-05
2.548153896614336e-05
2.527116740380642e-05
2.505907824057463e-05
2.484537152991351e-05
2.463014756004522e-05
2.441350678339393e-05
2.419554974536497e-05
2.397637701728739e-05
2.375608912696947e-05
2.353478648997598e-05
2.331256934351433e-05
2.308953767782285e-05
2.286579117316556e-05
2.264142913321887e-05
2.241655042017898e-05
2.21912533909796e-05
2.196563583495292e-05
2.173979491415512e-05
2.151382709858485e-05
2.128782810711938e-05
2.106189284989402e-05
2.083611536934926e-05
2.061058878344291e-05
2.03854052287511e-05
2.016065580839888e-05
1.993643053699312e-05
1.971281828938576e-05
1.948990674843776e-05
1.926778235722404e-05
1.904653027168246e-05
1.882623431209707e-05
1.860697691735691e-05
1.84268819762301e-05
1.841775424760161e-05
1.840629125143822e-05
1.83924948179981e-05
1.837636836338197e-05
1.83579168664405e-05
1.833714684618126e-05
1.831406633673316e-05
1.828868486231094e-05
1.82610134108474e-05
1.823106440618227e-05
1.819885168191648e-05
1.816439045043694e-05
1.812769727599362e-05
1.808879004355779e-05
1.804768792901257e-05
1.800441136851072e-05
1.795898202644475e-05
1.791142276519331e-05
1.786175761164799e-05
1.781001172579399e-05
1.775621136729244e-05
1.770038386317285e-05
1.764255757419342e-05
1.758276186097918e-05
1.752102705138148e-05
1.745738440572797e-05
1.739186608373799e-05
1.73245051094395e-05
1.72553353379179e-05
1.718439142101014e-05
1.711170877277679e-05
1.703732353613985e-05
1.696127254807722e-05
1.688359330564992e-05
1.680432393258435e-05
1.672350314502191e-05
1.664117021765721e-05
1.65573649510975e-05
1.647212763783434e-05
1.638549902888142e-05
1.629752030174458e-05
1.620823302678209e-05
1.611767913606288e-05
1.602590089005984e-05
1.593294084645258e-05
1.583884182831952e-05
1.57436468938843e-05
1.564739930393078e-05
1.555014249349229e-05
1.545192003982176e-05
1.535277563396997e-05
1.5252753050643e-05
1.515189611978052e-05
1.505024869785654e-05
1.494785463806991e-05
1.484475777402405e-05
1.474100188281202e-05
1.463663065409682e-05
1.45316876643542e-05
1.442621635217023e-05
1.432025999326125e-05
1.421386167638206e-05
1.410706427840136e-05
1.399991044109816e-05
1.389244254701438e-05
1.378470269619569e-05
1.367673268348746e-05
1.356857397627476e-05
1.346026769255548e-05
1.335185457995713e-05
1.324337499453154e-05
1.313486888060433e-05
1.302637575117949e-05
1.291793466917657e-05
1.280958422766876e-05
1.270136253239684e-05
1.259330718400564e-05
1.248545526072453e-05
1.237784330165859e-05
1.227050729118995e-05
1.216348264287959e-05
1.205680418475685e-05
1.195050614472004e-05
1.184462213643656e-05
1.173918514624228e-05
1.163422752054055e-05
1.152978095275703e-05
1.142587647207094e-05
1.132254443303449e-05
1.121981450363796e-05
1.111771565637243e-05
1.101627615812673e-05
1.091552356174974e-05
1.081548469750171e-05
1.07161856655047e-05
1.061765182841512e-05
1.051990780481793e-05
1.04229774632314e-05
1.03268839174997e-05
1.023164952096423e-05
1.013729586296641e-05
1.00438437653505e-05
9.951313279132901e-06
9.85972368239274e-06
9.769093477052238e-06
9.679440389875893e-06
9.590781368806756e-06
9.503132584798291e-06
9.416509431592335e-06
9.33092652494194e-06
9.246397706330622e-06
9.162936043083381e-06
9.080553831308791e-06
8.999262599562741e-06
8.919073111013365e-06
8.839995368770115e-06
8.782299738940846e-06
8.811284297305377e-06
8.840348035943357e-06
8.869465668914778e-06
8.898612697261221e-06
8.927765403454746e-06
8.956900850287663e-06
8.985996873211999e-06
9.015032080339491e-06
9.043985842727142e-06
9.072838289880814e-06
9.101570301206507e-06
9.130163500958854e-06
9.158600245862125e-06
9.186863617893781e-06
9.21493741679047e-06
9.242806144060811e-06
9.270454998544508e-06
9.297869860591668e-06
9.325037280627502e-06
9.351944469604412e-06
9.378579282348642e-06
9.40493020690214e-06
9.430986349201476e-06
9.456737420254768e-06
9.482173720487541e-06
9.507286127530268e-06
9.532066077344581e-06
9.556505551677752e-06
9.580597062408547e-06
9.604333634838369e-06
9.627708790982403e-06
9.650716536080406e-06
9.673351340167002e-06
9.695608122417543e-06
9.717482235327424e-06
9.738969446504431e-06
9.760065923736239e-06
9.780768218003999e-06
9.801073245885306e-06
9.820978274011072e-06
9.840480903522408e-06
9.859579050808254e-06
9.878270934404743e-06
9.896555056176926e-06
9.914430186053202e-06
9.931895345871578e-06
9.948949795279827e-06
9.965593014360508e-06
9.981824687144147e-06
9.997644689119234e-06
1.001305307113398e-05
1.002805004352014e-05
1.004263596354749e-05
1.00568113199917e-05
1.007057671992273e-05
1.008393287393883e-05
1.009688058467573e-05
1.010942073381704e-05
1.012155426610706e-05
1.013328218296694e-05
1.01446055248422e-05
1.015552536370867e-05
1.016604279019395e-05
1.017615890253065e-05
1.018587479784117e-05
1.019519156075788e-05
1.020411025443035e-05
1.021263191164357e-05
1.022075752571405e-05
1.02284880418857e-05
1.023582435089043e-05
1.024276728084361e-05
1.024931758741854e-05
1.025547595379095e-05
1.02612429785931e-05
1.026661917180594e-05
1.027160495165047e-05
1.027620063615009e-05
1.028040644246442e-05
1.028422248045002e-05
1.028764874988486e-05
1.029068513785925e-05
1.029333141494559e-05
1.02955872336441e-05
1.029745212727251e-05
1.029892550646894e-05
1.030000666130126e-05
1.030069475738138e-05
1.030098883714192e-05
1.030088782033589e-05
1.030039050364806e-05
1.029949556252685e-05
1.029820155123984e-05
1.029650690598238e-05
1.029440994559927e-05
1.029190887485987e-05
1.028900178601244e-05
1.028568666233687e-05
1.028196138114224e-05
1.027782371865182e-05
1.027327135139089e-05
1.026830186240391e-05
1.026291274458524e-05
1.025710140528657e-05
1.025086517386642e-05
1.024422506429312e-05
1.024149123224349e-05
1.023834324453965e-05
1.023477887596158e-05
1.023079583778452e-05
1.022639178166473e-05
1.022156430141585e-05
1.021631093778286e-05
1.02106291816062e-05
1.020451647881782e-05
1.019797023221747e-05
1.019098780818961e-05
1.018356654231001e-05
1.017570373934573e-05
1.016739668258104e-05
1.01586426378697e-05
1.014943885713215e-05
1.013978258701531e-05
1.012967107005824e-05
1.011910155312989e-05
1.010807129336877e-05
1.009657756256832e-05
1.008461765361623e-05
1.007218888532391e-05
1.005928861158578e-05
1.004591422332224e-05
1.003206315758343e-05
1.001773290293384e-05
1.000292100400424e-05
9.98762506992934e-06
9.971842779177287e-06
9.955571886655079e-06
9.938810228038442e-06
9.921555727987474e-06
9.903806405142657e-06
9.88556037856414e-06
9.86681587211713e-06
9.847571223020601e-06
9.827824885788594e-06
9.807575438725014e-06
9.786821589696793e-06
9.765562180630294e-06
9.74379619467225e-06
9.721522759131851e-06
9.698741153918444e-06
9.675450813151354e-06
9.651651334485756e-06
9.62734247828001e-06
9.602524176977045e-06
9.577196537657873e-06
9.551359847481677e-06
9.525014575462176e-06
9.498161379628556e-06
9.470801108746318e-06
9.442934806147552e-06
9.414563714782442e-06
9.385689278662568e-06
9.356313146913209e-06
9.326437176937485e-06
9.296063435582091e-06
9.265194203522675e-06
9.233831976318552e-06
9.20197946768786e-06
9.169639608563873e-06
9.136815553534294e-06
9.103510676844451e-06
9.069728578114944e-06
9.035473080176715e-06
9.000748231624556e-06
8.965558306872623e-06
8.929907806320969e-06
8.893801456022477e-06
8.857244209237169e-06
8.820241244378302e-06
8.782797963791111e-06
8.744919996195311e-06
8.706613192299706e-06
8.667883624635664e-06
8.628737587834667e-06
8.589181594353956e-06
8.549222373366305e-06
8.508866870260423e-06
8.468122242422105e-06
8.426995857901964e-06
8.385495292029255e-06
8.343628325746533e-06
8.301402940114055e-06
8.258827315088535e-06
8.215909826803092e-06
8.172659041127961e-06
8.12908371256027e-06
8.085192777895767e-06
8.040995353175706e-06
7.996500731133338e-06
7.951718372589678e-06
7.906657904954706e-06
7.861329116787275e-06
7.815741951855415e-06
7.769906505639135e-06
7.723833017947435e-06
7.677531868977017e-06
7.631013574038725e-06
7.584288776563142e-06
7.537368243715203e-06
7.490262860010422e-06
7.442983620487009e-06
7.395541626820101e-06
7.347948078773037e-06
7.300214268868288e-06
7.252351576614302e-06
7.204371462066206e-06
7.156285457721179e-06
7.10810516502125e-06
7.059842244916403e-06
7.011508412313461e-06
6.96311543008088e-06
6.91467510127719e-06
6.866199263655393e-06
6.817699781114239e-06
6.769188538868764e-06
6.720677435345657e-06
6.67217837646561e-06
6.623703266983583e-06
6.575264006380976e-06
6.526872479983847e-06
6.478540553134238e-06
6.430280064251281e-06
6.382102817947821e-06
6.334020578646626e-06
6.286045063752521e-06
6.23818793765718e-06
6.190460804189613e-06
6.142875201231579e-06
6.095442593556655e-06
6.048174366946046e-06
6.001081820750098e-06
5.954176163724956e-06
5.907468506205493e-06
5.86096985510931e-06
5.814691106775793e-06
5.768643042525223e-06
5.722836321886415e-06
5.677281478211338e-06
5.63198891084804e-06
5.586968882198562e-06
5.54223151089106e-06
5.49778676639523e-06
5.453644465858165e-06
5.420309521886324e-06
5.404118105067912e-06
5.387673030265994e-06
5.370975760699004e-06
5.354027882931156e-06
5.336831109425955e-06
5.319387276159215e-06
5.301698343618266e-06
5.283766396080303e-06
5.265593639891541e-06
5.247182404077844e-06
5.228535138956936e-06
5.209654415361253e-06
5.190542923305674e-06
5.171203471543429e-06
5.151638986067297e-06
5.131852508777346e-06
5.111847196648256e-06
5.091626319397857e-06
5.071193258876505e-06
5.050551506347034e-06
5.029704661929646e-06
5.008656431548797e-06
4.987410625822974e-06
4.965971157677718e-06
4.944342040624772e-06
4.922527385653463e-06
4.900531400120478e-06
4.878358384752257e-06
4.856012731258019e-06
4.833498920664425e-06
4.810821519596331e-06
4.787985178555942e-06
4.764994629036234e-06
4.741854680634372e-06
4.718570219219842e-06
4.695146202549072e-06
4.671587658933163e-06
4.647899683241086e-06
4.624087434901281e-06
4.600156134293432e-06
4.576111059972909e-06
4.551957545118057e-06
4.527700975309745e-06
4.503346784756612e-06
4.478900453352974e-06
4.454367503181622e-06
4.429753495849287e-06
4.405064029100458e-06
4.380304733042628e-06
4.35548126781482e-06
4.330599319368744e-06
4.305664596637726e-06
4.280682828483595e-06
4.255659760088459e-06
4.230601149679547e-06
4.20551276480996e-06
4.180400380637828e-06
4.155269774708259e-06
4.130126724788408e-06
4.104977005425781e-06
4.079826384562057e-06
4.054680620702023e-06
4.029545459194317e-06
4.004426629233837e-06
3.979329840919643e-06
3.954260782035313e-06
3.929225114829293e-06
3.904228473128324e-06
3.87927645928432e-06
3.854374640788194e-06
3.829528548604522e-06
3.804743671897981e-06
3.78002545786682e-06
3.75537930707992e-06
3.730810571533905e-06
3.706324551655538e-06
3.681926493248611e-06
3.657621586161675e-06
3.63341495995817e-06
3.609311683028249e-06
3.585316758647483e-06
3.561435124088685e-06
3.537671647124707e-06
3.514031124141059e-06
3.490518278193022e-06
3.467137756285599e-06
3.443894127652669e-06
3.420791882036145e-06
3.397835426410811e-06
3.375029085650461e-06
3.352377097420867e-06
3.342481762202976e-06
3.340814411334492e-06
3.339448608474793e-06
3.33837692162442e-06
3.337591878038726e-06
3.337085973442733e-06
3.336851672919305e-06
3.336881417348447e-06
3.337167625960813e-06
3.337702700167977e-06
3.338479030279284e-06
3.339488996279005e-06
3.340724973377451e-06
3.342179336784934e-06
3.344371974356442e-06
3.348911612410799e-06
3.353565952990412e-06
3.358327301750119e-06
3.363188024629871e-06
3.368140549853127e-06
3.373177373422465e-06
3.378291057731797e-06
3.383474238838335e-06
3.388719627128722e-06
3.394020008706811e-06
3.39936825149989e-06
3.404757304314998e-06
3.4101802012243e-06
3.4156300616206e-06
3.421100097211749e-06
3.426583608412415e-06
3.432073990172757e-06
3.437564732311493e-06
3.443049422346967e-06
3.44852174616328e-06
3.453975490008698e-06
3.45940454399285e-06
3.464802900976505e-06
3.47016465884753e-06
3.475484023185427e-06
3.480755306373151e-06
3.48597293031716e-06
3.49113142678048e-06
3.496225439325595e-06
3.501249722703825e-06
3.506199145797417e-06
3.511068690453811e-06
3.51585345292893e-06
3.520548644386778e-06
3.525149591510068e-06
3.529651738165551e-06
3.534050642683972e-06
3.538341980746651e-06
3.542521545329969e-06
3.546585246594347e-06
3.550529110551981e-06
3.554349281231772e-06
3.55804201968013e-06
3.561603704405059e-06
3.565030828212024e-06
3.568320003588532e-06
3.571467956819951e-06
3.574471530543022e-06
3.577327683523812e-06
3.580033488104206e-06
3.582586131034571e-06
3.584982912807622e-06
3.587221247547401e-06
3.58929866073332e-06
3.59121278825647e-06
3.592961378806603e-06
3.594542289597769e-06
3.595953486035253e-06
3.597193042437219e-06
3.598259138537507e-06
3.599150061539547e-06
3.599864201453418e-06
3.600400053094255e-06
3.600756212640555e-06
3.600931378300309e-06
3.600924347868517e-06
3.600734017339402e-06
3.600359379574147e-06
3.599799525688674e-06
3.599053638614347e-06
3.598120995651488e-06
3.597000966915065e-06
3.595693010671752e-06
3.594196676781625e-06
3.592511600536419e-06
3.590637505102023e-06
3.588574196522476e-06
3.586321564275075e-06
3.583879580493221e-06
3.581248295247974e-06
3.579722687496734e-06
3.578497074108178e-06
3.577096531204305e-06
3.575520429899282e-06
3.573768224574003e-06
3.571839453209158e-06
3.56973373460967e-06
3.567450767627545e-06
3.56499033038471e-06
3.562352277386438e-06
3.559536539632369e-06
3.556543122618105e-06
3.553372104891928e-06
3.550023637721722e-06
3.546497941597782e-06
3.54279530651036e-06
3.538916089951272e-06
3.534860716691846e-06
3.530629674897146e-06
3.526223517014149e-06
3.521642858439478e-06
3.516888372467886e-06
3.511960794011504e-06
3.506860915103438e-06
3.50158958495328e-06
3.496147706560926e-06
3.490536237049646e-06
3.484756185723192e-06
3.478808613899265e-06
3.472694630746176e-06
3.466415394892675e-06
3.45997211131932e-06
3.453366031358485e-06
3.44659844980777e-06
3.439670703930808e-06
3.432584174012376e-06
3.425340280027722e-06
3.417940480476833e-06
3.410386272717503e-06
3.402679190467328e-06
3.394820801749798e-06
3.386812711392295e-06
3.378656554031689e-06
3.370353998388698e-06
3.361906742938015e-06
3.353316515963822e-06
3.344585073949968e-06
3.335714201524453e-06
3.326705708350808e-06
3.31756143101547e-06
3.308283228531383e-06
3.298872983392709e-06
3.289332600353578e-06
3.279664005761962e-06
3.269869146893534e-06
3.25994998801038e-06
3.249908512970023e-06
3.2397467236156e-06
3.229466636944789e-06
3.219070286664127e-06
3.208559721024073e-06
3.197937000321005e-06
3.187204201837712e-06
3.176363411905303e-06
3.165416729344894e-06
3.154366264301878e-06
3.143214136525074e-06
3.131962475255712e-06
3.120613417895157e-06
3.109169110671051e-06
3.097631705695214e-06
3.086003363517165e-06
3.074286249404867e-06
3.062482534343935e-06
3.050594393816386e-06
3.038624008078195e-06
3.026573560493961e-06
3.0144452369818e-06
3.002241228344804e-06
2.989963723942779e-06
2.977614916910287e-06
2.965197000992514e-06
2.952712170212202e-06
2.940162619313735e-06
2.927550540710033e-06
2.914878127924236e-06
2.902147572869662e-06
2.889361064295493e-06
2.876520790617842e-06
2.863628936478069e-06
2.850687684852193e-06
2.837699213886768e-06
2.824665699119322e-06
2.811589310980356e-06
2.798472217790948e-06
2.785316580822261e-06
2.772124557182121e-06
2.758898298538259e-06
2.745639950896273e-06
2.732351653877974e-06
2.719035541220993e-06
2.705693739724069e-06
2.692328369524599e-06
2.678941543210467e-06
2.665535366874749e-06
2.652111937395674e-06
2.638673344046438e-06
2.625221667995614e-06
2.611758981974077e-06
2.59828734894274e-06
2.584808823702378e-06
2.571325451505846e-06
2.557839266892348e-06
2.544352295685837e-06
2.530866553551725e-06
2.517384044664617e-06
2.50390676326262e-06
2.490436692426101e-06
2.47697580429973e-06
2.463526058205101e-06
2.450089403804867e-06
2.436667777605539e-06
2.423263104067708e-06
2.409877295106444e-06
2.396512250368854e-06
2.383169855957323e-06
2.36985198459605e-06
2.3565604964082e-06
2.343297236195863e-06
2.330064037103785e-06
2.316862715456836e-06
2.303695074423739e-06
2.290562902851345e-06
2.277467973044178e-06
2.264412042374264e-06
2.251396854058285e-06
2.238424133049755e-06
2.22549559003582e-06
2.212612918939261e-06
2.1997777964744e-06
2.18699188242466e-06
2.174256819476028e-06
2.161574232772967e-06
2.148945729973928e-06
2.136372899808059e-06
2.123857314018096e-06
2.111400523696627e-06
2.099004062672272e-06
2.086669444845146e-06
2.07439816496402e-06
2.062191697294047e-06
2.050051496560457e-06
2.037978996893841e-06
2.0259756120522e-06
2.014042734144184e-06
2.002181734683806e-06
1.990393963313686e-06
1.978680748304651e-06
1.967043395501022e-06
1.955483187654483e-06
1.9440013855343e-06
1.932599227871812e-06
1.921277928085274e-06
1.910038678054615e-06
1.898882644346678e-06
1.887810969991577e-06
1.87682477353901e-06
1.865925150112968e-06
1.855113167914535e-06
1.844389871608065e-06
1.833756280045229e-06
1.823213385210298e-06
1.812762155439795e-06
1.802403531037111e-06
1.792138426659484e-06
1.781967730096756e-06
1.771892301993816e-06
1.761912977127356e-06
1.752030561741336e-06
1.742245834324141e-06
1.732559546774315e-06
1.722972422069091e-06
1.713485155818706e-06
1.704098415100663e-06
1.694812837294002e-06
1.685629032022185e-06
1.676547581042076e-06
1.667569035912475e-06
1.658693919048826e-06
1.649922724000774e-06
1.641255913953366e-06
1.632693923614426e-06
1.624237157715758e-06
1.615885990402521e-06
1.607640767009588e-06
1.599501802562742e-06
1.591469382111743e-06
1.583543759120509e-06
1.575725159963515e-06
1.568013777264454e-06
1.560409775891447e-06
1.552913289182278e-06
1.545524420387689e-06
1.538243243059956e-06
1.531069799998175e-06
1.524004103192755e-06
1.517046134880129e-06
1.510195847209683e-06
1.503453161022517e-06
1.496817969237618e-06
1.490290132133421e-06
1.483869482177269e-06
1.477555819862086e-06
1.47134891842482e-06
1.46524851996066e-06
1.459254336588778e-06
1.453366052173166e-06
1.447583320601797e-06
1.44190576711889e-06
1.436332988213884e-06
1.430864550899802e-06
1.425499994378576e-06
1.420238829485942e-06
1.415080539357572e-06
1.41002457892947e-06
1.405070375493089e-06
1.400217329139419e-06
1.395464813092051e-06
1.390812173651668e-06
1.386258731028711e-06
1.381803778344182e-06
1.377446584349684e-06
1.37318639109596e-06
1.369022416319865e-06
1.364953852445172e-06
1.360979867137679e-06
1.357099605248102e-06
1.353312186147537e-06
1.349616707335688e-06
1.346012243219619e-06
1.342497845002733e-06
1.339072542183573e-06
1.335735342999911e-06
1.332485233818126e-06
1.329321180298937e-06
1.326242128618649e-06
1.323247004025863e-06
1.320334713117433e-06
1.317504142783754e-06
1.314754162484721e-06
1.312083622917459e-06
1.309491357903703e-06
1.306976184278774e-06
1.304536901836073e-06
1.302172295658544e-06
1.299881134009251e-06
1.297662170607339e-06
1.295514146848475e-06
1.293435787363961e-06
1.291425805904911e-06
1.289482901511985e-06
1.287605762567701e-06
1.28579306646337e-06
1.284043477489671e-06
1.2823556515551e-06
1.280728233299389e-06
1.279159858424972e-06
1.277649154363125e-06
1.27619474021845e-06
1.274795226768877e-06
1.273449218686107e-06
1.272155313924994e-06
1.270912104833766e-06
1.269718178487089e-06
1.268572115853406e-06
1.267472495847244e-06
1.266417892886729e-06
1.265406878447894e-06
1.264438021508774e-06
1.263509889770642e-06
1.262621049380463e-06
1.261770065486001e-06
1.260955503457062e-06
1.260175930495322e-06
1.259429911637522e-06
1.258716017360495e-06
1.258032817474941e-06
1.257378885344274e-06
1.25675279838422e-06
1.256153135897886e-06
1.255578484127273e-06
1.255027432034428e-06
1.254498574909668e-06
1.253990514538117e-06
1.253501858256012e-06
1.253031220116441e-06
1.252577223220808e-06
1.2521384970543e-06
1.251713680650024e-06
1.251301421145712e-06
1.250900375782127e-06
1.250509211569995e-06
1.250126605567559e-06
1.249751246490405e-06
1.249381833656749e-06
1.249017077820103e-06
1.248655703445234e-06
1.248296446376695e-06
1.247938054893538e-06
1.247579292040779e-06
1.247218934352645e-06
1.246855771908084e-06
1.246488609940588e-06
1.246116268727171e-06
1.245737583810413e-06
1.245351407053175e-06
1.244956604473657e-06
1.244552060131188e-06
1.244136674016794e-06
1.243709364218137e-06
1.243269064754582e-06
1.242814728019681e-06
1.242345323559935e-06
1.241859840794834e-06
1.241357285020062e-06
1.240836682125934e-06
1.240297076210428e-06
1.239737531077978e-06
1.239157128851698e-06
1.238554972138317e-06
1.237930182695912e-06
1.237281902877196e-06
1.236609294463786e-06
1.235911540664603e-06
1.235187843451335e-06
1.234437427055646e-06
1.233659535360143e-06
1.232853432620029e-06
1.232018406405189e-06
1.231153762826231e-06
1.230258830531294e-06
1.229332958874174e-06
1.228375518858016e-06
1.227385902136113e-06
1.226363523121332e-06
1.225307816321575e-06
1.224218238338182e-06
1.223094268143488e-06
1.221935404249752e-06
1.220741169205564e-06
1.219511104100235e-06
1.218244773837363e-06
1.216941764137225e-06
1.215601682036382e-06
1.214224156165233e-06
1.212808836026369e-06
1.211355393160307e-06
1.209863518814025e-06
1.208332927382649e-06
1.206763353078788e-06
1.205154550931731e-06
1.203506297120516e-06
1.201818387808196e-06
1.200090640751661e-06
1.198322893913861e-06
1.196515005297272e-06
1.194666852888382e-06
1.19277833487974e-06
1.190849369003821e-06
1.188879892755068e-06
1.186869863889495e-06
1.184819258370773e-06
1.182728071313921e-06
1.180596317429394e-06
1.178424029801839e-06
1.176211259057425e-06
1.173958075750825e-06
1.171664567700681e-06
1.169330840211646e-06
1.1669570166295e-06
1.164543236842341e-06
1.162089659223486e-06
1.15959645763386e-06
1.157063823475912e-06
1.154491964139304e-06
1.151881103000907e-06
1.149231479258273e-06
1.146543347707585e-06
1.143816979243262e-06
1.14105265819342e-06
1.138250684318276e-06
1.135411371588901e-06
1.132535048853356e-06
1.129622058337887e-06
1.126672755924485e-06
1.123687510540261e-06
1.120666703990914e-06
1.117610731682372e-06
1.114520000400354e-06
1.111394929087517e-06
1.108235948898972e-06
1.105043501925529e-06
1.101818042359426e-06
1.098560033940821e-06
1.095269951734146e-06
1.091948281850552e-06
1.088595518727864e-06
1.085212167240002e-06
1.081798741031648e-06
1.078355763073358e-06
1.074883765439516e-06
1.071383288586691e-06
1.067854880021368e-06
1.064299096187327e-06
1.06071650046724e-06
1.057107662127965e-06
1.053473160594898e-06
1.049813578013481e-06
1.046129504855831e-06
1.0424215377558e-06
1.038690277455068e-06
1.034936331634206e-06
1.031160312081614e-06
1.027362834360446e-06
1.023544520528663e-06
1.019705996085918e-06
1.015847888807819e-06
1.011970832687226e-06
1.008075462882729e-06
1.004162418327681e-06
1.000232340064855e-06
9.962858723566725e-07
9.923236610198671e-07
9.883463549242855e-07
9.843546022736405e-07
9.803490546023141e-07
9.763303637777554e-07
9.722991817784354e-07
9.682561623591823e-07
9.642019592748241e-07
9.601372259471219e-07
9.560626149096585e-07
9.51978779972773e-07
9.478863733924925e-07
9.437860458150205e-07
9.396784472204267e-07
9.355642263120245e-07
9.314440302943261e-07
9.273185034852638e-07
9.231882901472588e-07
9.190540304349071e-07
9.149163621158252e-07
9.107759208482058e-07
9.066333391816173e-07
9.024892470566037e-07
8.983442696952615e-07
8.941990305433301e-07
8.900541482170787e-07
8.859102371139294e-07
8.817679084671681e-07
8.776277693467449e-07
8.734904211604722e-07
8.69356462263049e-07
8.652264854580594e-07
8.611010780534833e-07
8.569808239156096e-07
8.528662995277436e-07
8.487580772653658e-07
8.446567245079528e-07
8.405628021401768e-07
8.364768650515053e-07
8.323994625247799e-07
8.283311381251934e-07
8.242724285900671e-07
8.202238651611182e-07
8.161859706423691e-07
8.121592643406395e-07
8.081442560703422e-07
8.041414510939759e-07
8.001513460698106e-07
7.961744323270459e-07
7.922111922020747e-07
7.882621033683535e-07
7.843276330077309e-07
7.804082440276972e-07
7.765043897878243e-07
7.726165179300359e-07
7.687450670479379e-07
7.648904695178871e-07
7.610531482238336e-07
7.572335196659452e-07
7.534319922952726e-07
7.496489665692607e-07
7.458848349517488e-07
7.421399820795038e-07
7.384147845401756e-07
7.347096109833195e-07
7.310248214542625e-07
7.273607683933037e-07
7.237177958585583e-07
7.200962397480026e-07
7.164964275219177e-07
7.12918678369423e-07
7.093633045407444e-07
7.058306082941002e-07
7.023208833389916e-07
6.988344173897154e-07
6.953714877799833e-07
6.919323636278563e-07
6.885173072790352e-07
6.85126570199035e-07
6.817603973585662e-07
6.78419025623711e-07
6.75102682756723e-07
6.718115884152276e-07
6.685459528199544e-07
6.653059799188732e-07
6.620918643895912e-07
6.589037921944652e-07
6.557419419128685e-07
6.526064833534129e-07
6.494975786086599e-07
6.464153806673423e-07
6.433600355237878e-07
6.403316797354286e-07
6.373304428652915e-07
6.343564468713758e-07
6.314098042747851e-07
6.284906199915952e-07
6.255989918324545e-07
6.227350092258277e-07
6.198987531069733e-07
6.170902979163451e-07
6.143097095456795e-07
6.115570455045294e-07
6.088323576403099e-07
6.061356883635405e-07
6.034670729793135e-07
6.008265396317825e-07
5.982141095817184e-07
5.956297949305522e-07
5.930736015069549e-07
5.905455291443928e-07
5.880455677953478e-07
5.855737029158981e-07
5.831299114134048e-07
5.807141626457124e-07
5.783264211967065e-07
5.759666424354215e-07
5.736347766238659e-07
5.713307660859535e-07
5.690545476499942e-07
5.668060503727368e-07
5.645851976487926e-07
5.623919062114346e-07
5.602260865211761e-07
5.580876421551473e-07
5.559764716389637e-07
5.538924659487243e-07
5.518355121747476e-07
5.498054886921011e-07
5.478022700455831e-07
5.458257239521203e-07
5.438757128550797e-07
5.419520939797806e-07
5.400547170575365e-07
5.38183429266148e-07
5.36338070844522e-07
5.3451847648045e-07
5.327244755326532e-07
5.309558933630498e-07
5.292125503930656e-07
5.274942601607435e-07
5.258008324293684e-07
5.241320738536004e-07
5.224877842047171e-07
5.208677587020816e-07
5.19271790011544e-07
5.176996644151721e-07
5.161511654749873e-07
5.146260709798511e-07
5.131241554989785e-07
5.116451904374486e-07
5.101889417047367e-07
5.08755171879649e-07
5.073436400993003e-07
5.059541018370695e-07
5.045863089025993e-07
5.032400097748635e-07
5.019149499907449e-07
5.006108706462342e-07
4.993275103393202e-07
4.980646046148784e-07
4.968218866863161e-07
4.95599086325349e-07
4.943959298064904e-07
4.932121425715863e-07
4.920474458991464e-07
4.909015596243904e-07
4.897741999188021e-07
4.886650818436422e-07
4.875739177956362e-07
4.865004186727084e-07
4.854442926527369e-07
4.844052460262205e-07
4.833829840289461e-07
4.823772095652323e-07
4.813876239295745e-07
4.804139277503339e-07
4.794558194909371e-07
4.785129964490764e-07
4.775851545901766e-07
4.766719888804616e-07
4.757731936755327e-07
4.748884623873018e-07
4.740174865403013e-07
4.731599579921308e-07
4.723155683228342e-07
4.714840071140536e-07
4.706649646135652e-07
4.698581315132344e-07
4.690631962289693e-07
4.682798483424122e-07
4.675077767135605e-07
4.667466710350787e-07
4.659962206110535e-07
4.652561147455714e-07
4.645260438529419e-07
4.638056979588967e-07
4.630947681438791e-07
4.623929450442432e-07
4.616999216833229e-07
4.61015390473829e-07
4.603390448831846e-07
4.596705799886358e-07
4.590096910894736e-07
4.583560749837901e-07
4.57709429191322e-07
4.570694532857189e-07
4.564358481173869e-07
4.558083146477543e-07
4.551865571134073e-07
4.545702803615548e-07
4.539591914043406e-07
4.533529989747542e-07
4.527514125829413e-07
4.521541448476718e-07
4.515609106636731e-07
4.509714257028286e-07
4.503854081905345e-07
4.498025791832561e-07
4.492226620689266e-07
4.486453816232583e-07
4.480704658416101e-07
4.474976445512091e-07
4.469266512985293e-07
4.46357220462712e-07
4.457890911413465e-07
4.45222003930823e-07
4.446557020920672e-07
4.440899327717851e-07
4.435244451150844e-07
4.429589919308086e-07
4.423933289143811e-07
4.418272144812718e-07
4.412604103221085e-07
4.40692682568411e-07
4.401237977402772e-07
4.395535297962994e-07
4.389816521954693e-07
4.384079448360723e-07
4.378321885045722e-07
4.37254169927126e-07
4.36673677439714e-07
4.360905042077867e-07
4.355044461723523e-07
4.349153044369558e-07
4.343228824921219e-07
4.33726987048022e-07
4.331274310320765e-07
4.325240284819287e-07
4.319165994304264e-07
4.313049661863744e-07
4.306889573313377e-07
4.300684028346602e-07
4.294431380502672e-07
4.288130013851976e-07
4.281778374082279e-07
4.275374917428465e-07
4.268918171734803e-07
4.262406672617125e-07
4.255839036737541e-07
4.249213888529724e-07
4.24252990904872e-07
4.235785827644278e-07
4.228980391429715e-07
4.222112421348179e-07
4.215180756661496e-07
4.208184283260863e-07
4.201121943103736e-07
4.193992705348037e-07
4.18679558744639e-07
4.17952964792967e-07
4.172193992513229e-07
4.164787756888444e-07
4.157310130592506e-07
4.149760345351083e-07
4.142137669527202e-07
4.134441417003032e-07
4.126670946624778e-07
4.118825657206671e-07
4.110904984200303e-07
4.102908404135519e-07
4.094835450718648e-07
4.086685683191149e-07
4.078458711864741e-07
4.070154179802721e-07
4.061771779473311e-07
4.053311234430979e-07
4.044772319300449e-07
4.036154847009144e-07
4.0274586554645e-07
4.018683644191334e-07
4.009829747131377e-07
4.000896921541042e-07
3.991885187404343e-07
3.982794580248417e-07
3.973625192776886e-07
3.964377144338727e-07
3.955050595361165e-07
3.945645746794568e-07
3.936162830675549e-07
3.92660211956386e-07
3.916963918770833e-07
3.90724857080027e-07
3.897456463120008e-07
3.88758799707567e-07
3.877643627858696e-07
3.867623832864986e-07
3.857529133899362e-07
3.847360078301776e-07
3.837117240612642e-07
3.82680124089152e-07
3.816412721957541e-07
3.805952361046749e-07
3.795420865371213e-07
3.784818973229243e-07
3.774147448454279e-07
3.763407087076232e-07
3.752598716766364e-07
3.741723189065738e-07
3.730781386046544e-07
3.719774209209881e-07
3.708702593363533e-07
3.697567504956645e-07
3.6863699220957e-07
3.675110851752983e-07
3.663791331431909e-07
3.652412413623907e-07
3.640975176355532e-07
3.629480732625368e-07
3.617930202093333e-07
3.606324721072696e-07
3.594665458073187e-07
3.582953601588557e-07
3.571190352880116e-07
3.559376939299419e-07
3.547514595414469e-07
3.535604585769292e-07
3.523648178793692e-07
3.511646667897494e-07
3.499601361478533e-07
3.487513580147095e-07
3.475384658946368e-07
3.463215950683107e-07
3.45100880871918e-07
3.438764623608925e-07
3.426484767032889e-07
3.414170648974313e-07
3.401823669424431e-07
3.389445245027822e-07
3.377036809082412e-07
3.364599794331014e-07
3.352135646284005e-07
3.339645819333548e-07
3.327131760100244e-07
3.314594945180716e-07
3.302036841179579e-07
3.289458923028121e-07
3.276862661771851e-07
3.264249550660736e-07
3.25162107406296e-07
3.238978717456931e-07
3.226323970761946e-07
3.213658326672864e-07
3.200983280660097e-07
3.188300319867388e-07
3.175610938099815e-07
3.162916631938018e-07
3.150218889635958e-07
3.137519197782268e-07
3.124819037414461e-07
3.11211988845983e-07
3.099423243613231e-07
3.086730565593498e-07
3.074043323225695e-07
3.061362979228655e-07
3.048690999651882e-07
3.036028832781312e-07
3.023377919686432e-07
3.010739700881615e-07
2.998115609664787e-07
2.985507061015191e-07
2.972915471022297e-07
2.960342243563119e-07
2.947788773077775e-07
2.935256432912148e-07
2.922746604738791e-07
2.910260656907582e-07
2.897799930012823e-07
2.885365770199932e-07
2.872959496413863e-07
2.860582423713787e-07
2.848235859942427e-07
2.835921084631821e-07
2.823639370652664e-07
2.811391984214318e-07
2.799180165435899e-07
2.787005147220079e-07
2.774868137489506e-07
2.762770338060605e-07
2.750712934096455e-07
2.738697091886344e-07
2.726723961066213e-07
2.71479467128799e-07
2.702910344432041e-07
2.691072081284496e-07
2.67928095598613e-07
2.66753803546127e-07
2.655844364429782e-07
2.644200972623523e-07
2.632608863684105e-07
2.621069027375356e-07
2.609582440138425e-07
2.59815004788333e-07
2.586772777646296e-07
2.575451546471541e-07
2.564187246423266e-07
2.552980746250988e-07
2.541832908042885e-07
2.530744553919106e-07
2.519716494342461e-07
2.508749527563303e-07
2.49784441241907e-07
2.487001911077868e-07
2.476222737413103e-07
2.465507609183959e-07
2.454857209732708e-07
2.444272203527831e-07
2.433753230057789e-07
2.423300921039484e-07
2.412915867111565e-07
2.402598652806454e-07
2.392349838231667e-07
2.382169956849367e-07
2.372059519362146e-07
2.362019033141927e-07
2.352048951714814e-07
2.342149744150035e-07
2.332321825671002e-07
2.322565614831795e-07
2.312881490218466e-07
2.303269820425058e-07
2.29373093907359e-07
2.284265183671863e-07
2.2748728495392e-07
2.265554212010912e-07
2.256309536430301e-07
2.24713905871976e-07
2.238042996483003e-07
2.229021535127274e-07
2.220074861725152e-07
2.211203128377193e-07
2.202406467199935e-07
2.193684992546352e-07
2.185038796009842e-07
2.17646795308557e-07
2.167972515398908e-07
2.159552519587216e-07
2.151207971201607e-07
2.142938876903422e-07
2.134745202830857e-07
2.126626905685214e-07
2.118583919408223e-07
2.110616166284274e-07
2.1027235419524e-07
2.094905937055636e-07
2.087163198383202e-07
2.079495177165214e-07
2.071901700761991e-07
2.064382569333389e-07
2.056937584704599e-07
2.049566513173673e-07
2.042269116042661e-07
2.035045127413149e-07
2.027894273060049e-07
2.020816261549818e-07
2.013810783685344e-07
2.006877508065052e-07
2.000016094960699e-07
1.993226197427589e-07
1.986507433549001e-07
1.979859421963326e-07
1.973281751332934e-07
1.966774020867312e-07
1.960335789807921e-07
1.953966615730884e-07
1.947666045665208e-07
1.941433600549658e-07
1.93526880576389e-07
1.929171160042209e-07
1.923140156012693e-07
1.917175265764293e-07
1.911275962496184e-07
1.905441697758192e-07
1.899671912553025e-07
1.893966039556716e-07
1.888323500898181e-07
1.882743706493883e-07
1.87722606070917e-07
1.871769942374257e-07
1.86637473975626e-07
1.861039818917831e-07
1.855764545366512e-07
1.850548262405383e-07
1.845390322774421e-07
1.840290055898919e-07
1.835246793424616e-07
1.830259855895022e-07
1.825328551641192e-07
1.820452184553289e-07
1.815630051305028e-07
1.810861438023004e-07
1.80614564138093e-07
1.801481930852056e-07
1.796869585901639e-07
1.792307869896703e-07
1.787796040653156e-07
1.783333358207351e-07
1.77891907815475e-07
1.774552441102806e-07
1.770232693765195e-07
1.765959076194257e-07
1.761730821780993e-07
1.75754716891241e-07
1.753407342652835e-07
1.749310570842155e-07
1.745256082985591e-07
1.74124309249013e-07
1.737270825530324e-07
1.73333849218249e-07
1.72944531806607e-07
1.725590516032938e-07
1.721773296714524e-07
1.717992884620045e-07
1.714248487605374e-07
1.710539318522386e-07
1.706864594663848e-07
1.703223523330522e-07
1.699615325700954e-07
1.696039212406575e-07
1.692494400185041e-07
1.68898010688423e-07
1.685495552017358e-07
1.682039960648751e-07
1.678612551181402e-07
1.675212551455196e-07
1.671839184869128e-07
1.668491680928419e-07
1.665169275799627e-07
1.661871210645316e-07
1.658596716080929e-07
1.655345042705925e-07
1.652115428352197e-07
1.648907131945876e-07
1.645719400755752e-07
1.642551497038625e-07
1.639402680830848e-07
1.636272232152791e-07
1.63315940826525e-07
1.630063492519263e-07
1.626983775482316e-07
1.623919541060559e-07
1.620870085372594e-07
1.617834701206355e-07
1.614812702999124e-07
1.611803395196176e-07
1.608806099451243e-07
1.605820139083391e-07
1.60284485295481e-07
1.599879564939677e-07
1.596923636659753e-07
1.593976406422115e-07
1.591037248060978e-07
1.58810551487143e-07
1.585180577912126e-07
1.582261833221743e-07
1.579348658520274e-07
1.576440454842398e-07
1.573536624888128e-07
1.570636583569929e-07
1.567739747465602e-07
1.564845550916516e-07
1.561953429929375e-07
1.559062830502889e-07
1.556173205297107e-07
1.553284020849865e-07
1.550394744809225e-07
1.54750486536237e-07
1.544613861259592e-07
1.541721244002758e-07
1.538826508440394e-07
1.53592918161749e-07
1.533028786693258e-07
1.530124852378023e-07
1.527216932917241e-07
1.524304580891034e-07
1.521387358316417e-07
1.518464835537081e-07
1.515536603990952e-07
1.512602245679062e-07
1.509661368137571e-07
1.506713581678198e-07
1.503758511045561e-07
1.500795783204723e-07
1.497825041774092e-07
1.494845935368083e-07
1.491858124258449e-07
1.488861287035625e-07
1.485855093408261e-07
1.482839241395695e-07
1.47981343179282e-07
1.476777363729198e-07
1.47373076631041e-07
1.470673370307374e-07
1.467604914817677e-07
1.464525145045137e-07
1.461433827287806e-07
1.458330727288626e-07
1.455215620782546e-07
1.45208829960275e-07
1.448948573345987e-07
1.445796232180108e-07
1.442631111792103e-07
1.439453033436067e-07
1.43626183612966e-07
1.43305736111099e-07
1.429839480149298e-07
1.426608043919586e-07
1.423362941399553e-07
1.420104051574889e-07
1.416831271749963e-07
1.41354450755582e-07
1.410243675170619e-07
1.406928688552078e-07
1.403599494964602e-07
1.400256028349922e-07
1.396898238748001e-07
1.393526095072595e-07
1.390139554025005e-07
1.386738599506998e-07
1.383323213755006e-07
1.379893403430366e-07
1.376449162981963e-07
1.372990510173366e-07
1.369517462768144e-07
1.366030051297429e-07
1.362528310733246e-07
1.359012294921413e-07
1.355482054932189e-07
1.35193765571362e-07
1.348379157772861e-07
1.344806647152197e-07
1.341220208783689e-07
1.337619942587409e-07
1.334005935715865e-07
1.330378308073144e-07
1.326737177342885e-07
1.323082658433172e-07
1.319414884570769e-07
1.315733996753998e-07
1.312040133760739e-07
1.308333449911991e-07
1.304614107855429e-07
1.300882264687608e-07
1.297138093603323e-07
1.293381774458702e-07
1.289613490440544e-07
1.285833430286765e-07
1.282041789396615e-07
1.278238767055129e-07
1.274424577535349e-07
1.270599423452978e-07
1.266763529073067e-07
1.262917123656671e-07
1.259060427027947e-07
1.255193681215516e-07
1.25131711437021e-07
1.247430981288211e-07
1.243535526218587e-07
1.239631002847297e-07
1.23571767096653e-07
1.231795787037804e-07
1.22786561917998e-07
1.223927439397698e-07
1.219981525246716e-07
1.216028152617454e-07
1.212067600175892e-07
1.208100157690239e-07
1.204126106046921e-07
1.200145748336823e-07
1.196159372662819e-07
1.192167278230016e-07
1.188169772570191e-07
1.18416715155778e-07
1.180159718283669e-07
1.176147786385862e-07
1.172131667837029e-07
1.168111675164951e-07
1.164088129779195e-07
1.160061339211538e-07
1.156031631532883e-07
1.151999320381236e-07
1.147964731051943e-07
1.143928192171018e-07
1.139890016821354e-07
1.135850540290306e-07
1.131810088983443e-07
1.127768993192113e-07
1.123727576546329e-07
1.119686176553891e-07
1.115645114624364e-07
1.111604719938875e-07
1.107565330560334e-07
1.10352727622498e-07
1.099490889999721e-07
1.095456501065684e-07
1.091424430832433e-07
1.087395020138437e-07
1.083368600940382e-07
1.079345493537609e-07
1.075326033772583e-07
1.071310543609982e-07
1.067299357782048e-07
1.063292789371673e-07
1.059291176996879e-07
1.055294838736565e-07
1.051304087673621e-07
1.047319264091406e-07
1.043340664419468e-07
1.039368622279824e-07
1.03540344797981e-07
1.031445452936985e-07
1.027494950234242e-07
1.023552251844251e-07
1.019617663633454e-07
1.015691488692738e-07
1.011774034553881e-07
1.007865593760648e-07
1.003966467183481e-07
1.000076949031481e-07
