1.004518007615608 0.5842078278889541 0.004179200806857484 2.685723129431983 
1.00241139039772 0.5878737046358308 0.004357895605341893 2.680845532000437 
1.008019426632932 0.5763900930523307 0.004110477809878329 2.692939725764675 
1.00304601707436 0.587990073524932 0.00949400195689535 2.683080716385241 
1.01353843583247 0.5667615394586203 0.02659943572579202 2.70658983626972 
0.9838044207082007 0.6264978070506539 0.05528491298928608 2.645700608103358 
1.012467570783459 0.5649110388320332 0.06343759323683223 2.704073728614639 
1.00378511420001 0.5937097665018627 0.05146683905860561 2.690702948724588 
0.9685361328545719 0.6449612064229439 0.08108286413040956 2.610995987419727 
1.002233368261128 0.588670002170816 0.03133214255922257 2.681376605592522 
0.993176255585927 0.6063546509825628 0.02974074700648685 2.662008189779953 
0.9838361274908582 0.6190003356740184 -0.0006839927035595981 2.638714313810258 
0.9974591660921126 0.5977349187477126 0.01339114630037862 2.670388359571952 
0.9816965266860523 0.620073999132615 0.01582101659721685 2.632541657524096 
1.001885605257203 0.5883156933020136 0.01289237053302649 2.679457686119411 
1.004189201692504 0.5871729865457025 0.02550032596009317 2.686808306530861 
1.003965323605873 0.5840626896523498 0.002898388907814782 2.683788014594579 
1.002868771313975 0.5869318254838786 0.007280157252064452 2.681843138887257 
1.002871306017814 0.5866406186679747 0.0009677394793223587 2.681638078871681 
0.9976313123402549 0.5929634586718899 0.09366599494270994 2.673968300532207 
0.9996189574056804 0.5880905501469482 -0.0009811190536423587 2.672708626401409 
0.9991884748097994 0.5862603651961028 -0.0016551272861752 2.671650034513879 
0.9994825991815245 0.5886881514257322 -0.002657168279751968 2.67263504994182 
0.9993232048951534 0.5840543752921253 -0.004441681042524371 2.672131187931828 
0.9970652432445025 0.5921372323568397 -0.008343300792061234 2.666382891790985 
0.999751754950995 0.5820460015475493 -0.006872537373941357 2.672816776337925 
1.001839982297325 0.5685800930731139 -0.01552103585629842 2.676152205037543 
0.9880978746784095 0.6097701350681479 -0.008955976033931019 2.647036153697471 
0.9931570180920645 0.6012184623604597 -0.003915244870728741 2.658274830288776 
0.999030885853978 0.5855972021480675 -0.007568835921555398 2.670689419056234 
0.9972272433901936 0.5916583609886972 -0.01679573765986742 2.66745649749518 
0.9909639184790002 0.5967995539870912 -0.0391146272596237 2.651780968187457 
0.9905765137371514 0.6057556600932564 -0.01226079271464225 2.652932284340525 
0.9684604684885737 0.6239650269715209 -0.05657855763757236 2.597245168691807 
0.9843414010244257 0.5951310303849792 -0.06946778636659236 2.634617118181941 
0.9778608913864232 0.6182811955831654 -0.02397046544249296 2.619952650100788 
0.9889004421334245 0.6068740587477949 -0.01305818256669795 2.648097239378036 
0.9813327975967687 0.6208629482848435 -0.003075432737636044 2.631807093617536 
0.9861207632717833 0.607022578601831 -0.03238515356653265 2.640872346336924 
0.9869921169578005 0.6115189060378301 -0.003910347109727857 2.644289544344691 
0.9630434425978268 0.6430342346630624 -0.01798617910277387 2.588767363802242 
0.9821200556609414 0.6199637285545657 -0.007308626760001157 2.633873146696398 
0.9737798014635367 0.6308947398649496 0.00825027506223471 2.61391342804927 
0.9121154825506068 0.7028452835792087 0.0221266229604346 2.474268861158532 
0.9382017214194871 0.6789331769219735 -0.005164041813605248 2.535895535566079 
0.9700180025311428 0.6340700009448313 -0.04527132135690188 2.60742034850953 
0.9549876534397392 0.6580428593405686 0.01578647751686192 2.572913161387389 
1.001037766155615 0.5607852715094266 -0.04081318397430728 2.671026098050111 
0.9954318471950014 0.5925004612649267 -0.01768231666808302 2.662006753005528 
0.9777096972618801 0.5889879948041469 -0.09494071701527002 2.615018969115182 
0.9869467078581933 0.5995990170645845 -0.03816025738529418 2.640156083732772 
0.9531032463434811 0.642687861444334 -0.08505798713073513 2.56623015240098 
0.9234392892787686 0.6736430137617101 -0.06734439524740099 2.49210089156912 
0.9873972701685311 0.6118203365776945 0.003284280994820679 2.645728901762091 
0.9932591064148197 0.6025958255953716 0.008927741817759021 2.659374869445295 
0.9935646185347666 0.6035575567725661 0.01213481110563654 2.66102968930287 
0.9989573512965708 0.5925822331793711 0.003879577582963942 2.672139116847613 
0.9585989250796487 0.6536143150452352 0.009845785076076795 2.581093903088477 
0.9424465772926968 0.6738256889250848 -0.03066085428577825 2.546497060028901 
0.9343070662279455 0.6753236775155785 -0.0160921635801526 2.521311186514853 
0.909729840033954 0.6903249053553068 -0.04504624818401336 2.460437051875623 
0.9524018412126556 0.6617177412986911 0.06040084317362671 2.569585394620594 
0.9800190929293161 0.6270915003525683 0.01994701929789344 2.631840984724411 
0.9837050557665292 0.6139676669760881 0.097253346403307 2.641837353870574 
0.9744841554811203 0.6312078147012535 0.03641437584700568 2.617277003368898 
0.9928276045372006 0.6041130354400509 0.0465271911517755 2.660385670285012 
0.9610571728485832 0.6563468690835188 0.06227925381653565 2.593663301855168 
0.9110923636934712 0.6989547717196509 0.06407335416094667 2.470314093108551 
0.9529331318006349 0.6731138625994189 0.07176159900884398 2.581164800701921 
0.9464135048188437 0.6573853907467939 0.09439628137134767 2.551201932339083 
0.9950909923808094 0.5998079746100604 0.016074391891228 2.663838008816813 
1.004453298642293 0.5901463835805497 0.07329335457839768 2.69259043562872 
1.003574277229078 0.5851767719637138 0.0004737865411900481 2.683125358451837 
1.003219913361336 0.5861116988873223 0.0002901353783436691 2.682489743338224 
1.016616415900302 0.5645150963756204 0.02820747423221727 2.715751544746777 
0.9954971454925948 0.6021433244867925 0.002515330194345616 2.666446750337529 
1.002672934952347 0.5873185006917996 0.0006027224394468759 2.68137438957302 
0.9997272919603581 0.5883840244366105 -9.375366439568621e-05 2.672756651200757 
0.9995548319659048 0.5870978941974953 -0.0008901235202106418 2.672413367523217 
0.9978088651215222 0.5912135656086993 -0.001623944933644837 2.667880082158868 
0.9937457427124415 0.5992875031691813 -0.002321852297320493 2.659059311127969 
0.9916151371591284 0.6038222293735306 -0.001898609620855332 2.654689549826472 
1.001773406490764 0.5711087840003819 -0.007592593980983481 2.677683340466723 
1.004629789536017 0.559595181757943 -0.03764469925654618 2.682493501868942 
0.9914099612049354 0.6067860122668394 0.001757180671857965 2.655772927532201 
0.9721401550266184 0.6014118059409975 -0.1132197641633533 2.60678258802232 
0.9953723853913425 0.5695138838738549 -0.07940903891934921 2.660371819677182 
0.9118706189287626 0.6786358674340679 -0.06861982005741021 2.460738682213753 
1.004840405781205 0.583081354474295 0.001357584044860297 2.686133998423541 
1.005108173283114 0.5824715377325299 0.003350291652891174 2.686683559535636 
1.00564593397257 0.5825058359302552 0.004342076080902655 2.688504196012523 
1.001268291378488 0.5903772169457835 0.005995547621780751 2.678535137285803 
1.001267574671401 0.5890620287863327 0.003725164435600171 2.677734425081258 
1.000343008342259 0.5916571755194225 0.00238244311382232 2.676190272307509 
1.008732299719975 0.5761153032499323 0.01129623497633201 2.695254496255247 
1.007961751202233 0.5773184401730669 0.005851499277190236 2.693291165890806 
1.007345397173535 0.5790756606324624 0.006887933484629261 2.692237777682485 
1.005807873327409 0.582176507216226 0.007688240617917939 2.688882276594424 
1.005229325654156 0.5818939041036563 0.009746968404451703 2.686809696434204 
1.005992443597208 0.5825172577639377 0.01203577957518674 2.689752831043557 
1.010746298003491 0.5729899342783118 0.0176398624509314 2.700381016482334 
1.012688913837092 0.5677369224975896 0.01588361946212568 2.70393908670213 
1.014241965563164 0.5644612548480491 0.01277236599073748 2.707283888371758 
0.994495494789193 0.6077155680408728 0.05467980108644682 2.668705771443149 
0.9900128235388177 0.6147950829789174 0.06488624212131015 2.6590862572097 
0.9892231803915342 0.6171111478139091 0.07393373061943632 2.659152877577965 
1.014319415393192 0.5648159727401235 0.04450945219601171 2.708920731616491 
1.016637226264474 0.5649129348574942 0.05830185768658799 2.717782844854138 
1.022805390123616 0.5418558900944047 0.06102913015479602 2.726454281813513 
1.011979595804194 0.5775493296402472 0.0433274437727028 2.708165304560918 
1.008746440390089 0.5791828691635031 0.05318911428765664 2.698831195677911 
1.009703161951322 0.5834680708118963 0.05902135072931923 2.705035687998105 
0.9766591535705388 0.6334591193225717 0.05918419310711989 2.627183900120941 
0.9737311785200847 0.6372791977354239 0.07267301462598967 2.62184251430631 
0.9822391077632331 0.6268572071211717 0.08399489742037454 2.643539634270304 
1.008015423965831 0.5774516418421659 0.03789726424050538 2.694551386384088 
1.003305847963986 0.5866955973443337 0.03557507607015731 2.684067622766329 
1.000860579372986 0.58858756466569 0.04329669473784527 2.6774135243882 
0.9991420007651118 0.5951681442867587 0.02853984134051667 2.674883529228704 
0.9965483180523756 0.5984608783542196 0.03449546108028385 2.668485542379654 
0.9966102994594498 0.5982957797251943 0.03840821909591196 2.668914797790771 
0.9860215775970188 0.6147632968432959 0.005475587431262258 2.643114492252939 
0.9837477841316591 0.6177836948351605 0.004899660063418774 2.637633034791263 
0.9805166072012719 0.622637021868362 0.007459877076524293 2.630298151903935 
1.000511274215976 0.5915571509963496 0.01159867953771784 2.676785167845988 
0.9992161457405145 0.5930581286897953 0.01594350303460386 2.673448850681907 
0.9995263325052678 0.5930765914376289 0.01880119363476924 2.674591498034302 
0.9868176384698395 0.6131733891126712 0.01041576459162215 2.644749026902486 
0.9843486373796448 0.617103261260466 0.01479313245474901 2.6393173143835 
0.9866119249026386 0.6135427419557842 0.02093289572521513 2.64458509712932 
1.005015669510833 0.5824916657405306 0.01761824005642635 2.686596992112027 
1.002898418033968 0.5873126541758911 0.01635056835595894 2.682324097585425 
1.001655293766257 0.5875062892851988 0.02137651709333518 2.678422001443664 
1.008003452298194 0.5789899360497225 0.01914178487343207 2.694620285152766 
1.007627525680857 0.5789823837784061 0.02639317706885121 2.693576086040798 
1.00912693464229 0.5762192183937687 0.02766777585569504 2.69711015028664 
1.003768458340414 0.5847835704928607 0.00130018529299104 2.683545117319779 
1.004037741775791 0.584677419068191 0.001532268074933791 2.684382019846006 
1.004381787264353 0.5833206895553117 0.001158820809088048 2.684741842657505 
1.003631678716075 0.5849050005894555 0.00493093966276281 2.683178033523307 
1.003903217037912 0.5856845843057908 0.007107152436890187 2.684557254506033 
1.005016138225223 0.5821698229146792 0.006520828203785841 2.686224143176463 
1.003353869760804 0.5855839769194727 0.001281044466744076 2.682629194489811 
1.00309265744447 0.5857930380591244 0.001313079320224169 2.681880450737174 
1.003084091281361 0.5864213614580845 0.002832313893506626 2.682224937716094 
1.00837122302874 0.5741101850187704 0.07882049873760844 2.696911852058638 
1.007234478935419 0.5826228696507976 0.0983378092951426 2.700228638435016 
1.014030218417505 0.5623227061307754 0.1022474955948965 2.711997348226589 
0.9998092281949318 0.588660486829366 -0.0003492895252699626 2.673217083795317 
0.9996306045522332 0.5887596405622014 -0.0007041767799279013 2.672681215766072 
0.9996138631664168 0.5894166352749611 -0.000392167459171413 2.672843653161206 
0.9982914029988783 0.5827257548361139 -0.001571687303869146 2.669896824895448 
0.999310236242386 0.5861248430793464 -0.0009197983257092051 2.671976605876847 
0.9994063495268055 0.5870744953034592 -0.0009881743954908617 2.672057129295326 
0.9983225620086964 0.5921706875742795 -0.002482404500989779 2.670152446153929 
0.9988073301608444 0.5889486200657778 -0.003476369420688653 2.670543402902073 
0.9994181584648726 0.5891152316087241 -0.004792271265136427 2.67281846810016 
0.9982708397628809 0.5780849456310071 -0.002266759565734957 2.669791150955521 
0.9992967648033696 0.584179253529168 -0.002520947142921117 2.672115931499904 
0.999055984610531 0.5852496515674753 -0.002709931074897896 2.671385449416173 
0.9989278179674669 0.5890775967379018 -0.006653255821613223 2.671170001372241 
0.9982419150082774 0.5912839214666221 -0.005822118533116208 2.669776918704849 
0.9975096158809236 0.5925428690351244 -0.003117140535547172 2.667674434975328 
1.001164408725242 0.577062657346434 -0.009347115620005043 2.676510568066293 
1.00054001059823 0.5773310261247763 -0.006104082744575549 2.674573974200118 
1.000116552791674 0.5720173735814486 -0.005410578260647373 2.67392383343832 
1.002690003316633 0.5634417857548858 -0.02512915970939631 2.677006924756346 
1.004206893980565 0.5656546690150702 -0.01622567351331479 2.683276691284147 
1.004374792911097 0.5512106580431259 -0.01448175066117623 2.680892198803533 
0.9847268279928374 0.6157694018140689 -0.006447961759535445 2.639698086925774 
0.9852557851796191 0.6139917237191428 -0.01073289541021268 2.640392306521395 
0.9844025821874396 0.6150874754931768 -0.01392219610584751 2.638632342386938 
0.9916676638830249 0.6035159224207833 -0.008647553184223535 2.654915325527321 
0.993500461142465 0.6019060414886134 -0.006982605523486334 2.659991122691968 
0.9945554957564848 0.5981838704102919 -0.01087455756531503 2.661423110226727 
0.9971205063008635 0.5904936806175345 -0.01174087664202808 2.666372517690612 
0.9990926798897127 0.5864525819049817 -0.01123945023544995 2.671412218336913 
0.9999777619215271 0.5809115320463869 -0.01120252868331219 2.672336678491 
1.001366278168446 0.5819500904707915 -0.02591096928188914 2.677921984211336 
0.9992628024608401 0.5813542740406118 -0.02068544524692745 2.670290139746564 
1.001419569961123 0.581393356157859 -0.01694279239741134 2.677470467825959 
0.9930116486010626 0.5869025672039949 -0.05376123345349842 2.655873189387896 
0.9924332811316026 0.5819788194587711 -0.04493438613486454 2.650397612651889 
0.9976539603378749 0.5807116178691255 -0.03839357664088148 2.666813171993681 
0.9915240168480718 0.6025843730019347 -0.02155840806724087 2.655002442326759 
0.9911884268732821 0.6001673483356043 -0.01713369136556209 2.651913649449003 
0.9941130535531607 0.5979463552367524 -0.01433178983353487 2.66021894256655 
0.9542600552441316 0.635482580971522 -0.06677355582125366 2.56101153098448 
0.9649573097543678 0.6299124431382397 -0.06626259922829685 2.591872412546521 
0.9646446681623985 0.613660583613202 -0.08069473021592209 2.582980968912911 
0.9752623224490534 0.6195365521367545 -0.06213072628609154 2.616949664311114 
0.9753725076281397 0.5996917701526172 -0.07307043048253496 2.608104790634389 
0.9740481827133705 0.6083068375157611 -0.08271334417916594 2.61048027300706 
0.9697793710326542 0.6286300675296922 -0.02016497713910246 2.600546992458799 
0.974105876815247 0.626381982399658 -0.02686534123614155 2.613387269394429 
0.9721902739600502 0.6212552054303848 -0.03600670373613937 2.604973955473153 
0.9856856797447239 0.6109498406856922 -0.02025473703784524 2.640567817235785 
0.9884029125414585 0.6090358178676155 -0.01914865196456883 2.648314718207799 
0.9890669326787512 0.6047235078292207 -0.02558833181398506 2.648264654282435 
0.9762487898463891 0.6266736396846132 0.0058725042275093 2.619033385879888 
0.9760656522469431 0.6268805075819774 -0.001047720838425805 2.618628785440385 
0.9729854302593697 0.6288937175330417 -0.004886482613548576 2.61017500976754 
0.9815242130535697 0.6163160687206768 -0.02683070263311871 2.630791637929077 
0.9810382109213178 0.6098944948154469 -0.0334181395367513 2.625971638238367 
0.9785675826116446 0.6178358077075865 -0.03869940716816071 2.62374269211867 
0.9894067950949493 0.6086692628353135 -0.005987138641516937 2.650480896399986 
0.9889279025961254 0.609460967497319 -0.003437187654576727 2.649366761169603 
0.9893636544735477 0.608643093524905 -0.001306115951451013 2.650189042381049 
0.9506927941382926 0.6572462343870872 -0.01927255806397966 2.55985417858399 
0.9571504243927451 0.6554604002543074 -0.02481372349163589 2.579464890239798 
0.9526347768794732 0.651883935244981 -0.0408217634783857 2.56386430453722 
0.9746916504045474 0.6271556712611041 -0.01219022894482082 2.614777980241807 
0.9798672595170593 0.6216987504128744 -0.01199894641710363 2.627998271956117 
0.9811151750619507 0.6204869014285096 -0.01678360016943308 2.631428588308404 
0.9650017075105639 0.6411650948761513 0.01076491310958499 2.592885424182611 
0.9697433554500222 0.6378792407766681 0.006790002210043312 2.605777134191858 
0.9685223328734107 0.638583547940494 -0.006439879407140293 2.602471044939947 
0.930679633545437 0.6861609328754128 0.0346575063237651 2.518210295372636 
0.9239249848559796 0.7046057761293791 0.04037582865442157 2.512560987094865 
0.9206466359508133 0.6969755061420225 0.05602741885846522 2.497209731916388 
0.93317015360948 0.6862609916148551 0.02266270135815275 2.525677511415026 
0.9260628395872046 0.6840365632471508 0.006723297672586034 2.501830637547742 
0.9193063725409081 0.7004291880774769 0.009043778913260289 2.494083170138067 
0.9666762625133223 0.6426491509236625 -0.02591615580138713 2.600496548510725 
0.9630945389502019 0.6370311408488154 -0.04108606297526881 2.586741345237121 
0.9593127753626974 0.6499425217349307 -0.04866712348759392 2.584394811666297 
0.9420991276647062 0.6694496826194025 0.02146021712599714 2.541064732026041 
0.9489870769703667 0.6674718622606365 0.01421313392674236 2.561033821535438 
0.9459103608610657 0.6679628084988867 -0.002481789908002823 2.551809026637007 
0.9967338334390321 0.5629207461119763 -0.06039349471836949 2.659336083167651 
1.003006565984009 0.5626533318116891 -0.05298387786781085 2.679834852774363 
1.006918878023947 0.5277379119432525 -0.0596685297238293 2.679293724765003 
0.9936906558919576 0.5933316435130765 -0.02858178772646567 2.657612900826499 
0.9972963070753909 0.591989140439091 -0.02459403461273921 2.668696005842822 
0.9984653218091657 0.5819971883017483 -0.03065124322510747 2.668368327519155 
0.9903000190005908 0.547118946345866 -0.1071393382102254 2.637809135617467 
0.9876620408469896 0.5835077439609594 -0.0927757427937537 2.644469000873646 
0.9887842056021815 0.5761992061912161 -0.0771652646530897 2.641848528417188 
0.9788263629326492 0.6082567623511558 -0.04877230072178946 2.62005977731561 
0.9859064168378695 0.6045726422714083 -0.04661646256104662 2.640966502018049 
0.9864192455925783 0.5899662045009645 -0.05699884923511057 2.636014734168661 
0.9532009073060124 0.609958430161691 -0.1177175461593693 2.553313785621675 
0.9578192948871576 0.6231495452567006 -0.1051156504232135 2.572103883255137 
0.9641805686165776 0.6166932498794556 -0.09832624958221009 2.588088607631944 
0.9171309126181311 0.660028476700357 -0.1027210626999533 2.469190271905904 
0.9292519555056659 0.6690376615132578 -0.07862080237140448 2.508261497956884 
0.9419873277272462 0.6587474012627028 -0.07295461368804682 2.53986518214899 
0.9863381057074552 0.6126310254605903 -0.0002862115604730121 2.642797621064273 
0.9871189141345874 0.6121403904670556 0.000840455301452433 2.645014928914268 
0.9890632085746072 0.6091142736877778 0.0001704851015392511 2.649484286231624 
0.9899652778078137 0.6072967624202589 0.007332577507294095 2.65137812130357 
0.9915448155442851 0.6053721217869451 0.005850426943196716 2.655393945777301 
0.9921269391839925 0.6048585771367418 0.00307735523463628 2.656958897933929 
0.9902171884296171 0.6088418025995536 0.01813877804653814 2.65344688976937 
0.9912318961886619 0.6066058820395439 0.01466634450472531 2.655239369538747 
0.9895020162905169 0.610758777669244 0.01017631071794885 2.652068145363028 
0.9994835684209009 0.5916643307887656 0.009142933587052168 2.673393944204616 
0.9985108742650989 0.5945769800090012 0.007077680540489844 2.671885681494624 
0.9969027574050323 0.5957284208869928 0.00989730196300013 2.667267932298515 
0.9516866195908706 0.6606663981965383 -0.006420484775436379 2.564607673426108 
0.9555634351146315 0.6519588131279614 -0.005287306335586251 2.570430081808921 
0.9630905053474645 0.6449665390715034 -0.01021383672332977 2.589590004022574 
0.9315479399519029 0.685205114954895 -0.04920993942485982 2.523039145042924 
0.9367350812958897 0.670582865431001 -0.04480845584153059 2.527734109146192 
0.9446460575590576 0.6685225326346392 -0.05549589633115937 2.551979330338118 
0.9116040838936749 0.6965044473422252 -0.005977721513831085 2.467539953915717 
0.9242877861563342 0.6936257022133016 -0.01654283778650866 2.504801364707739 
0.9184281428756923 0.688321724117952 -0.03219860629150948 2.483400256973447 
0.9015084366445409 0.7038100919658316 -0.012935256311876 2.443912315363188 
0.8959750415960419 0.6972915136283268 -0.0397405129357349 2.423580043713267 
0.8833558780247102 0.713866335660873 -0.0500652392667942 2.401076629056785 
0.9431513359174355 0.6699742074490272 0.03901945287538385 2.54497875294157 
0.9478429747520734 0.6684661397878807 0.0418830468332652 2.558930691409687 
0.9549394471329705 0.658788973480812 0.02922235153416933 2.573388208688004 
0.9865199528305991 0.6155915557097854 0.02603239611561619 2.645789135040971 
0.9827560931282135 0.6210319902553485 0.02900257239771546 2.637043468120457 
0.9803734792247346 0.6242003807269944 0.03438285854163188 2.631797767401023 
0.9832887455777525 0.6142941408054172 0.1248977430796422 2.644674229603584 
0.9792069915384645 0.6259082248080752 0.1134505740598271 2.637033549406363 
0.9662963970648374 0.6412539159107067 0.09726180128740348 2.603765074342201 
0.9672969810181107 0.6399272394645736 0.02549777056428218 2.59952523567096 
0.9707631857471474 0.6362422351038857 0.025076990909168 2.608244238614486 
0.9751859592766224 0.6300704522892346 0.01820418701047604 2.617987345761432 
0.9844056995185935 0.6162813826976473 0.04556875032277156 2.640263416580074 
0.9880907685712679 0.6115880602750472 0.04003999730867472 2.649140286142912 
0.9892973707590916 0.6103308341372816 0.03317965065635047 2.651796191604764 
0.9622017509968666 0.6568144600244086 0.03438730852743025 2.59550315119268 
0.9666403213839393 0.6484854504122211 0.04989231319454764 2.60452615950358 
0.9721106829610049 0.6411050230238642 0.04608150101858145 2.616919421446402 
0.8953255968049403 0.7225087507627401 0.07475033577264738 2.442706857602811 
0.9030651653857515 0.7017220663135336 0.05949896194339406 2.447504641911457 
0.8996914227361033 0.7119818542694908 0.02827734788718557 2.444527104237327 
0.9366254098982533 0.6938712745454815 0.0694168444727203 2.545644089953293 
0.9407912942369266 0.6761061776474847 0.06055024435026947 2.544002447422018 
0.9415771833524538 0.6853352833795437 0.0469790745785823 2.552349023340429 
0.9409549027127876 0.6678216011495328 0.1210395811928353 2.545082231077341 
0.9392693641416352 0.6730478995080771 0.1072334632307371 2.541732165084419 
0.9280493333701435 0.6786772741344946 0.09531862385508499 2.509496763474784 
0.9972893115125546 0.5957200137558986 0.02426615678581764 2.668899037890006 
0.9947322572709377 0.6007494333387264 0.02070837874363715 2.663387654918133 
0.9923868722287529 0.6030681648002558 0.02455120016410861 2.657146499175338 
0.9953420821835296 0.6041023328639848 0.08465183548364197 2.671940805061457 
0.9991526613643609 0.5981079675331856 0.06941744403657527 2.679483498671352 
0.9984063743006537 0.5995693355384782 0.06127236969302569 2.677009093165299 
1.003503956848829 0.5853099487129968 0.0001379486219112859 2.682968236618316 
1.00357546716 0.5851748761243974 0.0001610834097652826 2.68312795654375 
1.003647251602746 0.5850489547503616 0.0001375228667672362 2.683293940310847 
1.0037884037482 0.5850970979681858 0.0006442861655802297 2.683793181437595 
1.003871627971365 0.5845795075807116 0.0005412715300820635 2.683769283468364 
1.003428066218613 0.5854766306152039 0.0001077453466614617 2.682812445608828 
1.0032895752569 0.5857023891280141 0.0004765135675813598 2.682482697419162 
1.003360921159563 0.5852920443874101 0.0005911683066862351 2.682481165547757 
1.006020057327712 0.5803732814051749 0.003284522168378162 2.688524933490415 
1.005850655044382 0.5808093940280602 0.002432965929254095 2.688200977814666 
1.019455878417445 0.5546194773278328 0.02359344190891055 2.719818749344218 
1.014757918802275 0.5682642425320935 0.07952753433562142 2.715073714457693 
1.022372921031839 0.5479533219475755 0.08111396485244307 2.729925795045704 
0.9988479449143577 0.5954875063152967 0.002018771044671767 2.673516240448629 
0.9961477755259746 0.5984270510540388 0.004386467161904613 2.666340065610886 
0.99584586821244 0.5994370371802965 0.006413664908444245 2.665988522793556 
1.002497206477459 0.5869193605480111 0.002827227931207917 2.680560665295091 
1.002111622820645 0.5885377177154448 0.00214349996000815 2.680225660604894 
1.001584920066781 0.5901030644865138 0.001367669854836364 2.679395877398778 
1.010217629963263 0.5717026952550783 0.007717962263160954 2.697692817985027 
1.009673009432147 0.5739553269955066 0.0102522416068404 2.697172560083457 
1.023796614744689 0.5421178074380678 0.0365500643632567 2.728425243806138 
1.017517484908417 0.5663214110350016 0.03830405313024986 2.720241069692207 
0.9998118433816487 0.588454338572744 -1.783339526323008e-05 2.67296098252141 
0.9997621325105155 0.5886780880800005 -7.176647705292171e-05 2.672927139087407 
0.9994875559851849 0.5889306094509342 -3.475115094009924e-05 2.672137262560315 
0.9984509247404438 0.5832220951631032 -0.001654170569205436 2.670149795165491 
0.9996193748315303 0.587075850183448 -0.0007386498937142406 2.672615590729665 
0.9995561042399804 0.5872424656168816 -0.0006535297806458625 2.672355432703516 
0.9991869563505862 0.5883304950030176 -0.001753971880796189 2.671412757950256 
0.9990758631411872 0.5904360484647423 -0.001382711941010742 2.671655896306111 
0.9988867572138894 0.5898303070302598 -0.0009516952811291934 2.670669996771205 
0.9977233080063698 0.5794858346037276 -0.001020083978045714 2.668488500939508 
0.9989411865231175 0.5852228878246418 -0.001518997460413447 2.671258684473742 
0.9986187073344595 0.5749791517783102 -0.002538712157626217 2.670334998537911 
0.9995535570224726 0.5824292661607624 -0.00394157549173126 2.67261686398066 
0.9959089239529124 0.5956901996461478 -0.006192750064670661 2.664383903823852 
0.9953077981608872 0.5969962476450361 -0.003469405304623099 2.662878923139558 
0.996299831353241 0.594970921465284 -0.002120283369631818 2.664959070278354 
0.9900206995848715 0.6074999947247126 -0.0009732300116787939 2.651654548734034 
0.9908755318086996 0.6058276163895324 -0.002850034126060521 2.653465906420964 
0.9908221488839438 0.6067729725883778 -0.004468513842961886 2.653978053396719 
1.000992455958368 0.5607220329170809 -0.005239231829888041 2.674371966258683 
1.006412921740045 0.5421634593133019 -0.02329774778511965 2.683798854054043 
1.004241802421091 0.5619644250281743 -0.02754376691559662 2.682470209303765 
1.010253229014831 0.5279452976853606 -0.04214645531844301 2.689901301752256 
0.9889177885904313 0.6098253431623929 0.003127777676841152 2.649478893156055 
0.9898973015681154 0.6078981968159352 0.001473286198336409 2.651467790279442 
0.9896657116922853 0.6087429095366104 0.0008189463874774289 2.65122424588981 
0.971724510356287 0.5718041801624202 -0.1216684275409429 2.592398109654187 
0.8918434487486723 0.7037039823398498 -0.00328130903705651 2.41446541286083 
0.8789520136716458 0.7301571832750042 -0.01155597118575934 2.398944346710093 
0.9999938840213431 0.5338485799400841 -0.08616215306575495 2.661503543140382 
0.9372483889549662 0.6344472736530119 -0.1116344504603739 2.516669825246028 
0.9469040563193166 0.6479824687653446 -0.08959613078261675 2.550227703573923 
0.9151739312433596 0.6998219348182736 0.1084115197848508 2.487735083603888 
0.919170586881584 0.6854387285839232 0.09448684775963494 2.486869624283122 
0.8999603206416741 0.6907371572727852 -0.08452654983426393 2.437400452316786 
0.8754070763857443 0.7364217112082826 0.03544835427162364 2.39307805904244 
0.8901654295608415 0.711081567363915 0.01892434711196169 2.414645897332432 
0.9942991402671303 0.6017318006726669 0.1085525388553846 2.670169597850429 
1.001260446456934 0.5854547428656706 0.1158419208036996 2.684575093927423 
0.9635831471036606 0.6427003160418649 0.120089458198008 2.599174302289879 
0.9592217411708751 0.6506331915742579 0.1044072161397307 2.588407715123048 
1.003975862059127 0.584060732540297 0.0002885432475705497 2.683815459662689 
1.005705333272715 0.5781691597597201 0.001547695177713888 2.686206082093363 
1.027811835277908 0.5562571278573263 0.09400261253988652 2.75440805362416 
1.007866205088467 0.5738183308178735 0.003258015071196284 2.69097204007543 
1.026739196979781 0.5462049640446264 0.0269388839725748 2.740177310542434 
0.9981870327575492 0.578716553364883 -0.001077859739047098 2.66987705490443 
1.00001176323666 0.5736291367272285 -0.002977348838043794 2.674497005175032 
1.013279696901809 0.5390328171250672 -0.028638039987165 2.705835329971028 
0.8589679465142235 0.717936322075615 -0.03110998328167665 2.331016218809114 
0.9193616382747856 0.6447421656888306 -0.1088386353434055 2.46662544370247 
0.9419152541414932 0.681302049640037 0.1285688128333794 2.559548039789709 
0.8868545252067604 0.7281986643692594 0.06783834150997825 2.421383046323291 
1.005302063236212 0.5988504213123919 0.1281400161231679 2.708286280732791 
0.9851398339381989 0.6278900654121176 0.130585835300633 2.660813920919175 
1.003726690885106 0.5848680837740656 9.388736583390289e-05 2.683453528327099 
1.004658738101549 0.5817320709840412 0.0007963903232059619 2.684748398564845 
1.014768340956827 0.5584592826299719 0.01206511609713308 2.705805045827379 
1.019399728424979 0.5479433187826074 0.0221049715400377 2.7160853705522 
1.032186365621927 0.5449056401554011 0.07250175430688746 2.760950742726373 
1.010007912957409 0.5673551742872969 0.00630561293543662 2.69457241413499 
1.030317473496493 0.5452541314040378 0.04648154634401837 2.752834497897536 
0.9975600079388623 0.5798398835478794 -0.0004781956279535659 2.668149331761076 
0.9984562323137063 0.5758025741255093 -0.001397818152839224 2.670266666015788 
1.005152851462541 0.5564440719871814 -0.005916910633410614 2.686423164437679 
0.999881236372724 0.5637367109076754 -0.002202213442796154 2.672344832486997 
1.009242555704267 0.546207521841489 -0.015853555528846 2.695550619182757 
1.013938735981643 0.5271474921818536 -0.05485907310022747 2.702580725434146 
1.014603281183814 0.530231539609522 -0.03850874279624081 2.705791457494014 
0.9558523093710344 0.5888325698960349 -0.1307450589241253 2.551243722902563 
0.9825209283968416 0.5580753271569515 -0.1243832697428702 2.62072960760046 
0.8549313902951913 0.7266693766489191 0.01199935962815154 2.324640117780989 
1.000168462882947 0.5409317489905801 -0.1045306980940291 2.667300179856925 
1.009151864910712 0.5316518780683283 -0.08135760493659812 2.690951953164618 
0.9370498364553103 0.6203579142149975 -0.1180310230998622 2.507931518762531 
0.9102987708952539 0.7073281835683261 0.1072349097617368 2.478590450685915 
0.8720296136545919 0.6970263912766298 -0.06610571027047769 2.355826217449133 
0.892496447695277 0.672994283656336 -0.09970748650727669 2.403705495174471 
0.8673789863741095 0.7383074691472911 0.0287089025921431 2.370642901875553 
1.018945880150055 0.5736222076880483 0.114196818296822 2.736771467910627 
0.9660627708146701 0.6556707008699934 0.1256175830456922 2.617366244241394 
