1 0.5000000000000001 0 2.675 
1 0.5 -4.751233500692885e-18 2.675 
1.000004666920489 0.4999985094980632 3.844914172563558e-06 2.675015332438822 
1 0.5 -6.773378088517579e-18 2.675 
1.00000591308716 0.5000017074844648 4.480352094128662e-06 2.675021224899512 
1 0.4999999999999999 -7.714781060656751e-18 2.675 
1.000090358597488 0.5000884045907849 6.996271015312389e-05 2.675355602669211 
1 0.5 -5.353681186447666e-17 2.675 
1 0.5 3.918762324820032e-17 2.675 
1 0.5 1.964123580310794e-17 2.675 
1 0.4999999999999999 0 2.675 
1 0.5 0 2.675 
1 0.4999999999999999 -2.196374492973903e-17 2.675 
1 0.4999999999999999 -1.127388444656534e-17 2.675 
1 0.5 -4.273326365734957e-17 2.675 
1 0.5 1.022767233513123e-17 2.675 
1 0.5 -5.041453759303637e-17 2.675 
1 0.5 -3.295417517558246e-17 2.675 
1 0.4999999999999999 4.441754747324617e-17 2.675 
1.000088844312674 0.5000644026026838 7.02860110852249e-05 2.675338413758018 
1 0.5 -2.488547476703858e-17 2.675 
0.9999974400324377 0.5000017413119245 4.791971009096374e-07 2.674992051763114 
1 0.5 2.39595006807145e-17 2.675 
1 0.5 3.496537955288882e-17 2.675 
1 0.5 0 2.675 
0.9999999947657734 0.4999999950794691 -6.455774732273999e-09 2.674999979507826 
0.9999969365045144 0.499996831615756 -2.83336735166945e-06 2.67498786225188 
1 0.5 0 2.675 
1 0.4999999999999999 -2.217035127298023e-17 2.675 
1 0.5 2.553174465049016e-17 2.675 
1 0.5 3.825049115916541e-17 2.675 
1 0.5 2.753314660352185e-18 2.675 
1 0.4999999999999999 -1.222117160012569e-17 2.675 
1 0.4999999999999999 0 2.675 
1 0.5 -3.406036448163851e-17 2.675 
1 0.5 -6.628162137996897e-18 2.675 
1 0.5 -2.050374698777006e-17 2.675 
1 0.5 7.323304811495836e-18 2.675 
1 0.5 0 2.675 
1 0.5 -6.221640043645855e-18 2.675 
1 0.5 2.817439519529305e-17 2.675 
1 0.5 5.007521240676943e-17 2.675 
1 0.5 4.123301251405502e-17 2.675 
1 0.4999999999999999 0 2.675 
1 0.5 -1.241818805772916e-17 2.675 
1 0.4999999999999999 0 2.675 
1 0.4999999999999999 -2.408049861449948e-17 2.675 
0.9999655824137755 0.4999642890618692 -2.860037925447636e-05 2.674863604875545 
1 0.5 0 2.675 
0.9998257808889652 0.4998181427821311 -0.0001243331951487829 2.674309386156986 
1 0.5 2.990911537834411e-17 2.675 
0.999926365870732 0.4999277615675261 -4.757699423847407e-05 2.674710311958874 
0.9999187374964826 0.4999242362942661 -5.594241255790083e-05 2.674682292524387 
1 0.5 0 2.675 
1 0.5 -1.94264960066816e-17 2.675 
1 0.5000000000000001 2.849083376960025e-17 2.675 
1 0.5 -1.404660986078359e-17 2.675 
1 0.5 0 2.675 
1 0.4999999999999999 -4.86054860875429e-17 2.675 
1 0.5000000000000001 3.785704421145248e-17 2.675 
0.9999366643172656 0.4999584409139514 -4.973405004186792e-05 2.674761088895491 
1 0.4999999999999999 0 2.675 
1 0.5 -6.21571808956048e-18 2.675 
1.000075978448531 0.5000341988683273 5.780192177209811e-05 2.675278966552539 
1 0.5 7.392933511836376e-18 2.675 
1 0.4999999999999999 -3.76351899058606e-17 2.675 
1 0.5 0 2.675 
1.000079383501537 0.500042187906663 6.930760873473561e-05 2.675294695166703 
1 0.5 0 2.675 
1.00005184170328 0.5000280091087796 4.339638164738108e-05 2.67519267477073 
1 0.5 0 2.675 
1 0.5 0 2.675 
1.00083705510529 0.5013840708158509 4.32865637834893e-07 2.678405575530254 
1.000040945821882 0.5000634539602428 2.433164165431983e-05 2.675170628629358 
1.000090991994854 0.5000337608318288 0.0001044090649715437 2.675330454438114 
1 0.5 3.202050342008646e-17 2.675 
1 0.5000000000000001 -7.705582666824269e-18 2.675 
0.9999927267740905 0.4999997873624862 3.048997239186627e-07 2.674974838353684 
0.9998395291969741 0.5001121357673914 4.786941558475113e-08 2.674503615646749 
1 0.4999999999999999 0 2.675 
1 0.5 -9.107287594254075e-18 2.675 
1 0.5 -1.23784516949816e-17 2.675 
0.9999897843248591 0.4999950514925954 -1.265731341438105e-05 2.674962333891075 
0.9998315144422341 0.4999003136192594 -0.0002081160972409138 2.674370242111969 
1 0.5 5.947301656501615e-17 2.675 
0.9985662524567901 0.49885620024466 -0.001722551835913896 2.669514677568809 
0.9994199845241427 0.4995901955125645 -0.0007170890872200326 2.672802328194704 
0.999280452272173 0.4995106303926821 -0.0008857021997301527 2.67228391829928 
1.000000000575082 0.4999999999306715 5.872920659984057e-10 2.675000001946495 
1 0.5000000000000001 1.461565536432072e-17 2.675 
1.000000002189058 0.4999999997361046 2.235536568076509e-09 2.675000007409357 
1 0.5 -4.751247137591288e-18 2.675 
1 0.4999999999999999 0 2.675 
1 0.5 2.375624950184886e-17 2.675 
1.000000336158535 0.4999999350169521 2.792417755066548e-07 2.67500112557673 
1.000000532269218 0.5000002480823942 6.601095574719942e-07 2.675001957712845 
1.000000034380899 0.4999999918223568 2.866225170914311e-08 2.675000114353397 
1 0.5 0 2.675 
1 0.5 0 2.675 
1 0.5 -1.185341165490577e-17 2.675 
1.00000129413714 0.5000001729665476 1.086921232782432e-06 2.67500454481576 
1.000021915640851 0.5000193348431635 2.627040210659154e-05 2.675085174809154 
1.000196982914192 0.5000285873793496 0.0001392842197545308 2.675693098060891 
1 0.5 1.928697322938164e-17 2.675 
1 0.4999999999999999 -3.857365937196343e-17 2.675 
1 0.5 -2.314419562317805e-17 2.675 
1.000042953205962 0.5000278977598698 3.204095765617764e-05 2.675161950398722 
1.000605634134543 0.5004157659752756 0.0007462002680392378 2.677299050502656 
1.004690156416936 0.5032341007698988 0.002906981058503681 2.692843792189151 
1 0.4999999999999999 -3.824049956370171e-17 2.675 
1 0.5000000000000001 6.883335277721322e-17 2.675 
1 0.4999999999999999 0 2.675 
1 0.5 3.701106745508288e-17 2.675 
1 0.4999999999999999 -2.612508216546688e-17 2.675 
1 0.5 0 2.675 
1 0.5 -2.031851979631856e-18 2.675 
1 0.5 -2.031851979631856e-17 2.675 
1 0.5 3.792791538124894e-17 2.675 
1 0.5 0 2.675 
1 0.5 0 2.675 
1 0.5 -3.403476170370949e-17 2.675 
1 0.4999999999999999 2.738120131819735e-17 2.675 
1 0.5 0 2.675 
1 0.5 -3.194459962922051e-17 2.675 
1 0.5 2.196385021436676e-17 2.675 
1 0.5 2.196385021436675e-17 2.675 
1 0.5 -1.281226353512338e-17 2.675 
1 0.5000000000000001 0 2.675 
1 0.5 2.705755226553914e-17 2.675 
1 0.5 0 2.675 
1 0.5 0 2.675 
1 0.4999999999999999 -3.56110530477913e-18 2.675 
1 0.4999999999999999 3.561117085525692e-18 2.675 
1 0.5 2.429066021429896e-17 2.675 
1 0.5 -1.022764640602061e-17 2.675 
1 0.5000000000000001 4.091047682304454e-17 2.675 
1 0.5 -3.360969172869093e-17 2.675 
1 0.5 1.680484586434547e-17 2.675 
1 0.5 1.470419060665531e-16 2.675000000000001 
1 0.4999999999999999 3.295403988894494e-17 2.675 
1 0.4999999999999999 -1.977248008039867e-17 2.675 
1 0.5 3.29541334673311e-17 2.675 
1 0.4999999999999999 2.018972859990617e-17 2.675 
1 0.5000000000000001 -2.018972859990617e-17 2.675 
1 0.5 3.230356575984986e-17 2.675 
1.000073347147012 0.5000346119636093 5.382834448268899e-05 2.675270080828662 
1.000798012223045 0.5002330873128664 0.0009857515192438309 2.677874976064372 
1.007742200878877 0.5050124632623593 0.004745794071861349 2.704369098825145 
1 0.5 -8.295150932246686e-18 2.675 
1 0.4999999999999999 8.295148002631569e-18 2.675 
1 0.5 -1.244272200394735e-17 2.675 
0.9990681350516991 0.5007092824716305 0.0001730384363824411 2.672152699467335 
0.9999309678270064 0.5000171121163592 -6.938157811654788e-05 2.67477083476325 
0.999987604125495 0.5000009845706439 -3.86350731110664e-06 2.674957791135846 
1 0.5 0 2.675 
1 0.4999999999999999 -3.993257474665254e-17 2.675 
1 0.5000000000000001 -9.483962281738615e-18 2.675 
1 0.5000000000000001 2.622401949541537e-16 2.675000000000001 
1 0.5 9.615473814985635e-17 2.675 
1 0.5 -2.185332441592964e-17 2.675 
1 0.4999999999999999 -8.310942807208405e-18 2.675 
1 0.5 0 2.675 
1 0.4999999999999999 0 2.675 
0.9999991692672268 0.4999990337125594 -8.312117049902748e-07 2.674996654998515 
0.9999998778770892 0.5000000490946768 -1.038803209878692e-07 2.67499960383421 
0.999997078821698 0.4999961097960324 -2.81406760197145e-06 2.674987991502168 
0.999989507214658 0.4999886882078722 -9.325005710681124e-06 2.67495819866778 
0.9999700142694576 0.499990254680809 -3.702369083473562e-05 2.674891838075577 
0.9997520304177109 0.4996881279104657 -0.0001981986724882772 2.6739900344166 
1 0.5 -3.778058533274617e-17 2.675 
1 0.5 -9.445158267227907e-18 2.675 
1 0.5 -1.889016331236182e-17 2.675 
1 0.4999999999999999 -1.108518471943602e-17 2.675 
1 0.5 -5.542587818245058e-18 2.675 
1 0.5 -2.771293909122528e-18 2.675 
1 0.4999999999999999 3.829790191059656e-17 2.675 
1 0.5 -1.91488673159387e-17 2.675 
1 0.5 1.276591154395913e-17 2.675 
1 0.5 6.375121010400854e-18 2.675 
1 0.5 -3.506295022923496e-17 2.675 
1 0.4999999999999999 1.91252143346638e-17 2.675 
1 0.5 4.955942213820137e-17 2.675 
1 0.5 0 2.675 
1 0.5 -3.303956475298092e-17 2.675 
1 0.5 0 2.675 
1 0.5 -5.237681723051134e-18 2.675 
1 0.5 -2.269654082146164e-17 2.675 
1 0.4999999999999999 -9.403635022028936e-18 2.675 
1 0.5 9.403549364575993e-18 2.675 
1 0.4999999999999999 -9.99132048333898e-18 2.675 
1 0.5 5.109081032492529e-17 2.675 
1 0.4999999999999999 0 2.675 
1 0.5 0 2.675 
1 0.5000000000000001 0 2.675 
1 0.4999999999999999 0 2.675 
1 0.5 -2.36127480493147e-17 2.675 
1 0.4999999999999999 0 2.675 
1 0.5 0 2.675 
1 0.5 0 2.675 
1 0.5 -1.159522556157176e-17 2.675 
1 0.5 -1.464660962299167e-17 2.675 
1 0.5 6.102754009579864e-18 2.675 
1 0.5 -3.803218735521375e-17 2.675 
1 0.5 0 2.675 
1 0.5 -3.803207370205249e-17 2.675 
1 0.5 2.333117267767585e-17 2.675 
1 0.5 0 2.675 
1 0.4999999999999999 2.099803514730475e-17 2.675 
1 0.4999999999999999 -4.024913599327582e-18 2.675 
1 0.5 -1.006228399831895e-17 2.675 
1 0.4999999999999999 2.41493471765793e-17 2.675 
1 0.5 3.004500157560126e-17 2.675 
1 0.5 -2.691538528091009e-17 2.675 
1 0.5 3.192289882154452e-17 2.675 
1 0.5 2.24903960526157e-17 2.675 
1 0.5 -3.748399342102616e-18 2.675 
1 0.5 -2.998742993348266e-17 2.675 
1 0.5 5.478517181620947e-17 2.675 
1 0.5 0 2.675 
1 0.5 0 2.675 
1 0.5 0 2.675 
1 0.5 0 2.675 
1 0.5 0 2.675 
1 0.5 0 2.675 
1 0.5 -7.316060714444781e-18 2.675 
1 0.5 -2.926430179835877e-17 2.675 
1 0.5 5.268980788685843e-17 2.675 
1 0.5 -2.807133594653055e-17 2.675 
1 0.5 0 2.675 
0.9999303325219934 0.4999362058765783 -4.969153757871358e-05 2.674728189702501 
0.999593044533181 0.4998493860492114 -0.0005030236108447432 2.673524931899712 
0.9961999085748955 0.4959608297222914 -0.00210565342652092 2.659930146299991 
1 0.5 2.349067917469256e-17 2.675 
1 0.4999999999999999 -4.026972165623139e-17 2.675 
1 0.5000000000000001 3.355828233663004e-17 2.675 
0.9915305433305652 0.4918454869377904 -0.005159529751628933 2.641952562215249 
0.9992227588271813 0.4998457620206573 -0.000937351209898367 2.672254569813886 
0.9999271867029855 0.4999406966716664 -6.070159293801383e-05 2.674719627610457 
1 0.5 3.289982513967455e-17 2.675 
1 0.4999999999999999 -2.392729230267529e-17 2.675 
1 0.5 2.392702897640603e-17 2.675 
0.9922132906579584 0.4942812722694746 -0.003496237340332705 2.645492733550357 
0.9990825569353233 0.4990435594572087 -0.001020510873773835 2.67137285935976 
0.9998427903828978 0.4998327866592693 -9.209437238399837e-05 2.674375153656229 
0.9934248879943852 0.495156012279974 -0.003557013884178346 2.650055923157708 
0.9996144129552552 0.5000870838117423 -0.0003866637176747236 2.673718294637909 
0.9999710257934314 0.4999880838468669 -2.209285319627553e-05 2.674894255551786 
1 0.5 0 2.675 
1 0.5 6.054818628829657e-18 2.675 
1 0.5 -6.054826125283111e-18 2.675 
1 0.5 0 2.675 
1 0.4999999999999999 0 2.675 
1 0.5 6.475446711350745e-18 2.675 
1 0.5 -2.442087449202177e-17 2.675 
1 0.4999999999999999 2.035059554971447e-17 2.675 
1 0.5 0 2.675 
1 0.5000000000000001 -4.815986166246179e-17 2.675 
1 0.4999999999999999 3.745767018191472e-17 2.675 
1 0.5 3.745769560114645e-17 2.675 
1 0.5 0 2.675 
1 0.5 -4.598929638903728e-17 2.675 
1 0.5 2.759376227895772e-17 2.675 
1 0.5 -2.916303107091128e-17 2.675 
1 0.5 3.564370464222488e-17 2.675 
1 0.5 -9.721010356970422e-18 2.675 
1 0.5 2.208327579001397e-17 2.675 
1 0.5 -3.154753684287709e-17 2.675 
1 0.5 0 2.675 
0.9999651853619236 0.4999869160509854 -2.223523584020378e-05 2.674873538358549 
0.9995185971328292 0.4998591512697682 -0.0005913540599306938 2.673274355554328 
0.9957157857959358 0.4978503701884303 -0.00267815609891731 2.65922734318532 
1 0.5 2.888013293164756e-17 2.675 
1 0.5 -3.850684390886343e-17 2.675 
1 0.5 -9.626679929180117e-18 2.675 
1 0.5 3.729478533447887e-17 2.675 
1 0.5 1.243151029604162e-17 2.675 
1 0.5 -2.486302059208324e-17 2.675 
1.008544127730282 0.507008306179924 0.004701405742904861 2.708160022899253 
1.000804025815351 0.5002559194764201 0.000995754097953033 2.677907638115824 
1.000074808389171 0.5000647417195722 5.948903889989837e-05 2.675290216778142 
1 0.5 0 2.675 
1 0.5 -2.217880053550913e-17 2.675 
1 0.5 2.957166717872374e-17 2.675 
1 0.5 5.01797397367793e-17 2.675 
1 0.4999999999999999 -1.25449695474231e-17 2.675 
1 0.5 0 2.675 
1 0.5 1.261197018874554e-17 2.675 
1 0.4999999999999999 0 2.675 
1 0.5 0 2.675 
1.005568424090808 0.5053774935705736 0.00329493552571234 2.696974015105301 
1.000648502726508 0.5001872319707054 0.0007875602218909977 2.677332802143881 
1.00004313129046 0.5000363595864312 3.772502555304182e-05 2.675166814837241 
1 0.5000000000000001 0 2.675 
1 0.4999999999999999 0 2.675 
1 0.4999999999999999 -2.232124084215275e-17 2.675 
1.008493743296969 0.5070158978967695 0.003519872044264498 2.707987012514339 
1.001023935370827 0.5012740079984599 0.001035682252984073 2.679179304216805 
1.000163476986016 0.5001931910703001 7.405263549209605e-05 2.675660187186082 
1 0.5 2.453104036180688e-17 2.675 
1 0.4999999999999999 -3.066380045225859e-17 2.675 
1 0.5 1.022126681741953e-17 2.675 
1 0.5 4.389079357882705e-17 2.675 
1 0.5 0 2.675 
1 0.5 0 2.675 
1.004773058305047 0.5130234649709302 1.824715296342179e-05 2.687355299950539 
1.003305956993318 0.5050699154495002 7.405044688714381e-06 2.686842356036389 
1.00476963889547 0.5130242246468577 -4.230121760719738e-05 2.687343946274516 
1.000103998945431 0.5001374723307502 -3.255768327659489e-05 2.675422900320788 
1.000374022872802 0.5006371825441077 9.885675151609456e-05 2.676528592273864 
1.002609634780422 0.5039290161039351 0.0007925943800203117 2.68443608129186 
1.000426208323416 0.5007265657911268 -7.927069689107327e-05 2.676743418336887 
1.000108331025467 0.5001456094762694 3.244142565463128e-05 2.675441643167526 
1.000000038171297 0.5000000184627043 4.686559246564114e-08 2.675000140731487 
1.000000236550272 0.4999999545629134 2.456672216123439e-07 2.675000792197524 
1.000814588230172 0.5000937360079438 0.0005630065435865943 2.677856236459115 
1.000553992535555 0.5001309484256561 0.0006801118271783829 2.676979148857504 
1.006522211645189 0.5038377584536704 0.003467475421282196 2.699520739295378 
1 0.5 0 2.675 
1 0.5 0 2.675 
1 0.5000000000000001 -3.202070578976772e-17 2.675 
1 0.5 -2.311663821507154e-17 2.675 
1 0.4999999999999999 1.155835384730978e-17 2.675 
1 0.5 0 2.675 
1.000043867383738 0.4999918382069917 3.418635248123191e-05 2.675147053675909 
1.000005071768141 0.5000023883158066 6.292157898042521e-06 2.675018666774057 
1.003068094399543 0.5014427263713711 0.00158690580645344 2.686322522947208 
1.000293122316818 0.5001082353988041 0.0003623339273506792 2.676065232016693 
0.999448833260716 0.5001983656857808 -0.0003521667876948143 2.673204316392097 
0.9999702721253002 0.4999967362343419 3.414754701084105e-05 2.674895965980778 
0.9999997949492165 0.5000000679387244 -1.760223554381068e-07 2.674999327571463 
0.9961522308951812 0.5027230759085379 3.048970652703996e-05 2.663188907913344 
0.9987562915247246 0.5007897256785909 -5.344265280784846e-06 2.671120611573272 
0.9961471470204245 0.5027018768621909 -1.594940417568676e-05 2.663160770839086 
1 0.5 -2.570024726281514e-17 2.675 
1 0.5 0 2.675 
1 0.5 0 2.675 
0.9999955090882714 0.5000030958617088 5.165615123056524e-07 2.674986077544723 
1 0.5 8.402000311224687e-17 2.675 
0.9999999418886245 0.499999916011337 -4.332048688657976e-08 2.674999757812038 
1 0.5000000000000001 1.822347080478341e-16 2.675000000000001 
1 0.5 -1.821461548500417e-17 2.675 
1 0.5 4.553651541693013e-18 2.675 
1 0.5 0 2.675 
1 0.5 -1.23784516949816e-17 2.675 
1 0.4999999999999999 1.23784516949816e-17 2.675 
1 0.5 -3.713553762524403e-17 2.675 
0.9999374976788467 0.4999169800091701 -5.921732465073303e-05 2.674743185923072 
0.9989555104501836 0.4986529024367864 -0.0007282797632954376 2.670731856645381 
0.9998832703438167 0.4999293742364011 -0.0001386524852331692 2.674562739248948 
0.9974957923005497 0.4972889047510595 -0.0005670201517117575 2.665032541324074 
1 0.5 3.568397605317473e-17 2.675 
1 0.5 -2.081555579775565e-17 2.675 
1 0.5 -5.947318702953138e-17 2.675 
0.9892122407133271 0.4894486257192096 -0.00627001612785772 2.632870575516524 
0.9998422511593109 0.4999376357070231 -0.0002033703480633642 2.674425787501103 
0.9985144955303653 0.50029755116689 -0.0006425561648177037 2.670046203039958 
0.9938161542460604 0.4934499707045913 -0.002716452846055086 2.650514773675826 
0.9934087021277483 0.4943761964343253 -0.002285606733564153 2.649581409104555 
0.9995396243538704 0.4996392787319437 -0.0005622830363453292 2.673238049515765 
1.008450053031676 0.5067664587485708 0.005003097668605347 2.707719915190492 
1.00090208998968 0.5002422183252736 0.00109695356521103 2.678239642042433 
0.9935570710163213 0.4952580781586293 -0.003543675464632741 2.650552774784779 
1.003077385333915 0.5036955436705304 0.0007921474690097864 2.68747781440926 
1.000244972430697 0.5001084655467738 0.0003080202245010652 2.675899077146435 
1.000666977704104 0.5001142565291351 0.0008046540745493461 2.677362770004941 
1.008747014707137 0.5057329208274913 0.0043514457707031 2.708235522920623 
1.007811402440356 0.5058728150823055 0.002802012037231158 2.705023699166257 
1.000460614057918 0.5000844404138565 0.0005546124083294447 2.676633395179788 
1.000032716329217 0.5000506444202677 -1.993827258555579e-05 2.675136223710748 
1.000001233667417 0.5000001857599545 3.673705688093258e-07 2.675004342867918 
1.020746181846573 0.5066601291319048 0.003820877858026707 2.750556708795691 
1.000025077307113 0.5000055520434546 6.545343949813852e-06 2.675089168440721 
1.006686784500862 0.5028268433965042 0.0008976070724103965 2.699517033807247 
0.9999999999999998 0.4999999999999998 1.4493436915088e-15 2.674999999999999 
0.9999995752631929 0.4999992717098105 -1.682545351601463e-07 2.674998172638901 
0.9964481261634992 0.4974342916444937 -0.0003628964083786876 2.661496956439326 
0.9898724371871963 0.496485437709734 -0.001583012857843106 2.638523805240806 
0.983533557543315 0.4937103524194331 -0.001332902737929596 2.615525203751463 
1.02734984886027 0.5097393850736675 0.007404976989592694 2.775349841398504 
1.011827168204571 0.504950654486636 0.002833162053837021 2.718452884392577 
1.025376278929761 0.5082059219062214 0.005153569314507383 2.767668471843304 
1.021782060872338 0.5075218941884903 0.00439464254518795 2.754647301224572 
1.002482443580598 0.5037334885169981 -0.0008045031348569651 2.683983194842221 
1.0000000126567 0.499999990775422 1.432629136985507e-09 2.675000038990046 
1.000938821827108 0.5003013926889878 0.000259348628095791 2.678386418640665 
1.0033460041822 0.5004981560005969 0.000913129755429761 2.686795045057677 
1.016251475014968 0.5052926790881991 0.00292111178977445 2.734089742688247 
1.000211168161906 0.500063318777285 5.732587451577927e-05 2.675759208972939 
1.011473793545939 0.5037697808365281 0.001976708027936725 2.716640364399399 
0.9998519746601922 0.50003295438937 0.0001301134450041626 2.674506758041156 
0.9999999999999999 0.5 1.429098471877134e-15 2.675 
0.9997494474363819 0.4998598432356155 -5.520690082470233e-05 2.674066865359729 
0.9999799575360894 0.4999799815837331 -3.558112132435708e-06 2.674920945749191 
0.9989605248903484 0.4994064072122666 -0.0001695063477676095 2.671123887529505 
0.9924244729161921 0.4967235503861029 -0.001212022490603754 2.647352644362135 
0.9950860224284925 0.4981409512189272 -0.0006733130353790748 2.657176085741243 
0.9701205264858125 0.4878154720275293 -0.004873905703471083 2.567362920791509 
0.972203022744062 0.4878627929855137 -0.00449481195422034 2.57434546356671 
0.9984947870445358 0.5011085725924943 -0.0004342952521155727 2.670383643101014 
0.9819015713190558 0.4923005292706817 -0.002479528788096502 2.609293503163733 
0.9866805561409102 0.4942512380127599 -0.001803761088691896 2.626508295470296 
0.9819858709293005 0.4931280208094109 -0.001281888069804645 2.609970621033167 
1.021121519994596 0.5080109892888375 0.005595845794075559 2.752513932916852 
0.9843031006391685 0.4941703026833996 -0.002321940379816259 2.618402650116719 
0.9787233712310331 0.4915624953601816 -0.003003449413369599 2.598188638113137 
1.004856796451326 0.5027097010130617 0.0008516129638731308 2.693128260272405 
1.023469403822934 0.5074625501980412 0.004805022788425557 2.76055918356997 
1.020263170822942 0.5069744331358093 0.003912120471245355 2.749021549357916 
