1.004428288528279 0.5843977110018834 0.004175205800710801 2.685534163848056 
1.002325043260041 0.5880581486149984 0.00435407695804453 2.680666023489025 
1.007936959031994 0.5765856234234024 0.004109675338595295 2.6927755076009 
1.002965544405659 0.5881753145554528 0.009490789073329143 2.68292109289704 
1.013471208016604 0.5669546055553291 0.02660178216022017 2.70647194106391 
0.9837214064230205 0.6267095813792845 0.05530119950890149 2.645565640332102 
1.012405171504966 0.5651099806442639 0.06345729086683331 2.703976834292973 
1.003716796812501 0.5939073823278995 0.05148091512400658 2.690593418809873 
0.9684387654638923 0.6451854877451292 0.08110826589660974 2.610834802142987 
1.002160591616958 0.5888599190328929 0.0313341319781025 2.681245915034998 
0.9931005388345967 0.6065476888687532 0.02974314861811443 2.661876083630535 
0.9837685048481746 0.619181363233367 -0.0007034103059472537 2.63860658332282 
0.9973827777954036 0.5979165923126281 0.01338823879076952 2.670243757548194 
0.9816178331286398 0.6202643028422549 0.01581112504811986 2.632404131627469 
1.001806584228103 0.5885008677304947 0.01288802161448834 2.679303199383362 
1.00411654579717 0.5873623041836511 0.02550191546597662 2.686676799969456 
1.003873440458854 0.5842531400567864 0.002894412798653285 2.683592283046123 
1.002786116990948 0.5871176610365859 0.007276651533997792 2.681676402313021 
1.002777129668285 0.5868280897757838 0.0009660866066831208 2.681433879712302 
0.9975601815646704 0.5931715077414312 0.09370095016336118 2.673860636444705 
0.9996085624094045 0.5882357904320775 -0.000980118323970108 2.672760777992989 
0.9991811613402852 0.5864281893982443 -0.001643654818654292 2.671727450982449 
0.9994695821692303 0.5888335286666356 -0.002655888633887382 2.672678659228758 
0.9993104215689882 0.5842459551914425 -0.004434581170231489 2.672205393503945 
0.9970416406138846 0.5922820012647304 -0.008348536490669668 2.666391437600864 
0.9997377568096535 0.582244205113847 -0.006871827693319623 2.672890809652642 
1.001825838562969 0.5688130520807498 -0.01552261356601338 2.676246874786245 
0.9880478450414587 0.6099311378363992 -0.008975468164497267 2.646971252358179 
0.9931217553056245 0.601353861540413 -0.003920637652202043 2.658240180310043 
0.9990134004376025 0.5857738405787849 -0.007580421854535423 2.670737974301404 
0.997203444467574 0.5918227799175469 -0.01680972222978936 2.667477200208296 
0.9909322876965241 0.5969849798368874 -0.03914689400982799 2.651793328911591 
0.9905356759016271 0.6059139571654517 -0.01228043416369306 2.652895133146628 
0.9683969095155488 0.6241806831191629 -0.05662998786826882 2.597186121208748 
0.9843033127071288 0.595353804646879 -0.06952301119741115 2.634638371354914 
0.9777994388701693 0.6184663272717609 -0.02400678842983527 2.619871401269947 
0.9888552761900122 0.607033733398045 -0.0130785934479675 2.648047175122434 
0.9812642038611488 0.6210456140181602 -0.003098036257908724 2.63169849461778 
0.9860783920534084 0.6072033771969914 -0.03242127771553271 2.640848081070078 
0.9869346179488935 0.611681574951586 -0.003926966273413559 2.644201215062342 
0.9629574364605641 0.6432490562169261 -0.01802482828628021 2.588637051860428 
0.9820563242662173 0.6201443736379839 -0.007333932871331939 2.633778987146251 
0.9736957079452342 0.6310977385249984 0.008231242421382198 2.61377191056823 
0.9119524044114881 0.7030989764666123 0.02212236533952184 2.473967174179163 
0.938077862670661 0.6791770052333755 -0.005195383287201033 2.53568623853206 
0.9699515225445415 0.6342828233765729 -0.0453246164928004 2.607350880361999 
0.9548803228212461 0.6582713738559277 0.0157720823816905 2.572729493102886 
1.001019285339926 0.5610222330234294 -0.04084341308146187 2.671108791028182 
0.9954047554241423 0.5926651013593289 -0.01769814041576367 2.662017087267019 
0.9776612508127892 0.5892344499879115 -0.09500133052383662 2.615025177583675 
0.9869078607227678 0.5997860378426376 -0.03819479068306173 2.64014686439539 
0.9530200009485698 0.6429382433729447 -0.08512433805217677 2.566147133953166 
0.9233109632726537 0.6738986948868017 -0.06739756678014502 2.491898661289969 
0.9873297415335157 0.6119888280536873 0.003276014999084562 2.645610895518916 
0.9931847619244466 0.6027703560205981 0.008922941716555484 2.659234746975272 
0.9934896113648202 0.6037389100748902 0.01213068103196017 2.660891717139266 
0.9988769441478728 0.5927598518197602 0.003876610340316858 2.671977256895913 
0.9584983278022899 0.6538366865820687 0.009825135213864966 2.58092460844682 
0.9423352996028581 0.6740670121765024 -0.03070427110691977 2.546324058297936 
0.9341797954084304 0.6755669063231265 -0.01612675947638897 2.521091844990746 
0.9095779776958637 0.6905840977083398 -0.04508953111700771 2.460175569048036 
0.9522877626828815 0.6619498350371976 0.06041571168944674 2.569386284025367 
0.9799371298886497 0.6272946973730174 0.01993939719616185 2.631703570942269 
0.9836222538121344 0.6141832697916243 0.09729061302666278 2.641705963890061 
0.9743938016413691 0.6314178186818122 0.03641459194804607 2.617119877639558 
0.9927514961940416 0.6043110090669482 0.04653608137899296 2.66025541857394 
0.9609523908398182 0.6565771053815169 0.06229879438731472 2.593487949121787 
0.9109345990777012 0.6991995190326866 0.06409718391371239 2.470022787278766 
0.9528199913317498 0.673352516167277 0.07178499895226775 2.58097865846472 
0.9462929124940858 0.6576168887396988 0.09443158025932402 2.550985999632832 
0.9950149944978306 0.5999895485648237 0.01607034701983892 2.663695661151741 
1.004386281844845 0.590349953753494 0.07331543374706988 2.692489060241478 
1.003472529584411 0.5853690641586898 0.0004730436522775147 2.682898192047139 
1.003121720105093 0.5863012545543769 0.0002891565480985328 2.682273154757747 
1.016552163598245 0.5647100162686525 0.02821353566893203 2.7156436281131 
0.9954224745774478 0.6023136444543506 0.002514136749596808 2.6663023710961 
1.00258105610241 0.5875042765222152 0.0006018253907150431 2.681177063669841 
0.9997200308625053 0.5885200227066087 -9.270924461017518e-05 2.672813126820632 
0.9995508643652042 0.5872493996312602 -0.0008792553483592757 2.672491189461356 
0.9977929783949875 0.5913397587648304 -0.001625219218522481 2.667902376260396 
0.9937138760111024 0.5994196252090506 -0.002325286553165398 2.659033545943651 
0.9915730667626795 0.6039605861764805 -0.00190364628735604 2.654634718901824 
1.001762312597628 0.5713430185483893 -0.007593586892942716 2.677790068754374 
1.004615567750027 0.5598360055243204 -0.03766804524940427 2.682591735475441 
0.9913402111522054 0.6069515267572057 0.001756043041825668 2.655643778205325 
0.9720867615599577 0.6016624491624212 -0.113282923096078 2.606781881480459 
0.9953475041956937 0.5697557205344057 -0.07945583404482517 2.660442321497615 
0.9117273843445197 0.6788919804961235 -0.06866320014201092 2.460497899755162 
1.004747670536114 0.583273358130209 0.00135632468200164 2.685935867866601 
1.00501865655064 0.5826632073747975 0.003347525508244976 2.686495747455368 
1.005558490320542 0.5826970017015723 0.00433927904701265 2.6883228739701 
1.001186068306531 0.5905588639576079 0.005992226585488072 2.67836854787687 
1.001183748610181 0.5892449362331228 0.003723009550316319 2.677562976151277 
1.000259793643431 0.591835847468367 0.002380690525766562 2.676019160589093 
1.008654699698982 0.5763073924543519 0.01129409238268753 2.695104333999011 
1.007880541533887 0.5775112685379743 0.005850114400719881 2.693129834326537 
1.007262828408841 0.5792676031498049 0.006885068968136539 2.692071941843821 
1.00572593121677 0.5823661265652006 0.007684817050939569 2.688718297245953 
1.005149376316487 0.5820828273308442 0.009743682347672351 2.686652046308294 
1.005914776980038 0.582705803684027 0.01203303999967605 2.689602539760493 
1.010673738800973 0.5731820569139788 0.01763896613114887 2.700246597310622 
1.012618686761301 0.5679308048323563 0.01588554529281102 2.703811891389425 
1.014171314527689 0.5646569973853345 0.01277306155172766 2.707155195808979 
0.9944206671073074 0.6079193646593233 0.05469533347116104 2.668584424481199 
0.9899350009949982 0.6150021170028608 0.06490474269679546 2.658960606884054 
0.9891453009545566 0.6173236219075501 0.07396012724683171 2.659032535223549 
1.014255907541187 0.5650132476846198 0.04452062154156393 2.70881768137289 
1.016577821781272 0.5651106886667643 0.05831970709161216 2.717694232937598 
1.022750719271659 0.5420520033065583 0.06104767389684421 2.72637464882144 
1.011915082987907 0.5777455545311867 0.04333864193189734 2.708061648174683 
1.008680961492088 0.579379940094286 0.05320331616011838 2.698726259411971 
1.009639542975086 0.583668247319947 0.05903992471639566 2.704940069377356 
0.9765687249642339 0.6336743046032393 0.05919872686380531 2.627031047291271 
0.9736383438805867 0.6375007096318753 0.07269842171337747 2.621689701047138 
0.9821551746113972 0.6270734726460551 0.08402168694564167 2.643407145346085 
1.007947308325404 0.577643821194634 0.03790261109992923 2.694433882561499 
1.003235116727504 0.586888152380731 0.03558192226033753 2.683944833826367 
1.000789135356144 0.5887810124635452 0.04330477668133793 2.67729009166414 
0.9990682459493319 0.5953586615743706 0.02854208330570083 2.674752188622263 
0.9964740874223774 0.5986525219535318 0.03449885195717985 2.668354806302703 
0.9965366720111037 0.5984913905810113 0.03841587559090762 2.668788706727572 
0.9859503320984179 0.6149436507879149 0.005463180650592881 2.642992703471816 
0.9836758638631236 0.6179653625599679 0.004884066276001764 2.637511216124864 
0.9804404242364915 0.6228277677949032 0.007444771024457364 2.630170232739544 
1.000432721716378 0.5917406483089023 0.01159549061112917 2.676632330059143 
0.9991394361875451 0.5932413186762482 0.01593985965080228 2.673302598200766 
0.9994506111572143 0.5932624535435878 0.01879957526082128 2.674450102650177 
0.9867436838086416 0.6133538426513174 0.01040652667715698 2.644617772136474 
0.9842713713431069 0.6172933420053952 0.01478583475857358 2.639182934101818 
0.9865342669123575 0.6137316328371156 0.02092790439578031 2.644447195244864 
1.004939464869559 0.5826801975680187 0.01761473675180416 2.686451797375061 
1.002821729814205 0.5874994599097886 0.01634843149087176 2.682177900981074 
1.001579780401272 0.5876931571129049 0.02137381081124198 2.67828009674586 
1.007930368066538 0.5791805016179982 0.01914212605643844 2.694485244927629 
1.007556254004462 0.5791727011230884 0.02639412771846343 2.693447106421055 
1.009057958338224 0.5764111460117372 0.02767208617566683 2.696988909006245 
1.003671517336121 0.584974874589368 0.001298080412330018 2.683333251108079 
1.0039432169475 0.5848679773634707 0.001530028915630193 2.684177676578336 
1.00428690163069 0.5835129584345858 0.001156872931325528 2.684536872049267 
1.003544795978951 0.5850932702106511 0.004926958111546688 2.682997979785982 
1.003818631540274 0.5858719687360887 0.00710261980663506 2.684384438097504 
1.004931810154959 0.582360031853608 0.006517001872470006 2.686052740140608 
1.003257249035827 0.5857740868576476 0.001279002051998999 2.682418006629062 
1.002998533459524 0.5859820178241105 0.001310973815586492 2.681677048385008 
1.002992742016681 0.586608766658013 0.002828337113462612 2.68202999946127 
1.00830756185342 0.5743121810397653 0.07884815375130959 2.696816745660112 
1.007171645478643 0.582827172811501 0.09837054359078411 2.700141464536873 
1.013972220163477 0.5625249483894229 0.102284256891495 2.71191960740047 
0.9998008659041371 0.5887931440881291 -0.0003465693983884029 2.673267971992285 
0.9996205828277712 0.588892214193261 -0.0007005471099480142 2.672726555650696 
0.9996028406096892 0.5895439329572701 -0.0003916183262077253 2.672882385257056 
0.9982875720030555 0.5829278117648007 -0.001556056683999766 2.670010482763138 
0.9993041259323178 0.5862934990245677 -0.0009144412606019509 2.672058524720918 
0.9994011367617595 0.5872276637813997 -0.000976982789222405 2.672131987690069 
0.998305713463547 0.5922973554856634 -0.002483228254701229 2.670171895923843 
0.9987920692463448 0.589094416941173 -0.003474887636978276 2.670579892352052 
0.9994030154216182 0.5892647024998219 -0.004794391146375466 2.672857673550853 
0.9982593861898339 0.5783219046478777 -0.00225881723890578 2.669901729825354 
0.9992853278729358 0.5843710299523193 -0.002519466542264683 2.672194841697211 
0.9990456350741458 0.5854313950288086 -0.002702452597105452 2.671461669706314 
0.9989100119357694 0.5892276314750989 -0.006655624405814421 2.671200716984769 
0.9982218506460042 0.5914276138288659 -0.00582846310987332 2.669796293950891 
0.997489997530301 0.5926704932650948 -0.003117016188166736 2.667685390317153 
1.00114958719849 0.5772790425169582 -0.009341566128829731 2.67659328047339 
1.00052421349161 0.5775492803234512 -0.006107937840321776 2.674654726134404 
1.00010117846145 0.5722670260624467 -0.005398768511005039 2.674027913829312 
1.002673585060795 0.5636803625418212 -0.02513892462855694 2.677096542334104 
1.004193893777082 0.5658934914303414 -0.01623428136540803 2.683378306704318 
1.004362208680146 0.5514851904329821 -0.01448567198656309 2.681018061792291 
0.9846673307952525 0.6159412905452455 -0.006468517311680652 2.639610676914285 
0.9852002109791679 0.6141611848105673 -0.01075658714634026 2.640315983357162 
0.9843468055952798 0.615263456134748 -0.01394907460469887 2.638560452456342 
0.9916277322061803 0.6036635132509167 -0.008660245659005899 2.654873576613553 
0.9934653561571073 0.602051565813324 -0.006995056313336807 2.659963505083448 
0.9945240349035325 0.5983288398122417 -0.01088783367635037 2.66140673701602 
0.9970974781890735 0.5906588104657391 -0.01175561338299038 2.666395977270825 
0.9990735727258212 0.58662805598753 -0.01124649369478761 2.671454821611776 
0.9999588626141034 0.5811026104937874 -0.01121438793348771 2.672389594632607 
1.001346630238917 0.5821385243770998 -0.02592748196204262 2.677971203369379 
0.9992416688628982 0.5815418901877533 -0.02069867275170479 2.670333794108971 
1.001401911102269 0.5815819764372251 -0.01695154382975219 2.677525978044664 
0.9929829214817775 0.5871090276806669 -0.05380030026339404 2.655908896287182 
0.9924044972028102 0.5821817528876009 -0.04496813957721621 2.65042926890288 
0.9976328889376811 0.5809128679089647 -0.0384259760984228 2.666868234238922 
0.9914867476107285 0.6027544633111404 -0.02158582393507758 2.654984938783307 
0.9911506026542847 0.6003260517869345 -0.01715386335458505 2.651886118533666 
0.9940814554270933 0.5981028128579742 -0.01435171040495144 2.66020976530313 
0.9541777496264744 0.6357148166380394 -0.06682794331104745 2.560912187619037 
0.9648905716666613 0.6301412992414369 -0.06632110621234587 2.591816706389573 
0.9645796101910881 0.6138946322271038 -0.0807506145085124 2.582931351259687 
0.9752097508888827 0.6197494221262311 -0.06218315575453126 2.616922301088051 
0.9753219442721049 0.5999175984061783 -0.07312441676629274 2.608089897270734 
0.9739961448563579 0.6085379066007804 -0.08277159449761842 2.610467870638141 
0.9697042069825826 0.6288274911798115 -0.02020168378566348 2.600433849254453 
0.9740404849220148 0.6265765491878316 -0.02690498984167887 2.613302831529265 
0.9721247641287504 0.6214529138897087 -0.03604994796223943 2.604892079933069 
0.9856352099348613 0.6111234533911238 -0.02028345714457106 2.640511256041527 
0.9883578719310349 0.6092075608746235 -0.01917799285196531 2.648273957624577 
0.9890253375616601 0.6048949782379693 -0.02561782829234261 2.648234664535179 
0.9761692916845379 0.6268672090380201 0.005853808906239019 2.618898752962561 
0.9759896686823892 0.6270732539526626 -0.001070459997727587 2.618505458442987 
0.9729070286629229 0.6290887622394504 -0.004914363025738161 2.610047178314153 
0.9814708624005638 0.6164988123677408 -0.02686674036081737 2.630734278185603 
0.9809865293314551 0.610078235952259 -0.03345551239765947 2.625920247550093 
0.9785139067594403 0.6180299665659581 -0.03874290711213602 2.623695084467751 
0.9893577072718182 0.6088237120625916 -0.00600292532246032 2.650414211254721 
0.9888746161449149 0.6096177066257439 -0.003449939746543594 2.649287807215486 
0.989309413359681 0.6087952097797592 -0.001312583328415732 2.650103632825978 
0.9505887947927575 0.6574768940367933 -0.01930959863064322 2.559686627136367 
0.9570592380241251 0.6556890584977483 -0.02485723508259841 2.579334666174844 
0.9525404744621433 0.6521133356660596 -0.04087196385530383 2.563727053247499 
0.9746201892750219 0.6273478580987121 -0.01222122681713298 2.614670435738433 
0.9798025958256358 0.6218840964432059 -0.01202920003530978 2.627905707746116 
0.9810553088551175 0.6206705203756057 -0.01681560714498741 2.631350310282418 
0.9649074250615883 0.6413788632631789 0.01074737742912147 2.592724222270038 
0.9696559164191013 0.6380887159505317 0.006767998855649468 2.60563259004127 
0.9684371988620708 0.6387925405071303 -0.006471187637196898 2.602334922582007 
0.9305395808397752 0.686408654357734 0.03465799951333266 2.517958379386429 
0.9237794674621657 0.7048582988738775 0.0403812522586811 2.512307334862478 
0.920495848574904 0.6972234320024009 0.05604141375382132 2.49693516809646 
0.9330369170872912 0.6865066266288417 0.02265355055366047 2.525444231260193 
0.9259195011915714 0.6842831474160775 0.006706689540938986 2.501569487557507 
0.9191573693244144 0.7006814666914092 0.009026400612252832 2.49381900868605 
0.9665984811480534 0.6428625287169449 -0.02595940833973794 2.600391199813552 
0.9630156971625279 0.6372470413242834 -0.04113593443989543 2.586636139543165 
0.959231280315459 0.6501694536495135 -0.04872272724286993 2.584295036892946 
0.9419753237124597 0.6696881423267466 0.02145398150628532 2.540845658354318 
0.948873833082682 0.667709631067932 0.01419668463959569 2.560843876578834 
0.9457949944138916 0.6682010499244013 -0.002507787962147836 2.551614926499522 
0.9967092627889178 0.5631590829424223 -0.06043297420966604 2.659401887821015 
1.002989379806966 0.5628920983704709 -0.05301836256568616 2.679924204840677 
1.006905447403877 0.5279968531507416 -0.05970502608573855 2.679402772239067 
0.9936588541576622 0.5935086220785522 -0.0286051283264128 2.657616702202642 
0.9972694298704163 0.5921644981107618 -0.02461826570855116 2.668714306357848 
0.9984415810586964 0.5821852776882894 -0.03067104868192127 2.66840421249097 
0.990267829422023 0.5473770547468256 -0.1071986907248325 2.637866202144126 
0.9876266107341657 0.5837516625668366 -0.09283308732494304 2.644512825777201 
0.9887501124121827 0.5764401930701645 -0.07721914850231131 2.641891039981389 
0.9787754667461434 0.6084582292021851 -0.04881520164308677 2.62002516404664 
0.9858657897639012 0.6047710502768883 -0.04665982832357663 2.640961450731453 
0.9863810663826406 0.5901746117434451 -0.05704056080745686 2.636022330589662 
0.9531265957318249 0.6102189211257747 -0.1177914944682935 2.553263506900682 
0.957745485620741 0.6234003916660154 -0.105177693692654 2.572046080720258 
0.96411566643646 0.6169436459015812 -0.09839530099268005 2.588056061745871 
0.9170051658931189 0.6602900611115351 -0.1027805691435786 2.469004002808056 
0.9291351415846804 0.669291544618683 -0.07867340313735258 2.508090957214154 
0.9418839086602661 0.6589998481285348 -0.07301597989265074 2.539726664317086 
0.9862751064621086 0.6127968425083573 -0.0002990331580482488 2.642693397557999 
0.9870555487041032 0.6123074875019623 0.0008313499539702156 2.644909912790857 
0.9890042493233504 0.6092689877841713 0.00016683222872434 2.649385054238797 
0.9898935806362171 0.6074681088719968 0.00732554162737877 2.651246551447607 
0.9914720745371156 0.605545346527419 0.005846866247510987 2.65525934512174 
0.992054904154436 0.6050261968953188 0.003074299125179952 2.656822937501745 
0.9901413768254916 0.6090295779300897 0.0181349994839834 2.653312347727832 
0.9911571968467396 0.6067868270019547 0.01466043947027506 2.655103383047234 
0.9894286339703461 0.6109396654241073 0.01016938670172008 2.651937854422181 
0.9994037964837558 0.5918451055684228 0.00913824518625116 2.673235703954595 
0.9984318615873388 0.5947555869790636 0.007074601210383149 2.671729570385684 
0.9968256100886974 0.5959065073676656 0.009892601265520473 2.667118322744746 
0.9515803336494092 0.660897306503358 -0.006452598723856638 2.564432353849028 
0.95546101468264 0.6521808611923104 -0.005317512764985927 2.570256117539493 
0.9629997881088074 0.6451808369961803 -0.01025044224988092 2.589443604378176 
0.9314268260356414 0.6854553342911548 -0.04925911427681483 2.522853194660073 
0.9366190546346326 0.6708275555290704 -0.04485896525279548 2.527551888815699 
0.9445451911400616 0.6687655521184493 -0.05555563947637814 2.551841487662069 
0.911444969761083 0.6967573905400428 -0.005998787860680694 2.467248177496818 
0.924151271667582 0.6938778453645713 -0.01657564431809985 2.504572089217239 
0.9182833421815073 0.6885740592495342 -0.03223565638758765 2.483147457685731 
0.9013427643813873 0.7040656285206411 -0.01295870046681094 2.443613016183662 
0.8958037816844853 0.6975463312068083 -0.03976694781811364 2.423265338700114 
0.8831762092638459 0.7141239905628269 -0.05009958095471514 2.400755719075474 
0.9430262707522127 0.6702130545690979 0.03902228043738373 2.544755422066083 
0.9477235896052906 0.6687033570324722 0.04188824804593264 2.558721864779335 
0.9548273052025454 0.6590190383284354 0.0292157252022033 2.573190177167317 
0.9864408978896011 0.6157888441060899 0.02603060399649471 2.645652641191942 
0.9826744888449388 0.621231970722488 0.02900030067670029 2.636902779348629 
0.9802890363859348 0.6244075852212531 0.03438556247796042 2.631654446920699 
0.9832056426116562 0.61451141706463 0.1249447315880106 2.644546188197582 
0.979121360640929 0.6261266007973952 0.1134895619741207 2.636900784325047 
0.9661968328572436 0.6414792252298586 0.09729955116406783 2.603599669670869 
0.9672011121769282 0.6401414959218443 0.0254890350328348 2.599357731593554 
0.97067062434138 0.6364557746353966 0.02507125815860313 2.60808483538475 
0.9750993759375501 0.6302740350600574 0.01819229588683892 2.617837233591268 
0.9843234854673176 0.6164844049453871 0.04557697638218 2.640121584804188 
0.9880112669988328 0.6117890022671926 0.04004784711084119 2.649003728493244 
0.9892188821981145 0.6105255536375724 0.03318145959306843 2.651657953515639 
0.962098685749587 0.6570436749204794 0.034386991976033 2.595330533614412 
0.9665410376104815 0.648708960916073 0.04990048121393105 2.604357730204154 
0.9720168371832798 0.6413247600773397 0.04609038032730663 2.616761850902387 
0.8951537140971348 0.7227498751718409 0.07478115288321474 2.442389590176492 
0.9028986242667865 0.701968152746645 0.05951897517609374 2.447192644788909 
0.8995165266882483 0.7122369207872471 0.02828220840463246 2.444202907908365 
0.9364954633617515 0.6941160432007641 0.06943871508440856 2.54542420425102 
0.9406634218685077 0.6763481897634019 0.06056727185667093 2.543777307474157 
0.9414516985360124 0.6855813446830026 0.04698789665030094 2.552136802366435 
0.940830941900089 0.668052491063705 0.1210840615951687 2.544863611752584 
0.9391445064368414 0.67328095993628 0.107271084735599 2.541513473944736 
0.9279084531873535 0.6789142843200949 0.09535520689153124 2.50923709229712 
0.997214090667233 0.5959060771510698 0.02426452525187637 2.668760592813161 
0.9946564453467623 0.6009354715616252 0.02070725739106011 2.663249031820867 
0.9923107079106913 0.6032546777001766 0.02454924656091262 2.657008103347286 
0.99526894390708 0.6043109912237115 0.08467900887564771 2.67182892879152 
0.9990816476136305 0.5983136680921468 0.06944082219798041 2.679373379046793 
0.9983340245450611 0.5997703170447412 0.06128886204706836 2.676891336370265 
1.003398365051895 0.5855031181836527 0.0001375660311419274 2.682728818160186 
1.003471113397925 0.5853679407189157 0.0001608718541328512 2.682892550023759 
1.003541535283565 0.5852425576693959 0.0001374447810453484 2.68305425093543 
1.003688156174545 0.5852891946340215 0.0006434305776692906 2.683570822112285 
1.003771093229433 0.5847723804283934 0.0005406471962997785 2.683546269108881 
1.003324066706367 0.5856690730839598 0.0001072773496501225 2.682577975035591 
1.003189408600899 0.5858935021390888 0.0004754945115145634 2.682260324145772 
1.00326102246088 0.5854837736979815 0.0005901675355337233 2.682259925289751 
1.005932941954894 0.580566210704754 0.003282519732622766 2.688345134838776 
1.005762469690455 0.5810037138525501 0.002431642634696715 2.688018559960839 
1.019392258981028 0.5548152469605679 0.02359844405401875 2.719710573590839 
1.014699260894065 0.5684641356422359 0.07955257056699927 2.714991258069117 
1.022320130274886 0.5481511221489728 0.08114207915684987 2.729856327344307 
0.9987686184224354 0.5956627445653168 0.002017615480532141 2.673357195358118 
0.9960716443121378 0.5986001461843266 0.004383651047390065 2.666191606056304 
0.9957698984981582 0.5996132750629437 0.006410726476333008 2.665842780194954 
1.00240834594899 0.5871053722293325 0.002823813683218091 2.680373478052126 
1.002022902984265 0.5887211796200529 0.002140798648744567 2.680037916600126 
1.001498651883672 0.5902839814112323 0.001366229537399215 2.679215282766858 
1.010140603946095 0.5718985521047155 0.007717632234031361 2.697545367656632 
1.009596957426545 0.574148372066273 0.01025175914394782 2.697027425670778 
1.02374016420732 0.5423127641539143 0.03656143828063742 2.728337746202056 
1.017455892233629 0.5665174489148114 0.03831439554520675 2.720143299170708 
0.9998057394746277 0.5885881507621863 -1.787461309223658e-05 2.673019848332299 
0.9997548541996142 0.588809787925065 -7.089417090917649e-05 2.672980868458815 
0.9994772388014023 0.5890602249904598 -3.475654231972655e-05 2.672179664423179 
0.9984483566292242 0.5834182250527794 -0.001636324635333752 2.670263510068936 
0.9996159359632147 0.5872274017592148 -0.0007301794977913232 2.67269520803913 
0.9995551693576158 0.5873911581356568 -0.0006449917213000729 2.672441537267011 
0.9991747643481147 0.5884756115429093 -0.001752673669927186 2.671458920516185 
0.9990627910542442 0.5905624463638487 -0.001382013142585962 2.671687463589814 
0.9988743267605646 0.5899573196737351 -0.0009515922903458253 2.670704001154805 
0.9977163958226981 0.5797173546911253 -0.001016145758415615 2.668611616771855 
0.9989344554926902 0.585405294268576 -0.001513804407607682 2.67134777965601 
0.9986055832477876 0.5752268295896265 -0.002535944131319418 2.670446625501792 
0.9995409414377083 0.5826294446885384 -0.003940104500161976 2.6726971125583 
0.9958811186236602 0.5958319861553014 -0.006201399896863709 2.664377096478181 
0.9952797682262237 0.5971252782285618 -0.003473949942191908 2.662863510483584 
0.9962759952361484 0.5950964922125641 -0.002123329789175411 2.664955090224109 
0.9899691914121973 0.6076478546737233 -0.0009776954043394725 2.651575209980824 
0.9908298956301228 0.6059709892702492 -0.002856770650581595 2.653402795733236 
0.9907768672335572 0.6069230494231461 -0.004479626437403079 2.653920620493705 
1.00098034423397 0.5609967547019011 -0.005239195027364759 2.674502900655902 
1.006401398834314 0.5424371859848761 -0.02331230327353985 2.683925793567132 
1.004227395795389 0.5622092787955696 -0.0275619247827492 2.682570755758542 
1.010245343943707 0.528206540086707 -0.04217351954172728 2.690029528469844 
0.9888490583660505 0.6099950296156057 0.003121606947053014 2.649356879030293 
0.9898300071260125 0.6080598286847378 0.00146847181349294 2.651344907544744 
0.9896026649853001 0.6089003735996226 0.0008161813767949457 2.651113007989029 
0.9716724849092222 0.5720650890832364 -0.1217406958441934 2.59240509955007 
0.8916602615071801 0.7039556060711305 -0.003290247093436453 2.414115073700545 
0.8787605073361192 0.7304104037489075 -0.01157282182381472 2.398591620861214 
0.9999742242513642 0.5341058262426089 -0.08621548230921036 2.66159585085288 
0.9371534132569378 0.6347073802992869 -0.1117030131175184 2.516564642147542 
0.9468126610328051 0.6482321172469575 -0.08965481657110796 2.550121390641845 
0.9150235666812514 0.7000586738783494 0.1084534980999421 2.487461786606251 
0.9190237406142099 0.6856751733881244 0.09451980238114852 2.486597512005449 
0.8998095634299813 0.691000119045005 -0.08457858271858749 2.437156729987861 
0.8752070586748472 0.7366669223851811 0.03545958437976037 2.392697472895027 
0.8899764374062697 0.7113361988816578 0.01892056039584112 2.414283736309235 
0.9942263095371864 0.601942220104951 0.1085896465592875 2.670062053788426 
1.001192658346582 0.5856638073464949 0.1158850383895695 2.684478722821445 
0.9634815340379325 0.6429256356762977 0.1201348837779832 2.599005903075238 
0.9591157610612322 0.6508609350185688 0.1044431975635822 2.588229245619217 
1.003877515704352 0.5842533652090058 0.0002886804462310531 2.683599451328773 
1.005617955430931 0.5783654767510743 0.001548203938716131 2.686026929495042 
1.027764123686756 0.5564575437064042 0.09403298281386016 2.754358979387439 
1.007784753708209 0.5740148321886764 0.003258988924577719 2.690811222916238 
1.026683619968248 0.5464009966838591 0.02694761511216482 2.740093376323209 
0.9981778282798789 0.5789526037810415 -0.001075428161746112 2.669994998685347 
0.999995214793302 0.573878276099792 -0.00297238061415331 2.674597499814598 
1.013275426459246 0.5393053411188455 -0.02865908462003627 2.705984739841322 
0.8587609468589048 0.7181856282449977 -0.03112390692085402 2.33062338998454 
0.9192512045267698 0.6450005396917998 -0.1088960656429097 2.466478862354477 
0.9417939726002693 0.6815324772448408 0.1286136067995842 2.55934280825851 
0.8866729414168691 0.7284373146275267 0.0678602661742857 2.421041320315233 
1.005237128656004 0.5990625719555592 0.1281838551577906 2.708204901983676 
0.9850570371697296 0.628110216042313 0.1306320693841838 2.660692645725282 
1.003622532084292 0.5850615522793254 9.393860306936638e-05 2.683218887144259 
1.004566409609489 0.5819262326360412 0.0007964581443886256 2.684552604064762 
1.014699169461039 0.5586565503113565 0.01206888226729211 2.705680753367989 
1.019337428158045 0.5481400099779318 0.02211301594433336 2.715980785817305 
1.032140911697869 0.5451023323432641 0.07252420773716625 2.760902403997735 
1.009932017171768 0.5675520757733987 0.006307488514698255 2.694428413823148 
1.030267936014594 0.5454500940389087 0.04649498265149386 2.752770845360303 
0.9975573482470458 0.5800702833011813 -0.0004776189846827366 2.668286311483953 
0.9984444174471335 0.5760507791906913 -0.001397587510777894 2.6703834246195 
1.00514301186638 0.5567205964349546 -0.005920767318260062 2.686561081305647 
0.9998704067753001 0.5640125140103515 -0.002203547227840481 2.672482035748651 
1.009235411310831 0.5464850700851916 -0.0158664764743859 2.695695498662911 
1.013934231329184 0.5274078416007435 -0.05489021522848493 2.702719590148983 
1.014600884410742 0.5304956864949354 -0.03853238360195746 2.705940035844852 
0.9557903984056639 0.589092551642394 -0.1308104033786141 2.551226137964834 
0.9824861382570722 0.5583355327703196 -0.1244477924836407 2.620786345692056 
0.8547072623319975 0.7269123872284948 0.01200347341108943 2.32419718125506 
1.000149793322999 0.5411887788830532 -0.1045859636903029 2.667398343457646 
1.00914374634528 0.5319113075041801 -0.08140615677308691 2.691082282898143 
0.9369644528190835 0.6206167091554264 -0.1180972227376631 2.507851826241037 
0.9101436776159184 0.707563520583133 0.1072714059120908 2.478306449301424 
0.8718480078605879 0.6972814155562039 -0.06613518579980578 2.355498235458759 
0.8923505176780253 0.6732551652626779 -0.09975348379393953 2.403472629191231 
0.8671702994917281 0.7385524039037397 0.0287133384885391 2.370242743466016 
1.018891889181688 0.573827312459166 0.1142353981690839 2.736711556251563 
0.9659623104170233 0.6558981334871854 0.125662643078608 2.617206901716875 
