1.006443526519994 0.5802492410149384 0.004248631832827903 2.689862543198413 
1.004292359023947 0.5840024642944154 0.004423907156275468 2.684857167310907 
1.009831812711217 0.5723121317406472 0.004128617878156307 2.69669036070758 
1.004844298711367 0.5840899697394476 0.009547961869246238 2.686802799603182 
1.015103365219967 0.5626990278102585 0.02654487719574582 2.709590423177689 
0.9857807264229658 0.6219829644526542 0.05495090836704433 2.649273638725444 
1.013972207589196 0.5607016852363537 0.06301587709184442 2.706758291326185 
1.005417051633021 0.5895208608070669 0.0511662221606265 2.693651622354418 
0.9708385144527014 0.6401705637726141 0.08055480236060863 2.615183130056375 
1.003936003785787 0.5846530421017445 0.03128299015605484 2.684699525153114 
0.9949661128449225 0.6022484007653776 0.02969371140892787 2.665426225593598 
0.9854714742464507 0.6151309505404698 -0.0002416416088919041 2.641653338755968 
0.9992206390024474 0.5938769686831585 0.01344407008259247 2.673935383584362 
0.9835710381440188 0.6160078531074312 0.01605661949104744 2.63612881061944 
1.003669441370374 0.5844107580666659 0.01296792403088776 2.683121318398694 
1.00587569313404 0.5831744401596656 0.02545780370698612 2.690107015196005 
1.00592357239329 0.580096759811491 0.002965087630858184 2.688030015411102 
1.004699166342661 0.583026429041159 0.007338551208558602 2.685673474160417 
1.004864586483 0.5827293452155691 0.0009950511344840472 2.686009471420868 
0.9993522265020193 0.5885402155738381 0.09292406535121771 2.676967018801662 
0.99990444462432 0.5850028552796105 -0.001013765912029772 2.671821966701601 
0.9993970715217676 0.582671754304432 -0.00191673934845759 2.670179364618934 
0.9998457363945532 0.5855970630809186 -0.00269088745739306 2.672002040789857 
0.9996907552394251 0.5799241589530352 -0.004601814152445625 2.670851708401306 
0.9977034113881045 0.5890566344901017 -0.008224221274963398 2.666658204639447 
1.000160467616123 0.5777647201700385 -0.006888276524903078 2.671586588664886 
1.002277238395212 0.5635235150856186 -0.01548762265933977 2.674553601578189 
0.9893473878853227 0.6063325856936813 -0.008509591632386073 2.649028048927003 
0.9940668384745529 0.5983447261327033 -0.003788727061223093 2.659549975619943 
0.9995236904255714 0.5817966792906519 -0.007306649262590888 2.670043097958439 
0.9978815072259158 0.5881346091349028 -0.01648206615591808 2.667499219215619 
0.9918116617403467 0.5928131432711393 -0.0384029413182408 2.652079430155307 
0.9916200408486554 0.6023760431886673 -0.01181404308665001 2.654299630508204 
0.9700179248464624 0.6193238542286618 -0.05545138373715775 2.599148748746014 
0.9853411977863348 0.5903147386471626 -0.06825914324784942 2.634755973017107 
0.9793681104231644 0.614320395743661 -0.02315999181913666 2.622332024347822 
0.9900418823839261 0.6034652547137431 -0.01259347348942056 2.649758401102121 
0.9829923528314858 0.6169600537336611 -0.002559974518277857 2.634776011898968 
0.9872073224625924 0.6031462386520012 -0.03158355196168337 2.641988122601324 
0.9884041236253464 0.608040514874555 -0.0035286595902583 2.64678903525112 
0.9650888755241039 0.6384333046312686 -0.01712389882442988 2.592233782173411 
0.9836742775812132 0.6161039870391727 -0.006734564627124054 2.636528167433573 
0.9757808141524568 0.6265594335912819 0.008691493734486898 2.617621361420306 
0.9158365848182081 0.6973958432971663 0.02224125280101849 2.481468610479062 
0.9410690670369635 0.6737015013606505 -0.004460114185311187 2.541080501492603 
0.9716391930432551 0.6294996472814437 -0.04409748378846161 2.609556230358796 
0.9574999360974107 0.6531526223299775 0.01613011641338648 2.577559172102576 
1.001595696982282 0.5556404273636736 -0.04014853977962591 2.669775373041142 
0.9961632291722968 0.5889724529260604 -0.01732613672009195 2.662293172618425 
0.9789400456032156 0.583646331695833 -0.09362107620676445 2.615500772064134 
0.987955524138345 0.5955790651988568 -0.03739816331733032 2.640937664384026 
0.9550912275677692 0.6372778207241764 -0.08361064834261753 2.568658764284995 
0.9264022394895273 0.6681279638966033 -0.06618768176019765 2.497111138698179 
0.9890207169043256 0.6082130861065346 0.003478254219064252 2.648852319879002 
0.9949976975286863 0.5988673072498216 0.009031698111135878 2.662878919923805 
0.9953200022155191 0.5996925948505836 0.01222385427228791 2.664502994710347 
1.000767166920655 0.5888103314766578 0.003932974795054753 2.675930495745361 
0.9609636188243534 0.6488563059254037 0.01032485378575473 2.585421404161444 
0.9450401846786626 0.6686449022617234 -0.02969961368069383 2.550887928020205 
0.937245815585533 0.6701027160559093 -0.01532140387807115 2.526703962792006 
0.9131988904970255 0.684738134327315 -0.0440997335755044 2.466722927944954 
0.9550695622848068 0.656750964517929 0.06010604649778013 2.574598530548244 
0.9819683304703182 0.6227537713498171 0.02013545044716262 2.635444641609488 
0.9856875759591155 0.6093739342577353 0.09646541097377674 2.645373576519591 
0.9766226463809567 0.6267233269749481 0.03643587201424629 2.621333504347292 
0.9946381999926858 0.5999026821343308 0.04634432357887998 2.663806709967621 
0.9635203450515836 0.651423349387202 0.06188283856051931 2.598154503549726 
0.9147116864296346 0.6937023646913071 0.06357725145602414 2.477330103405249 
0.9555822854612827 0.66800290967942 0.07128103878601155 2.585902111311718 
0.949226327130784 0.6524337721601841 0.093652995717254 2.556594568590323 
0.99686089517843 0.5959454794822293 0.01615565297337539 2.66738793362242 
1.00606988793667 0.5858280849039076 0.07282491758073228 2.695406366545738 
1.005682157757413 0.5811914570884282 0.0004868473335470768 2.687847975958058 
1.005273458672197 0.582169287375163 0.0003060236074584127 2.687048929472133 
1.018122783881698 0.5604104176076188 0.0280765415042609 2.718554948494027 
0.9972302203989249 0.5984964091263761 0.002536493259806444 2.669995350352714 
1.004633924650183 0.5834317574140671 0.0006173112539206344 2.685647794833634 
0.999916098770715 0.585477804362815 -0.0001201885169890758 2.67166952071644 
0.9996616856620651 0.583870036142132 -0.001138688152105237 2.670839089077972 
0.9982451679834566 0.588555793446193 -0.001594238393988324 2.667753183546709 
0.9945752737343989 0.5964888290120687 -0.002243545503785257 2.660121969583303 
0.9926806688123265 0.6008780184140476 -0.001783125438888116 2.65642559293809 
1.00213525277616 0.5660239730401223 -0.007570518234771642 2.675792214420559 
1.005092126733754 0.5543633757138642 -0.03713379395808611 2.680894918686359 
0.9930674183451809 0.6032313486215097 0.001783334852313531 2.659084942774284 
0.9734803839538432 0.595980930523588 -0.1118470061811803 2.607422068446013 
0.9960825903702596 0.5642670254359282 -0.07838952759324944 2.659430772130892 
0.915154496061536 0.6731116080900651 -0.06767662805427135 2.46657753113889 
1.006809721800527 0.5790891277378049 0.001380895479146111 2.69040751774324 
1.007030071044023 0.5784800084135849 0.003399715993054523 2.690803733660631 
1.007536273363373 0.578520146697167 0.004393406866298457 2.692525100906927 
1.003094777210531 0.5865444054719654 0.006054659390208383 2.682369509901018 
1.003117355892301 0.5852106649888126 0.003762449101300806 2.681641496583306 
1.00218685814674 0.5878735461167746 0.002414373512003657 2.680099864503176 
1.010470973134051 0.5720932470727953 0.01133481948331844 2.698795211041612 
1.00975552827288 0.5732867262854736 0.005876536371493438 2.697000825498713 
1.009160889811987 0.5750654489180318 0.006940501669814707 2.696020648448196 
1.007617599942872 0.5782068498534843 0.007747199404380797 2.692645479818931 
1.007013466392007 0.5779314842189576 0.009802963116451445 2.690489760375209 
1.007739683943521 0.5785568191607545 0.01208104532658398 2.693311577129472 
1.012403382474712 0.5689561623044724 0.01765367906161546 2.703666357653257 
1.014302668260119 0.5636630770492919 0.01583981372312632 2.707090897235174 
1.015855768296839 0.5603552586243037 0.01275842151940859 2.710442197034329 
0.9962828840352219 0.6033822739860593 0.0543550948388449 2.671951795373841 
0.9918743709270315 0.6103882734184678 0.06450128339018886 2.662453987354487 
0.9910897881633729 0.6125869097008908 0.07337850697491552 2.662419243371267 
1.015830741084504 0.5606512840642526 0.04426949591660995 2.711684873382281 
1.01807238755636 0.5607328764801438 0.0579203591167841 2.720274708818195 
1.024141081768619 0.5377049869306669 0.06063535241775288 2.728759373844485 
1.013513180853476 0.5734029344902212 0.04308799330201425 2.710941436022499 
1.010313688580528 0.5750141072639484 0.05288717381574294 2.701675265375766 
1.01123464397526 0.5792283883877127 0.05862633809376431 2.707691426128451 
0.9788023385075452 0.6288672922235484 0.05889080901286356 2.63116253540323 
0.9759310090814013 0.632551163962359 0.07214392510884865 2.625836359421613 
0.984244247333835 0.6222468120860862 0.08343342973354446 2.647090362001042 
1.009620809886368 0.5733927333909764 0.03777866176923333 2.697605585451041 
1.004972226278599 0.5826216678987625 0.03542473615655141 2.687246584130173 
1.002554028542023 0.5844893100699523 0.04312116421573044 2.680642158641358 
1.00087072310784 0.5911286919453633 0.02848981459923118 2.678231041724223 
0.9983012151372154 0.5943925748265667 0.03442527258493374 2.671863262121693 
0.9983550161359033 0.5941415709620053 0.03824724418741584 2.672208498374943 
0.9877285034259916 0.6109078352298503 0.005759613702945606 2.646336269699799 
0.9854745488830235 0.6139018449905769 0.00525893736388338 2.640873404948291 
0.9823385347662009 0.6185597013287357 0.007809902363519197 2.633681145454276 
1.002291306236747 0.5876770582887619 0.01165442223501431 2.680427336058314 
1.000977235440073 0.5891771058246502 0.01601085058715224 2.677013417870798 
1.001272934400632 0.5891391213760305 0.01882599351721439 2.678074855845333 
0.9885794984127168 0.6093176047416685 0.01063019889118706 2.648165357458097 
0.9861862684166188 0.613042024292449 0.01496686530033922 2.642817291418772 
0.9884539497061274 0.6095104603014464 0.0210547632650909 2.648150583582618 
1.006747537539124 0.5785253763342322 0.01767721707350526 2.690096005825471 
1.004645226125078 0.5833734088713309 0.01638157704737793 2.685853684738558 
1.003392667409617 0.5835592989046078 0.02141796158814398 2.681908030015578 
1.009678708759824 0.5749805465153139 0.0191265432244529 2.697936594358226 
1.009279263416176 0.574972691042094 0.02636537648400161 2.696810286778482 
1.010736345972731 0.5721721805046071 0.02757009186304157 2.700200123735775 
1.005801782316837 0.5808104827598475 0.001336257089410084 2.688028892093178 
1.006034275384567 0.5807135061497323 0.001569659201069422 2.688750271567556 
1.006383482822878 0.5793265676270077 0.001192144096923038 2.689118704062421 
1.005519067090932 0.5809680470504681 0.004997990983490135 2.687194230113333 
1.005756548558099 0.5817593836488991 0.007184886107387058 2.688464429272926 
1.006863495419745 0.5781945219042468 0.006587279339429295 2.690105673336013 
1.005382541968183 0.5816315548819494 0.001315460941228928 2.687102958346785 
1.005084617073658 0.5818565727716398 0.001347803358091202 2.686238291175324 
1.005035266527916 0.5825075282958181 0.002898317877583685 2.686456780519347 
1.009918629936769 0.5698254108247198 0.07823397706536285 2.699604626433974 
1.00877152454134 0.5782844750438946 0.09764354664965828 2.702772879821331 
1.015463526041697 0.558025270863022 0.1014667235192707 2.714340289381457 
1.000030287713657 0.5858521581523061 -0.0004208920015281743 2.672292903147869 
0.9999027312330987 0.5859529822462252 -0.0007953738370692512 2.671927177520843 
0.9999140045644129 0.5867300790164013 -0.0004107943360109421 2.672256309525004 
0.9983937192971379 0.578390678303644 -0.0019235207796139 2.667540895973775 
0.9994775389031789 0.582520858307333 -0.001049936319630735 2.670359529598744 
0.9995520475911904 0.5838106997391449 -0.001247556022747456 2.670586679888989 
0.998786421107913 0.5895029967729171 -0.002465688101407122 2.670109641609113 
0.9992311718730037 0.5858470839628356 -0.00351250536118285 2.67010384955335 
0.999845522030903 0.5859297200704415 -0.004747207913253254 2.672337937787226 
0.9985859858984373 0.5729565917662407 -0.002441911104488929 2.667644045029166 
0.9996208220255457 0.5800466866220609 -0.002555698454018469 2.670688169609044 
0.9993516085458135 0.581344719030887 -0.002881326172476303 2.670004489753986 
0.9994241963930478 0.5858784940176714 -0.006601236699792836 2.670910095082057 
0.9987934308866041 0.588227930756864 -0.0056790082544667 2.669785310074404 
0.9980448680920035 0.5898523749613889 -0.003121180173970842 2.667852159784336 
1.001603676829502 0.5723763096844238 -0.009470730083878238 2.675131694482247 
1.000991877814711 0.5726045368304431 -0.006018429330660663 2.673209778625421 
1.00055275297608 0.5665992541201548 -0.005671668901459548 2.672031844599673 
1.003189707032486 0.5582603235197259 -0.02491619511313245 2.675561169713818 
1.004625000403851 0.5604680182946815 -0.01603793024880677 2.681546177646871 
1.004781658475379 0.5452372056162226 -0.01439669439267492 2.678629390600757 
0.9861862078741936 0.6120969390471767 -0.005976756919171319 2.642194729688472 
0.9866295765482903 0.6103710743257112 -0.01019347938271843 2.642645756445728 
0.9857828609487456 0.6113262498269996 -0.01331365938637256 2.640797242393653 
0.9926875929874103 0.6003715964019616 -0.008354950022554871 2.656370708250344 
0.9944098290564271 0.5988079574576805 -0.006696982207197255 2.66112143401814 
0.995380191451836 0.5950993778784563 -0.01056956781348418 2.662291835227513 
0.997750211975036 0.58695336543622 -0.01140761487922975 2.666329050141269 
0.9996300834923342 0.5826781236939141 -0.01108035514157897 2.670926433440531 
1.000513283945949 0.5767883101766462 -0.01093733573130308 2.671632919185752 
1.001938209815334 0.5778878880769563 -0.02554831400649401 2.677366759854343 
0.9998602228666305 0.5773093282096874 -0.02039214893058915 2.669832666686442 
1.001935732028824 0.5773254456078445 -0.01675011221383151 2.676736282407679 
0.9938013308660789 0.5824445311244821 -0.05290581729045916 2.655677580800984 
0.9932191185972927 0.5775962766046497 -0.04419216462019953 2.650272313448474 
0.9982671938070855 0.5763654393617234 -0.03767869368319861 2.666163508366828 
0.9924917841473375 0.5989431052829822 -0.02094358593959578 2.655946530104982 
0.9921637527689552 0.5967768651538872 -0.01667678461454637 2.653061859220556 
0.9949456138422409 0.5946045762968828 -0.01387894769094219 2.660943714185145 
0.9562263902190496 0.6304778259730559 -0.06558607806553951 2.563794744144646 
0.9665866455161954 0.6249784553246966 -0.06498254401247411 2.593710478257738 
0.9662372389832581 0.6086034592695204 -0.07947783579480742 2.584682046310257 
0.9765798602739649 0.6149539164969555 -0.06098220303180436 2.61816022539618 
0.9766459835747898 0.5948104976610028 -0.07189123935182358 2.609037144214142 
0.9753565884788096 0.6033128132142379 -0.08144319195553089 2.611368754569241 
0.9715870136991547 0.6244045579781702 -0.01934454375070359 2.603629832646215 
0.975701403413589 0.6222165900218425 -0.02598249473951762 2.61584531604425 
0.9737877103483781 0.6170139696349473 -0.03505065407708858 2.607370011987995 
0.9869495935843582 0.6072379758908509 -0.01960952867265004 2.642394480810224 
0.9895463084088553 0.605363503437409 -0.01848991859854203 2.649789084019202 
0.9901334158235128 0.6010539560329283 -0.02493024497992675 2.649496379247332 
0.9781471376514823 0.6225377232980265 0.006305472928203546 2.622577936458058 
0.9778886343174547 0.6227612145504098 -0.0005274408676297094 2.621929295952404 
0.9748626512207489 0.6247259468488465 -0.004252807712645286 2.61357951693129 
0.9828535326577326 0.6124055002102423 -0.02602750893794732 2.632644590710076 
0.9823306366587259 0.6059557615232757 -0.03258954604160835 2.627689217711293 
0.9799067741640274 0.6136695420410988 -0.03773801567431138 2.625389219302861 
0.9906328597736639 0.605370241023513 -0.005624722428303921 2.652499142227164 
0.9902464482061448 0.6061118290003031 -0.003142399440144349 2.651656006729529 
0.9907010860937292 0.6053839521886203 -0.001154409984141746 2.652605898170273 
0.9531287550014499 0.6522993715488149 -0.01844759685869893 2.564129195175051 
0.9593102498696244 0.6505549491981325 -0.02384799278539205 2.582933899931925 
0.9548610795316607 0.6469562968571709 -0.03971685284569505 2.567478137789868 
0.9764184882991269 0.6230489154383032 -0.01149055097776974 2.617741363828142 
0.9814444497707351 0.6177384922848654 -0.0113161975409008 2.630628332322533 
0.9825876298852103 0.6165629733767977 -0.01606458048815173 2.633745341542225 
0.9672277542193484 0.6365958166619196 0.01117645986452239 2.597033419506029 
0.9718194434477625 0.6334030962597679 0.007297453094419218 2.609558506293331 
0.9705484905049337 0.6341164667987201 -0.005730513893773149 2.606067930063687 
0.9339066620973887 0.6808455542220291 0.03467406703523337 2.524349642008818 
0.9272723296309868 0.6991841224676912 0.04028430026798546 2.51874157960269 
0.9241118876158557 0.6916553285358964 0.05574667770543762 2.503856590584129 
0.9362470024530968 0.6809912910271654 0.02288878330471883 2.531403925910737 
0.92935373024219 0.6787443375299438 0.007107768610460407 2.50814464956912 
0.9227203297271221 0.6950109303088644 0.009443419319722229 2.500461407641089 
0.9685432478472237 0.6380778308535151 -0.02495409228599531 2.603419621586731 
0.9649840231727027 0.6323960123497214 -0.03998654029068714 2.589654180416542 
0.9612618588115625 0.6450664871422811 -0.0474444282405324 2.587195847084417 
0.944971036697296 0.6643408208913876 0.02162536799350165 2.546485265788596 
0.9516283479041265 0.6623776916997896 0.01460020020182271 2.565816765603738 
0.9485948949493627 0.6628572188595789 -0.001889848895333773 2.556671842378984 
0.9974332773322236 0.5577485113729345 -0.05953120643768567 2.658483332100964 
1.003542355302214 0.5574706433454505 -0.05223082452489319 2.678460732531404 
1.007373232616377 0.5221077445829125 -0.05887216764086323 2.677495325467518 
0.9945377561056763 0.5895306687083617 -0.02806379203398257 2.658083734282435 
0.99803228651273 0.5882228510611099 -0.02405540553990266 2.668838469187825 
0.9991318746954158 0.5779430703674212 -0.03021460410625621 2.668121305934459 
0.9911746701777778 0.5415136528583301 -0.1058483463776643 2.637180260266385 
0.9886076835791481 0.5782199933985771 -0.0915274088215396 2.644128347416293 
0.9896973617480606 0.5709730628478912 -0.07598876244083079 2.641524104346511 
0.9801046024239723 0.6039217702189946 -0.04782991300308619 2.621417973510014 
0.9869594066770304 0.6003026701785827 -0.04566255916894873 2.641675373384585 
0.987418161195174 0.5854667012169034 -0.05608653244491517 2.636441989340458 
0.9549974685079182 0.6043142151438708 -0.1161100279286949 2.555034745820878 
0.9596042215459072 0.6177219604860756 -0.1037676766016785 2.573988423421181 
0.9657708324106387 0.6112724995873235 -0.09682154844693069 2.589420173338021 
0.920042125643393 0.6543716451974451 -0.1014324524924927 2.473858058518127 
0.9319688040111938 0.663559526981128 -0.07747688613838899 2.512593329331532 
0.9444120816972674 0.6532995788886672 -0.0716162019141643 2.543498481610228 
0.9878689222443943 0.6090843056066679 1.124287079479095e-05 2.645640990536548 
0.9886554365028871 0.6085619216408586 0.001051697550167512 2.647866062694766 
0.9905022915178752 0.6057986631451339 0.0002593850643871445 2.652199236186578 
0.9916663587979176 0.6036283644249125 0.007491071123173469 2.654755648885597 
0.9932585041400596 0.601665799650476 0.005928985780581906 2.658806434926323 
0.9938236706393195 0.6012613837292826 0.003145650511873334 2.660387287106917 
0.9920075932488882 0.6048364090783194 0.01822658999523497 2.656903332724336 
0.9929943806000981 0.6027460181397815 0.01480011319655442 2.658712437391461 
0.9912423552763655 0.6068949971521981 0.01033359826376415 2.655434984385987 
1.001282257989257 0.5878399625579533 0.00922772504360941 2.677125196436352 
1.00030095931906 0.5907876761142724 0.007131698115583234 2.675589562833445 
0.9986730758446649 0.5919423806385329 0.009984219511061061 2.670894412386848 
0.9541735924210566 0.6557181858427888 -0.005696431584785825 2.56905888066152 
0.9579664876585746 0.6472059289095882 -0.004602654655634134 2.574852997027559 
0.9652385817598099 0.6403809531074812 -0.009390961305882536 2.59341001879002 
0.9343549958851833 0.6798223243304954 -0.04813198520815051 2.527705467022006 
0.9394303072761508 0.6653192533073308 -0.04369941423662214 2.532314528872944 
0.9470148693538538 0.6632926812624697 -0.05418514422748153 2.555602248446044 
0.9152306986845062 0.6910689187564943 -0.005504824193059339 2.474495347994119 
0.9274283796006892 0.6882059732656751 -0.01581449191489161 2.510410437885809 
0.9217443795543653 0.6828943574233795 -0.03138340552531627 2.489505309830402 
0.9052780185125751 0.6983083937848382 -0.01241563934876533 2.451025200581465 
0.8998631114394927 0.6918017731148053 -0.03916114246319184 2.431016686544451 
0.8874265542908509 0.708304606179248 -0.04931973615724917 2.408638379538399 
0.9460545498125037 0.6648566100572634 0.03898712228181579 2.550504984632355 
0.9506231030649531 0.6633856417058192 0.04180020751615039 2.564143947374099 
0.9575579331964177 0.6538650068716058 0.02939715559335428 2.578353135096244 
0.9883959600960029 0.6113859132064077 0.0260862375918549 2.649342798759131 
0.9846953024561355 0.6167670750674007 0.02907298207774044 2.640713390306894 
0.982377701032443 0.6197785711802699 0.03434614867592199 2.635536584955293 
0.9852814748359787 0.6096616082840904 0.1238994412163215 2.648149170551474 
0.9812551993992197 0.6212512657144614 0.1126254335110744 2.640611042669398 
0.9686490173574275 0.6364422142940048 0.09646555165530107 2.608053995971968 
0.9695579570097432 0.6353480203597928 0.02571743408237109 2.603813487013327 
0.9729502130514612 0.6316788614135848 0.02522915075707744 2.612350194378001 
0.9772398261436881 0.6257233734036353 0.01848897864539356 2.621879655236131 
0.9863598804621868 0.6119542593308122 0.04540718087022214 2.643967440753955 
0.9899784956371249 0.6073084980373338 0.03988223638287386 2.652706412212198 
0.9911575225457596 0.6061848662869503 0.03315094145666225 2.655378798351347 
0.9646224953117438 0.6519108476425421 0.03442515512091 2.599915748376973 
0.9689802479842962 0.6437079758527221 0.04974354799462422 2.608853869562684 
0.9743287683634211 0.6364111240686137 0.04591503641795821 2.621000232135943 
0.8992517072280247 0.7173306380861948 0.07409587535864451 2.450280361923531 
0.9068735527696027 0.6964359135182616 0.05908136511627977 2.454961710571919 
0.9036709033517876 0.7064983425746461 0.02819176710393677 2.452218092938401 
0.9396411105913505 0.6886230161368085 0.06896786137083744 2.551114941855389 
0.9437601784959012 0.6709192306145225 0.06020743435548751 2.549583759471124 
0.9444918608452142 0.6800579786060467 0.04681699210107552 2.557640141086643 
0.9438426943600819 0.6628832142713607 0.1200946689595164 2.55053785805281 
0.9421783868226545 0.6680593877407451 0.1064387495610442 2.547192406003623 
0.9313040282080514 0.6736010601943873 0.09454574433021598 2.5158390447496 
0.9990438256838262 0.5917700513730138 0.02429479105333923 2.672375782540548 
0.9965054997141227 0.5967930141287464 0.02072826229743112 2.666883351075844 
0.9941803319907102 0.5990967794616403 0.02459300314540101 2.660675881056749 
0.9971035262787422 0.5996663558404285 0.08407569579175216 2.67501982319523 
1.00085926582528 0.5937396400625975 0.06892109654338908 2.682497405486495 
1.000136819792657 0.5953031292530189 0.06092254254754591 2.680170512197999 
1.005674037367042 0.5813110416904006 0.0001444104182180151 2.687889668619412 
1.005725081971861 0.5811774338041277 0.0001647029312359266 2.68798300096271 
1.005819159131188 0.5810423897855028 0.0001393602571032236 2.688219285696319 
1.005872627528771 0.5811135695486535 0.0006589853018273491 2.688439481242962 
1.005960332552154 0.5805826077214671 0.0005528953635540481 2.688425946007976 
1.005572559819863 0.5814894367072363 0.0001155905040280516 2.687653875035024 
1.005373077983012 0.5817363195951153 0.0004932246093695915 2.687130660405259 
1.005440027084854 0.5813150670396531 0.000608052423438377 2.687110631685032 
1.007905093347422 0.5763507002876617 0.003319741234832518 2.692519538792553 
1.00775174080577 0.5767681840672529 0.002459077370119213 2.692235426124447 
1.020941246990547 0.5505047767180847 0.02349032717612789 2.722607895999122 
1.016193054716738 0.5640293202000805 0.07899498418782321 2.717482189435477 
1.02368387428937 0.5437572832961123 0.0805165252750831 2.732060619533049 
1.000643451073739 0.5917556043550994 0.002037905545866857 2.677269588356139 
0.9979011129438126 0.594729965541724 0.004442786519044176 2.669946136576617 
0.9975987157220999 0.5956804174539486 0.006470573594473216 2.669551010918284 
1.004414099993145 0.583025063913661 0.002882479755993772 2.684683637448699 
1.004027545271665 0.5846847822416397 0.00218770598568502 2.684359444538806 
1.003469091829377 0.5862866438632567 0.001389398188502932 2.683434689760829 
1.011942510347664 0.5676067781024723 0.007726363161001732 2.701174792047831 
1.011385235396725 0.5699097036736316 0.01025830756014745 2.700626359286727 
1.025154495448792 0.538001259503066 0.03630963581863045 2.730849917764419 
1.018981683527268 0.5621863319129498 0.03808401204169203 2.722873571602239 
0.999965214277546 0.5855806312436914 -1.595406690071988e-05 2.671779263288271 
0.9999520449779155 0.5858586658020355 -9.330226219133349e-05 2.671897807425425 
0.9997667329881017 0.5861689217160502 -3.535933704308675e-05 2.671437821697123 
0.9985096645692521 0.5790229827955016 -0.002053441955770869 2.6677422502137 
0.9997064424971654 0.5838472612738818 -0.000934673696222263 2.670975089721084 
0.9995802184773919 0.5840734959763204 -0.0008480544425815683 2.670543834980589 
0.9995253827645164 0.5852456704942414 -0.001788017132589523 2.670702248119167 
0.9994386032461516 0.5877731882695746 -0.001401777689417855 2.671286198204436 
0.9992291376425269 0.5871514919587475 -0.000953807436993169 2.670224729828367 
0.9979188233971159 0.5744840849173816 -0.001107296631420652 2.666003218522706 
0.9991413035420091 0.5813035728147081 -0.00163669243793028 2.669542174745877 
0.9989909106568887 0.5696069793349778 -0.002598169397892112 2.66822983113511 
0.999921892710121 0.578103153508709 -0.003973756031061745 2.671216728157146 
0.9966456575937211 0.5926772261977347 -0.005994273358176878 2.665017895912723 
0.9960466647099542 0.5942701929647425 -0.003364091262822423 2.663695611706041 
0.9969353813757966 0.5923252095963843 -0.002052017409766564 2.665489786025847 
0.9912996250908107 0.6043377864983145 -0.0008702493136064199 2.653944703956163 
0.9920220441631618 0.6027683493836715 -0.002693117059941861 2.655390178604586 
0.9919622102557504 0.6035716246177787 -0.004212656904190103 2.65578570887224 
1.001374349091129 0.5547469424515045 -0.005239510620034351 2.671949844505591 
1.006807487329782 0.5362060882211481 -0.02297810270835621 2.68154890972358 
1.004701838491634 0.5566439951634448 -0.0271454871281624 2.68080033784158 
1.010579768670833 0.5222627954738948 -0.04155590113353486 2.687661807571548 
0.990560919564732 0.6061895916217032 0.003268546027879893 2.652667287639117 
0.9915080360037747 0.6044277310531825 0.00158403671306675 2.654664436154116 
0.9911911809955907 0.6053625512145312 0.0008817700679239634 2.654189830068777 
0.9730348975691415 0.5661430651405448 -0.1200958853113756 2.592870266272563 
0.8959909680979062 0.6982895699411641 -0.003078901692788604 2.422683049530845 
0.8832813476761107 0.7246968579935535 -0.01118832463733752 2.407205715953619 
1.000590226792072 0.5282592099035283 -0.08499926587203716 2.660090556772816 
0.9394939163792682 0.6288174768407608 -0.1101464905442099 2.519583497920147 
0.949070029331738 0.6425917768512105 -0.08832094572023792 2.553166558894878 
0.918635914519371 0.6947483557215759 0.1075173683351934 2.494371879552504 
0.9225563513809745 0.6803708318654839 0.09379017417707633 2.49348198815705 
0.9034085616206957 0.6850547542204284 -0.08339883104702149 2.443298148169859 
0.8799320791046764 0.7311444535356993 0.0352153845367273 2.4019842132595 
0.8944458352584714 0.7056028157169835 0.01902067585149848 2.423143505951755 
0.9960624823894477 0.5972542501021647 0.1077659678514665 2.673182155866573 
1.002914777750028 0.5810045029323332 0.1149261132931342 2.687347266559442 
0.9659825453472545 0.6378882781608737 0.1191260673977026 2.603535732312964 
0.9617167381254219 0.6457655515499084 0.1036488611175974 2.592987277503698 
1.006030613846269 0.5800644587461812 0.0002859401814790799 2.688362237073201 
1.007594235165454 0.5740838450244007 0.00154019201913134 2.690186964435866 
1.029020349545939 0.5520021945941717 0.09335779868086411 2.756126649229499 
1.009662492669377 0.5697156439657732 0.003242833051156768 2.69466655913685 
1.028070926402334 0.5420717526931539 0.02675502346953506 2.74250410496572 
0.9984356662367586 0.573607405855066 -0.001124904264554287 2.667510573233328 
1.000462635297728 0.5682210615344364 -0.003081775538353482 2.6726461673752 
1.013519652612571 0.5331021612774588 -0.02817794079402871 2.703108577337493 
0.8636285421506497 0.7125563003121868 -0.0308085723813626 2.340129808605654 
0.9219442594440039 0.639152889168683 -0.1075971216111983 2.470440742590148 
0.9447448544107153 0.6763703809498123 0.1276156637287577 2.564708780972908 
0.8909886152019535 0.7230681766245681 0.0673727424818461 2.429473654969355 
1.006898515704061 0.5943314155675885 0.1272102604086763 2.710746253658997 
0.987128608923954 0.6231931665984042 0.1296056507523686 2.664149903615973 
1.005873388192688 0.5808627188493013 9.289847983608714e-05 2.688296738262953 
1.006622021263035 0.5776976083626278 0.0007958822220199385 2.688983237280865 
1.016354020366719 0.5543181781173244 0.01199004274830765 2.708880014554903 
1.020859912901775 0.5438050060308587 0.02194029946676241 2.718806202166121 
1.033335445218329 0.5407367934221785 0.07202549415504256 2.762620606543329 
1.011713595133859 0.5632328783499787 0.006270797684754557 2.697995088746496 
1.031538861953048 0.5411112642444991 0.04619538887405459 2.754785829843352 
0.9976390306302416 0.574865369667023 -0.0004844995349058846 2.665283746313333 
0.9987823604658883 0.5704203934807901 -0.001396702357679492 2.667991944801102 
1.005490358684917 0.5504276836309874 -0.00583101628253698 2.683865965142039 
1.000222741586077 0.5577393890228259 -0.002171043459829738 2.669744882372217 
1.009534255411969 0.5401662809688691 -0.01556789251817161 2.69288507094102 
1.014195972638104 0.521485184698247 -0.05418209192710596 2.700124882212458 
1.014808141487259 0.5244840420610171 -0.03799517357036943 2.70310193464819 
0.9573806987817102 0.5831950412627823 -0.1293284146781573 2.552256984058178 
0.9834548681193048 0.5524267022838755 -0.1229817597510883 2.620115641604139 
0.859962923636394 0.7214299127073922 0.01191214587635173 2.334845139681722 
1.000746082587239 0.5353489912067088 -0.1033295996881599 2.665769344213055 
1.009493856621622 0.5260133067573389 -0.08030007721728726 2.688702420528819 
0.9390891256509416 0.6147535318412544 -0.1165967143377083 2.5102960093793 
0.9138620761976967 0.7022805638853307 0.1064567157451215 2.485450412213816 
0.8761435961184242 0.6915178399400466 -0.06546867681897214 2.363540931365723 
0.8958452655980471 0.6673530528172175 -0.09871363882546318 2.409379091963586 
0.8720885170668641 0.7330294271962698 0.02861823540592514 2.379957908544276 
1.020298298121044 0.5692602507060627 0.1133791893848928 2.73874767484343 
0.9684387000669978 0.6508103974224021 0.1246628936978655 2.621534488457181 
