1.004899574374071 0.5834052568650082 0.004196905013805639 2.686530461555888 
1.002776717072008 0.5870963050543161 0.004375265466668996 2.681607490047556 
1.00836940767391 0.5755671566181728 0.004113870600531847 2.693641328785874 
1.003384081223418 0.587212393246441 0.009509948800656901 2.683752323457098 
1.013818901236334 0.5659555491559932 0.02659232178181064 2.707082113841012 
0.9841325025501791 0.6256301891954045 0.05522850500477971 2.646215955163682 
1.012722629014051 0.5640877176969961 0.06336060171904445 2.704464993874115 
1.004062797349231 0.5928915727237549 0.05141596614328163 2.691140427673774 
0.9689191641289813 0.6440468472016432 0.08098825760296287 2.611610219363524 
1.002532000819196 0.5878795193624172 0.03133019844273839 2.681907241321958 
0.993479594342434 0.6055587284781168 0.02973984388238126 2.662524774117413 
0.9840869555304613 0.6182724046497728 -0.0005997554348885352 2.639079146278752 
0.9977717119905303 0.5969799749889314 0.01340874174336868 2.67097383097945 
0.9819987876043927 0.6193024899341604 0.01587032857240081 2.633045370105476 
1.002215497747358 0.5875396806866267 0.01291418318810657 2.680101636963027 
1.004489596615597 0.5863831930705425 0.02549906167913649 2.687348737990929 
1.004356137928575 0.5832571269630331 0.00291581932039576 2.684623945560188 
1.003217003840469 0.5861501661424461 0.007296985785915992 2.682547105736058 
1.003271280533417 0.5858479503491653 0.000975106544982767 2.682508184406601 
0.9979163230950161 0.5921085149496129 0.09352792752237364 2.674387945283509 
0.9996474089423512 0.5875284118095903 -0.0009826527047962512 2.672466852019764 
0.9992065046737123 0.5856097838669092 -0.001698630612632194 2.671314650047666 
0.9995174391899853 0.5881244018694936 -0.002660260924630562 2.672413293188047 
0.9993550940935364 0.5833116746297601 -0.004468286794884047 2.671783620124871 
0.997134862415922 0.5915728121106635 -0.008321507852909721 2.666274977115709 
0.9997858989496593 0.5812772987608357 -0.006874291534659325 2.672461435895694 
1.001870381721344 0.5676730386108171 -0.01551369732522975 2.675699749818027 
0.9882712827565779 0.6091323641628514 -0.008876217286031591 2.647212087387722 
0.9932722819301035 0.6006841962240876 -0.003893359721319795 2.658332755404473 
0.9990778595394437 0.5849123851796669 -0.007522742381618522 2.670431065671028 
0.9972956906071183 0.5910177622674118 -0.01673904695039515 2.667294864802049 
0.9910593847403274 0.5960743282415728 -0.03898493362017928 2.651638815733396 
0.9907123672870197 0.605132082213341 -0.01218163350233881 2.652996316465452 
0.9686780812519055 0.6231155211360759 -0.05637093884212284 2.597371256647075 
0.9844590792614382 0.5942569325472359 -0.06924750333987141 2.634428216141738 
0.9780759704074761 0.6175489656288901 -0.02382107661816973 2.620183005845425 
0.9890534685613982 0.6062436522048169 -0.01297415746759131 2.648211828634238 
0.9815845727240794 0.620131287425253 -0.002979054243230239 2.632167654968338 
0.9862586935162235 0.606313047559168 -0.03223948668570775 2.640874253737135 
0.9871990982002049 0.6108691202429759 -0.003840334068856526 2.64456825268994 
0.9633558914914134 0.6421802158832542 -0.01782409068048876 2.589191119905783 
0.9823500621853951 0.6192419393329567 -0.007202073744462274 2.63416937286715 
0.9740971162550324 0.6300753536925974 0.008336450035260724 2.614413855530275 
0.9127402970929679 0.7018265985666465 0.02215093896885634 2.475389915950912 
0.9386662166422041 0.6779582956418763 -0.005029597888220318 2.536636761944962 
0.9702491825215261 0.6332301100547558 -0.04505495483352048 2.607593444111288 
0.9553944828035779 0.6571226466610872 0.01585522093180738 2.573573103223225 
1.001081293837146 0.5598588960853811 -0.04069301923684417 2.670605444943241 
0.995512669059385 0.5918582943599284 -0.01761846056336402 2.661883756293421 
0.9778663275808585 0.5880190339539947 -0.09470000317717271 2.614882521227938 
0.9870700596865576 0.5988667674437524 -0.03802109175641548 2.6400970851582 
0.9533962096432296 0.6416989976746953 -0.08479242720220202 2.56644310477758 
0.9239106186492119 0.6726282705103447 -0.06713026921623401 2.492785511436093 
0.9876528168699439 0.6111397912659439 0.003321213650021923 2.646149628071191 
0.9935567016165 0.6018766549296922 0.00895199477846388 2.659924078134642 
0.9938654484979721 0.6028093224388172 0.01215727324410508 2.661571178779039 
0.9992910158949865 0.59183922544448 0.003893995492638255 2.672807931341632 
0.9589779633113937 0.65272182457304 0.009938425129090822 2.581695465448247 
0.9428568016750912 0.6728643106526276 -0.03048084383589988 2.547082406719047 
0.9347817783196216 0.6743529967426485 -0.01594621158473764 2.522083129354398 
0.9102966388299436 0.6892934877052378 -0.0448701500875739 2.461362944583594 
0.9528467576038181 0.660775702695279 0.06034952696632574 2.570337841158204 
0.9803349822242088 0.6262659441832558 0.01998818953798706 2.632344675476659 
0.9840343159448169 0.6130846773585427 0.0971068458907481 2.642344774890751 
0.9748355029946865 0.6303535720434416 0.03642379455389769 2.617865087326491 
0.9931324202260975 0.6032973606342051 0.04649922592898288 2.660894716823758 
0.9614663552991322 0.6554105431104121 0.06220987634525568 2.594324081569186 
0.9117055879700845 0.697965900437711 0.06398254794261028 2.471418908115241 
0.9533745027748773 0.6721453172326785 0.07167524103823578 2.581865776796216 
0.9468874315681022 0.6564442209109359 0.09425976050871503 2.552029951064053 
0.9953985284298515 0.5990558922335518 0.0160976632095814 2.664404425618187 
1.004724543668155 0.5893059906577065 0.07320791856439317 2.692992154299914 
1.004005629564439 0.584362819359348 0.0004770508118476007 2.684090008566085 
1.003636632044349 0.585309827122322 0.0002940616152875886 2.683411242453866 
1.016884231435838 0.5637024110633552 0.02818435398751961 2.71620195084181 
0.9957980845034898 0.6014413482760925 0.002521794271114021 2.667019949036965 
1.003062656224569 0.5865338308014526 0.0006064067647619237 2.682214098549571 
0.9997492311073227 0.587863606771542 -9.730554511728046e-05 2.672520354706259 
0.999565797279142 0.5865122620812057 -0.000931223573551435 2.67209715756769 
0.9978535539533051 0.5907212545267266 -0.001618912790275114 2.667735378212511 
0.993847911809035 0.5987673301746642 -0.002308055442855141 2.659083764100006 
0.9917578502665642 0.6032742958870375 -0.001878514648690968 2.654828033975583 
1.001793113048654 0.570197155592815 -0.007588146183635651 2.677188072174281 
1.004657162329337 0.5586544079036623 -0.03755130090597419 2.682013868027709 
0.9916810143645688 0.6061112861581912 0.001762361444356364 2.656256228391281 
0.9723154338052323 0.6004253216761183 -0.112968769417111 2.606670641227952 
0.995438711161282 0.5685655220319866 -0.07922297205804534 2.659990100600452 
0.9124004970911985 0.6776180461159667 -0.06844457061552744 2.461574571544487 
1.005235232594794 0.5822691045952375 0.00136293203300351 2.686981391297902 
1.005489101430736 0.581661281420182 0.003362275007739089 2.68748667295396 
1.006017812912257 0.581698455709212 0.004354309512817348 2.689279341407542 
1.001613398821505 0.5896147784354234 0.006011250044104577 2.679235047229708 
1.001620333200658 0.5882926555873271 0.003735126793324379 2.678456828238784 
1.000691815212338 0.5909077764578289 0.002390517287177193 2.676907930102018 
1.009059947779704 0.5753077539966837 0.01130658352531582 2.695891255503283 
1.008306082541641 0.5765066995022151 0.005857833232021636 2.693979308994119 
1.007695746729659 0.5782666312553926 0.006900692960828164 2.692945297110846 
1.006154765018854 0.5813777624536883 0.007703968288857092 2.689579510403973 
1.005566358739628 0.5810991914923125 0.00976268908511839 2.68747600656754 
1.006319209598013 0.5817254739513393 0.01204950483014814 2.690386743022494 
1.011050836265623 0.5721848732452159 0.01764544649332989 2.700946645533159 
1.012983443178668 0.5669260496009592 0.01587727799759237 2.704474498432382 
1.014539122176615 0.5636426574175647 0.01277004859082994 2.70782845352635 
0.9947953251850664 0.6068760445243877 0.05462412730579155 2.669179246720235 
0.9903226020708626 0.6139447445597676 0.06481940814861922 2.659571542362508 
0.9895334330194535 0.6162389384277809 0.07383374434858631 2.659617507093896 
1.01458139279566 0.5639964935278561 0.04446643726099367 2.709343447497151 
1.016881013935477 0.5640933756263491 0.05823136941895252 2.718142841909296 
1.023029723379129 0.5410452475293532 0.06095433320613021 2.726778525555718 
1.012245262296346 0.5767337940806964 0.04328536892726389 2.708588776310275 
1.009013898869 0.5783654258048719 0.05313613629994741 2.699253658607591 
1.009962645876394 0.5826394935530373 0.05895002191314296 2.705419702479061 
0.9770149165259102 0.6325799510851244 0.05913477925813729 2.627765669622143 
0.9740974866446566 0.6363739836932657 0.07257804380836169 2.622426466382426 
0.9825721695513006 0.6259714967296655 0.08389288913112843 2.644049140101397 
1.008296199302473 0.5766517064661916 0.03787993267120871 2.695032176459637 
1.003595735229252 0.5858953990118526 0.03555277076172788 2.684565358451047 
1.001151255053372 0.5877855297118478 0.0432707881884763 2.677907979676003 
0.9994427228377822 0.5943774409051622 0.02853726926471883 2.675411717314466 
0.9968482634198955 0.5976679078153686 0.03448976412705115 2.669003725482879 
0.9969076803388638 0.5974871722013089 0.0383846975575777 2.669414068320679 
0.9862930448322702 0.614031653854708 0.00553204035041459 2.643551680510861 
0.984019157437295 0.6170505206626674 0.004969865406774169 2.638063583932087 
0.9808048313980938 0.6218666421528843 0.007528986586302663 2.630752160548693 
1.000837801094705 0.5907900778941328 0.01161561418573094 2.677418672860994 
0.9995321692004342 0.5922943305083126 0.0159639677827206 2.674046753206962 
0.999838019268135 0.592302863289602 0.01881348852787553 2.675169201337733 
0.9871034435481545 0.6124389139194434 0.01046029329313621 2.645234118828695 
0.9846478241187497 0.6163293472118377 0.01483053401117436 2.639814940497291 
0.9869164713502284 0.6127706892194253 0.02096177910012797 2.645107527972336 
1.005334485760286 0.5817013162522807 0.01763634611844387 2.687204286199725 
1.003217957793456 0.5865310928561117 0.0163635173789429 2.682932164461686 
1.00196780500381 0.5867259088213921 0.02139342727829367 2.67900597833336 
1.008309019394873 0.5781920123070486 0.01914343127411256 2.695184973317028 
1.007923697618443 0.5781869415515779 0.02639337676559841 2.694110243384926 
1.009413261946094 0.5754185305244706 0.0276538509457399 2.697611958970526 
1.004180619784093 0.583973770208017 0.001309204273713951 2.684448805678225 
1.004439963187217 0.5838710881689185 0.001542020985597987 2.685254987781634 
1.004785671056228 0.5825069050767621 0.001167091604954928 2.685617810186056 
1.004000089295657 0.5841103645265461 0.004948902117558782 2.683944423866086 
1.004261293793612 0.5848948335415429 0.00712802346698856 2.685291635396676 
1.005373636963019 0.5813674561084056 0.006538106252714882 2.686953858316073 
1.003764460185323 0.5847795023037492 0.001290053181786767 2.683529440513968 
1.003492629698096 0.5849937623544862 0.001322237883894897 2.682747795027334 
1.003472129686567 0.5856295143080448 0.002850033958451294 2.683056250327699 
1.008628818759191 0.5732772355355509 0.07871091212100677 2.697288648585795 
1.007487375535015 0.5817821814016889 0.09820704987879476 2.700569654051035 
1.014263437634626 0.5614919025464028 0.1020989808045366 2.712300778518195 
0.9998337147512298 0.588147729437269 -0.0003576131885987796 2.672993662114754 
0.9996586401990284 0.5882468517620953 -0.0007159464138018708 2.672469549353787 
0.9996445861518197 0.5889229464150646 -0.0003930240774824659 2.672652954031218 
0.9983017107739141 0.5819370971853225 -0.001632664415173504 2.669436931452312 
0.9993266557594482 0.5854706187986486 -0.0009382464755855311 2.671633677908006 
0.9994196642936096 0.5864820022559546 -0.001029702613200863 2.671743915792253 
0.9983697083936592 0.5916755438086653 -0.002478178362495652 2.670014008361 
0.9988489997127836 0.5883828833963372 -0.003480570877298182 2.670342897688573 
0.9994581515259668 0.5885351624497497 -0.004782426632354803 2.672603299957244 
0.9983015811233811 0.5771611252079708 -0.002298081639878418 2.669312553047204 
0.9993259583032655 0.5834358052688062 -0.002525583081797679 2.671758522098965 
0.9990818338407162 0.5845450654714383 -0.002737527634824218 2.671041434968057 
0.998976602919979 0.5884949287177512 -0.006642390733432162 2.670982488353925 
0.9982989214446866 0.5907243494353243 -0.005796550577768072 2.669630966562552 
0.9975660486254243 0.5920436234215403 -0.003116502862808197 2.667563961206821 
1.001199769543641 0.5762216424599105 -0.009368322565559794 2.676113609427331 
1.000580623073631 0.5764829401486201 -0.006087923410529185 2.674189642092014 
1.000156353265467 0.5710436818471648 -0.00545754034856475 2.673449200978224 
1.002727340977604 0.5625113411503218 -0.02508943125497059 2.67656670259616 
1.004231951061354 0.5647237844970768 -0.01619052667217899 2.682793404294905 
1.004398488457872 0.5501366449360238 -0.01446570698100282 2.680312301916986 
0.9849401644900688 0.6150847478606695 -0.00636239300189832 2.639969213146793 
0.9854512735504521 0.6133184704947234 -0.01063554189124347 2.640612932018739 
0.9845976902697227 0.6143910879360583 -0.01381163135876144 2.638833235753863 
0.9918007681620866 0.6029340942849253 -0.00859613617234949 2.654999833395872 
0.9936144562427704 0.6013336668257585 -0.006933001761732337 2.660020274445727 
0.9946546160377423 0.5976155630555492 -0.01082130853854926 2.661407154501921 
0.9971872358721676 0.5898511634087258 -0.01168238248590935 2.666204845561202 
0.9991445892406295 0.5857715841451467 -0.01121051921545173 2.671172098585559 
1.000028346164001 0.5801699135429809 -0.01115494844711197 2.672054390388626 
1.001416515087733 0.5812167301764577 -0.0258439782538035 2.677642105617091 
0.9993200268959286 0.5806248471526783 -0.02063181533964378 2.670036458766573 
1.001463962754395 0.5806606400677393 -0.01690673282628611 2.67717313723852 
0.9930941127565845 0.5860949320096106 -0.05360491952261434 2.65563346815804 
0.9925168425026584 0.5811862564537709 -0.04479960268151148 2.650177341083725 
0.997707971954567 0.5799265373477175 -0.03826438325926439 2.666503520780384 
0.9916435816128787 0.6019177548159322 -0.02144840868516907 2.654983523195226 
0.9913112936185581 0.5995448608489657 -0.01705236422510011 2.651937464984252 
0.9942119001330559 0.5973339743036273 -0.01425256925156712 2.660172626989601 
0.9545498943143333 0.6345656252807134 -0.06655422650652235 2.561290901117686 
0.9651864761711734 0.6290100508030957 -0.06602747935295694 2.591981846324455 
0.9648662982734145 0.6127390346425758 -0.0804706393631322 2.583063772320964 
0.9754370826897285 0.6186989864721629 -0.06191986422888233 2.616952330992695 
0.9755385262029095 0.5988046250405081 -0.0728545912196806 2.608055813316911 
0.9742193989658399 0.6073979137331965 -0.08248060726398748 2.610419050112355 
0.9700491264408782 0.6278472676545813 -0.02001263782974299 2.600904415010898 
0.9743353839863943 0.625612419538631 -0.02670274134709383 2.613626855673139 
0.9724184963466893 0.6204759174857205 -0.03583038103223 2.605199188109877 
0.9858580584635248 0.610264748547146 -0.02013684935261415 2.640703314867067 
0.9885539197457138 0.6083594511231836 -0.01902911237595153 2.648388635648719 
0.9892029503714165 0.6040501165677602 -0.02546811981250456 2.648292391401819 
0.9765470167905488 0.6258949348751632 0.005955754036207227 2.619505650289165 
0.9763464419800232 0.6261075149411052 -0.0009496395489348165 2.619046298789519 
0.973273483235675 0.628114777544254 -0.004767356286438759 2.610604914113513 
0.9817066253646246 0.6155947722851154 -0.02668410890120781 2.630926120057095 
0.9812127320907992 0.6091719952374097 -0.03326656435724884 2.626079691980417 
0.9787488263676816 0.6170721414604177 -0.03852351956766022 2.623832278234595 
0.989577730358289 0.6080559660264265 -0.005921833785767132 2.650667058663178 
0.9891176575906646 0.6088368679553204 -0.003383830069993907 2.649607752641917 
0.9895585473278258 0.6080351260661493 -0.00127939779200287 2.650458726716035 
0.951075370919589 0.6563284390869714 -0.0191169031724267 2.560421965725909 
0.9574817498302886 0.6545523053576295 -0.02463264971353497 2.579883887150234 
0.9529747637085084 0.6509750585091766 -0.04061551196795929 2.564300856059749 
0.9749493166377572 0.6263901772880004 -0.01205982719972859 2.615119291575303 
0.9800987967700239 0.6209614193980162 -0.01187243831176877 2.628283122287542 
0.9813258069511029 0.6197581444084388 -0.01665059560560153 2.631651576534534 
0.9653576950273647 0.6403046650095751 0.01084604255745958 2.593459719073846 
0.9700717648249809 0.637038130335734 0.00688859834027366 2.606285208581645 
0.9688371845668169 0.6377470658677697 -0.006305485312500309 2.60293310054049 
0.9312180764564388 0.6851634376922766 0.03466406649438993 2.519146818914981 
0.9244846524242826 0.7035891273242819 0.04036200767659264 2.513503227492638 
0.9212312989033771 0.6959746313852749 0.05597771768909029 2.498245813541284 
0.9336783050995809 0.6852742935967649 0.02270858033514824 2.526531557237231 
0.9266070386080236 0.6830484352863843 0.006797988394384237 2.502784401387273 
0.9198720459044861 0.6994191636690282 0.009120948905933471 2.495046920095455 
0.9669554397364595 0.6418025676664871 -0.02573718635854873 2.600820045441129 
0.9633747177593515 0.6361774204467503 -0.04088243244709774 2.587055661495366 
0.9596023360367337 0.6490449302675849 -0.04844083113133092 2.584684335088682 
0.9425709608049702 0.668490168533092 0.02149527273056769 2.541864466219879 
0.9494157411658511 0.6665171764664825 0.01428973101941214 2.561715133634856 
0.9463428782519632 0.6670088570324002 -0.002367135047585423 2.552494035097248 
0.9967996553364055 0.5619872301519442 -0.0602364654604334 2.658975671638673 
1.003044104623732 0.561718830757214 -0.0528465376120626 2.679384317683446 
1.006941614352 0.5267228069788734 -0.05952424733914964 2.678763557631084 
0.9937877782778416 0.5926403319639976 -0.02848754591325957 2.657507973596141 
0.9973745819645763 0.5913050386071383 -0.02449668629700099 2.668535971537917 
0.998530760241045 0.5812645873701164 -0.03057128871764364 2.668137803990828 
0.990393520746179 0.5461050910957754 -0.1069050285157602 2.63747379438077 
0.9877683655832038 0.5825495705429214 -0.09254806177308636 2.644187160064995 
0.98888594541186 0.575253561066965 -0.07695122100331124 2.641574466417785 
0.9789954285875061 0.6074658175390116 -0.04859949117456535 2.620094653578604 
0.9860355083231955 0.6037948349982273 -0.04644230930503514 2.640886557954488 
0.9865380152510038 0.5891501535981399 -0.05683178006157928 2.635882806910987 
0.9534570870728636 0.6089318106113502 -0.1174247487605395 2.55339274675338 
0.9580742078846327 0.6221601812285751 -0.1048678566898408 2.572214592646793 
0.964401164546821 0.6157067809391683 -0.09805134682814196 2.58810237388056 
0.9175881286800983 0.6589924733047454 -0.102484416288614 2.469801019523093 
0.9296765191465147 0.6680317584400405 -0.07840903984329041 2.508817482104386 
0.94235986167422 0.6577481397013709 -0.07270786433775348 2.540296857264115 
0.9865701254506495 0.611966549459699 -0.0002311419669992565 2.64314870684759 
0.9873540706279257 0.6114678365722981 0.0008794980293204723 2.64537285163762 
0.9892798533969379 0.608493872905929 0.0001856856256196217 2.649817566155332 
0.9902449715660668 0.6065975092850001 0.007366830594260155 2.651873262315124 
0.991832070131803 0.6046616918279142 0.005868335202606861 2.655910145387337 
0.9924112092895808 0.604172016705869 0.003091822489164067 2.657480863804722 
0.9905177103402799 0.6080708828427825 0.01816216586814273 2.653964890584632 
0.9915279405639094 0.6058627836980863 0.01469790540484835 2.655763286817536 
0.9897890654079515 0.6100194212629506 0.01021137088417561 2.652559068984113 
0.999815269331678 0.5909075677645624 0.009165931529055267 2.674049638123366 
0.9988377542523956 0.5938316556775113 0.00709359569756123 2.672528412136083 
0.9972186541619802 0.594987248732966 0.009921917241007511 2.667874125756082 
0.9520825380193532 0.6597451317653483 -0.006283097909633007 2.565218443272705 
0.9559453439291712 0.6510701647046434 -0.005157595933692222 2.571037791069475 
0.9634250121835659 0.6441116683355186 -0.01005948878827064 2.590086745190542 
0.9319935660301579 0.6842108102507517 -0.04900931907083107 2.523667140601205 
0.9371610148367877 0.6696108710333394 -0.04460200897550339 2.52834826782655 
0.9450107479835266 0.6675591290379568 -0.05525329841846219 2.552414561564169 
0.9122052825336229 0.695493883900584 -0.005887790361535921 2.468600915814137 
0.9247979577827673 0.6926203877843875 -0.0164055215456261 2.505610532634436 
0.9189680460703314 0.6873173287911796 -0.03204556878426056 2.484294446665001 
0.9021347383694387 0.7027891633178888 -0.01283724943007302 2.445000851719389 
0.8966187047725481 0.6962755355970111 -0.03963145887121531 2.42471679906571 
0.8840314246090543 0.712837609314209 -0.04992680540638901 2.40223377189901 
0.9436338975368774 0.6690099898735844 0.03901741656275831 2.545811515974457 
0.9483043911596081 0.6675063635426702 0.04187152253624891 2.559708849703824 
0.9553706967341773 0.6578595867112293 0.02925996348611192 2.574120374831333 
0.9868308383573614 0.6147833085141289 0.02604887282463486 2.646306844045559 
0.983074481128101 0.6202163085023115 0.02902232736002616 2.637571282455443 
0.9807035532209931 0.6233545332849827 0.03438230682220585 2.632336475250745 
0.9836188013166907 0.613406241120136 0.1247091191836948 2.645167806961245 
0.9795466619238276 0.6250154404363367 0.1132964852826199 2.637544137811251 
0.9666896895325883 0.6403342058331564 0.09711521162657961 2.604399857797946 
0.9676642566895655 0.6390619967450298 0.02554404969315073 2.600138935447709 
0.9711191356281367 0.6353766441544 0.02511006927688206 2.608829440643281 
0.9755173530635717 0.6292462869505814 0.01826215413374294 2.618534078436964 
0.9847301811206892 0.6154499881945484 0.04554550506293152 2.640805753331938 
0.9884065835529695 0.6107625593724214 0.04001697345167365 2.649667131558431 
0.9896090032554414 0.6095306265567041 0.03318164321221491 2.652329537932092 
0.9625988300455979 0.6558862685333052 0.03440000592386602 2.596138866245234 
0.967026485167102 0.6475775048154555 0.0498698678557623 2.605156967892194 
0.9724769439923275 0.6402096623797777 0.04605564110278319 2.617510953110437 
0.8959945174042454 0.721533301607078 0.07462849680925719 2.443913085150177 
0.9037118450929813 0.7007295116161359 0.05942257588954183 2.448688768397616 
0.9003636648596772 0.7109564313326525 0.02826355377722983 2.445738747150504 
0.9371305649752694 0.6928805532600476 0.06933576047790008 2.546471170984932 
0.9412884467055755 0.6751263220590186 0.06048974515669335 2.544851134568586 
0.9420617985325558 0.6843419020426451 0.0469530529863233 2.553138616690633 
0.9414437464237583 0.6668826620356485 0.1208612799342813 2.545925112931755 
0.9397598113367824 0.6721008190017645 0.1070858307550262 2.542569704009412 
0.9286010744848798 0.6777162788074242 0.09517616381554765 2.510491043777636 
0.9975958583314405 0.5949479400815408 0.02427982280885631 2.669455913279769 
0.9950387065817055 0.5999799886775461 0.02072009686000138 2.663938392489912 
0.9926918462686868 0.6022991926629506 0.02456812129562352 2.657688216709306 
0.995634885368785 0.603244414674847 0.0845472497534612 2.67237620632051 
0.9994387106044722 0.5972602025277192 0.06932793124795857 2.679916736259206 
0.9986979366094262 0.598739613430772 0.06121203968968073 2.677472985591436 
1.003950013485807 0.5844927132140595 0.0001395897694161137 2.683979798849872 
1.004016883596095 0.584357887638417 0.000162022807732626 2.684124415810443 
1.004093887550135 0.5842297962192733 0.0001379257537992361 2.684306774618982 
1.00421391729022 0.5842840307416355 0.0006480682411417146 2.68473921161291 
1.004298339713504 0.5837629890755992 0.0005439302861211892 2.684717939870655 
1.003867906467048 0.5846624377815303 0.0001095651355713445 2.683804776039264 
1.003714409117394 0.5848936316801162 0.0004809983180549362 2.683427739291009 
1.003784764955694 0.5844806240079354 0.0005954887920440541 2.683421863518856 
1.006390651672915 0.5795591954522843 0.003293357043205343 2.689294420375164 
1.006225891018148 0.5799890109453874 0.002438524589661997 2.688981706745876 
1.01972181300068 0.5538034699222172 0.02357342914862798 2.720272838326081 
1.014996256047924 0.5674386006091474 0.07942791383009688 2.71540201589372 
1.022586997270238 0.5471384428121254 0.0810004072108393 2.730201255520157 
0.9991754680134827 0.5947573348363164 0.002024352761633606 2.674169625617001 
0.9964575123219721 0.5977092623928412 0.004400855605370123 2.666936609515424 
0.9961546811770789 0.5987069514787474 0.006429158613040655 2.666573453260728 
1.002873849620993 0.5861342058831924 0.002842670583714498 2.68135674041316 
1.002487194939992 0.587764228658449 0.002155987021318486 2.6810230119133 
1.001948541065797 0.5893421587143102 0.001374043484118076 2.680158774741153 
1.010543146266351 0.5708809365206796 0.007719709788490172 2.698320037986798 
1.009993847729979 0.5731449268437492 0.01025543369390487 2.697787820656665 
1.024030373769324 0.5413092751712474 0.03650436809079542 2.7287875125157 
1.017772667444004 0.5655059005641607 0.03826337702411913 2.720645034478007 
0.9998312874752349 0.5879454997387024 -1.796395318443848e-05 2.672723876050585 
0.9997839761099424 0.5881756013455289 -7.477440640366857e-05 2.672701727111043 
0.9995166143976647 0.5884333159164477 -3.477368396052637e-05 2.671938963531363 
0.998460036945892 0.5824558291349854 -0.001724392363723742 2.669701727395714 
0.9996301478485925 0.5864900860754487 -0.0007700906485795162 2.672298620934852 
0.9995587924379189 0.5866686885659922 -0.0006858438377711865 2.67201925262469 
0.9992199084859077 0.5877682943724966 -0.001757500326710042 2.671185745779817 
0.9991113658643134 0.5899438546228458 -0.001384275220757295 2.671481398729393 
0.9989209889333581 0.5893368843389583 -0.0009519045657473932 2.670490724466052 
0.9977400986000599 0.5785827666277663 -0.001035493054296099 2.66797342722525 
0.9989558912693065 0.5845159792108088 -0.001538534102489137 2.670874460776706 
0.998652120275679 0.5740135615604661 -0.002549652203561037 2.669839312338001 
0.9995839080817971 0.581653467954563 -0.003946762805195501 2.672242923449997 
0.9959945502465947 0.5951355969101463 -0.006158579029381037 2.664333778867662 
0.9953949708602748 0.5964891839968151 -0.00345136381685789 2.662863370143779 
0.9963718284504207 0.5944781400358465 -0.00210814985684457 2.66490318305637 
0.9902035199237507 0.6069108335065034 -0.0009551506608435507 2.651897173822 
0.9910332091321913 0.605258170149975 -0.002822924629456507 2.653639092985214 
0.990977833989261 0.6061790451412156 -0.004423659733151921 2.654128094502636 
1.001016401365321 0.5596478230516785 -0.005239171898403584 2.673779978740044 
1.006430869079959 0.5410919127619938 -0.02323974843445529 2.683208619850179 
1.004270638080413 0.5610085127122318 -0.02747117120196042 2.68198438342274 
1.010255484329161 0.5269220215671597 -0.04203895029457833 2.68930037603772 
0.9891813598560051 0.6091366101060016 0.00315613995868589 2.649924133486458 
0.9901550244628993 0.6072430792576501 0.001494881139602034 2.651916925430568 
0.9899018860294111 0.6081085498714772 0.000831085985289808 2.651614239723844 
0.9718941586370963 0.5707778875158311 -0.121383331528218 2.592254494089944 
0.8925403149912422 0.7026967475109357 -0.003241828665790003 2.415759106474682 
0.8796811253103526 0.7291416336712132 -0.01148663496718517 2.400244913659515 
1.000039735346381 0.5328390084404444 -0.08595159018533929 2.661034492843652 
0.9375852729150537 0.6334197631241256 -0.111362248666463 2.516963251626901 
0.9472286626083369 0.6469951911105071 -0.08936036853567526 2.550530690519786 
0.9157635747105501 0.6988615243337711 0.1082439122362213 2.488783479762774 
0.9197454229494767 0.684481068408146 0.0943580087530447 2.487912203893698 
0.9005182407488628 0.6896917586740042 -0.08431901192399056 2.438243473321846 
0.8761797424470016 0.735432525574809 0.03540489039096065 2.394514483160013 
0.8908918177390349 0.7100593826252701 0.0189436961227315 2.416004324856589 
0.9945899726224727 0.6008686742462843 0.1084049740953966 2.670586043676336 
1.001531010041911 0.5845983497339392 0.1156680662270673 2.684947442421324 
0.963985099689314 0.6417815984447039 0.1199078352921424 2.599822955583623 
0.9596399690004176 0.64970498078868 0.1042669287680604 2.58909316379203 
1.004393790620883 0.5832453063730996 0.0002882766638074663 2.684736093895926 
1.006076959887877 0.577341794446676 0.00154576438938151 2.686973190933966 
1.028003553071903 0.5554327311036394 0.09387982982464019 2.754595409086686 
1.008211548746658 0.5729926436609953 0.00325402218579739 2.691658874851238 
1.026969872641633 0.5453906154661025 0.02690392419146775 2.740525906126297 
0.9982122229637825 0.5777966469483181 -0.00108849896788041 2.669380756010742 
1.000058111896101 0.5726581097681557 -0.002997797456692493 2.674043375989997 
1.013268616248445 0.5379657533116661 -0.02855466054635816 2.705154404942187 
0.8597507114328169 0.7169381909338804 -0.03105162142424192 2.332455398700617 
0.919758063987937 0.6437200563284247 -0.1086093558078373 2.46707837297844 
0.9423919579132271 0.6803657129058922 0.1283884147937392 2.56033329591275 
0.8875606343187453 0.727233737004913 0.06775053611091128 2.42268312562694 
1.005559571902607 0.5979825336151882 0.1279628525098481 2.708593483810283 
0.9854673547755886 0.6269913659013245 0.1303994876816905 2.661276355590335 
1.004167380536506 0.5840493607492423 9.381748903325757e-05 2.684447063552574 
1.005051784692299 0.5809116503142684 0.000796358615258291 2.685586274642358 
1.015058860817688 0.5576356413849138 0.01204977929256019 2.706330402626656 
1.019659700072449 0.5471248044578262 0.02207211950688276 2.716523599626905 
1.032370942319096 0.5440941844539247 0.07241094853125522 2.761140855683048 
1.010328258015407 0.5665303308078313 0.00629810490156741 2.695184430355606 
1.030521008062483 0.5444427839096438 0.04642773604912976 2.753093355821135 
0.9975648082484186 0.5789408426578447 -0.0004816536925549063 2.667595391228985 
0.9984876115958983 0.5748347989424494 -0.001399498769669203 2.669761221102421 
1.005167019586699 0.5553624487721325 -0.005901554674283084 2.685800334323446 
0.9999018004900641 0.5626584297035909 -0.002196945071420514 2.671734026978732 
1.009244222609128 0.5451212462113023 -0.01580244646010423 2.694893105964097 
1.013926922500016 0.5261273212198139 -0.05473531547194997 2.701934911777099 
1.01458415222699 0.5291973205926701 -0.03841440323053169 2.705111176823273 
0.9560590936194977 0.5878089725370351 -0.1304858599947481 2.551191900715023 
0.9826236279542815 0.5570524358840915 -0.124128303069464 2.620392258053983 
0.8557911113716542 0.7256924016502957 0.01198411479795548 2.326302330958379 
1.000209690505873 0.5399224934230987 -0.1043122225612759 2.666805530682417 
1.009152981440525 0.5306341118645577 -0.08116573189107845 2.690335101980362 
0.9373480897785014 0.619336753146191 -0.1177674139205715 2.508122044034227 
0.9109058077230205 0.7063742341747604 0.1070883607485509 2.479677721566664 
0.8727078154579989 0.6960100052499482 -0.06598595400216117 2.356998109363065 
0.893031656343477 0.671959070042066 -0.09952300827192354 2.40449581851874 
0.8681848302084059 0.7373201393979262 0.0286913199757796 2.372154397879985 
1.019161248669065 0.5727809570634407 0.1140405672011551 2.736997820064207 
0.9664586850227134 0.6547442090116088 0.1254365972465531 2.617974332673864 
