-1.2091 0.00223911
-1.15801 0.00274444
-1.0832 0.00384941
-1.00839 0.00538778
-0.957306 0.00668709
-0.793025 0.0149042
-0.766464 0.0170974
-0.727568 0.0210101
-0.688672 0.0257535
-0.662111 0.0294685
-0.231709 0.161495
-0.225545 0.149642
-0.216517 0.129493
-0.20749 0.105997
-0.201326 0.0880085
-0.651298 0.031439
-0.63548 0.0344324
-0.612317 0.0394588
-0.589154 0.0452468
-0.573336 0.0496353
-0.363849 0.179935
-0.354715 0.186656
-0.341338 0.195507
-0.327961 0.203164
-0.318827 0.207695
1.03368 0.00469605
1.07757 0.0037815
1.14186 0.00270092
1.20614 0.0019279
1.25004 0.00157682
0.714976 0.0224477
0.743922 0.0192657
0.786312 0.0153776
0.828701 0.0124081
0.857647 0.0109089
0.368633 0.175615
0.379415 0.167109
0.395205 0.154328
0.410995 0.141178
0.421777 0.131994
0.0189942 -1.15729
0.0229965 -1.14043
0.0288575 -1.11069
0.0347185 -1.07493
0.0387208 -1.04707
0.0874201 -0.625227
0.0916848 -0.587158
0.09793 -0.532219
0.104175 -0.478207
0.10844 -0.441841
-0.0895738 -0.606155
-0.0854225 -0.644122
-0.0793435 -0.699784
-0.0732645 -0.755542
-0.0691132 -0.793687
-0.0444974 -1.00512
-0.0406661 -1.03357
-0.0350555 -1.07201
-0.0294449 -1.1066
-0.0256136 -1.128
-0.167725 -0.0468597
-0.1621 -0.0753351
-0.153864 -0.12034
-0.145628 -0.169326
-0.140003 -0.205101
-0.137444 -0.222896
-0.133037 -0.253025
-0.126585 -0.299102
-0.120132 -0.347537
-0.115725 -0.381989
-1.48697 0.00112314
-1.43588 0.00115972
-1.36107 0.00134359
-1.28626 0.00168231
-1.23517 0.00200257
-0.937494 0.00751104
-0.910933 0.00846996
-0.872037 0.0101985
-0.83314 0.012312
-0.806579 0.0139762
-0.48052 0.0909904
-0.469756 0.0977092
-0.453995 0.108211
-0.438233 0.119491
-0.427469 0.127635
-0.421977 0.132458
-0.411213 0.141154
-0.395452 0.153936
-0.37969 0.166759
-0.368926 0.175528
-0.265238 0.202532
-0.259074 0.197699
-0.250047 0.188548
-0.241019 0.176915
-0.234855 0.167533
-0.565264 0.052317
-0.549446 0.0579473
-0.526283 0.0673847
-0.50312 0.0782291
-0.487302 0.0864361
-0.314165 0.209025
-0.30503 0.211342
-0.291654 0.212014
-0.278277 0.209422
-0.269142 0.205755
1.27244 0.0013993
1.31634 0.00105224
1.38062 0.000611639
1.4449 0.000251411
1.4888 5.16098e-05
0.872419 0.0101969
0.901365 0.00882302
0.943755 0.00712151
0.986144 0.0057891
1.01509 0.00509145
0.488439 0.0863409
0.509068 0.0753972
0.539279 0.061705
0.569489 0.0508071
0.590118 0.0449803
0.600646 0.0422728
0.621276 0.0374573
0.651486 0.0314117
0.681696 0.0265654
0.702326 0.0239469
0.427279 0.12803
0.438062 0.119775
0.453852 0.108305
0.469641 0.0975796
0.480424 0.090688
0.287319 0.211497
0.294715 0.212112
0.305545 0.211303
0.316374 0.208476
0.32377 0.205392
0.327544 0.203092
0.33494 0.199266
0.34577 0.192777
0.356599 0.185243
0.363995 0.179501
0.134483 -0.242013
0.141373 -0.196527
0.151464 -0.134549
0.161554 -0.0779673
0.168444 -0.0423783
0.17196 -0.0263269
0.17885 0.00437115
0.188941 0.0449779
0.199031 0.0804836
0.205921 0.10183
-0.00277481 -1.19527
0.00122753 -1.19615
0.0070885 -1.19111
0.0129495 -1.17855
0.0169518 -1.16566
0.209503 0.110995
0.21665 0.129501
0.227117 0.152886
0.237584 0.171893
0.244731 0.182376
0.248379 0.186353
0.255526 0.194187
0.265994 0.203072
0.276461 0.208904
0.283608 0.211141
0.110616 -0.422884
0.114881 -0.388862
0.121127 -0.34042
0.127372 -0.293587
0.131637 -0.262515
-0.0669948 -0.813389
-0.0628435 -0.850554
-0.0567645 -0.903611
-0.0506855 -0.955047
-0.0465342 -0.989246
0.0408348 -1.03149
0.0451177 -0.999567
0.0513895 -0.949796
0.0576613 -0.896432
0.0619442 -0.857931
0.0641298 -0.838677
0.0684127 -0.799868
0.0746845 -0.742659
0.0809563 -0.684974
0.0852392 -0.645296
-0.0236584 -1.13869
-0.0198269 -1.15503
-0.014216 -1.17428
-0.00860515 -1.18794
-0.00477361 -1.19406
-0.198318 0.0777797
-0.192693 0.0586084
-0.184457 0.0276639
-0.17622 -0.00672776
-0.170595 -0.0322175
-0.113477 -0.400904
-0.10907 -0.436872
-0.102617 -0.491039
-0.096164 -0.54702
-0.0917573 -0.586312
