1506
0.03505555219758821
0.02491886315889552
0.01773129493409265
0.01286509313539363
0.01115437292108257
0.00938135152699171
0.009007599224510443
0.008422437137040384
0.007494426146126054
0.006428912758486338
0.00591550647901673
0.005854108849669526
0.005932789338238265
0.005940526696024184
0.005975340602569879
0.005825802731578178
0.005507745101177686
0.005363781422291436
0.005212054513641373
0.005050137666780863
0.004872953367472621
0.00467453413760166
0.004449382998695794
0.00419339064861024
0.00403078709004534
0.004568187034202476
0.005077523098292791
0.005658071228142436
0.006085647758028778
0.006469057173107529
0.006786103301731905
0.006923607447664071
0.006888808535371105
0.006695643347076063
0.006362644097879566
0.005912409608014868
0.005369908041780391
0.0047591137853773
0.004103081082666438
0.003754358439247873
0.003589239204633499
0.003394404669793127
0.003177389507291961
0.002945206174498005
0.003042748269716844
0.003172080736611682
0.003273756911770676
0.003349052435786981
0.00339939295458791
0.003426315894283327
0.003431437522325997
0.003416424605466983
0.003382970028579013
0.00333277264112064
0.003267517942899589
0.003198527030595977
0.003169137848199083
0.00312192653325892
0.003058626728221214
0.002980997120827708
0.002937544315237961
0.002906195492988095
0.002874487136562381
0.002858427205446379
0.002829326132424703
0.002788123054372843
0.002735726229668167
0.002673014982329996
0.002600840073986893
0.002520024628998474
0.002431363874466519
0.002335622896371403
0.002233536242733147
0.002125807530919982
0.002013109252474804
0.001896082734089172
0.001775338916118918
0.001651459368137265
0.00152499743848411
0.001414699529545982
0.001413920128158219
0.001408959669192411
0.001400178464303292
0.001387930186454556
0.001372559694205022
0.001354401220004631
0.00133377688509706
0.001310995536897952
0.001286351865265045
0.00126012573455736
0.001232581676789302
0.001203968639309938
0.001174519928369477
0.00114445327499002
0.001113970995685443
0.001083260226469762
0.001052493216674333
0.001021827672790909
0.0009914071449192985
0.0009788769101016781
0.00104248975959198
0.001100095839386972
0.001151521329603278
0.001196626409944335
0.001235533095015867
0.001276803853748759
0.00131120424991335
0.001338744558868232
0.001359475692121914
0.001373489002195777
0.001380921168859489
0.001381950811071286
0.001376796324479096
0.001365713142606195
0.001348992497690354
0.001326955469113406
0.001299948951066332
0.001268341534504558
0.001232520650594482
0.00119288870485193
0.001149858779438573
0.001103850725878597
0.001055287883362899
0.001004592913733449
0.0009767479792837097
0.000976993488789879
0.0009748635988896526
0.0009705212033082056
0.000964133266687428
0.0009558713067614466
0.0009459119194256127
0.0009344318796874473
0.0009216064079149433
0.0009076014955707867
0.0008925862853715882
0.0008767264327905755
0.0008601797910570141
0.0008430960988572433
0.0008256165687311467
0.0008078734827451362
0.0007899898504245551
0.0007720791547050077
0.0007542450957803704
0.0007365816224738087
0.0007191730290119214
0.0007020935659002303
0.0006854082870269007
0.000669178071561527
0.000653449323653188
0.000638260446103045
0.0006236443015446014
0.0006096296315794003
0.0005962301002649939
0.0005834537103202031
0.0005713031465740537
0.0005597759972145733
0.0005488644998479231
0.0005385568332040291
0.000528837925954817
0.0005196874902086979
0.0005110845553083498
0.000503005268998491
0.00049542321265994
0.0004883099464321194
0.0004816354695952318
0.0004753686221061759
0.0004694774417165481
0.0004639294846437991
0.0004586921188157733
0.0004537327928959556
0.0004490192814635696
0.0004445199064788685
0.0004402036556578892
0.0004360405453215366
0.0004320016614031141
0.0004280592392871263
0.0004241868771275303
0.0004203596254434006
0.0004165540590544969
0.0004127483376535901
0.0004089222560076378
0.0004050572833153021
0.0004011365912205411
0.0003971450699374879
0.0003930693289166953
0.0003888976805260791
0.0003846201299394503
0.0003802283605173207
0.0003757157074348871
0.0003710771177737326
0.0003663090986177897
0.0003614096557889024
0.0003563782257473003
0.0003512156026271862
0.0003459238617817828
0.0003405062806445258
0.0003349672575448936
0.0003293122290841666
0.0003235475865983606
0.0003176805921063508
0.0003117192941024527
0.00030567244355173
0.0002995498085167636
0.0002933614588971345
0.000287117569526707
0.0002808287444563407
0.0002745059255244708
0.000268160307907106
0.0002618032621000133
0.0002554462617024855
0.0002491008164714481
0.0002427784102638775
0.0002364904436020776
0.0002302481806737422
0.0002240627006269147
0.0002254270846788753
0.0002272763157823432
0.0002287623508752112
0.0002298853343450924
0.0002306466765971127
0.0002310490088404116
0.0002328845081750464
0.0002353379736400596
0.0002373948904096368
0.0002390564987355681
0.0002403254047486092
0.0002412055269606084
0.0002417020381022539
0.000243715622280205
0.0002467972865254353
0.0002495613478724623
0.0002520062542620272
0.0002541316124911042
0.0002559381497110325
0.0002574276707454359
0.0002586030116605853
0.0002594679900174146
0.0002600273522539442
0.0002602867186440871
0.0002602525262946909
0.0002599319706194647
0.0002593329457268867
0.0002584639841353153
0.0002573341962091025
0.0002559532096780837
0.0002543311095889456
0.0002524783789882301
0.000253568700095741
0.0002559949431099051
0.000258247810287382
0.0002603244179094633
0.0002622224695971731
0.000263940242168248
0.0002654765698412165
0.0002668308269613284
0.000268002909344256
0.0002689932144479545
0.0002698026204641657
0.0002704324645080858
0.0002708845200358745
0.0002711609735996934
0.0002712644011511056
0.0002711977439080471
0.0002709642839971993
0.0002705676199831197
0.0002700116423132171
0.0002693005089042799
0.0002684386208725575
0.0002674305985564951
0.0002662812578736462
0.0002649955871771859
0.0002635787245535148
0.0002620359357482505
0.0002603725927320388
0.0002585941529510416
0.0002567061393128345
0.0002547141209994219
0.0002526236950524119
0.0002504404688536965
0.0002481700434322498
0.0002458179977006258
0.0002433898736075024
0.0002408911621761822
0.0002383272905081002
0.0002357036097128118
0.0002330253836753116
0.00023029777875061
0.0002275258543705805
0.0002247145545998253
0.0002218687006997344
0.0002189929845107796
0.000216091962781606
0.0002131700522697288
0.000210231525641813
0.000207280508097929
0.000204320974670158
0.0002013567482243017
0.0001983914980215884
0.0001954287389492881
0.0001924718312328322
0.000189523980750339
0.0001865882397998897
0.0001836675083725092
0.0001807645358339327
0.0001778819230523476
0.000175022124858315
0.0001721874528965994
0.0001693800787299082
0.0001689678934643224
0.0001686451053563021
0.0001682411524461802
0.0001677579565719789
0.0001671975672015158
0.0001665621495701153
0.0001658539729526565
0.0001650753991274678
0.0001642288710682616
0.000163316901909627
0.0001623420640047835
0.0001613069777248732
0.000160214301181516
0.0001590667210779051
0.0001578669443488279
0.000156617690205918
0.0001553216823622083
0.000153981641360712
0.0001526002770729784
0.000151180281469987
0.000149724321780953
0.0001482350341370786
0.0001467150041835064
0.0001451667904990295
0.000143592913440016
0.0001419958368330532
0.0001403779671100835
0.0001387416515911122
0.0001370891765428706
0.000135422765303761
0.0001337445766207424
0.0001320567032474518
0.0001303611708245445
0.0001286599370412533
0.0001269548910706186
0.0001252478532683954
0.0001235405751182084
0.0001218347394120745
0.0001201319606444207
0.0001184337856091622
0.0001167416941780797
0.0001150571002440648
0.0001133813528129135
0.0001117157372252375
0.0001100614764916186
0.0001084197327263503
0.0001067916086598952
0.0001051781492192871
0.0001035803431593818
0.0001019991247303009
0.0001004353753719656
9.888992541917663e-05
9.736355581024814e-05
9.58569997829839e-05
9.437094455311268e-05
9.290603297351652e-05
9.146286515293589e-05
9.004200004980589e-05
8.86439570177977e-05
8.726921730617399e-05
8.591822550674255e-05
8.459139094463275e-05
8.328908901056309e-05
8.201166242538527e-05
8.075942244478718e-05
7.953264999571719e-05
7.833159674885959e-05
7.749527775591236e-05
7.744077145566131e-05
7.740816557599839e-05
7.739646903404118e-05
7.740468038452963e-05
7.74317888474485e-05
7.747677533065378e-05
7.753861354875546e-05
7.761627115232539e-05
7.770871091228315e-05
7.781489193681157e-05
7.793377092335518e-05
7.806430344303728e-05
7.820544525394268e-05
7.835615363327442e-05
7.851538871761488e-05
7.868211488071264e-05
7.885530210505198e-05
7.903392735542081e-05
7.921697597601529e-05
7.940344305368274e-05
7.959233481769079e-05
7.978266995267713e-05
7.997348100174939e-05
8.016381565878472e-05
8.035273807383003e-05
8.053933015073067e-05
8.072269277126232e-05
8.090194700960396e-05
8.107623531883323e-05
8.124472264847693e-05
8.140659753452795e-05
8.156107315315797e-05
8.170738829416102e-05
8.184480830408791e-05
8.197262597664512e-05
8.209016236826461e-05
8.21967675764812e-05
8.229182144425806e-05
8.237473419003827e-05
8.24449470220312e-05
8.250193262571148e-05
8.254519562922447e-05
8.257427300206732e-05
8.25887343460785e-05
8.25881821970853e-05
8.257225216412589e-05
8.254061310530858e-05
8.249296713147558e-05
8.242904965871656e-05
8.234862929246134e-05
8.225150771612455e-05
8.213751950114645e-05
8.200653183587647e-05
8.185844423203026e-05
8.169318814355009e-05
8.151072653850289e-05
8.131105342079614e-05
8.109419330437628e-05
8.086020063302612e-05
8.060915913910005e-05
8.034118118427358e-05
8.005640702957173e-05
7.975500409196368e-05
7.943716613822982e-05
7.910311245340473e-05
7.87530869822417e-05
7.838735743903591e-05
7.800621436915289e-05
7.760997021377669e-05
7.719895833468993e-05
7.677353202562021e-05
7.633406350515681e-05
7.588094288046854e-05
7.54145771318937e-05
7.493538904523867e-05
7.444381618482154e-05
7.394030980589772e-05
7.342533381293759e-05
7.289936369592187e-05
7.236288546130787e-05
7.181639458497813e-05
7.126039496330172e-05
7.069539787463164e-05
7.012192092226144e-05
6.954048706009353e-05
6.895162355735618e-05
6.835586101128222e-05
6.775373239209515e-05
6.714577206989869e-05
6.653251489374679e-05
6.591449528403626e-05
6.529224633322617e-05
6.466629895429676e-05
6.403718103042966e-05
6.340541661087329e-05
6.277152512890183e-05
6.213602063998014e-05
6.149941108357648e-05
6.086219760981226e-05
6.022487388679387e-05
5.958792547100522e-05
5.89518292047897e-05
5.83170526375909e-05
5.768405347394978e-05
5.705327906402324e-05
5.642516592319069e-05
5.580013928119243e-05
5.517861266912671e-05
5.45609875169939e-05
5.394765280963831e-05
5.333898476544974e-05
5.27353465188396e-05
5.213708787721316e-05
5.154454508793371e-05
5.09580406125032e-05
5.037788296446966e-05
4.98043665634329e-05
4.923777159826503e-05
4.867836394961689e-05
4.812639511753147e-05
4.758210216848635e-05
4.704570773594874e-05
4.65174200113827e-05
4.599743278899115e-05
4.548592549347141e-05
4.498306328959423e-05
4.448899714259991e-05
4.400386395764233e-05
4.352778670291269e-05
4.306087455285823e-05
4.260322309168618e-05
4.215491445558328e-05
4.171601756530752e-05
4.132929560030085e-05
4.097223371379854e-05
4.061249056797056e-05
4.025034613552858e-05
3.988607966154412e-05
3.951996923046153e-05
3.915229134243692e-05
3.878332050810673e-05
3.841332885290427e-05
3.804258573858466e-05
3.767135739751737e-05
3.729990658318805e-05
3.692849223324579e-05
3.656890854575323e-05
3.627123440963498e-05
3.598248915037683e-05
3.570255901674813e-05
3.54313224434355e-05
3.516865038366568e-05
3.491440667047208e-05
3.466844835908756e-05
3.443062609531644e-05
3.420078444715813e-05
3.397876227395624e-05
3.376439306246315e-05
3.355750527778145e-05
3.335792271741411e-05
3.316546484488647e-05
3.29799471200376e-05
3.280118136217425e-05
3.262897605049719e-05
3.246313667504275e-05
3.230346604699008e-05
3.21497646335045e-05
3.200183084917096e-05
3.185946137707063e-05
3.172245148141961e-05
3.159059529123098e-05
3.146368608830663e-05
3.134151662054219e-05
3.12238793441777e-05
3.111056672233659e-05
3.10013714870383e-05
3.089608689699208e-05
3.079450698484365e-05
3.069642681241547e-05
3.060164270440868e-05
3.050995248699007e-05
3.042115570450754e-05
3.033505384519852e-05
3.025145053936473e-05
3.01701517804176e-05
3.009096609618567e-05
3.001370476052312e-05
2.993818195617948e-05
2.986421495776437e-05
2.979162429139759e-05
2.972023389635758e-05
2.96498712647475e-05
2.958036760103422e-05
2.951155794084226e-05
2.944328128640095e-05
2.937538071778878e-05
2.930770351738943e-05
2.924010126958976e-05
2.917242994593394e-05
2.910455000981749e-05
2.903632649031707e-05
2.896762906434702e-05
2.889833211550119e-05
2.882831479489312e-05
2.875746108987887e-05
2.868565984082139e-05
2.861280481336603e-05
2.853879470521292e-05
2.846353318308736e-05
2.838692889972627e-05
2.830889550864413e-05
2.822935166069129e-05
2.81482210144901e-05
2.806543222644287e-05
2.798091892386445e-05
2.789461971419716e-05
2.780647813360737e-05
2.771644261934103e-05
2.762446649318129e-05
2.753050790571532e-05
2.743452977227445e-05
2.733649975705799e-05
2.723639017387924e-05
2.713417796362805e-05
2.702984460534186e-05
2.692337603693584e-05
2.681476260257831e-05
2.67039989455542e-05
2.659108394853504e-05
2.647602062111343e-05
2.635881603196832e-05
2.623948119317987e-05
2.611803097218868e-05
2.599448397966331e-05
2.586886246935816e-05
2.574119223952565e-05
2.561150250290911e-05
2.547982578882113e-05
2.534619781979774e-05
2.521065739025108e-05
2.507324626110918e-05
2.493400901903975e-05
2.479299294444459e-05
2.465024789211068e-05
2.450582617918862e-05
2.435978247172788e-05
2.421217365700112e-05
2.40630587143853e-05
2.391249860178579e-05
2.376055609054628e-05
2.360729567063569e-05
2.345278339521695e-05
2.329708675852249e-05
2.314027457739343e-05
2.298241684317581e-05
2.282358460548028e-05
2.26638498503906e-05
2.250328536845814e-05
2.234196463268834e-05
2.217996168418779e-05
2.201735101114988e-05
2.185420741829258e-05
2.169060593026906e-05
2.152662166476915e-05
2.13623297224963e-05
2.119780507758851e-05
2.103312247325739e-05
2.086835631798234e-05
2.07035805726008e-05
2.053886866171251e-05
2.037429336299024e-05
2.020992674112154e-05
2.004584001158438e-05
1.988210349301855e-05
1.971878650419701e-05
1.955595727876069e-05
1.939368289283205e-05
1.92320291794168e-05
1.907106067022823e-05
1.891084052008107e-05
1.875143042529004e-05
1.859289059391589e-05
1.843527964995317e-05
1.827865460524158e-05
1.812307079118725e-05
1.796858181679628e-05
1.781523952204545e-05
1.766309392858822e-05
1.751219321199926e-05
1.736258367102117e-05
1.721430966883375e-05
1.706741363205477e-05
1.692193601876557e-05
1.677791528609252e-05
1.66353878880976e-05
1.649438824746774e-05
1.63549487535164e-05
1.621709974408692e-05
1.608086950977139e-05
1.594628427792344e-05
1.581336823375246e-05
1.568214350433639e-05
1.555263017671837e-05
1.542484629457608e-05
1.529880789274962e-05
1.517452898802674e-05
1.505202160290153e-05
1.493129580298902e-05
1.481235970079986e-05
1.469521946917407e-05
1.457987939657013e-05
1.44663419106017e-05
1.435460758014706e-05
1.424467519295369e-05
1.413654174586831e-05
1.403020252221943e-05
1.392565109692434e-05
1.382287940243643e-05
1.372187775039446e-05
1.362263488990934e-05
1.352513803654087e-05
1.342937293691282e-05
1.333532390768166e-05
1.324297387117479e-05
1.315230442189286e-05
1.306329587180688e-05
1.297592728832786e-05
1.289017656858071e-05
1.280602047404322e-05
1.272343468172732e-05
1.264239385556643e-05
1.25628716755033e-05
1.248484091442847e-05
1.240827346782325e-05
1.233314043203038e-05
1.225941213733872e-05
1.2187058216373e-05
1.211604764883578e-05
1.204634882079336e-05
1.197792957585708e-05
1.191075726558743e-05
1.184479880067535e-05
1.178002070933992e-05
1.171638919239548e-05
1.165387015744646e-05
1.159242926951354e-05
1.153203203740905e-05
1.14726438111834e-05
1.141422985861951e-05
1.135675541275027e-05
1.130018569661662e-05
1.124448600386962e-05
1.118962170265636e-05
1.113555831200319e-05
1.108226152313208e-05
1.102969724253722e-05
1.097783164560884e-05
1.092663119206527e-05
1.087606268745933e-05
1.082609330183004e-05
1.077669060833841e-05
1.072782262134808e-05
1.067945782362578e-05
1.063156519542918e-05
1.058411425192141e-05
1.053707505682677e-05
1.04904182697263e-05
1.044411515149779e-05
1.039813760306263e-05
1.035245817271324e-05
1.030705009263944e-05
1.026188728658894e-05
1.021694439673482e-05
1.017219679422254e-05
1.012762060259575e-05
1.008319269923952e-05
1.003889074391306e-05
9.994693177306502e-06
9.950579240802782e-06
9.906528981140639e-06
9.862523251746858e-06
9.818543730721885e-06
9.774572924059477e-06
9.730594163093187e-06
9.686591603164096e-06
9.642550248600834e-06
9.598455924519911e-06
9.554295286817727e-06
9.510055835493247e-06
9.465725881452336e-06
9.421294569378347e-06
9.376751860634691e-06
9.332088528601901e-06
9.287296145688018e-06
9.242367091211179e-06
9.197294526530619e-06
9.152072391827026e-06
9.106695399330178e-06
9.061159011558573e-06
9.015459438987961e-06
8.969593620400396e-06
8.923559212337118e-06
8.877354580216767e-06
8.830978761031893e-06
8.784431489106126e-06
8.737713129813862e-06
8.690824705004374e-06
8.643767845595285e-06
8.596544800898442e-06
8.549158389992151e-06
8.501612013711579e-06
8.453909608352461e-06
8.406055654774924e-06
8.358055125556874e-06
8.309913496096222e-06
8.261636705753084e-06
8.213231143971989e-06
8.164703627078218e-06
8.116061380514239e-06
8.067312017745465e-06
8.018463515946372e-06
7.969524198792044e-06
7.920502712477351e-06
7.871408014281656e-06
7.82224933337794e-06
7.77303616728009e-06
7.723778251200741e-06
7.674485543174292e-06
7.625168198077681e-06
7.575836551421133e-06
7.526501103916061e-06
7.477172486836103e-06
7.42786145158103e-06
7.378578858463491e-06
7.329335641848012e-06
7.280142796162181e-06
7.231011369568385e-06
7.181952424106797e-06
7.132977041024446e-06
7.084096281473329e-06
7.035321185289156e-06
6.986662749786099e-06
6.938131912215262e-06
6.889739528448402e-06
6.841496374643263e-06
6.793413106387369e-06
6.745500271354565e-06
6.697768279217975e-06
6.6502273862179e-06
6.602887698492488e-06
6.555759144433182e-06
6.508851458475462e-06
6.462174189203473e-06
6.415736678033745e-06
6.36954803601153e-06
6.323617161352324e-06
6.277952705247003e-06
6.232563075414532e-06
6.187456421891113e-06
6.142640638140406e-06
6.098123342956896e-06
6.053911880798957e-06
6.010013313684226e-06
5.966434414861332e-06
5.923181663480825e-06
5.880261242596774e-06
5.837679032505427e-06
5.795440605860236e-06
5.753551231890697e-06
5.712015864078879e-06
5.670839133720129e-06
5.630025379566028e-06
5.58957860397058e-06
5.549502499646586e-06
5.50980044256022e-06
5.470475491486937e-06
5.431530391231121e-06
5.392967569406437e-06
5.354789141209793e-06
5.316996906534754e-06
5.279592362961161e-06
5.242576691655287e-06
5.205950782127822e-06
5.169715217800963e-06
5.133870290441322e-06
5.098415993165517e-06
5.06335203875885e-06
5.028677851126595e-06
4.994392579060758e-06
4.960495106565155e-06
4.926984045527938e-06
4.893857742938046e-06
4.861114298870817e-06
4.828751565932876e-06
4.796767151260539e-06
4.765158428843286e-06
4.73392254429772e-06
4.703056431076824e-06
4.672556796481153e-06
4.642420160072547e-06
4.612642832801939e-06
4.583220933329635e-06
4.554150405677859e-06
4.525427013790662e-06
4.497046369067448e-06
4.469003906493185e-06
4.441294927604034e-06
4.413914586942624e-06
4.386857898719398e-06
4.360119765234316e-06
4.333694970437563e-06
4.307578184592487e-06
4.281763977820319e-06
4.256246835310229e-06
4.231021158318526e-06
4.206081266389106e-06
4.181421421889375e-06
4.157035819130073e-06
4.132918609789371e-06
4.109063897472787e-06
4.085465751924033e-06
4.062118210357291e-06
4.039015308210381e-06
4.016151047725458e-06
3.99351943614068e-06
3.971114478140692e-06
3.948930195840639e-06
3.926960621458697e-06
3.905199806419901e-06
3.883641841118113e-06
3.862280842148458e-06
3.841110975622009e-06
3.820126452169781e-06
3.799321534381228e-06
3.778690546463181e-06
3.758227882677545e-06
3.737927994129642e-06
3.717785424739439e-06
3.697794783930064e-06
3.677950770497596e-06
3.658248179161383e-06
3.638681890572038e-06
3.619246887076599e-06
3.599938247611512e-06
3.580751154363959e-06
3.561680913866105e-06
3.542722924021469e-06
3.523872714628062e-06
3.505125918068508e-06
3.486478298397877e-06
3.467925732469901e-06
3.449464225813159e-06
3.431089910854723e-06
3.412799045032777e-06
3.394588021343736e-06
3.376453357795128e-06
3.358391706176356e-06
3.340399849061093e-06
3.322474702471823e-06
3.304613318433347e-06
3.286812885860968e-06
3.269070720568479e-06
3.251384275926306e-06
3.233751138198571e-06
3.216169033759542e-06
3.198635810441885e-06
3.18114945885295e-06
3.16370809583244e-06
3.146309970114558e-06
3.128953453779282e-06
3.11163705724038e-06
3.094359401600855e-06
3.077119248962035e-06
3.059915478553776e-06
3.042747080850283e-06
3.025613177776165e-06
3.008513005497981e-06
2.99144590432121e-06
2.974411338785288e-06
2.957408877457546e-06
2.940438195819794e-06
2.923499071938451e-06
2.906591391571567e-06
2.889715134291038e-06
2.872870374037717e-06
2.856057283451285e-06
2.839276121768819e-06
2.822527230827987e-06
2.805811039841011e-06
2.789128065949775e-06
2.77247889257648e-06
2.755864179304623e-06
2.739284659436514e-06
2.72274113433113e-06
2.706234464855406e-06
2.689765579710901e-06
2.673335461556015e-06
2.65694514389736e-06
2.640595715530658e-06
2.624288311769973e-06
2.6080241078974e-06
2.591804328155867e-06
2.575630229650905e-06
2.559503104571093e-06
2.543424271084227e-06
2.527395086437956e-06
2.511416921313625e-06
2.495491172926911e-06
2.47961925770035e-06
2.463802602048482e-06
2.448042653480087e-06
2.432340858060655e-06
2.416698674845286e-06
2.401117572659039e-06
2.38559900544999e-06
2.370144437602306e-06
2.354755321731794e-06
2.339433110454259e-06
2.324179238066826e-06
2.308995131428127e-06
2.293882199300157e-06
2.278841839564727e-06
2.263875423902384e-06
2.24898430978282e-06
2.23416982492175e-06
2.21943327149976e-06
2.204775929048886e-06
2.190199045015717e-06
2.17570383187482e-06
2.161291475344385e-06
2.146963127391821e-06
2.132719896352775e-06
2.118562861030959e-06
2.104493062371482e-06
2.090511488472835e-06
2.076619102786559e-06
2.062816815140422e-06
2.049105499724035e-06
2.035485982321283e-06
2.021959046416555e-06
2.008525422980689e-06
1.995185807346367e-06
1.981940839557161e-06
1.968791119910662e-06
1.955737188308326e-06
1.94277955278821e-06
1.929918658438723e-06
1.91715490904798e-06
1.90448865799997e-06
1.891920213825671e-06
1.879449826103219e-06
1.867077707551346e-06
1.854804016043765e-06
1.842628862047668e-06
1.830552304959987e-06
1.818574362211223e-06
1.806695001937975e-06
1.794914143760096e-06
1.783231662333407e-06
1.77164739045832e-06
1.760161106201252e-06
1.748772551879441e-06
1.737481426067333e-06
1.726287380932057e-06
1.715190029671909e-06
1.70418893730151e-06
1.693283645520793e-06
1.682473637187876e-06
1.671758365850984e-06
1.661137254083123e-06
1.650609679937354e-06
1.640174986716758e-06
1.629832489968841e-06
1.619581470047038e-06
1.609421173109915e-06
1.599350813452638e-06
1.589369587495781e-06
1.579476648361222e-06
1.569671142731544e-06
1.559952174101653e-06
1.550318824539154e-06
1.54077016212284e-06
1.531305225954682e-06
1.521923036817974e-06
1.512622606725245e-06
1.503402910940643e-06
1.494262924395251e-06
1.485201598372399e-06
1.476217880047592e-06
1.467310692282453e-06
1.458478957050424e-06
1.449721581670005e-06
1.441037469240847e-06
1.432425509539925e-06
1.423884587681279e-06
1.415413592109616e-06
1.407011397724922e-06
1.398676884090122e-06
1.390408923218622e-06
1.382206392119834e-06
1.374068170467702e-06
1.365993137381061e-06
1.357980180194396e-06
1.350028172808493e-06
1.342136019322204e-06
1.334302619171446e-06
1.326526873790534e-06
1.318807697603397e-06
1.311144022575483e-06
1.303534779895088e-06
1.295978912851936e-06
1.288475381611143e-06
1.281023160326633e-06
1.27362123025776e-06
1.266268586763708e-06
1.258964248740391e-06
1.251707244853684e-06
1.244496617980317e-06
1.237331432757394e-06
1.230210764036066e-06
1.223133715311242e-06
1.21609940262335e-06
1.209106960220474e-06
1.202155538893024e-06
1.195244318741295e-06
1.188372494742573e-06
1.181539277084198e-06
1.174743903376019e-06
1.16798563465359e-06
1.161263742166518e-06
1.154577531692347e-06
1.147926322331294e-06
1.141309457053374e-06
1.134726304696798e-06
1.1281762526405e-06
1.121658705027784e-06
1.115173093646504e-06
1.108718878040094e-06
1.102295530075459e-06
1.095902547376681e-06
1.089539449217192e-06
1.083205779184304e-06
1.076901102847749e-06
1.070624996102332e-06
1.064377072590439e-06
1.058156953170908e-06
1.051964287901441e-06
1.045798746712734e-06
1.039660013413268e-06
1.033547803674928e-06
1.027461836833332e-06
1.021401867307148e-06
1.015367657841715e-06
1.009358995052168e-06
1.00337567854325e-06
9.974175330107471e-07
9.914843952518737e-07
9.855761174959454e-07
9.796925755090058e-07
9.738336579356854e-07
9.67999264078756e-07
9.621893125588699e-07
9.564037382059354e-07
9.506424876182251e-07
9.449055198285095e-07
9.391928085245027e-07
9.335043429370415e-07
9.278401174039885e-07
9.222001444708638e-07
9.165844389036337e-07
9.109930388939702e-07
9.054259868523928e-07
8.998833257445327e-07
8.943651201853697e-07
8.888714341237502e-07
8.834023490500442e-07
8.779579390161274e-07
8.725383009444698e-07
8.67143527871761e-07
8.617737249361213e-07
8.564289905033107e-07
8.511094383711892e-07
8.458151927737134e-07
8.405463635119403e-07
8.35303073931648e-07
8.300854513754174e-07
8.248936195220935e-07
8.197277145960413e-07
8.145878601650836e-07
8.09474188678827e-07
8.043868297002987e-07
7.993259217853321e-07
7.942915870584599e-07
7.892839637424487e-07
7.843031737397865e-07
7.79349348278835e-07
7.744226098171936e-07
7.695230864745994e-07
7.646508882741543e-07
7.598061397828815e-07
7.549889557978418e-07
7.501994451208915e-07
7.454377116689059e-07
7.407038556950241e-07
7.35997975231939e-07
7.313201642045186e-07
7.266705134290063e-07
7.220490988446571e-07
7.174559953915249e-07
7.128912790088648e-07
7.083550096487201e-07
7.038472514819816e-07
6.99368050693927e-07
6.949174568005034e-07
6.904955061060036e-07
6.861022350257429e-07
6.817376700940514e-07
6.774018297406315e-07
6.730947220701111e-07
6.688163561863192e-07
6.64566727093252e-07
6.603458257981032e-07
6.561536390892186e-07
6.51990139655112e-07
6.47855299518163e-07
6.437490782662536e-07
6.396714286038829e-07
6.356223006820372e-07
6.316016354368514e-07
6.276093675872119e-07
6.236454170860384e-07
6.197097054405631e-07
6.158021480517917e-07
6.119226478862316e-07
6.080711028033647e-07
6.04247404889513e-07
6.004514399027272e-07
5.96683084386207e-07
5.929422115524829e-07
5.892286891739928e-07
5.85542376030368e-07
5.818831261272805e-07
5.782507884743993e-07
5.746452080845899e-07
5.710662179803094e-07
5.675136497407252e-07
5.639873338347812e-07
5.604870885189683e-07
5.570127336040898e-07
5.53564082461655e-07
5.501409411357017e-07
5.467431137828882e-07
5.433704014512486e-07
5.400225988605456e-07
5.366995017297427e-07
5.334008894575248e-07
5.301265609825023e-07
5.268762899302004e-07
5.236498593630401e-07
5.204470472364164e-07
5.172676251774533e-07
5.141113693651889e-07
5.109780507606132e-07
5.07867435439735e-07
5.047792959178565e-07
5.017133885010239e-07
4.986694905895206e-07
4.956473564909913e-07
4.92646752725534e-07
4.896674409282653e-07
4.867091824012348e-07
4.8377173833547e-07
4.808548730306228e-07
4.779583514524788e-07
4.750819279086826e-07
4.722253698075107e-07
4.693884383399904e-07
4.665708993600859e-07
4.63772514613936e-07
4.609930605026236e-07
4.58232294886507e-07
4.554899931674683e-07
4.527659228648062e-07
4.500598573820014e-07
4.473715683461776e-07
4.44700834045797e-07
4.420474400967933e-07
4.394111637884279e-07
4.367917865177873e-07
4.341890958992067e-07
4.316028811013339e-07
4.290329365108647e-07
4.264790521846251e-07
4.239410291706491e-07
4.214186690720823e-07
4.189117699393563e-07
4.164201486966945e-07
4.139436055039525e-07
4.114819620593124e-07
4.090350301799717e-07
4.066026326743355e-07
4.041845929059207e-07
4.017807435641174e-07
3.993909103439108e-07
3.970149301535386e-07
3.946526409004392e-07
3.923038857100991e-07
3.899685148134324e-07
3.876463753327286e-07
3.85337318720147e-07
3.830412114158577e-07
3.807579039838416e-07
3.784872665280048e-07
3.762291701514542e-07
3.739834858462743e-07
3.717500874911295e-07
3.695288588456691e-07
3.673196830034087e-07
3.651224496081795e-07
3.629370457503001e-07
3.607633709545865e-07
3.586013249678999e-07
3.564508049835879e-07
3.543117176318944e-07
3.521839717635089e-07
3.5006748533295e-07
3.479621698554425e-07
3.458679453949287e-07
3.43784726575258e-07
3.417124539994987e-07
3.396510455111468e-07
3.376004333865978e-07
3.355605561194963e-07
3.335313486507729e-07
3.31512751250429e-07
3.295047086293579e-07
3.275071660535644e-07
3.255200702323435e-07
3.235433697623691e-07
3.215770254527683e-07
3.196209881206613e-07
3.176752115807702e-07
3.157396656350286e-07
3.138143011005567e-07
3.118990904438235e-07
3.099939946960006e-07
3.080989837700443e-07
3.062140280229997e-07
3.043390951473768e-07
3.024741636048489e-07
3.006192016430376e-07
2.987741878346384e-07
2.969390985319009e-07
2.951139125295654e-07
2.93298608955439e-07
2.914931684916411e-07
2.896975678234881e-07
2.879117958487498e-07
2.861358359140809e-07
2.843696680354668e-07
2.826132780020529e-07
2.808666489384493e-07
2.791297665227788e-07
2.774026189866774e-07
2.756851938956473e-07
2.739774768167891e-07
2.722794524290251e-07
2.705911097411473e-07
2.689124376509255e-07
2.672434183947914e-07
2.655840436460721e-07
2.639342968624447e-07
2.622941657204336e-07
2.606636407831431e-07
2.59042708061763e-07
2.574313441305875e-07
2.5582954432668e-07
2.542372914415836e-07
2.526545715975104e-07
2.510813649214683e-07
2.495176605332716e-07
2.479634372276607e-07
2.464186757977771e-07
2.44883366362636e-07
2.433574805005279e-07
2.418410035565088e-07
2.403339148804307e-07
2.388361913796544e-07
2.373478135142548e-07
2.358687543058124e-07
2.343989936592905e-07
2.329385041521803e-07
2.31487267132735e-07
2.300452444092826e-07
2.286124199946116e-07
2.27188756141139e-07
2.257742293121368e-07
2.243688050906911e-07
2.229724564983826e-07
2.215851470088737e-07
2.202068469792096e-07
2.188375232137219e-07
2.174771331908687e-07
2.161256454913385e-07
2.147830248100391e-07
2.134492298466739e-07
2.121242227426379e-07
2.108079674156826e-07
2.095004194568872e-07
2.082015311266616e-07
2.069112671199136e-07
2.056295850261236e-07
2.04356432109698e-07
2.030917649609165e-07
2.018355489408208e-07
2.005877233202114e-07
1.993482461326579e-07
1.981170683063027e-07
1.968941421015558e-07
1.956794106749982e-07
1.94472836612114e-07
1.932743523003211e-07
1.920839126645646e-07
1.909014728518343e-07
1.897269658046596e-07
1.885603460038965e-07
1.874015598257728e-07
1.862505470962006e-07
1.851072581882107e-07
1.839716325946483e-07
1.828436173578751e-07
1.817231533030039e-07
1.806101859180842e-07
1.795046570274295e-07
1.784065084553532e-07
1.773156848017265e-07
1.762321237830378e-07
1.751557697771133e-07
1.740865682720028e-07
1.730244524322799e-07
1.719693705215519e-07
1.709212611444855e-07
1.698800659033495e-07
1.688457286208589e-07
1.67818184793056e-07
1.667973824615032e-07
1.657832577883767e-07
1.647757549294582e-07
1.637748159311059e-07
1.627803822845664e-07
1.617923968133539e-07
1.608108025630273e-07
1.598355351406511e-07
1.588665480278806e-07
1.579037784971149e-07
1.569471699269798e-07
1.559966685826808e-07
1.550522135129739e-07
1.541137590876929e-07
1.531812410249245e-07
1.522546073662312e-07
1.513338085956661e-07
1.504187870926543e-07
1.495094876791114e-07
1.486058607280683e-07
1.477078547251764e-07
1.468154183781323e-07
1.459284988403198e-07
1.450470484831712e-07
1.441710115734907e-07
1.433003484763162e-07
1.424350045686751e-07
1.415749308897318e-07
1.407200834746547e-07
1.398704122523853e-07
1.390258760336494e-07
1.381864268568123e-07
1.373520204239753e-07
1.365226104388384e-07
1.356981595979079e-07
1.348786223820397e-07
1.340639526059562e-07
1.332541148535427e-07
1.324490676024581e-07
1.316487687752499e-07
1.308531840660265e-07
1.300622687328001e-07
1.292759879145677e-07
1.284943096369062e-07
1.277171878255601e-07
1.269445956131321e-07
1.261764930315934e-07
1.254128499939e-07
1.246536299737144e-07
1.238988019958143e-07
1.231483280905721e-07
1.22402183722059e-07
1.216603351394951e-07
1.209227538101487e-07
1.201894079816412e-07
1.194602751164453e-07
1.187353193543572e-07
1.180145127177568e-07
1.172978311148043e-07
1.165852513418386e-07
1.15876743755905e-07
1.151722793801824e-07
1.144718386747456e-07
1.137753955493537e-07
1.130829292428359e-07
1.123944123326837e-07
1.117098257230609e-07
1.110291466543956e-07
1.103523495915582e-07
1.09679419990627e-07
1.090103278755805e-07
1.083450626992999e-07
1.076835982605218e-07
1.070259130209195e-07
1.06371999653021e-07
1.057218298461393e-07
1.050753848375052e-07
1.044326530807993e-07
1.037936100400927e-07
1.031582437249767e-07
1.025265300436118e-07
1.018984604472806e-07
1.012740157291248e-07
1.006531806790889e-07
1.000359408642737e-07
