1.007026483735527 0.5798434207959513 0.003553361564737769 2.691577771868376 
1.003507743865527 0.5867063064377255 0.003969437981908399 2.683839230068809 
1.010501320235168 0.5728322663224229 0.008526427179341848 2.699303644006297 
1.006949592023137 0.5818654169045915 0.008584522834302812 2.692550779361962 
1.015251076190197 0.5638794286955658 0.02091337124396456 2.710678183449462 
0.9949135488986637 0.6139833957154759 0.05882399128203736 2.675728621384154 
1.020597794432553 0.5493979233975723 0.05071920380628227 2.722582048462111 
1.012997330960322 0.5833916365377165 0.04735582956355162 2.715700576670218 
0.9843238232546886 0.6294891331618226 0.07588951551141795 2.65268789358286 
1.00780770974907 0.5798220231983445 0.03618999939891458 2.695331281959711 
1.000136045670689 0.5947222046910823 0.02996221084979298 2.678377460901594 
0.9846688422316638 0.6155756125938486 0.005947142351746426 2.63972157658592 
1.001666643940622 0.5902624690902156 0.0135304286071764 2.680016043983985 
0.9885014165781955 0.6107191240199241 0.01761562020540494 2.649252333744032 
1.005350299423901 0.5818733097486061 0.0171835276008134 2.687413171487881 
1.009613806401898 0.5779457590529012 0.02131103220599032 2.699609716045995 
1.006238635111441 0.5797518539038354 0.001997214344475295 2.688884014804688 
1.006152862708191 0.5805682825460726 0.005031526562489001 2.689094540586257 
1.005087849516465 0.5828119854859863 0.002024381706468285 2.686807585844396 
1.015089915861953 0.567854728270319 0.08167420082332355 2.717160179355229 
0.9993254373830512 0.5853246081901896 -0.0009493641121857485 2.671025323448198 
0.9980412728160024 0.5813731436495075 -0.002178279100606582 2.668456782413801 
0.998746164003404 0.5878711419986311 -0.004598063247353244 2.670589902270144 
0.9975902787684324 0.5776099245195176 -0.00463612720582667 2.667662977858742 
0.9971296506976759 0.5883605778081412 -0.007313065398177201 2.665503514405124 
0.9989968050358686 0.5717809930126037 -0.009180189859933317 2.670798188948555 
0.9983688439815405 0.5521084983348217 -0.02236072918292657 2.663505209445568 
0.9866856094989745 0.6104810730382694 -0.007298951263215368 2.643614094685867 
0.9930806271289585 0.5989276053217764 -0.008308164133424296 2.657322287226014 
0.9973186621559796 0.5812328660295702 -0.01109179524915548 2.664981771856981 
0.9989640436301048 0.5827521614409867 -0.02148803479510823 2.671382015854908 
0.9902575946045959 0.5861254014332685 -0.04213101606995148 2.64768768877133 
0.9921429851761289 0.6007513606419204 -0.01433486405439583 2.656512119043937 
0.9585573347811649 0.6133763770178379 -0.06406255969184382 2.564198924776312 
0.9735947172468987 0.6046958361707452 -0.06799845473265201 2.608094910320337 
0.9722630271675237 0.6168031094545144 -0.02327465952121121 2.603141795955661 
0.9877309525485904 0.6040071843775638 -0.01809859925729659 2.643951494607303 
0.9787735958381393 0.620420021730848 0.001983843686540553 2.624002824006214 
0.9803341140499026 0.6124608585161505 -0.02855275284603139 2.626989782798892 
0.9893403582092952 0.6071777466220473 -0.002302049048566902 2.649486851917459 
0.9566876200172486 0.6417381699310047 -0.02211847157591277 2.57107076285305 
0.9793599394991244 0.6188822765993371 -0.008719919826492737 2.625191861878024 
0.9711608216915485 0.6302591481929098 0.005400944928421666 2.606506362439168 
0.9303024202666835 0.6848078224659836 0.03522292323335859 2.519252441746114 
0.9356923059224082 0.6843879227383699 0.01444483161322095 2.535100026176883 
0.9670743258638953 0.6385890208316036 -0.03437553733665141 2.603014759874126 
0.950791936024775 0.6556842276778244 0.01219296164878865 2.560782316772641 
0.9955904007181708 0.5376539556286325 -0.0541600771055851 2.649064400339368 
0.993454891074396 0.584402939821242 -0.02661297375386579 2.654073316619042 
0.9779256995048716 0.5604725297208062 -0.09022742620329431 2.605878511354363 
0.9791456993294433 0.5914037988416514 -0.04728880071718395 2.614275576546263 
0.9526258873164284 0.61808004619927 -0.08690701998735809 2.556408396573754 
0.925436519031028 0.6575078129461659 -0.0702121886656792 2.492926027976045 
0.9893644550944191 0.608160934939973 0.002621603430139656 2.650131493195281 
0.99439462402587 0.6008606199530219 0.007153170883226554 2.662157290888165 
0.9937039296857362 0.6035323360496159 0.01312780665359232 2.661791220078456 
1.000953355214867 0.5885534402395689 0.008427560625884862 2.676461504675651 
0.9606626557387957 0.6470398291675954 0.001861177911914325 2.585226360693139 
0.9411178731723547 0.6730800528052726 -0.04247604098048115 2.546610796630407 
0.9220472690045952 0.6773177691235589 -0.0130001530155132 2.4880285786511 
0.9031555826997428 0.7003589679791048 -0.02327893181376518 2.451895903093779 
0.9568923577725073 0.654620237486231 0.0425811494714074 2.579466121481469 
0.9864595887848439 0.6164811365064282 0.02711167655677998 2.647110078714551 
0.9894768339006855 0.6138810982173398 0.09483037984146256 2.662492588050082 
0.9779385524286185 0.62663469748187 0.02981420101856793 2.626054825848908 
0.9945990311783901 0.6036260596547809 0.04285663969263794 2.666158164972418 
0.9697767432171664 0.6483044709690108 0.04796839720483696 2.616944634003351 
0.9119454282100281 0.709376471818538 0.05070567113482709 2.484559600823806 
0.954627454134925 0.6821079637937123 0.06134941586103129 2.595334901424764 
0.9525773736623441 0.6567522937070771 0.09394837348259553 2.572755946130962 
0.9980887404317366 0.5944166482904388 0.02198709106583789 2.670837620034555 
1.005450138208976 0.5942362415952785 0.07416254699163116 2.699270111172996 
1.005638696747838 0.5813970418917244 0.0003938539377593607 2.687821607806139 
1.005429917679779 0.5818709557006092 0.0003037793576862877 2.687398650398917 
1.000332353316756 0.5951740560684048 0.004523247999568111 2.678378838749866 
1.004613796360785 0.5842802179705248 0.001274863370730096 2.686080439121973 
0.9988670373430829 0.5844297612812233 -5.989683502977435e-05 2.66897683058622 
0.9983028357921843 0.5814810251687414 -0.001874618627886918 2.668855381044392 
0.9972602525439048 0.5865001432274211 -0.002729914145571214 2.664842551164698 
0.9946836957139188 0.5945782114917529 -0.004975230850254083 2.660039361395756 
0.9916772356644782 0.6043079386686954 -0.002086081241898656 2.655453150818641 
0.992571167669463 0.6054498342097812 0.004104108109821452 2.658936174133013 
1.00586743451759 0.5808791094463341 0.0002663393605246371 2.68828695954921 
1.007042927923572 0.5756909718332885 0.002414088908975651 2.689280623350991 
1.017166810724149 0.554134133943096 0.02074961545967612 2.711967462622828 
1.034694705786344 0.5576957062255531 0.07163656647318638 2.777155598598938 
1.010393211023467 0.5675121601986186 0.006954349965867239 2.695992713931953 
1.02879893639087 0.5548325963420045 0.03238887274574444 2.752257854992627 
0.9980367573542643 0.5785505539277738 -0.002238983176541681 2.669704244843515 
0.9993299782363232 0.5742055391736741 -0.005064726907972479 2.673311643145474 
1.002295671884098 0.5585113506776347 -0.008228476090491387 2.680365481648721 
1.007931490011316 0.5469143325088285 -0.03175649754684561 2.695406188966615 
1.006762515478568 0.5358259146181933 -0.04668505379627585 2.685515316217375 
0.9513350179380266 0.5872301702610314 -0.1087696751511387 2.537075164741204 
0.8669314390221445 0.7017985079421767 0.00915016400163381 2.343290281779582 
0.9925698383983789 0.5495089807239635 -0.08721890479459951 2.648398574922998 
0.9226922408004089 0.6340445942254269 -0.08070639632802756 2.470343434400465 
0.9513982333709284 0.677645646053936 0.1034787335976417 2.5863261255074 
0.879243548292157 0.672308819618873 -0.05229752297174778 2.361968987325326 
0.8982109654239706 0.7183664415848378 0.03992338901718581 2.449339217380277 
1.022546493237163 0.5883559607145898 0.1024271637001486 2.757899484235502 
0.9915855489364077 0.6363440516728536 0.1036177292176992 2.686591724969488 
