1.007108646399851 0.579668510453075 0.003555643965920378 2.691751853957125 
1.003583503324197 0.586541305153944 0.003971487473950995 2.683995502506776 
1.0105752543644 0.5726543735649119 0.008527384584474176 2.699450790509462 
1.007022365485764 0.5816946823444467 0.008586717310498199 2.692695485487941 
1.015314925417204 0.5637024241219198 0.02091208969553536 2.710794729534748 
0.9949802713500929 0.6137944158391054 0.05880626846398609 2.675829776748712 
1.020651178974891 0.5492190780657992 0.05070742052595824 2.722665127518148 
1.013054603945579 0.5832122894660318 0.04734288501120176 2.715788230447214 
0.9843976780593405 0.6292951159242085 0.07587038919710011 2.652801799192684 
1.007870006075451 0.5796480220970106 0.03618581158116896 2.695439283160203 
1.00020116413519 0.5945465642163348 0.02995771587297256 2.678489161499228 
0.9847326592422511 0.6154070142722734 0.005957784766050719 2.639825615998507 
1.001735527417305 0.5900950165072575 0.01353226039218263 2.680146827341262 
0.9885677548097491 0.6105512623790994 0.01762037724413994 2.649367235374521 
1.005419494953748 0.581703126379998 0.01718750148895701 2.687545903257928 
1.009678323458282 0.5777718381627542 0.02130847984373929 2.699726230322048 
1.00632488747607 0.5795759869986499 0.002000177379793586 2.689071033343938 
1.006229751240998 0.5803961546127657 0.005033904050975408 2.689252259895885 
1.005173305180566 0.582640161644252 0.002027352145791068 2.686993352690517 
1.015143205812002 0.5676713930124205 0.08164810259382758 2.717233264509416 
0.9993350455155322 0.5851913056807523 -0.0009505310985279871 2.670977040595974 
0.998047278141499 0.5812178023160046 -0.002188800092915168 2.668378443639916 
0.9987600457722937 0.58773932915203 -0.004599650179868624 2.670556457925341 
0.9976019585652254 0.577435438792442 -0.004645619317593942 2.667589838781038 
0.9971484797961651 0.5882274619504634 -0.007314721662859959 2.665485587809467 
0.9990107524892033 0.5715952429293392 -0.009188235413399302 2.670725904698957 
0.9983863774833868 0.5519020815594152 -0.02235888752552828 2.663431209311919 
0.986735184240258 0.6103254236054938 -0.007285009759404913 2.643679873695075 
0.9931126276522709 0.5987937848978838 -0.008301617980283324 2.657346844717802 
0.9973380035336281 0.5810720831569539 -0.01108118140548537 2.664946556294345 
0.998983708545494 0.5825935729026285 -0.02148067202573791 2.671349209715742 
0.9902850846842046 0.5859537837770229 -0.04210515247361517 2.647667505734257 
0.9921761953906828 0.6006012836022748 -0.01431857415808991 2.656528696762223 
0.9586251514309319 0.6131783630304735 -0.06402367285654845 2.564279434738329 
0.9736415890501331 0.6045034678039237 -0.06795503053064945 2.608115177067865 
0.9723252600932363 0.6166293704523572 -0.02324728285123425 2.603229666244233 
0.9877727573931387 0.6038545644209953 -0.01808231760316543 2.643993687428499 
0.9788399489642848 0.6202486901418911 0.001999929546216259 2.624110314849349 
0.9803806313237242 0.6122918582006721 -0.02852536575562552 2.627031472821698 
0.9893882022458699 0.6070335926747437 -0.002293436012443015 2.649556308205908 
0.9567725050560099 0.6415392162002987 -0.02208902737795698 2.57120339168487 
0.9794184050270029 0.6187142835645801 -0.008700040236452688 2.625275613677881 
0.9712377956085591 0.6300727120093463 0.005417453150584943 2.606633639452441 
0.9304267568644604 0.6845876781755155 0.03521825333650962 2.51947412189295 
0.9358060288322977 0.6841694377275628 0.01445626855545263 2.535291708434815 
0.9671406749699681 0.6383938369125923 -0.03433793660207769 2.6030926743814 
0.9508918131297577 0.655477485900741 0.01220168634199754 2.560953942050644 
0.9956135699420486 0.5374488029307652 -0.05413137176580682 2.649011373892626 
0.9934820520142945 0.5842437416528538 -0.0266011846715196 2.654064148180178 
0.9779683846018697 0.560261418032029 -0.0901793376047362 2.605876877625652 
0.9791887255750498 0.5912278846824811 -0.04726076972738518 2.614301405929552 
0.9526961930952105 0.6178616108598094 -0.08685004310317705 2.556472417516801 
0.9255453535309079 0.6572845917253193 -0.07016594830046582 2.493093238369014 
0.9894201483779679 0.6080123908571226 0.002625417033342668 2.650224091296818 
0.9944584205256247 0.6007056215942904 0.007157499297189662 2.662275204824751 
0.9937698604065233 0.6033648590458526 0.01313072536132777 2.661907678809352 
1.00102390918603 0.5883903098333001 0.008432059216573041 2.676600621263042 
0.9607484561334397 0.6468407050641884 0.001881800754655046 2.585364659119914 
0.9412155546680155 0.6728647112087102 -0.04243830192939001 2.546755373371151 
0.9221765453595946 0.6770989909877264 -0.01298025724781677 2.488263961112274 
0.9032958977773454 0.7001322762632248 -0.02325297416519212 2.452138624153155 
0.9569895684658528 0.6544138198695094 0.04257557011356266 2.57963282500902 
0.9865301033798431 0.6162973557607082 0.02711128678912706 2.647226116601691 
0.9895473926048749 0.6136849985476402 0.09479764137807842 2.662597093887949 
0.9780150826348042 0.6264484603533589 0.02981747121440632 2.62618435759245 
0.994666011433749 0.6034476952160676 0.04285021091532414 2.666270864401887 
0.9698623981672923 0.6481012848974695 0.04795804210062175 2.617081902280011 
0.912082256234219 0.7091564742643887 0.05068740266219449 2.48480052785176 
0.954724888846391 0.6818920204470608 0.06133188297062829 2.595483834151394 
0.9526782002933093 0.6565452186981626 0.09391685857015114 2.572928085617124 
0.9981552970062954 0.5942496920868309 0.02198942987803349 2.67095933143996 
1.005510545615217 0.5940524263030545 0.07414374508959941 2.699360233698489 
1.00573303168764 0.5812207154760515 0.0003944508757821072 2.688034850918741 
1.005521542881488 0.5816957860675804 0.0003044979617215455 2.687603354953244 
1.000400857893976 0.5950147529798679 0.004524728032424632 2.678512064987311 
1.004694890261224 0.58411165670553 0.001276480033179959 2.686253130156467 
0.9988754387832711 0.5842916465423788 -5.992224017259127e-05 2.668921598211127 
0.9983059049491573 0.5813281200336581 -0.001885099823856196 2.668769253104214 
0.9972727353475398 0.586367322188697 -0.002730121465683451 2.664803830899604 
0.9947094614601214 0.5944490427454839 -0.004970808462305963 2.660046838827696 
0.9917192665956084 0.6041703638291834 -0.002079544814461234 2.655508260661707 
0.9926309159577427 0.6052980083207548 0.004105216038779586 2.659041439156374 
1.005959238462254 0.5807024195583604 0.0002665146490952651 2.688491707520151 
1.007124380661375 0.5755118699221949 0.002413773471278064 2.689450804698665 
1.017227551267034 0.5539551466152386 0.02074273188984101 2.712074586629944 
1.034735083388471 0.5575150179470982 0.07161960055046608 2.777192928105253 
1.010465075982216 0.5673330264231198 0.006951922438114152 2.696133243590763 
1.028849211217692 0.554653599792659 0.03238099418685706 2.752331358252627 
0.9980443806935361 0.5783772439359047 -0.002241461199597033 2.669617695027312 
0.9993436279647554 0.574018977510483 -0.005066858668628512 2.673237031219982 
1.002305569975623 0.5583055164534216 -0.008225499751546279 2.680264424698172 
1.007941017345332 0.546700173282522 -0.03173677383903419 2.69530077039934 
1.00677363990557 0.5356198208454651 -0.04666370333129711 2.685422682968494 
0.9513928547868887 0.5870137702929347 -0.1087219300054063 2.537106666953001 
0.867112059642962 0.7015819625358084 0.009146989939508857 2.343644095205567 
0.9925927632362266 0.5492998288719996 -0.08717724059810836 2.648337024845582 
0.9227857894572439 0.6338268736252385 -0.08066302588818511 2.470471150933156 
0.9514968704226722 0.6774377293693161 0.1034470522342601 2.586482466341633 
0.8793931226315926 0.6720878357325702 -0.05227573015687857 2.36223990349436 
0.8983617027004306 0.7181458049211508 0.03991669642226197 2.449612356124498 
1.022593604676294 0.5881682851422669 0.102398410480612 2.757944144563471 
0.9916557822384124 0.6361432797890773 0.1035858839163342 2.686685575761511 
