-1.47393 0.0469948
-1.37176 0.0469948
-1.22214 0.0469948
-1.07251 0.0469948
-0.97034 0.0469948
-0.930716 0.0565234
-0.877594 0.0565234
-0.799802 0.0565234
-0.72201 0.0565234
-0.668888 0.0565233
-0.477773 0.139359
-0.456246 0.139311
-0.424723 0.139184
-0.3932 0.139049
-0.371673 0.139005
-0.263665 0.28438
-0.251336 0.284671
-0.233282 0.28543
-0.215227 0.286535
-0.202898 0.28746
-0.647262 0.0836864
-0.615626 0.0836881
-0.5693 0.0836838
-0.522973 0.0836726
-0.491337 0.0836624
-0.361519 0.233536
-0.343249 0.233457
-0.316496 0.233627
-0.289742 0.234387
-0.271472 0.235408
1.04488 0.00460487
1.13267 0.00460487
1.26124 0.00460487
1.3898 0.00460487
1.4776 0.00460487
0.722362 0.0190744
0.780255 0.0190744
0.865033 0.0190744
0.949811 0.0190744
1.0077 0.0190744
0.493702 0.0565548
0.534962 0.0565678
0.595382 0.0565808
0.655803 0.0565843
0.697063 0.0565809
0.371384 0.106501
0.392949 0.106689
0.424528 0.106982
0.456108 0.107206
0.477672 0.107285
0.289206 0.0958346
0.303997 0.0956561
0.325657 0.0957159
0.347317 0.0960141
0.362108 0.096283
0.136241 -0.34107
0.150022 -0.341161
0.170202 -0.341686
0.190382 -0.342525
0.204162 -0.343125
-0.0017539 -1.00755
0.0062508 -1.00689
0.0179728 -1.00453
0.0296947 -1.00066
0.0376994 -0.997261
0.211326 -0.0161247
0.225621 -0.016748
0.246555 -0.0172103
0.267489 -0.0171235
0.281785 -0.016743
0.0885082 -0.569048
0.0970378 -0.567849
0.109528 -0.56633
0.122019 -0.565238
0.130549 -0.564795
-0.0885146 -0.364226
-0.0802122 -0.365219
-0.0680542 -0.366443
-0.0558962 -0.367118
-0.0475937 -0.367079
0.0419274 -0.905271
0.0504932 -0.903729
0.0630369 -0.900814
0.0755806 -0.897493
0.0841464 -0.895175
-0.0435202 -0.77087
-0.0358573 -0.772621
-0.0246358 -0.774166
-0.0134144 -0.774309
-0.00575145 -0.773496
-0.196883 0.192146
-0.185633 0.192717
-0.16916 0.193451
-0.152687 0.193933
-0.141438 0.194073
-0.13632 -0.0478034
-0.127506 -0.0480018
-0.114601 -0.0486342
-0.101695 -0.049589
-0.0928816 -0.0503499
