1.007026338132667 0.5798437302250316 0.0035533575395001 2.691577463116495 
1.003507609608119 0.5867065983281998 0.003969434353663925 2.683838952875192 
1.010501189155086 0.572832580925608 0.008526425473702729 2.699303382727855 
1.006949463007804 0.5818657188941982 0.008584518936524815 2.692550522467729 
1.015250962961163 0.5638797416236189 0.02091337346916843 2.710677976273634 
0.9949134308183106 0.6139837295005404 0.05882402237431901 2.675728441991061 
1.02059769976597 0.5493982394125368 0.05071922454163973 2.722581900558982 
1.012997229440268 0.5833919534692974 0.04735585229808128 2.715700420768505 
0.9843236926434137 0.629489475738642 0.07588954907074184 2.652687691825128 
1.007807599351309 0.5798223307634207 0.03619000665482027 2.695331090148636 
1.000135930362101 0.5947225150778649 0.02996221860456389 2.67837726277182 
0.9846687296909673 0.6155759101485193 0.005947123353287474 2.639721393296903 
1.001666521908635 0.5902627651643013 0.01353042526935865 2.680015811993743 
0.9885012993920084 0.6107194204148543 0.01761561156254143 2.64925213072477 
1.00535017678052 0.5818736107156378 0.0171835205003694 2.687412935888644 
1.00961369201802 0.577946066550197 0.0213110366289479 2.699609509030382 
1.006238482314822 0.579752165034505 0.001997209127958921 2.688883683312899 
1.006152726414491 0.5805685870450458 0.005031522356967697 2.68909426070386 
1.005087698133923 0.5828122894818412 0.002024376464708395 2.686807256592588 
1.015089821441703 0.567855052090294 0.08167424681893597 2.717160049305406 
0.9993254206787051 0.5853248425975527 -0.000949362083324167 2.671025409064881 
0.9980412623935506 0.5813734168758368 -0.00217826056044954 2.668456920775596 
0.9987461399026832 0.5878713738816354 -0.004598060499797248 2.670589962237457 
0.997590258500648 0.5776102314889546 -0.004636110508686262 2.667663107599203 
0.9971296179258319 0.5883608120215168 -0.007313062539595418 2.665503547199071 
0.9989967808633708 0.5717813198429614 -0.009180175712195086 2.670798317516833 
0.9983688135576491 0.5521088616134553 -0.02236073246685634 2.663505341328083 
0.9866855223963432 0.6104813473213869 -0.007298975998750355 2.643613979663785 
0.9930805711290014 0.5989278409747792 -0.008308175750421705 2.657322245187219 
0.9973186284968951 0.5812331489221804 -0.01109181397859724 2.664981835163491 
0.9989640094434407 0.5827524405187873 -0.02148804784482081 2.671382075082806 
0.9902575466625632 0.5861257035467693 -0.04213106172755288 2.647687725918392 
0.9921429270655608 0.600751624880026 -0.01433489285932813 2.656512091114692 
0.9585572157343896 0.6133767257999746 -0.06406262840483247 2.564198784423659 
0.9735946351579081 0.6046961749349509 -0.06799853137585125 2.608094876257518 
0.972262917804353 0.6168034155652566 -0.02327470804907025 2.603141642148537 
0.9877308792600742 0.6040074531845611 -0.01809862813505063 2.643951421478052 
0.9787734789450278 0.620420323920936 0.001983815046622703 2.624002634917544 
0.980334032491865 0.6124611561654929 -0.02855280129962095 2.626989710667646 
0.9893402741197133 0.6071780007808877 -0.00230206433466691 2.649486730362469 
0.9566874706521512 0.64173852058722 -0.02211852377060311 2.571070529990355 
0.979359836701772 0.6188825727737511 -0.008719955127461801 2.625191715182177 
0.9711606859889881 0.6302594771169306 0.005400915505765715 2.606506138270329 
0.930302200828298 0.6848082107983722 0.03522293127280238 2.519252050471735 
0.9356921053866656 0.684388308038651 0.0144448111562888 2.535099688303912 
0.9670742092653525 0.6385893647403486 -0.03437560388187547 2.603014623692717 
0.9507917598846709 0.6556845923773635 0.01219294595684239 2.560782014267803 
0.9955903604167483 0.5376543167802943 -0.05416012770838508 2.649064495510119 
0.9934548436829838 0.5844032200207805 -0.02661299461212849 2.654073334225658 
0.9779256248434434 0.56047290145446 -0.09022751098430429 2.605878516076187 
0.9791456239928971 0.591404108576723 -0.04728885025152624 2.61427553257084 
0.9526257639214902 0.6180804309213279 -0.08690712054312306 2.556408285409074 
0.9254363276080195 0.6575082062409668 -0.07021227033175183 2.492925734601315 
0.9893643569631311 0.6081611969789966 0.002621596624348642 2.650131330256559 
0.994394511245807 0.6008608937735788 0.007153163113735108 2.662157082361272 
0.993703813091539 0.6035326319377092 0.01312780133033865 2.661791013995028 
1.000953230242317 0.5885537287579282 0.00842755259094055 2.676461258046471 
0.960662504542153 0.6470401802891663 0.001861141229692161 2.585226117226213 
0.9411177012609589 0.6730804323416639 -0.04247610773238782 2.546610542745287 
0.9220470412010259 0.677318154831646 -0.01300018831007351 2.488028164166553 
0.903155335484323 0.7003593675496037 -0.02327897774937735 2.451895475773195 
0.9568921861116356 0.6546206017587748 0.04258115907578589 2.57946582701747 
0.9864594641687827 0.6164814610418784 0.02711167698529728 2.647109873533005 
0.9894767090784581 0.6138814444424099 0.09483043751413378 2.662492402766851 
0.9779384172869594 0.6266350261934737 0.02981419494817227 2.626054597055611 
0.9945989126692704 0.6036263747354247 0.04285665080463576 2.666157965298912 
0.9697765918954979 0.6483048296376615 0.04796841522349202 2.61694439136063 
0.9119451867204726 0.7093768598850284 0.0507057032738881 2.484559175556607 
0.9546272820669248 0.682108344827049 0.06134944659285656 2.595334638243618 
0.9525771955117397 0.6567526591444079 0.09394842899086074 2.572755641723604 
0.9980886226080362 0.5944169433877845 0.02198708674757755 2.670837404335006 
1.005450031219063 0.5942365663269902 0.07416258003974792 2.699269951083744 
1.005638529788346 0.5813973538183409 0.0003938528837010627 2.687821230369521 
1.005429755471512 0.5818712655858245 0.0003037781019133844 2.687398287927223 
1.000332232042785 0.5951743376812011 0.004523245358978974 2.678378602700396 
1.004613652678148 0.5842805161932781 0.001274860543348657 2.68608013294472 
0.9988670227113302 0.584430003997092 -5.989677990622131e-05 2.668976928169379 
0.998302830425296 0.5814812941171321 -0.001874600146538773 2.668855532741394 
0.9972602308523142 0.5865003768321903 -0.002729913783543478 2.664842620213469 
0.9946836507077284 0.5945784388458318 -0.004975238691215738 2.660039349424243 
0.9916771618796163 0.6043081810970653 -0.002086092818428894 2.65545305466506 
0.9925710622262887 0.6054501022439847 0.004104106111794303 2.658935988451247 
1.005867271988009 0.5808794220146131 0.0002663390440493156 2.688286596980083 
1.007042783573288 0.5756912886002987 0.002414089448340124 2.689280321444844 
1.017166703009804 0.5541344503123125 0.02074962758376657 2.711967272130507 
1.034694634167477 0.5576960254307071 0.07163659635149681 2.777155531701767 
1.010393083608951 0.5675124769372525 0.006954354226530625 2.695992464341746 
1.028798847215038 0.5548329126775902 0.03238888659909998 2.752257724020955 
0.9980367441177479 0.578550858791651 -0.002238978778273556 2.669704397798977 
0.9993299545317759 0.5742058673958003 -0.005064723145433931 2.673311775599755 
1.002295654880866 0.558511712899131 -0.008228481351166866 2.680365661072442 
1.007931473720785 0.5469147094571947 -0.03175653232952139 2.69540637634105 
1.006762496400672 0.5358262773798849 -0.04668509145958961 2.685515481169015 
0.951334916681025 0.587230551348806 -0.1087697593959596 2.537075111397487 
0.8669311206063065 0.7017988897032263 0.00915016951020411 2.343289658258808 
0.9925697985784973 0.5495093489646004 -0.08721897826545179 2.648398685301708 
0.9226920765041335 0.6340449777516869 -0.08070647297274937 2.470343211177928 
0.9513980591579688 0.6776460129043386 0.1034787894222441 2.586325849159346 
0.8792432850590921 0.6723092090323267 -0.05229756155457722 2.361968511178323 
0.8982106994629583 0.7183668306929683 0.03992340078369099 2.449338735439071 
1.022546409794856 0.5883562921254549 0.1024272143787515 2.757899404556567 
0.9915854247477189 0.6363444060763186 0.1036177853304538 2.686591558644666 
