1.008832548784907 0.5759831103370271 0.003603313866287185 2.695409030023842 
1.005185497199588 0.5830524459366792 0.004013759402563443 2.687312197240562 
1.012135387006867 0.568899960621522 0.00854651806611911 2.702568553117247 
1.008562314699951 0.5780872739542133 0.008629853372404789 2.695773002344001 
1.016674113035023 0.5599578411342109 0.02088253041141117 2.71330067613181 
0.9964328517247477 0.6097683399693391 0.05841952064870763 2.678101037215326 
1.02180372581871 0.5454227450280212 0.05045125548905604 2.724505402008036 
1.014291317044925 0.5794043525085674 0.04706027799254437 2.717729949467565 
0.9860097839039732 0.6251542606718747 0.075453847431625 2.655365236122871 
1.00921103971611 0.5759574969700965 0.03608736431061887 2.697807307010928 
1.00160898678907 0.5908135056634894 0.02985190617055208 2.6809541540411 
0.9861448108346926 0.6117968243059512 0.006179287888841612 2.642214739736976 
1.003209240606783 0.5865443751855005 0.01356321936675734 2.682975159906559 
0.9900220203316299 0.6069647519078276 0.01771287890955177 2.651955137903967 
1.006893799069235 0.5781024659409389 0.01726324878335084 2.690400364015832 
1.011056853074017 0.5740890746419903 0.02124799827351221 2.702246600862414 
1.008130725123702 0.5758725387002414 0.002060878058318369 2.692988387915714 
1.007850654754752 0.5767643977684818 0.005081490748735065 2.692588209433974 
1.006964016674179 0.579019115310803 0.002087655451079253 2.690887869846108 
1.016305007926891 0.5637697884531239 0.08108782455576276 2.718893623132113 
0.9995634115876203 0.5823147615296279 -0.0009785827113273449 2.670014297843385 
0.998190201487379 0.5778603055318431 -0.002418269607452897 2.666742714190805 
0.9990951528666345 0.5848984999056054 -0.004636059785250974 2.669963381350999 
0.997882674070237 0.573657533177913 -0.004853192414452205 2.666116429535498 
0.997597928953049 0.5853583291677213 -0.007352449809847178 2.665252243596564 
0.9993518912855253 0.5675696705850093 -0.009364033977074037 2.66930848304534 
0.9988150865713884 0.5474251516440917 -0.02231940734120931 2.662012730509944 
0.9878567311679561 0.6069755833083056 -0.006985021416608512 2.645285190089363 
0.9938542751969629 0.5959128970923746 -0.00815815614442349 2.658057098615093 
0.9978015136617436 0.5775942879489181 -0.0108478185845148 2.664348122295368 
0.99946025365497 0.579165362975935 -0.02132130799143115 2.670823510566254 
0.9909398155748705 0.58224508089315 -0.04154356223764617 2.647446974964307 
0.9929479910790578 0.5973635974080379 -0.01396333787703455 2.657078655536609 
0.9601555594665192 0.6089022213501047 -0.06319003945569127 2.566253382927041 
0.9747212231536642 0.6003467779857197 -0.06701738474132611 2.608791076981394 
0.9737257256045724 0.61288678476062 -0.02266262721115658 2.605332509244912 
0.9887313717940373 0.6005653928519156 -0.01773168727671645 2.645102849397282 
0.980314866533794 0.6165727731283244 0.002338955163638573 2.626596997034125 
0.9814458309799692 0.6086467830332777 -0.02793540503355536 2.628146566890061 
0.9904687094661857 0.6039347644738581 -0.002107167165624506 2.651229034517065 
0.9586597031192895 0.6372570098943734 -0.02146247983270729 2.574272983864285 
0.9807332005666647 0.615104430316213 -0.008276888900567604 2.627278395955379 
0.9729389950479819 0.6260776273567744 0.005764465874673711 2.609544865942571 
0.9331363895636422 0.6798637369917256 0.03511339649122453 2.524391858985887 
0.9382984922628949 0.679474971149561 0.01469329194889846 2.539592974505202 
0.9686336098820987 0.6341881207001919 -0.03353334894302642 2.604995371233189 
0.9530845950169531 0.6510438878614309 0.01238124392594151 2.564820847148655 
0.996176442773783 0.5330031188405738 -0.05350817098054497 2.648089148349194 
0.9941241574167012 0.5808037733085222 -0.02634466170096661 2.654061288764257 
0.9789598969944802 0.5556909582198735 -0.0891396730446711 2.60608865579865 
0.9801808338693623 0.5874273323049326 -0.04665648398899947 2.615080923406148 
0.9542846628201213 0.6131371163724522 -0.08562514013408482 2.558104338876344 
0.9279593385175221 0.6524619639590169 -0.06917738900709054 2.496936951337437 
0.9906594363005004 0.6048249939150979 0.002706888404688002 2.652365861474965 
0.9958478372488351 0.5973980106201654 0.007244433080057798 2.664894165671507 
0.9952036296857333 0.599796112207012 0.01318449225447401 2.664495997286791 
1.002530893639752 0.5849335706018017 0.008519909579495664 2.679599706697101 
0.9626446647250329 0.6425629792982416 0.002316816681758948 2.588526362603218 
0.9433814837503953 0.6682261211246178 -0.04163059486767954 2.550092474246778 
0.9250081844624871 0.6723918971170445 -0.01255910682322578 2.493518840069817 
0.9063704358732583 0.6952411633919118 -0.02270265854688389 2.457560181869821 
0.9591132106823359 0.6499947626269285 0.04244965009633964 2.583359864999409 
0.9880723282204263 0.6123753408796553 0.02709309122053584 2.649838875599143 
0.9910877424571835 0.6095004868572722 0.09409497154935477 2.664956753260562 
0.9796939794717087 0.6224651465329774 0.02987755957773782 2.629106873218537 
0.9961236033769177 0.5996487599664178 0.04270195503677904 2.668785962420892 
0.9717341929864329 0.6437576161717652 0.04772853598115986 2.620166770901017 
0.915060576195206 0.704432197559103 0.05029691240086161 2.490131709521069 
0.9568543794252228 0.6772656026764173 0.06095169534725947 2.598831511010846 
0.9548738594630759 0.6521138546539786 0.09324062187619081 2.576755635217714 
0.9995927953572964 0.590701361396097 0.02202774836307668 2.673633531523979 
1.006822962173944 0.5901424887016404 0.0737348630552476 2.70138081890781 
1.007703745604392 0.5775092529320809 0.0004067447250736306 2.692488578346739 
1.007437038170012 0.5780075232586739 0.0003196156433160208 2.691882378225541 
1.001871780920028 0.5916285631845283 0.004552292147331826 2.681403768458216 
1.006400616139838 0.5805545058595767 0.001309994046018083 2.689891705221644 
0.9990725470668724 0.5812961602295993 -6.018693803677811e-05 2.667783793659622 
0.9983746573211237 0.5780258246512566 -0.002112903692823344 2.666930439585798 
0.9975723790093664 0.5835027756084911 -0.00273359062053899 2.66407863851162 
0.995312695648465 0.5916673681720032 -0.004875710827480096 2.660374950150117 
0.9926757791614121 0.6012107635038612 -0.001938952475379773 2.65687404798387 
0.9939469520668569 0.6020479223 0.00412630556468634 2.661426505144117 
1.007877898885937 0.5769829581578834 0.000269605358482378 2.692770248967308 
1.008834053267 0.5717357288158101 0.002406629596190525 2.693027272501685 
1.018523429076574 0.5501652034342048 0.02059628604155836 2.714387888310746 
1.035620036783785 0.5536744774379639 0.07125324063637362 2.778087232287785 
1.011984352787879 0.5635486220186761 0.006900724960326014 2.699118753213169 
1.02993211895574 0.5508579681898127 0.03221026204939256 2.753957979063659 
0.9982245033758654 0.5746230182677098 -0.002290720045848293 2.667810147897438 
0.9996698705835725 0.5699734734144843 -0.005109633989530783 2.671739992414479 
1.002561853904509 0.5538396987675155 -0.008159478184549507 2.678235620429391 
1.008200656147917 0.5420553209034431 -0.03130836468880101 2.693218204657964 
1.007073854154727 0.5311509933061015 -0.0462027222061638 2.683636693515222 
0.9527193442837616 0.5823301234596595 -0.1076947161759375 2.538057597441038 
0.8710397499728832 0.6969121658872031 0.00907568205886171 2.35142167479157 
0.9931560887971905 0.5447701665060279 -0.08627729878968578 2.647250570033519 
0.9248809520824056 0.6291200400090582 -0.07973846742924956 2.473493439115158 
0.9536511582319435 0.6729816638337104 0.1027683445111306 2.589983112780534 
0.8826829202803778 0.6673134517355093 -0.05181458226208802 2.368313797567709 
0.9016402607470508 0.71339856797156 0.0397747774349566 2.455635259949698 
1.023630690129616 0.5841685693650936 0.1017824146720793 2.759018298369338 
0.9931943206218455 0.6318535788284182 0.1029044066135517 2.688830912863496 
