1.00005195170762 0.5000855800274173 -1.642496600210661e-05 2.675218825164566 
1.000000000418193 0.5000000000782012 4.822896034898087e-10 2.675000001479777 
1.000022995809625 0.4999907319654219 1.95746908716299e-05 2.675074590500867 
1.000002039605429 0.5000008980983144 2.551062258522765e-06 2.675007475568881 
1.000432490073903 0.4998934013536991 0.0003722154478949214 2.676438242873865 
1.000084587141402 0.5000563723429403 7.026157391285796e-05 2.675319711922706 
1.004335461874097 0.5021420975926492 0.002479182181110313 2.691074881620737 
1.00056922848732 0.5003787904347369 0.0006785541048417228 2.677154255076523 
1.000677338164218 0.5002123004056825 0.0008410677918777121 2.677447546366873 
1.000029480382338 0.4999999537936559 2.769088078270289e-05 2.675101557439552 
1 0.5000000000000001 -4.537952873090465e-17 2.675 
1 0.4999999999999999 -4.563531587458813e-17 2.675 
1 0.5000000000000001 7.321274798015913e-18 2.675 
1 0.5000000000000001 -2.705741509412143e-17 2.675 
1.000001376003114 0.4999998907547273 1.230739898823118e-06 2.675004685762341 
1.000041649853354 0.5000332372121957 5.09746281611535e-05 2.675160137720847 
1.000458472788061 0.5007496187857121 8.968295320413709e-05 2.676862117824532 
1.000000091222432 0.4999999649415035 5.278801606538873e-08 2.675000296732214 
1.000504090979766 0.5008310236531119 -6.655691007734435e-05 2.677051407704819 
1.007383629431388 0.5041147889557088 0.00444694225123748 2.702673784228971 
0.999873701400728 0.5000224709115152 -8.217586796869635e-05 2.674576288609933 
0.9990675057744703 0.500707984132421 0.0001741049560278779 2.672149873032234 
0.9999999982151523 0.4999999997824185 -2.141386109831626e-09 2.674999993742409 
0.9999938366613215 0.5000030628424398 2.252988759713087e-07 2.674980299729731 
0.9999999503652381 0.4999999608421354 -5.915081695880911e-08 2.674999809429452 
0.9999720000268357 0.4999629300298842 -2.731418533765944e-05 2.67488501051556 
0.9992918860221457 0.4989312602178882 -0.0005270351829450945 2.672028698176947 
1 0.4999999999999999 -9.445134056410053e-18 2.675 
1 0.4999999999999999 -1.108518534361339e-17 2.675 
0.9999960372827853 0.4999965021560409 -3.469334824148836e-06 2.674984599898442 
0.9999544527839184 0.4999848006450479 -5.60711792665596e-05 2.674835536370692 
0.9996180989316039 0.4998671378052089 -0.0004741131710306956 2.673620139797614 
1 0.5 3.491764416693957e-18 2.675 
0.999089416173336 0.4990752702613442 -0.0009903925475569608 2.671411413535372 
0.9991335875898663 0.4997206598961439 -0.0009784348459904049 2.671885201688194 
1 0.4999999999999999 3.314060295901357e-17 2.675 
1 0.5 8.201519233543131e-18 2.675 
1 0.5 6.102761018041554e-18 2.675 
1 0.5 6.338687332251377e-18 2.675 
1 0.5 -1.710950888349351e-17 2.675 
0.999979902283797 0.4999829020651241 -2.346992948440911e-05 2.674922232711313 
1 0.5 -6.259412168656386e-18 2.675 
1 0.4999999999999999 -5.622636137294591e-18 2.675 
1.000653485274679 0.5003214171871431 0.0006773426318475609 2.677416258713058 
1.000019844643662 0.5000510545677009 2.739452872895352e-05 2.675093938878635 
0.9999719351550297 0.5000096014140101 -2.378281055552854e-05 2.674908144327887 
1 0.4999999999999999 -3.22417045839372e-17 2.675 
0.9958644464315962 0.4949119143944118 -0.002235481490421336 2.658259740504834 
0.9999767058566453 0.4999725958235522 -2.142157519937495e-05 2.674906070504521 
0.9915845327877881 0.4912135814923669 -0.005227760623775625 2.641821791237285 
0.9999336026486273 0.4999500337318514 -5.906261729928313e-05 2.674746378054076 
0.9925763166444687 0.4945887643068809 -0.003345667754560498 2.646881565741516 
0.9939492863407687 0.4961984869313704 -0.003119345363932948 2.652365048367109 
1 0.5 -6.054813106684483e-18 2.675 
1 0.5 -6.475472147947897e-18 2.675 
1 0.5 2.849090861441184e-17 2.675 
1 0.5 0 2.675 
1 0.5 0 2.675 
0.9995547984678673 0.5000745037423181 -0.0004440390937353188 2.673506845368222 
0.9996823432305252 0.4999171147023694 -0.0003710194445271706 2.673865777492524 
0.9967453333911038 0.5000855699161013 -0.001695876288591843 2.663886171275386 
1.000050775260305 0.500005756701117 5.744397104880758e-05 2.675177875259506 
1 0.4999999999999999 5.594197168522481e-17 2.675 
1.008209273799028 0.506731104333487 0.004525760895638289 2.706850502565748 
1 0.5 -2.217864453132594e-17 2.675 
1 0.5 -2.822621407045946e-17 2.675 
1.000044159786818 0.5000659698532202 3.942782696968327e-05 2.675185210212619 
1.005292565376295 0.5065482281966907 0.00285206450603855 2.696611089385822 
1.001187483972749 0.5015089682964671 0.001157215215285574 2.679861745582914 
1.008221668750272 0.5075474025393122 0.003183273355863687 2.707292365738256 
1 0.4999999999999999 -4.088497353636462e-18 2.675 
1.000759338698157 0.5002634492738343 0.0009128398483814472 2.677755818053547 
1.004738076993446 0.5130418960685842 -1.413340005142064e-05 2.687244543684712 
1.002607246007344 0.5039266644319522 0.0007895662571186959 2.684426642901721 
1 0.5 -3.202055363978832e-17 2.675 
1.000048896093469 0.5000797327486552 1.906735728769764e-05 2.675205661824533 
0.9994392551384236 0.5001910202701232 -0.0003635729922675299 2.673167642118304 
0.9961639662913131 0.5027291929839349 9.015016663725812e-06 2.663232369680899 
0.9999953540067927 0.5000031522866122 -9.157306484471292e-07 2.674985571407215 
1 0.5 -5.464380246548361e-17 2.675 
1 0.5 0 2.675 
1 0.5 -5.947317747502182e-17 2.675 
1.002480337898104 0.5037314863164316 -0.0008018280878344507 2.683974912960602 
1.000002022749027 0.4999992629867469 3.835627345808874e-07 2.675006599915162 
1.002745146148478 0.4999031179980765 0.0007694889984863807 2.684426343098148 
1.01837184713003 0.5055555683560514 0.003399893467561659 2.741670491558991 
1.000137152777557 0.5000193628604251 3.398449417305844e-05 2.675482212156853 
1.009108123196511 0.5031798405152444 0.001400721419995818 2.708105736758458 
0.9998519707997213 0.5000329478778499 0.000130111747899489 2.674506741486236 
0.9999956215439231 0.4999925994813978 -1.71588384597866e-06 2.674981216194715 
0.9997892977063215 0.4997874147855116 -2.658912713313502e-05 2.674167988074819 
0.9969200774519626 0.4970572338960679 -0.000238186117784138 2.662930963286916 
0.9935011577029383 0.4970791739754074 -0.0009121265658742522 2.651211895561026 
0.9714298065902385 0.4883050127656082 -0.004772212133631805 2.572008092802571 
0.9954635464250726 0.5011566045657018 -0.001005566441021759 2.660025428513203 
0.9840501873991402 0.4928479558520617 -0.002217271083408989 2.61685778960451 
0.982965371886931 0.493793022752093 -0.001322316425915589 2.613638131235122 
1.024088706493646 0.5090765331043314 0.006313883988996456 2.763497638229598 
0.982040684190926 0.4936856210716357 -0.002599876564025099 2.610497646081465 
1.007906664006002 0.5046223907748361 0.001574907787532097 2.704672642706601 
1.024210733811752 0.5075097552453144 0.005083509021045451 2.763218360290371 
1.020938829831733 0.5072951901051879 0.004205483284596087 2.751564891241729 
