1.0001828424795 0.5917263755637433 0.004152705204581776 2.67568608823424 
1.001351803820122 0.5896602350352049 0.002234246455133302 2.678350772498818 
1.001161583137962 0.5899931259253295 -6.428166350719925e-06 2.677912703342558 
1.00134505655555 0.589860144851152 0.005467038150191157 2.67845821052242 
1.002134080283345 0.5881246718906439 0.001530162439090487 2.680049448714091 
1.002989303411325 0.5870888084209899 0.005970143505194502 2.682309949311163 
1.000309957444882 0.5914790336788153 0.004313248808991567 2.675967488388896 
0.9995206957563094 0.5930511657060024 0.006812468132798944 2.674282416673143 
0.9979042806653168 0.5959754319631837 0.009531408690625399 2.670679152650862 
0.9981403806451788 0.5954737847999813 0.00390004596255219 2.671126035167565 
0.9964567221630428 0.5983212705936348 0.004746563367582731 2.66724977544743 
0.9961431401438597 0.598936072628433 -6.155477958447538e-05 2.666567668355603 
1.004169269954676 0.5849684691644516 -0.0003141425017405244 2.684988881574277 
1.005646989316396 0.5814114876204162 0.006447407472487546 2.68787795140551 
1.004659725651211 0.5834649201411245 0.01684989471819054 2.685883516011462 
1.003901324207068 0.5846913118080819 0.003610699436387495 2.683942077517695 
1.003586649102357 0.5859081748032623 0.009985861068333516 2.683639483736116 
1.002830072777624 0.5875008263307145 0.006115930562659634 2.68202676287195 
0.9977378581859276 0.5959582620123869 0.009260272623583915 2.670116879245072 
1.000734706279319 0.5907686179058314 0.009654993729968571 2.67699447391872 
1.002812229243635 0.5871944585660621 0.006086865800719123 2.68179050133202 
1.000072599736238 0.5917366880634011 0.01406292727704055 2.675417692986366 
1.003819480919905 0.5851513607873282 0.01007590838076607 2.683974527129558 
1.004485970242897 0.5840621450884375 0.01681288475261584 2.685648400168153 
1.007806805304443 0.5750904833702996 0.03815620719798721 2.692161321680139 
1.005791117672588 0.5803743076549195 0.02481510822949418 2.688030879153455 
1.004340504326823 0.5840795599683697 0.0171069996693247 2.685213857795377 
1.012543622965253 0.567976984001031 0.01950270371975161 2.703508636363594 
1.008318761706278 0.5761570264308367 0.01263629696037014 2.693858191948495 
1.011595985441583 0.5707095885718629 0.001671144500986222 2.701655470501612 
0.9698778956512119 0.6381907078216685 0.04391746905181376 2.606204952145441 
0.9805581407521688 0.6222405693030161 0.05226454461117343 2.631049831970012 
0.9899354524734054 0.6070320613419122 0.05165014840544379 2.65249350302449 
0.9716199107587334 0.63399993782977 0.06719339774048914 2.610420594633668 
0.9861361253704104 0.610578191733739 0.06921679352698293 2.642994207560133 
0.9785803537461789 0.619366049512686 0.09363933621395074 2.625771581201147 
1.001914678655718 0.5840057849922499 0.07397089538167777 2.679603043499972 
1.006495013251619 0.576693176182382 0.05334117537174403 2.689386662783178 
1.007664596130009 0.5751244164693087 0.03795796657401485 2.691901171547703 
1.012383612978181 0.5629707898926896 0.07872163733871297 2.703076285106361 
1.014335103531695 0.5625337625401441 0.05234140009723368 2.707644863501079 
1.02498044596129 0.5366433863556797 0.0758764229633664 2.731042721080883 
0.9897536437761482 0.6065414023836717 0.05154840271223442 2.651434287396995 
1.000314981372979 0.5897067149574662 0.04928557993023649 2.676122067262825 
1.007678202933998 0.5754686575949397 0.03780430087213674 2.692054994014119 
0.9946257230202313 0.5976846457349123 0.06288883078909636 2.662788639536283 
1.00638181479661 0.5757618163697358 0.05384355166414316 2.688479906569408 
1.001928813627839 0.5828980442794963 0.07388906774794841 2.678998245891512 
0.9464984442918226 0.6651776050018557 0.08117753963576357 2.551910030754532 
0.9609558040232078 0.6492788685425086 0.05858947435936484 2.585550676771827 
0.9705059634090052 0.6383134070221774 0.045095722256588 2.608439019522639 
0.9633196754805954 0.6422368490890521 0.09221033384570153 2.591060306241501 
0.9711907912685365 0.633963684595986 0.06662086996770165 2.609021070223097 
0.9785853770976162 0.619288940168071 0.0934362443601242 2.625682763304324 
0.9961571654844587 0.5972450879637563 0.02694403866983952 2.666021968068818 
1.000262076547768 0.5907452341106152 0.03350327701815335 2.67593483472218 
1.007857804183059 0.5753886530226674 0.03784521123873361 2.692457544349579 
0.9940664115464933 0.6013494854048649 0.03681823555594004 2.661815244469263 
1.00007951015048 0.5893630575169939 0.04881474400393868 2.675144482314816 
0.9899467288380845 0.6065751980897816 0.05193128389426332 2.652067845135663 
0.9838907146581729 0.6176620226876375 0.02473896332995533 2.638004458582008 
0.9903405519192578 0.6075867377691729 0.02870073765492764 2.653071196099717 
0.9958262460464844 0.5978747497063357 0.02671799230953689 2.665320522438565 
0.9856407260540093 0.6152788975382589 0.03739704816462874 2.64264086031051 
0.9941651173012189 0.60065904888655 0.03735991024316592 2.661722394464967 
0.9902535456311515 0.6069748164650164 0.05144710177748438 2.65327662510999 
0.9828612563160908 0.6204948523223492 -0.006948798905633593 2.63609104561266 
0.9832387569326703 0.6200990644840124 0.0003656777015277061 2.637070466178944 
0.9850950575019006 0.617003897256262 0.005207998464195459 2.641269471516185 
0.9785910341228209 0.6276937769407984 -0.002491641614124491 2.626703014737753 
0.9811318925954888 0.6237058037394317 0.006822717972770995 2.632463792441997 
0.9739409377374857 0.6340298061026831 0.007459277739347746 2.615690333999669 
0.9914860053384847 0.6062778744833343 0.01100215456579925 2.655689785693972 
0.9951363255923388 0.6006127348100562 0.01158591384888737 2.664319159763856 
0.9977268142561027 0.5961738062588262 0.009670192942241203 2.670242582193492 
0.9929112149948994 0.6044857914885171 0.01847056366451991 2.659398835124196 
0.9973842591067218 0.5963488120551101 0.0162098190295922 2.669247955685085 
0.9960368279414686 0.5981637605359286 0.02666174022372287 2.666099889938466 
0.9735624050838402 0.6340710387287392 0.00821747650715406 2.61448148932443 
0.9812598983535215 0.623704131553512 0.006502622889697755 2.632885259557157 
0.9853030340444797 0.6168769479724382 0.0052380385373619 2.641869973903654 
0.9781358202032514 0.6277081402149186 0.01924906138093305 2.625434761137505 
0.9837851228226029 0.6191699927390606 0.01221104616079666 2.638344561864146 
0.9840539307437961 0.6184379939256622 0.02487855902527353 2.639009973204914 
0.9980064241628648 0.595734299068746 0.009804412552341499 2.670896540434116 
1.000021819557062 0.5917902032681795 0.01382897303820256 2.675278226975986 
1.004369112848859 0.5841440120562544 0.01666344319314573 2.685308169586925 
0.9973006117235985 0.5967366304377254 0.01594545303675072 2.669205458845345 
1.000906699402816 0.5896396222366709 0.02346006322567956 2.677134847950825 
0.9959147298991889 0.5979341931926382 0.02695945761564958 2.665573610155238 
0.9957695011939111 0.5974505471584677 0.02626779088260267 2.66481514338628 
1.001151357038752 0.5895491757986235 0.02370589023522418 2.677904918352263 
1.004222747758919 0.5844459097121787 0.01684426003216598 2.685033701232685 
1.000478037000128 0.590648206900614 0.03388407209437369 2.676597317710039 
1.006186039855971 0.5798283617013354 0.02487704798303784 2.689028417923219 
1.007851024547378 0.5754163878095119 0.03809046640197494 2.692456175081064 
1.00024250133926 0.5917246799885435 0.00424685122078592 2.675882588050695 
1.00029121322397 0.5915918009894565 0.001862978095288834 2.675959773961475 
1.000302619263207 0.5913516637971874 0.0008354762753050444 2.675856532456601 
1.001287109751002 0.5896885568951327 0.002193038867562623 2.678151679527663 
1.00070184806762 0.5907169612359828 0.0008087320000194559 2.676807932797244 
1.00131264049204 0.589773561979886 -0.0002859073208733973 2.678283343938693 
0.9978823783196002 0.596126015998004 0.009763485967266399 2.670694727586949 
0.9994871977829859 0.5929629637077664 0.00671636260404726 2.674119559585183 
1.000237320230483 0.5916221143859643 0.004209744672574883 2.675809983960399 
1.00068828423883 0.5906886863975743 0.00943710041927897 2.676790614497385 
1.001187478218026 0.5900584648732168 0.005340852494025426 2.678051207137683 
1.002814006413246 0.5871734511173303 0.006054528133636133 2.681777901878448 
0.9995759754735977 0.5927385281596509 -9.508391557696946e-05 2.674260246977675 
0.9999326880283446 0.5920832863868765 0.0008208396042360727 2.67505813340663 
1.000263275377568 0.5913514799251178 0.0008467481696880642 2.675725169625403 
0.9995356210261794 0.5928747607739917 0.001713061008190074 2.674208260245549 
1.000369751280487 0.5912785528231856 0.001852166862331428 2.676035986077852 
1.000236830996725 0.5917830242209291 0.004131298032912542 2.675898769385423 
0.9784545147406748 0.620015675810965 0.09365841760844414 2.625849077626293 
0.9923104054090914 0.598518119045738 0.08627555832204521 2.657331075178694 
1.001465774885647 0.5844799119501946 0.07369283692148929 2.678524223179303 
0.9914577449886902 0.5951595812524604 0.1157648975211614 2.655588972912922 
1.005104644880928 0.5740068553675107 0.09657269158261722 2.686457299619271 
1.010089993102813 0.5577658160530569 0.1294451587496251 2.697463722210935 
1.000146067065087 0.5914889456377099 -0.00153359533328269 2.675412011275045 
0.9999803592241803 0.5916409384143443 -0.0005749805513763925 2.674956016013373 
1.000038911805595 0.591480693334941 -0.0002285928329463325 2.675055222327917 
0.9997545350782868 0.59217178427535 -0.0008958743510802407 2.674520282236473 
0.9999363123824879 0.5918319535215925 -0.0001489993080965245 2.67491997988341 
0.9996405704401062 0.5925721760451558 -3.364475805105563e-05 2.674372380339292 
1.000150488939856 0.5913197983978069 -0.001591038130430768 2.675329550577042 
1.000279145433661 0.5912134035507376 -0.0004192823535786398 2.675694760259532 
0.9999101465215857 0.5912063573013593 -0.0001099144893637251 2.674498072840406 
0.9999684706769283 0.5914971103156015 -0.0006993740792458843 2.6748347530615 
1.000067560709296 0.5914405351994715 -0.000306771768986692 2.675121366754374 
1.000029630230873 0.5913741207945923 -0.0002212753654969178 2.674970820572998 
1.000217852811565 0.5913243989047934 -0.001537966421770828 2.675554425589753 
0.9993061231436914 0.5931580998485992 -0.001835520089373131 2.673615950535119 
0.9979837056415166 0.5956279667910594 -4.216727304386178e-05 2.670685926328356 
1.000344989133714 0.5909451264052553 -0.002992466826264751 2.675752487114233 
0.998670003051646 0.5942399109365013 -0.003677449255694904 2.672150305546438 
1.000517657134222 0.5906519597912877 -0.005701014128089954 2.676159632314406 
1.000732148566948 0.5904195741896341 -0.005789912869101086 2.676755420123795 
1.001275106624394 0.5896111090661597 -0.001885806283792865 2.678068584987605 
1.000645865238197 0.5898653188377698 0.000120715637363521 2.676161582726075 
1.000325600546327 0.5910278164457863 -0.003111900564080787 2.675747053983297 
1.000579290134398 0.5906977749858389 -0.001109689944792396 2.676389581358753 
1.000167293377664 0.5912092386065351 -0.001567963829894138 2.675322510122513 
0.9966573039660492 0.597702075658671 -0.0120987768918881 2.667594783095542 
0.9992579240245278 0.593084927540127 -0.009393174017587352 2.673446691492322 
1.000578184141679 0.5905786650456217 -0.005902421633789596 2.676318229961652 
0.9970409964766442 0.5973057667126405 -0.004003078957226303 2.668573822654592 
0.9985195939764666 0.5943347169583523 -0.003651319789212422 2.671707362748077 
0.9981520957113728 0.5955533959125168 0.0001263142294626091 2.671202290037487 
1.000696712373322 0.5908048592941093 -0.005684088758547048 2.676872922743259 
1.001883681169442 0.5879345517962498 -0.008361570765776179 2.679184644564041 
1.004351028554183 0.583172272454864 -0.01093006884820927 2.684658846957213 
1.002373753664177 0.58745842524634 -0.004147949127643026 2.680465308401485 
1.004365931719688 0.5839617771231598 -0.003855016403383283 2.685043197912412 
1.002990745957751 0.5858684883884783 9.565442686999592e-05 2.681635086845958 
1.004181390617328 0.5836436696794671 -0.01060953445544697 2.684409119563378 
1.005840205211371 0.5808677638809464 -0.01821685759634751 2.688432075611155 
1.006940948080309 0.5769102669276303 -0.03140313710883087 2.690126321626889 
1.007384110417843 0.5778786519738254 -0.0090500676120481 2.691628033925044 
1.011313141813393 0.5703309507055503 -0.01744387904012916 2.700605737554377 
1.011430764873863 0.5702713076249436 -0.002858588446155021 2.701028433465286 
0.989315350731929 0.610420065592958 -0.01024949462374203 2.651082036147669 
0.9862582974385111 0.61502641617501 -0.01007661975388092 2.643864459972117 
0.9829932973989887 0.6206995668447314 -0.006781707500598561 2.636676159418945 
0.9869946689878274 0.6140112395668541 -0.01601006732194463 2.645709169169599 
0.9820959418995028 0.6220127987975175 -0.01440539345873027 2.634618925993487 
0.9825477396372756 0.6200780087769052 -0.02433805127250299 2.635085260544266 
0.9928541770514435 0.6046979132469272 2.022114998260015e-05 2.659172168682921 
0.9915031398544152 0.6069971756344232 -0.004493347345906356 2.656118513202354 
0.9893569333084715 0.6101348977829154 -0.01010904533823426 2.651023116669903 
0.9940442486560938 0.602270795275394 -0.006102326248162465 2.661651541129572 
0.9929336399923731 0.6040173431825612 -0.01268658260691226 2.659111493147472 
0.9966308336769418 0.5982450742874666 -0.01241369475705806 2.667842359154925 
1.000676537677555 0.5906908614078079 -0.00583182694590057 2.676716973004979 
0.9992984073036826 0.5925715006585449 -0.009059111401997322 2.67327340950343 
0.9962789287904484 0.5979626508828548 -0.01223023549445784 2.666498123186596 
1.002048957423719 0.5883334430403542 -0.007809337678638732 2.679927080955457 
1.000298357918276 0.5910521670990175 -0.01426819744745741 2.675760548760418 
1.004494786384681 0.5830261672538767 -0.01079733228132564 2.685027107510212 
0.9967861423536819 0.5975220896778082 -0.01174351440621151 2.667925152709627 
0.9990657517267161 0.5927060270657414 -0.02099886037876929 2.672762643179087 
1.006249136964217 0.5795728079525988 -0.0316253503397033 2.689277255083561 
1.000427694454078 0.5910477512900155 -0.01458148674625741 2.676189945194684 
1.005736062693616 0.5805332444914095 -0.01867171156512417 2.687842693201031 
1.004352650264395 0.5830207264047709 -0.01042733780534054 2.68455238688509 
0.9927816160866801 0.6030583760935175 -0.03183110559716416 2.658480064752701 
0.9941873722940207 0.599835796141065 -0.04689543006966546 2.661709670622886 
0.9987952982974702 0.5886382790803889 -0.06707427666065856 2.671466143535228 
0.9992584125066789 0.5920194741570477 -0.03623830715729195 2.673418724190147 
1.004873611401042 0.5798653081343734 -0.04724800495932072 2.685539061071486 
1.006328301722915 0.5779165429347755 -0.03048909903616434 2.688630115847002 
0.9894136667281175 0.6102631615114527 -0.01030315616797689 2.651312520938901 
0.9896571218446412 0.6093630511160807 -0.01965782738891621 2.65165135884215 
0.9923205951042858 0.6040108087675399 -0.0321119962278652 2.657513144171968 
0.9930442499373849 0.6042413403031792 -0.01300337758128992 2.659601360409729 
0.9953900487898494 0.5991931360260517 -0.02005384144228584 2.664428252261407 
0.9966215410951765 0.598115728784627 -0.01192775663730635 2.667727987606166 
0.9778164508515979 0.6248481881783702 -0.05368188026254065 2.623789192863426 
0.9684340299539108 0.6386294877101639 -0.06287234556846752 2.602888808283659 
0.9523765523967231 0.6587120357922411 -0.07187274169835819 2.565328084546067 
0.9772667217215091 0.6239959117801627 -0.07225751176491162 2.622721949614836 
0.9642951088900698 0.6395747615426406 -0.08895876118041342 2.592111584281144 
0.9784274739569628 0.6187138408588622 -0.09807047148865641 2.625229319603501 
0.9987917962011527 0.5884483398249853 -0.06641939165660153 2.671358095680111 
0.9874184435208601 0.6088909754323267 -0.06476459488948411 2.64595326078502 
0.978233977646188 0.6247001621985017 -0.05297135048557185 2.625030290723225 
0.9911569454144873 0.6000089577997869 -0.08300632885054614 2.65417858487342 
0.9771563919149671 0.62402054042024 -0.07269610915368646 2.622375302003321 
0.9782370310763143 0.61880672467086 -0.09843835520663929 2.624640825069459 
0.9825420491128571 0.6203568648199725 -0.02491313440353815 2.635307968019061 
0.9761981204289538 0.6297431086612787 -0.02511461614730514 2.620556227803745 
0.9669071115133892 0.643289988620092 -0.01996541294836311 2.59912488447628 
0.980622655361558 0.6231165738898669 -0.03587062655827577 2.631073659842501 
0.9704254190120366 0.637997010206495 -0.0383212479897681 2.607564336695009 
0.978142102093251 0.6258667394438177 -0.05367432213322641 2.625523495986029 
0.9892629306155205 0.6103904999356244 -0.01054096914826401 2.650896260517299 
0.9869361557468196 0.6141670240770115 -0.01572260747698697 2.645608981184368 
0.9827657436573148 0.619974444062496 -0.02429947966220724 2.635736212108227 
0.9896258613609263 0.6092912325924198 -0.01915836047710777 2.651506454244656 
0.9872181062799326 0.6124823024864764 -0.03025994121910308 2.64585138957833 
0.9924982722613815 0.6040335463242743 -0.03290998347080162 2.658136834613367 
0.9830026906855795 0.6209006534813105 -0.006456052899714995 2.636836322656307 
0.9786378600715661 0.6272171746443752 -0.003021052313402244 2.626559883446231 
0.9735484511379479 0.6345029459517381 0.007610924378301907 2.614729612816648 
0.977802356387885 0.6286310549279885 -0.01153614219012017 2.624804414613846 
0.9693049152007193 0.6405967991249271 -0.003520073804210988 2.604882683944363 
0.9672215138537995 0.6426478482684013 -0.01930863882716457 2.599638972689283 
0.9924406384981245 0.603631466657363 -0.03212012273609974 2.657685777313243 
0.9871407152285568 0.6129039543309347 -0.03062909852899779 2.645860572077677 
0.9828740442169024 0.6201669101836683 -0.0245611954307842 2.636266478916203 
0.9875310405847497 0.6112079078136354 -0.04271071667931377 2.646549060103822 
0.9802515303942813 0.6233332617518685 -0.03624235523189745 2.630000196669969 
0.9782355736371259 0.6258505957336771 -0.05375136409467901 2.625779965533471 
0.9832117762591962 0.6200652513114987 -0.00672046404531866 2.636979701295179 
0.9862560380619516 0.6154121195188234 -0.009833084460361189 2.644089760814234 
0.9892389596846243 0.6104903277741524 -0.01045204312139255 2.650853354621281 
0.9869797834573069 0.6144418041078594 -0.002743157240302275 2.645811954678555 
0.9885103358390701 0.6117247822959273 -0.003556022297971969 2.649160302005859 
0.9880775490702142 0.6126430716641499 -9.850888833170811e-05 2.648310083219309 
0.9670665391881447 0.6434770945956707 -0.02119833067928198 2.599927392311656 
0.9578596360289444 0.6559669103144469 -0.02244348461139482 2.578635478509653 
0.9430469333034496 0.6742608189501861 -0.02310465663149744 2.544227676834232 
0.9597238373699271 0.6527624330030641 -0.03864199662670244 2.582937316144651 
0.9452796594543932 0.6699041314428731 -0.04806952324891071 2.549175544892816 
0.9523448883288399 0.6588568031634898 -0.07213226634887702 2.565387440695119 
0.9828598189894558 0.6209549122211261 -0.006715998874566822 2.636402648260303 
0.9775891806501824 0.628770032517356 -0.01129577076790196 2.624195571871272 
0.9677095967670482 0.6423151383732575 -0.02009189469106581 2.601008657976859 
0.9818107226041605 0.6218993681711431 -0.01398383958310587 2.633616560789339 
0.9761806007912907 0.6304123742835614 -0.02481688690169047 2.620926605120878 
0.9824755491573411 0.6202903710687184 -0.02472102108155372 2.635005997726616 
0.9735960175339278 0.6342498738326161 0.008153715669577819 2.614749916751235 
0.9667256960503312 0.6445508750915049 0.01083414388513746 2.599225319299169 
0.9558706882073412 0.6591115438725744 0.0139650304997601 2.57426998732672 
0.9692928920842533 0.6406208688988868 -0.003261014561729979 2.604862724845423 
0.9601925549465378 0.6537209743479143 -0.006798068779193468 2.584384484814925 
0.9673500652029799 0.6434072197662414 -0.02062150635431319 2.600656888368111 
0.8970922669032185 0.7211657562025504 -0.002647639551149314 2.437294407994838 
0.9154910743586158 0.7044072062099417 0.01567901505842324 2.48033786470165 
0.9301397423328209 0.6874374404983369 0.02643743922180145 2.513579456872232 
0.8984187100658085 0.7188996898243671 0.03725606797543137 2.440316463534286 
0.9197650032107503 0.6988131160057035 0.04650734327727606 2.490294099076975 
0.9091917787264392 0.7070682739604575 0.07468689170626837 2.466105166478466 
0.9433616436340215 0.6744595027384449 -0.02295903649900462 2.545677055260988 
0.9340428100367681 0.6840868851032842 -0.002013625992882691 2.522927646477226 
0.9304204004977921 0.6872561653035287 0.02671480309243086 2.514242419729052 
0.9243403663849612 0.694154356400309 -0.01800793072830184 2.500069675545253 
0.9150918289508223 0.7047598030065061 0.01539004907771416 2.479381431684406 
0.897331969129477 0.7220199018902919 -0.00346330664618914 2.438424988816531 
0.9778907122838126 0.6249795624437691 -0.0532619114229381 2.624124015287128 
0.9702914703605057 0.638832231672485 -0.03875175888528056 2.607698883834824 
0.9676560910558969 0.6429071596593409 -0.02002909356992255 2.601431780927775 
0.9678475796468957 0.6383151652147604 -0.06360424984223451 2.60080811504782 
0.9595343875737771 0.6529500786665555 -0.03902854814751359 2.582459195451647 
0.9523433308129011 0.6588864635389644 -0.07201689234022854 2.565338572190801 
0.9555794717325611 0.6590399048453728 0.01392226159763747 2.573369650064373 
0.9453354369687779 0.6719152891111371 0.01933103552939602 2.549720892993188 
0.9303588250980848 0.6877440401908342 0.02699444127834039 2.514305639850331 
0.9483432134698861 0.6683532574419638 -0.001368136993572123 2.556549151735176 
0.9343801530513214 0.6843524960066393 -0.001792869064044021 2.524048587076884 
0.9431800286828037 0.6742748877611595 -0.02398160252288687 2.544722851194607 
1.006529762013271 0.5766710979177809 -0.03147735413110142 2.688750662977677 
1.005034739031979 0.5796625298542637 -0.04687169766504855 2.685984698944867 
0.9985763573663863 0.5896875384440969 -0.06677681925980958 2.671298324173931 
1.013730219337174 0.5645782976551081 -0.04334127055781848 2.70629040373937 
1.011481006723406 0.5650366052987551 -0.07039365521601268 2.700529789622172 
1.026133211338866 0.5360907696434968 -0.06208559578476538 2.733877813455281 
0.9964108897636046 0.5973106824159836 -0.0128564837433943 2.666591115200298 
0.9953229444226728 0.5996261938824136 -0.01944589148204634 2.664472782360181 
0.992569262048791 0.6036227563052728 -0.0319244928690096 2.658082139208574 
0.9990751929176362 0.5929471198478174 -0.02038093200676376 2.672927381578921 
0.9993731386638267 0.5915335150609229 -0.03533847898338145 2.673487231474673 
1.006602358976982 0.5790084887623917 -0.03242745491275727 2.690153640380882 
0.9779353699622249 0.6209835018679553 -0.0978670461447359 2.624940917226632 
0.9933485909521476 0.5903792595988716 -0.1161921545647462 2.659042933372838 
1.01328075631745 0.553077692554486 -0.1215567547215451 2.704803130450861 
0.9913962673095683 0.600558803375007 -0.08261656455865436 2.65526730224486 
1.004066751794872 0.5772152908406215 -0.08992798872183017 2.684186715237056 
0.9987855304154377 0.5882239456458316 -0.06717606157814469 2.671276081268476 
0.9922948436609658 0.6030254583654605 -0.03288819559745582 2.656898762995902 
0.9876473480356133 0.6115741666008649 -0.04234480857201794 2.64716858778021 
0.9780947941469734 0.62570530622291 -0.05360840093267967 2.625173613734716 
0.9943683460430921 0.5998839521739012 -0.046340802806522 2.662335686406774 
0.9875451395858819 0.6082853073391937 -0.06407985567706555 2.645931769832501 
0.9989742709216622 0.5885509258216572 -0.06693191211427063 2.672034450670644 
0.9525426802195872 0.6573546195988176 -0.07162190739775129 2.565291846241128 
0.9536300822038948 0.6515797723946355 -0.1149711553403348 2.568651646324573 
0.966841292499368 0.6204402241627285 -0.1660906502050623 2.597962922560539 
0.9647025787371984 0.6403262090586398 -0.09000591584118897 2.593953419241754 
0.9736619349898717 0.6206064944926389 -0.1263600348061941 2.614355185201109 
0.9785105659501934 0.6198569558720469 -0.09821972500737672 2.626317128037327 
0.9184542837020235 0.6989438615751422 -0.06346333137905637 2.487484213408715 
0.9141841000978495 0.6977071368595287 -0.1038065399096197 2.476919443716097 
0.9186023023276576 0.6834744614622836 -0.1520451047990992 2.486435001060776 
0.9379187147192997 0.6762895425904423 -0.07146495089470815 2.532024621539104 
0.9387473230493386 0.6718891570737695 -0.1032663997803517 2.534426469696697 
0.9522642186192989 0.6575419451613023 -0.072423581094206 2.564447005934668 
0.9850331475949617 0.6175511845475705 0.004780347579044848 2.641382543506488 
0.9833603954499212 0.6201107491798638 0.0001465148432630824 2.637487499348867 
0.9829875566324336 0.6202500629455571 -0.006440918368095854 2.636357760212923 
0.9868704777642024 0.6144314087766376 -0.0004485318629393481 2.645434516046738 
0.9871051476295106 0.6143330745907613 -0.002927182456430797 2.646157201845756 
0.9881173035822979 0.6126508754661898 4.576882673430357e-05 2.648443440520136 
0.991537463290983 0.6068232045629041 0.01114539116646874 2.656181281761927 
0.9879211689816101 0.6127913851637727 0.0096425156658425 2.647936317033214 
0.9850282690295871 0.6171704800137626 0.005181652933858474 2.64112208071461 
0.9902344134616364 0.6088819431682663 0.00452055107058926 2.65309152100744 
0.9880977828404487 0.6127209297686687 0.003054384612000889 2.648416837085116 
0.989542364013553 0.6103911463012847 8.907919874704182e-05 2.651742325090628 
0.9915222204879549 0.6064973668334231 0.01129774160059675 2.6559717685144 
0.9890276917146189 0.6106266657915757 0.01745033839210218 2.650311804541508 
0.9842644002007656 0.6181778837613853 0.02470920178311596 2.63953706110182 
0.9879059793996873 0.6126437699300044 0.009807468271206066 2.647805914428897 
0.9839003074040139 0.6194139680816937 0.01274039296304338 2.638883350709341 
0.9849908018919703 0.6168725781304195 0.004768875274838042 2.640821434528595 
0.9962670531850188 0.5988694050463259 5.194067281506666e-05 2.666944034619889 
0.9964852435181448 0.5982854524589564 0.004521595120071173 2.667323161385208 
0.997830376916074 0.5960150867787666 0.009511513022306925 2.670458513904918 
0.9943234710234222 0.6021538987386947 0.004514740234263673 2.662493600325361 
0.9950740144574582 0.6006710305853551 0.01147725257365837 2.664139959029542 
0.9916209955156465 0.6064071153180424 0.01139437248873157 2.656204941254958 
0.955772689019042 0.6590078081479029 0.01381083619668102 2.573925672807941 
0.9483229793935852 0.6687975498801129 -0.001863120945303963 2.556788108022371 
0.9428559585760783 0.6742954769862332 -0.02339726156372785 2.543576229976857 
0.9600458803900889 0.6534241929154467 -0.007146564027627564 2.583734491354153 
0.9577535518671039 0.6559822992962187 -0.02267111396327651 2.578326376978799 
0.9677174308673001 0.6438369615956333 -0.01972608674655144 2.602195814611649 
0.9433224422494156 0.674013985830703 -0.02318640733967059 2.545186795708918 
0.9318036713920705 0.6856039641598727 -0.03916501508554174 2.517617618082798 
0.9187396934387275 0.6986845409844279 -0.06352258683011129 2.488141295509995 
0.9448703681602122 0.6703980898393841 -0.04860236703561355 2.54827366773345 
0.9373467408117737 0.6766543523723705 -0.07097655622611189 2.530429510090854 
0.9522248585174033 0.6580828174942204 -0.07191149061463316 2.564447804603815 
0.9426639528241568 0.6744336238561539 -0.02377159891361237 2.543435184334029 
0.9247761921459389 0.6940787036519953 -0.01771560598051302 2.501373886326837 
0.8969810016895948 0.7223867820821978 -0.003113090670240063 2.437589178632827 
0.9321621224488508 0.6854539136487178 -0.0392050705575739 2.518623685565671 
0.9052523465744357 0.7132421441970441 -0.03647209723336167 2.456435988458505 
0.9190176642702269 0.6984764784187468 -0.06329381613043863 2.488890809577383 
0.9189742389941949 0.6988034653721165 -0.06271792183810025 2.488982020959706 
0.9050675557289111 0.7133590402110775 -0.03705591117068066 2.455921725039265 
0.897445081215245 0.7208135220774549 -0.003257675007987286 2.438067269120682 
0.8968133985569796 0.7167868644404485 -0.07493909242709959 2.436139153525031 
0.878393687464976 0.7346942681524586 -0.03880905380797846 2.39320292442462 
0.8650075965150407 0.7403026585921613 -0.08823127758715328 2.361523924869523 
0.9466032334146429 0.6656543896436202 0.08111761804617265 2.552534820008836 
0.9353365899933677 0.6806177414882051 0.05583980266977055 2.525985397993616 
0.9300032856771367 0.6879045644932458 0.02686852279835709 2.513312041415806 
0.9478236060230365 0.6674357188684972 0.04032524322882716 2.555166406969924 
0.9455315588329479 0.6717836390487232 0.01877049896562584 2.550265053121258 
0.9565111612981032 0.6586132499507057 0.01428721028961667 2.576051285064303 
0.9735238313159568 0.6338521252744449 0.007535079182059013 2.61420492663181 
0.9781428113485205 0.6272989747941228 0.01952378128805187 2.625192871736853 
0.9840461887781722 0.6179158762359349 0.02519809130558131 2.638758310568519 
0.970329830604081 0.6393220122184821 0.02273996756970261 2.607653608422972 
0.9789939883537466 0.6254384872441506 0.03359114408582747 2.62710138786601 
0.970220101758911 0.6384767721481133 0.04405751753153819 2.60746628827006 
0.978224784801253 0.6204105418083624 0.09358307155882332 2.62551186830739 
0.9759232891609276 0.6183970891990619 0.1235340428952435 2.619826833663013 
0.9727347282188541 0.6136393813332455 0.1655678593603783 2.612321882252993 
0.963839439223533 0.6417271524747056 0.09233312378122012 2.592313749675389 
0.9537119202123439 0.6502813337229137 0.1235724792995639 2.569283449601028 
0.9467401758939896 0.6652939808217616 0.08027116155137873 2.552773600498593 
0.9700220899190319 0.6387760475309531 0.04419995487695103 2.607018936977074 
0.9615596930438096 0.6512920448004436 0.03208978007501426 2.587635474897357 
0.9555071891004464 0.6592931630713331 0.01415721041679748 2.573233919793617 
0.9701340149593209 0.6390511613079911 0.02219870505995838 2.606826192111648 
0.9667902820434927 0.6445192229922042 0.01019287168451644 2.599423552536662 
0.974025911751655 0.6340281033148256 0.00836023795323626 2.616000369462139 
0.9902264977773143 0.6069838578477629 0.05141182610169799 2.653175741860743 
0.9804173783121019 0.6226830250090385 0.05208627275375202 2.630851800944743 
0.9698982933156861 0.6384093178522279 0.04463406678481737 2.606385090993577 
0.9853895653765123 0.6152160909388018 0.03687632222347673 2.641775897886679 
0.9789653471688791 0.6257730524332619 0.03288563789593109 2.627240104369467 
0.9843541550126794 0.617619541629146 0.02543888936214934 2.639550329841012 
0.9467494769719851 0.6652326397141226 0.08071729226214823 2.552723219840053 
0.9481232563740285 0.6676017600950902 0.04089145139979232 2.55626228694181 
0.9558120148329823 0.6584488999785076 0.0132264603452291 2.573617407739443 
0.9611705518831879 0.6488416925004782 0.05953541104960459 2.585903757776296 
0.961536404510357 0.6510570455239274 0.03244194957466787 2.587420393458431 
0.9698647495908197 0.63880602620969 0.0446469263806698 2.60675022874439 
0.9096086185352147 0.7069136104626352 0.07485924392849361 2.467338557064283 
0.8934287397821463 0.7188106216327773 0.08638313367307907 2.428368020605184 
0.8722025315889225 0.735080298506483 0.09972376232789465 2.379567260372524 
0.8981236686858183 0.7199846988506523 0.03743986049245421 2.44031882810685 
0.8784983361150759 0.7344772298743809 0.04012813396314854 2.393408189448333 
0.897698998124275 0.7201087006835816 -0.003532403903731794 2.438204977559302 
0.9471040832683141 0.6649675751180764 0.08120171311511118 2.553811252326228 
0.930738008680969 0.6841736993316905 0.08092603304689684 2.515801291412123 
0.9096363873976163 0.7065664939264535 0.07413710469713825 2.467087548198024 
0.9354326569407603 0.681479821295745 0.05639964373586435 2.527048672133942 
0.9193594472815791 0.6989578141941728 0.04642081380439256 2.489174200390759 
0.929835600090963 0.6877101401569212 0.02652368038906363 2.512757276157366 
0.9467570881435423 0.6656887642940122 0.08057338079732727 2.553258983428606 
0.936556817265552 0.6731382203585323 0.1118459340428323 2.52940158536434 
0.9242908091184898 0.6786599808331467 0.15648441399401 2.501155277852391 
0.9311596473415934 0.6841514908938456 0.08051874607863942 2.517134930014896 
0.9125017690559077 0.6980454341735769 0.1150596101743675 2.473548336803963 
0.90989983640496 0.7066929179587688 0.07417904534937046 2.467982585925283 
0.9917213940502559 0.6062341378667396 0.01145637754556112 2.656459050356836 
0.9927445079309778 0.6044873560520887 0.01807074960725337 2.658847390109237 
0.9959413328123078 0.5982266081159979 0.02667673758046054 2.665816089390636 
0.9890377682817799 0.6109433025120221 0.01694257905397883 2.650548411883675 
0.9902278533411309 0.6078823524320983 0.02855758130209309 2.652865667672455 
0.9840152234952889 0.6179527561638374 0.02532448361254853 2.63858592683007 
1.001751764046527 0.5829149379300204 0.07349415349377639 2.678404670476725 
0.9919661160541482 0.5987220661088657 0.08631409541096373 2.656350272523048 
0.9784965350424951 0.6192539123763849 0.09377254289239272 2.625454583000039 
0.9944487885916787 0.597706038650333 0.06265689268154594 2.662240654368881 
0.9859964705138875 0.6111878571183061 0.06851014060989673 2.642937651156244 
0.9902021383816169 0.6064329419685065 0.05227387771165661 2.652925496369622 
1.000268637085485 0.591391861688623 0.0007081753677530327 2.675765761688679 
1.000016403677685 0.5916663951647189 0.0002400171412874975 2.675089117904635 
0.9998907806064526 0.5918010305501964 -3.267169588737135e-05 2.674751138125136 
1.000307054120442 0.5912330361302777 0.0002229386494843298 2.675799369583601 
1.000065882695445 0.5914914099411608 4.767291412138572e-05 2.67515014000891 
1.000231029407846 0.5911970226024309 -3.075124743083335e-05 2.675525254673618 
0.9996671988331038 0.5927373278571684 6.746038832661181e-05 2.674562516032036 
0.9999470927969228 0.5918960406593017 -2.903971187751741e-05 2.674994519693553 
0.999907838249894 0.5917618163727663 -2.627547543277429e-05 2.67478491586417 
0.9999054498561367 0.5920561338271285 0.0007087828300936435 2.67495112159586 
1.000041919461723 0.5917251683619142 0.000178895650906478 2.675208772233991 
1.00021593693088 0.5913567635618491 0.0007805905381127083 2.675569869920501 
0.9891542557276573 0.6104857040507902 -0.0002779641891309205 2.650517443488065 
0.9930416088085888 0.6046468501985176 0.0001522830230970876 2.659763615893989 
0.9962283796466292 0.5989332912182604 4.022368154596153e-05 2.666861211028648 
0.9903057423867792 0.6090085898867906 0.004867143664612306 2.653406849562523 
0.994271120586067 0.6018958392684771 0.004740928146383654 2.662159998644616 
0.9917866494656051 0.6066174688067276 0.01109281095608097 2.656882975504877 
0.999615822097694 0.5926532269796699 -6.591691186306556e-05 2.674348256510765 
0.9995575640833169 0.5930134304681658 0.001578720649460615 2.674365008920597 
1.000132570763209 0.5916356881216946 0.004342812082817078 2.675467043964335 
0.9985773673382869 0.5945434635141917 -0.000126178111982103 2.672013794726727 
0.9981119374726908 0.5954242722209537 0.003777285151985164 2.671001855053079 
0.9963151315101951 0.598941681923911 0.0001728834948473241 2.667139993741654 
0.9999998997086 0.5914557531237115 -0.0001768085297187027 2.674910696366991 
0.9999924947226426 0.5913812809617206 -8.414140869913661e-05 2.674840112220095 
0.999985848198698 0.5914136439288054 -6.764578584611364e-06 2.674834258902077 
0.9999258135034362 0.5918099936287701 -0.0001278336759014167 2.674872104764191 
0.999966631619811 0.5917674648954206 2.999009649740974e-06 2.674979753358603 
0.9996568958183559 0.5924771513790006 -8.358923739826229e-06 2.674370247689478 
1.000003125005912 0.5913928651815648 -0.0002139804533848713 2.674892508370079 
1.00006305037594 0.5914465663996543 -0.0003086975384254059 2.675110489815101 
0.9999868651799094 0.5911915128141121 -0.0001389282013881473 2.67473985707416 
0.9999875142045441 0.5913109608243692 -0.0001095321380664572 2.674791849710108 
1.000001828457559 0.5914395648866031 -0.0002636382517584158 2.674902860919372 
0.999994269380504 0.5912353590876293 -4.18423045066509e-05 2.67476855685273 
0.9980421950277824 0.5955651395714598 -5.989342690272729e-05 2.67084123919846 
0.9992418020297497 0.5931655725237108 -0.001786694071782848 2.673406925007791 
1.000264344969876 0.5914150639842195 -0.001615519810222528 2.675761704971599 
0.9991435606364072 0.5936594799090265 9.016891682192194e-05 2.67336638943978 
0.9997052753121295 0.5922002004092771 -0.000940098952282386 2.674373401766136 
0.9996325783491118 0.5925757936601446 -5.305002767604449e-06 2.674348132593491 
0.9929344398458005 0.604659074286268 2.181567645605935e-06 2.659407189744177 
0.9941077255395553 0.6022642379602073 -0.006147692541929138 2.661855114699449 
0.9963426271469021 0.5980833798807086 -0.01197515549678476 2.66678472633994 
0.9960364571487467 0.5991076374040664 -0.0001923808872562957 2.666318596817395 
0.9971276021461546 0.5971274961874825 -0.004064734010838611 2.668755576981053 
0.9980763141050359 0.5955085975665698 -0.0001525445954535236 2.670929779922802 
0.9930576444138436 0.6046175560610751 0.0002516621460464915 2.659803090234815 
0.9901695230382209 0.6090336925913261 -0.0001891025099278219 2.652970136908515 
0.9881446366359992 0.6125421331385419 -7.939614455862891e-05 2.648472491643312 
0.9914683616426768 0.6068293709716938 -0.004821851841505543 2.655903687631837 
0.9886465837600307 0.6118565237111938 -0.003781171039155499 2.649689904927052 
0.9890853024068479 0.6102984726408465 -0.01015877169397465 2.650228625324638 
0.9894567410964868 0.6104931470744795 6.705770949751725e-05 2.651520063162585 
0.987998699071542 0.6126746896389043 0.00319382216033789 2.648060336504169 
0.9853295854690166 0.6173162145390247 0.004761887095971663 2.64220293929136 
0.987697579886917 0.6134972837227245 0.0001505379161229052 2.647591908258888 
0.9868353486170934 0.6146425173448725 -0.0002160351607806122 2.645452842190872 
0.988106572231764 0.6126273974944553 -1.360895290787752e-05 2.648397584598658 
1.001160703398924 0.5896932325479242 0.0001048988963804076 2.677730761907291 
1.000753598902542 0.5906789491373774 0.0007983479209389751 2.676957769644854 
1.000313824378582 0.5913893830583461 0.0007516206631074223 2.675914653491656 
1.000486107490643 0.5909691099137799 -2.410066797364083e-05 2.676238694907554 
1.000279335116776 0.5911412600393708 0.0001320033565631115 2.675653160457472 
1.000210878192117 0.5912372782714918 -1.974100455644254e-05 2.675482644816571 
1.004039633646322 0.5850140076294971 7.803524377706178e-05 2.684582806352976 
1.003800412399266 0.5847731951107605 0.003381971412967324 2.683649069412476 
1.003094646088822 0.5873502612936959 0.006151530770245032 2.682814967272023 
1.002230998550641 0.5887054805251128 -0.0001182531731262634 2.680711458292316 
1.002050982912451 0.5880474591917125 0.001422422082857725 2.679726116149579 
1.001305737209403 0.5898237437296967 9.911434990027085e-05 2.678301900013473 
1.007816292692501 0.5751456984576293 0.03816167627130748 2.692262821165879 
1.012524891949799 0.5674806387801611 0.01943312710013091 2.703166799829477 
1.011375924923028 0.5716874467392417 0.001671917811666487 2.701520113414054 
1.015400202376164 0.5625511515346453 0.03390307844284087 2.710473346315775 
1.016314570005415 0.5603753393148546 0.008282088298259483 2.711782137637427 
1.022015514335703 0.5475490221267824 0.02227168349763441 2.724269562922482 
1.010786397802731 0.5580665351126382 0.1280249906954841 2.699866081068346 
1.004652117563153 0.5742008590225888 0.09679912710743742 2.685083644396301 
1.001718983670004 0.5842560897800788 0.07396415127167272 2.679125818550355 
1.020401390511792 0.5432135540938711 0.1014092571441234 2.721165179638101 
1.012345966345527 0.5633048364697916 0.07897024765127882 2.703184714817199 
1.025345939908701 0.5359560564669428 0.0757781795171289 2.731966179885212 
1.004153466481262 0.5853046859490666 -0.0002278614851231481 2.685157783926154 
1.006778344824543 0.5802853085358582 -2.302242973652973e-05 2.690976578075318 
1.010894150687516 0.5711034811556462 0.002963015860680348 2.699533431231652 
1.005540944156561 0.5809353131562633 0.006224647291905514 2.687250647968056 
1.008579659493123 0.5760097802370109 0.01234046304116608 2.694640124351729 
1.004792994172321 0.5838289272753017 0.01706735679975985 2.686546400397816 
1.022407279939771 0.5470513329153683 0.02218543684923709 2.725358536430346 
1.025737680530149 0.5387660873750495 0.04388580802049791 2.73287028482779 
1.025950470285158 0.5368172506123897 0.07439961382349557 2.734293558486985 
1.014960743687476 0.5633232363956681 0.03443028720776952 2.709466289354531 
1.013979832176543 0.5624486090157842 0.05290352858848633 2.706447149755831 
1.007685317715179 0.5751303200841064 0.03799530324720813 2.691893046429525 
1.000833872584795 0.5897250688314237 4.924710499418903e-05 2.676704253756825 
1.000260775965363 0.5905946154572674 4.025494178310318e-05 2.675311423765764 
0.9999832603877433 0.591092107615916 -0.0002177447930121596 2.674682860922058 
1.000655570771373 0.5907196602783847 -0.0009923858800136157 2.676656203759078 
1.000245041397954 0.5911933731289767 -0.0003421938508884189 2.675570026969236 
1.000139348079775 0.5912184007442691 -0.001552197716299148 2.675234775446686 
1.003248899105445 0.5856871034510613 4.629892213451799e-05 2.682387837629856 
1.001488092865686 0.5886597200181281 0.0002422413503145603 2.678264971564759 
1.000860480843731 0.5901885548887508 -0.0003999286327688843 2.677076927632065 
1.002400668052533 0.5875942101473208 -0.003920022963250161 2.680633488440196 
1.001246294460983 0.5894308150489589 -0.001688794571125658 2.677862638649392 
1.000578098140743 0.5907076505769597 -0.005914206514159064 2.676419903628442 
1.004186480925702 0.5834194323491133 -0.01092628879796989 2.684287658489435 
1.007693073673591 0.5779591147457857 -0.008586019228386997 2.692702043210023 
1.011261373404237 0.5707801489513209 -0.002357316852753191 2.700724986786586 
1.004497819505523 0.5838434115275403 -0.003742667726756751 2.685393952075948 
1.005549236638865 0.5805955996120711 0.0001795372509214954 2.687229987465589 
1.003266059214879 0.5859192079893499 -0.00074896525835116 2.682696748688526 
1.021995699884777 0.5481858746404901 -0.02203117275325423 2.724714086372524 
1.016420357551725 0.5594719831298008 -0.007910729681727778 2.711866424091232 
1.010826325285009 0.5699169202216827 -0.001755557670896152 2.698835460551574 
1.013603068126662 0.5651259343024324 -0.03076368581523809 2.705684990282219 
1.011683927940036 0.5703678533588927 -0.01783385281783821 2.701875390191516 
1.006340507284698 0.5772976983693937 -0.03148855467485679 2.688374591229868 
1.007452476508379 0.5771301616295019 -0.03076988332125237 2.692032449642205 
1.013419859773175 0.5646484584945727 -0.04353656036669019 2.705296624170665 
1.026111503767002 0.5359012714290388 -0.06212312749859885 2.733652665855436 
1.013275337196266 0.5655298950776071 -0.03052291599414539 2.704808314762584 
1.02545485329722 0.5402854207200163 -0.03978169157958079 2.732754536193568 
1.022098111051627 0.5479334960537146 -0.02232803685019126 2.724959140154696 
0.9786281015388434 0.6204711365684139 -0.09760852507513607 2.627053271329791 
0.9735340040115595 0.620905584542787 -0.1261354905856108 2.61403599491516 
0.9685284970986117 0.6195806662448684 -0.1659627741044571 2.602570850287316 
0.9928804446445186 0.5908678379489478 -0.1166553014527181 2.657842776250641 
0.9953371789975592 0.5807671291343731 -0.1500200607386125 2.664464121773715 
1.013747821058609 0.5532366592403762 -0.1220011824379713 2.706461246737515 
0.8659136118531359 0.7408821249828533 -0.08982109821959737 2.364895247888721 
0.877956160427818 0.7342595558949686 -0.03791722360523782 2.391523825939918 
0.8975766621234395 0.7211279814617341 -0.003798871359787638 2.438699895342051 
0.8492087125086361 0.7546283594167416 -0.04213361375655817 2.324622726344911 
0.874936264649636 0.7380875856012443 0.001871437501339384 2.384982728873049 
0.8442365582987703 0.7583590274962345 0.009727983884995248 2.312644899860036 
0.9995972185540792 0.5888052955179391 -0.06639923057979821 2.674271246830332 
1.003789849135253 0.5773890771329092 -0.08996022916380871 2.683312635498951 
1.012962296893594 0.552803808386839 -0.1219713435625741 2.703567370820412 
1.010976351037619 0.5657987917891225 -0.07147309409084518 2.699331200407586 
1.022805269711446 0.5397259254563856 -0.09201954601721554 2.726760469957136 
1.026258543624204 0.5359517044312241 -0.06227722754733474 2.734284582372148 
0.9198172130216604 0.6828531335792161 -0.1520022964549916 2.489531648650837 
0.9448209599148282 0.6511098690672885 -0.165119968878752 2.547743938589448 
0.9679544727495799 0.6205973599354212 -0.1682954682139385 2.601757838703235 
0.9383708805582669 0.6724457117782249 -0.1030880870274063 2.533669399720192 
0.9529576270215446 0.6515936318837136 -0.1140851915141554 2.566546765851422 
0.9528809605298421 0.6574701891038394 -0.07230017383078734 2.566370604435986 
0.924983716632523 0.6782665831243599 0.1569464499767292 2.502940144440348 
0.8981982892766592 0.7095468778566726 0.1341483548116967 2.441182490691329 
0.8719069733262852 0.7353566406562507 0.09956932202372663 2.378964981530842 
0.9119664902335131 0.6979909771025405 0.1148928908190648 2.471963275283811 
0.8928041095579672 0.7191673416343339 0.08544399614771121 2.426861796836087 
0.9101277445498847 0.7068825126752321 0.07426232365635017 2.468853389673364 
0.9183592457296719 0.6989682524373568 -0.06323855771559923 2.487171764795128 
0.8971757917934668 0.7170571241708952 -0.07459373078641213 2.437553096159948 
0.8664099686392486 0.7398855166697901 -0.08764614645475099 2.365022928832962 
0.9135739513913134 0.6976001015913443 -0.1033107049486658 2.475100642558886 
0.891250277864428 0.7148912435730054 -0.1273881515281626 2.42353886578377 
0.9197670575299421 0.6842842836110345 -0.1548784202443801 2.491035882888207 
0.8723002321874289 0.7349052458230961 0.09947914669949756 2.379632197989946 
0.853994280101817 0.751498777775115 0.05630632775744772 2.336656351758462 
0.8439236389872566 0.7586766454413656 0.009368913467161859 2.312039611246612 
0.8781839142219706 0.7344082302124141 0.04029854617067875 2.392410227161843 
0.8741366730046572 0.7380207903769258 0.001515159180243852 2.382537865025054 
0.8988952737487028 0.72049214733221 -0.002926699090866444 2.442261494753604 
0.9736537749642726 0.6137183374430073 0.1639257226360419 2.615341806827845 
0.9750992625624141 0.618960409999103 0.1232361323022921 2.617560451082902 
0.9785906578382136 0.6201992568791941 0.09392270737640722 2.626403741027384 
0.9951484163511015 0.5814804510488157 0.1499236483293342 2.663962266005437 
0.9913106265465487 0.5955583426690337 0.1158526893655798 2.655450009709178 
1.010185790152246 0.5569012677597768 0.1292185766824312 2.697336010725869 
0.973083086764317 0.6128739532417258 0.1657166381460607 2.612909826423695 
0.9510466272679785 0.6449012534235946 0.1657298860789047 2.563162553394529 
0.9251596969639513 0.6782849974807402 0.1556906784752257 2.503580170858188 
0.9533052971054231 0.6505830677411747 0.1234229103749623 2.568315041273304 
0.9355551679412263 0.6735473172951407 0.1118210861906545 2.526593662651937 
0.947462765440112 0.6654833008320723 0.08088441764986692 2.555174624325888 
