1.014175116147422 0.5599291325398255 0.002725487450586001 2.70433101379142 
1.013923933278173 0.5588613908530319 0.001483155856398098 2.70289323994948 
1.013392684177684 0.5592923892494891 4.676210551471765e-05 2.701341648886374 
1.015195936519887 0.5572512146063509 0.00447693088812463 2.706300825830656 
1.014532532185007 0.5562188897677897 0.001157057160464798 2.703489667683707 
1.017112789674009 0.5528382772635893 0.005350284694502366 2.710359644324248 
1.014184132866956 0.5597797619407364 0.002801051250981106 2.704278156946155 
1.014346806916036 0.55980704589923 0.005778476119940695 2.704851947621782 
1.013729278007238 0.5612730910826488 0.00881940509027662 2.703605765153063 
1.013584909578735 0.5620441162729982 0.002935146615025253 2.703515143409568 
1.012943484247272 0.5635903526768745 0.004204187167969689 2.702221361010571 
1.012713579296888 0.5641403862770079 -0.0001520748231994309 2.701742709501919 
1.018011714832841 0.5486690382010787 -0.0004975540958068145 2.711126454100935 
1.019865265419237 0.5438309848279101 0.006403925264437458 2.714822304197336 
1.016910810809468 0.5464837817873019 0.01660861933179983 2.7063556615466 
1.017819738818734 0.54954590346848 0.003212957996128096 2.710955860778432 
1.017873721673399 0.5496961330008386 0.009734222691772289 2.71125986777232 
1.016816540267937 0.5533693742106457 0.005387016283621599 2.709653414675272 
1.013570264294827 0.5614168655761866 0.008626935830822281 2.703152599013201 
1.015513484117361 0.556318098785346 0.00911780910661587 2.706890643501128 
1.016902892134355 0.5529753240034094 0.005450055453031211 2.709732019320162 
1.014583066340103 0.5559697107531724 0.0132327901792439 2.703610068176304 
1.018047672502554 0.5491004438453363 0.009750129126339073 2.711523901486402 
1.01686420796552 0.5475219908705136 0.01643008511691505 2.706762867404896 
1.008474361130081 0.5412210157622686 0.03511956107950257 2.675539804750198 
1.013332229474241 0.5442007182846402 0.02364039684354046 2.693189042430685 
1.016580699862183 0.5471375454390129 0.01668410585366635 2.705616978058179 
1.017970840961572 0.53096941829596 0.01932076031611485 2.701803769114748 
1.019446306045476 0.5381695149396662 0.01249443440262433 2.710470060687051 
1.022738577219027 0.5312337826032483 0.001494440747478531 2.717902545281719 
0.9857780884933486 0.593513397109357 0.02203184396090564 2.629324980280557 
0.9889908596696863 0.5855569917789507 0.03376563786409478 2.635550369716415 
0.9944383550727733 0.5727742598154374 0.03846496588226042 2.646383158146262 
0.9789518693680288 0.5949156111831612 0.04240113286558164 2.608378592816545 
0.9861347716303533 0.5747210178291432 0.05339855620588811 2.620481348728998 
0.9736088147534738 0.5853018443477483 0.07465309346513695 2.586850142439611 
0.9930334660450764 0.5503839195729967 0.06467957432849233 2.630285700354059 
1.002113161360579 0.5422039871242614 0.0470582629982153 2.655188099702583 
1.00913214694817 0.5406584982918801 0.03457492068181837 2.677635428836147 
1.000060476380521 0.530345159657073 0.07239594042138213 2.643510080088573 
1.007499986428706 0.5284647479634166 0.04712110650770414 2.66600124857991 
1.012094469047221 0.5064061812778076 0.07145724572494139 2.671539899927009 
0.9941771755427498 0.5721542656078752 0.03774171597986189 2.645018405539719 
1.000504185429412 0.5569762560425447 0.04203419105404284 2.657706012626401 
1.009132850197662 0.5407409090597465 0.03472419195918518 2.677532809530857 
0.9919241274650314 0.5641617940978252 0.05070941157372848 2.633552836248648 
1.001939114359621 0.5408775869167372 0.04767851741344592 2.653852287556358 
0.9930487280319065 0.54883036530822 0.06448796582575875 2.629422709178922 
0.9624592594377817 0.6228269942003839 0.04799348358775887 2.572237510939086 
0.9779435497985915 0.6044833389116496 0.031239904717743 2.610517680260425 
0.9862475469424331 0.5934514179984253 0.0230365272432967 2.630908291626742 
0.9649866706769853 0.6072103967467103 0.06744257062517046 2.571629922249202 
0.9787735636457336 0.594395235933641 0.04092318466187707 2.607388476759171 
0.9730876507324751 0.5856315935614085 0.07437200575136112 2.585277495830566 
1.007955817717547 0.5602598934136793 0.02078120383373363 2.68385737041356 
1.006677011787403 0.556024228003221 0.02834416856586462 2.677376585457987 
1.008993530335807 0.5409976720290482 0.03481304094069976 2.677102305152058 
1.002212407725172 0.5656445640591192 0.02774931260131909 2.66775801455308 
1.000371687339682 0.556245674022498 0.04133426537950212 2.656826719149219 
0.9941518563958609 0.5719603400954654 0.03807896778102535 2.644826007485169 
0.9988774976882879 0.5757308783783747 0.01411486104995776 2.662123801024254 
1.002835701771852 0.5695411219049157 0.01918246045138833 2.671886584792963 
1.007578412057381 0.5606639472557698 0.02088951412721995 2.682814762406089 
0.99674817766962 0.5765659085362496 0.02333555274859433 2.655669447480461 
1.002063621779569 0.5649587359638465 0.02845920888221782 2.666873252994046 
0.9945036632333161 0.572481791961975 0.03731966703990509 2.64625289684859 
0.9978236601700842 0.5780195447488212 -0.006125579728782388 2.659812573265246 
0.9980515241976206 0.5783370368500418 -0.001880495064725833 2.660757288960603 
1.000751312791914 0.5757155146244611 0.001696998184167312 2.668263570869911 
0.9930778665348358 0.5830522220952851 -0.003149811323254197 2.646977009474743 
0.9956703055454933 0.5806618810012162 0.002740662018652602 2.654173042707436 
0.9894290930306247 0.5873344633938115 0.002645532902491108 2.637449451850393 
1.008566059624799 0.5686554940172257 0.008507891057885644 2.690403514876182 
1.011505299831954 0.5650505750903785 0.01024411184589475 2.698256272563638 
1.013633974610981 0.5615200237125455 0.00915598827679171 2.703449820511619 
1.008152496235339 0.5665221966037621 0.01337251984970848 2.687846109132472 
1.012182183789393 0.559975930236993 0.01427306062273255 2.697732129007686 
1.007749535109445 0.5619320646433672 0.02080058948294205 2.684058324577012 
0.9891688536324968 0.5874233194645079 0.002986242426115936 2.636636745219313 
0.9956339271240193 0.5807343099984436 0.002521668817514876 2.654095845808436 
1.000656407288238 0.5758361594581004 0.001580776975915417 2.668022514413717 
0.9933897592406968 0.5832456899537828 0.009758979065771958 2.648197498056556 
0.9993108349275882 0.5770498396792209 0.006139999531402551 2.664211972552351 
0.9987718445112241 0.5769243453761099 0.01426456342835043 2.662441836878541 
1.013737404384942 0.5612742329131525 0.00913834933847067 2.703651302863538 
1.014676428448086 0.5559710776066997 0.01288263749643442 2.703922989367878 
1.016519635209871 0.5477607201133255 0.01658561691848573 2.705730299829385 
1.012282990105095 0.5603094009748424 0.01393295375465454 2.698259275214855 
1.011934891116703 0.5536958164780617 0.02118116286834772 2.693588895581222 
1.00746806447024 0.5615390152917114 0.02138563712721468 2.682904495027527 
1.007426484605546 0.5606593853256999 0.02021586961152416 2.682263246344337 
1.01197237875405 0.553730782180095 0.02130702327537322 2.693734433732689 
1.016601668749267 0.5475491442732043 0.01657448056667982 2.705924168111419 
1.006687948594949 0.5560048412127943 0.0288552702086118 2.677411649528683 
1.013740825025818 0.5435484909464889 0.02369014111446848 2.694190417924114 
1.008867124468572 0.5410723201592168 0.03482953988929319 2.676738677888354 
1.014230906740602 0.5599158748475893 0.002853574611320985 2.704510392067337 
1.013684278763195 0.5613396258262042 0.001247659317819467 2.703452386529988 
1.013872413029774 0.5619532452341022 0.0005093444907086676 2.70442586659816 
1.013875698288866 0.5589019999892733 0.001459184543900826 2.702751094747587 
1.013557694476922 0.5608718456476984 0.0005587930675333556 2.702766086056016 
1.013506342823716 0.5590428575784441 -0.0002777543439231044 2.701584486405072 
1.013723239093032 0.5614872240094704 0.009092362426676524 2.703703315924409 
1.014361442103543 0.5597527003634644 0.005718992786698979 2.704872642941321 
1.01412308211606 0.5599023284279685 0.002684805421158552 2.704143960714466 
1.015541453289656 0.5561550013000227 0.00877608363384267 2.706893548148396 
1.014975799431797 0.5575271536541976 0.004351480570410235 2.705708785652511 
1.016842422456243 0.5530088355529785 0.005464522481133501 2.70954276675892 
1.013862987417428 0.5613187795488398 -0.0001754114032612886 2.704040281782739 
1.013848642518918 0.5618266839357497 0.0004766022473185863 2.704275165135518 
1.013822466667637 0.5619469380036012 0.0005078107706369932 2.704251857321536 
1.013875213598865 0.5614099065215928 0.001192776709325405 2.70413567874152 
1.013726694367455 0.561066551734835 0.001237357265569455 2.703443368130307 
1.014166299338746 0.5600397081117818 0.00282564240576432 2.704359548009206 
0.9733109728357111 0.5868040191520879 0.07507265560731202 2.586873972312296 
0.9838101825666145 0.5650877986899292 0.07374870450299409 2.608542570979294 
0.9927116957117356 0.550798550826585 0.06426960717528521 2.629537249763151 
0.9771575682291277 0.5621355232655978 0.1048764255608418 2.587815213782118 
0.9907817227793606 0.5415343095304463 0.08890401797217778 2.619812624800458 
0.9924426933095788 0.5252875976292097 0.1220905437309072 2.619910687279392 
0.9971188678649681 0.5710371053258443 0.003889280675902661 2.652937791018713 
0.9975488383229247 0.5791378725643178 0.003896905663476008 2.659857238015149 
0.9986657649198398 0.5825766319783923 0.002964480079777852 2.665536721392443 
0.9972422316566137 0.5785290435941316 0.003168586838057686 2.658425634824477 
0.99744786371764 0.5792112234590973 0.002099698249194788 2.659197596168332 
0.9972542820400809 0.5722138851881449 -0.0002630582525968198 2.654169627733815 
0.9976024307232934 0.5719725772646964 0.003919405566262938 2.653491282677804 
0.9944880473868075 0.5430034114745966 0.0007443480948397545 2.640550085291562 
0.9819292284931489 0.5005840257465609 8.452815949831752e-05 2.627062929946538 
0.9971378566653089 0.5796629293826606 0.004389192715995795 2.660618972116565 
0.9989700694048851 0.5613220389230206 0.001312533605845875 2.654851326297243 
0.9963509665083464 0.5827059054141351 0.003748092732594965 2.66561955997709 
0.9970385448436709 0.5720555220650198 0.003962622977045736 2.653524034385143 
0.9979541835412347 0.5754691478983501 0.002761294239487334 2.658871108509228 
0.998896967464414 0.5670102396108713 -0.002154727433639914 2.656945708989511 
0.997667454687718 0.5699698313401914 0.003149330199767981 2.654478225685175 
0.9987043749320318 0.5733909546613214 0.001870029331431545 2.66011357116545 
0.9986245213275728 0.5683313863001439 0.001420972885204681 2.656841325317056 
0.9993956125027414 0.5674123327956441 0.001393768868504171 2.656706977113704 
0.9932645937882245 0.5363801408268823 0.0003581800707820455 2.634417915321432 
0.9776358662057755 0.5035022142110471 0.001184873671822105 2.618328180333324 
0.9980638555108445 0.5713105144793904 0.003160097411883906 2.655485715981813 
0.9941695254772909 0.543588060383563 0.0008008910541151442 2.637212333579909 
0.9972721711093842 0.5734343840099134 0.004368373599632705 2.655248230193804 
0.9992412605357723 0.5728848894328192 -0.003109854337554994 2.661553652544283 
0.9994692815509436 0.5717918541708622 -0.0003599902654271789 2.661694113048487 
0.9987905368728434 0.5682579456002347 0.001132435057525091 2.657376699363315 
0.9990533423254608 0.5702339773544026 -0.0009910222468099889 2.659434129758632 
0.9986705187643402 0.5733539306421142 0.001870242019350243 2.659964383980003 
0.9988549661193897 0.5673597987031717 -0.002044740657732623 2.657102453694899 
0.9984400628963163 0.5671907394196255 0.003466645688822391 2.656179139819312 
1.000937611938395 0.555824205819991 -0.0004671547569133814 2.650717256616391 
1.001108741295663 0.5399661835427204 -0.003979954801654983 2.641368755459124 
0.9954179669282101 0.5367675614992343 -0.001219334120927551 2.637504301255229 
0.9898106358775333 0.5173174362348844 -0.00199730882570776 2.629245252992935 
0.9787427392780266 0.5016093403333334 0.00119625752122143 2.620569160362916 
1.000689827772698 0.539801421021085 -0.003777957950956721 2.641110972116157 
0.9997434147637406 0.5378071241810559 -0.008629927113099328 2.63769469796113 
0.9994231094865998 0.5351952541602966 -0.01651593569222836 2.636361492267003 
0.9923728987215603 0.5161036919396145 -0.004750431665579285 2.630498356663928 
0.9941661896358501 0.5129803575650428 -0.01154664763078162 2.62963961834901 
0.9830049608912119 0.4920916475893851 -0.004049034787271119 2.624451043866429 
0.9995697864788127 0.5740385325203747 -0.005090768986345985 2.663357555468116 
0.9998339663503416 0.5759290348918781 -0.006488322193710733 2.665322977246782 
0.9978196327184709 0.5790294967935552 -0.005651556597990724 2.660383174918147 
0.9992676924032646 0.5745247557563955 -0.008081132642996085 2.66263433403388 
0.9973238990076511 0.5772461972506826 -0.00835923894005521 2.657733561185669 
0.9972426335394083 0.5760603835652065 -0.01030953498707267 2.656822331597827 
0.9986452447369245 0.5729675872577522 0.000392677643167337 2.659635193479969 
0.9992114887085308 0.572599753844407 -0.002551083989403628 2.661314066556282 
0.9993334869369029 0.5736808651040831 -0.00534559617836268 2.662360463922847 
0.9988375915579059 0.5711509776751317 -0.002597002830255189 2.659242649078235 
0.9987030992340581 0.573154199766763 -0.005295477848954052 2.659956567626478 
0.9990822093311963 0.5732097655518116 -0.003335725867689739 2.661243052487052 
0.9983792476606052 0.5652084140663297 0.002027108758565831 2.654332885357377 
0.9991946378324021 0.570632472461973 -0.0001882603020932447 2.660154014902786 
0.999084780180429 0.5729736135686304 -0.003143368846234328 2.661014447551834 
0.9988953839031394 0.5540457637883007 -0.0006819955810995985 2.649793080092721 
0.9987821521631091 0.5641843178117341 -0.003256595535831389 2.655204634299633 
0.9987817226205744 0.5385875646928799 -0.004172577995008372 2.640439062046701 
0.9997170061741726 0.5723518589847846 -0.002748258006194722 2.662764387800732 
0.997622246431299 0.5653425666720931 -0.006867808629290652 2.651968021625688 
0.9974139199636981 0.5366423300224467 -0.01720444701007872 2.635526665354976 
0.9990308362012502 0.5641680704763632 -0.0035169227985019 2.656033438754316 
0.9978782239625983 0.537156936734521 -0.009168784035286497 2.636976185611188 
0.9987596824949775 0.5383218142516485 -0.003952780859675935 2.640251077885775 
0.996689443107702 0.5704320138434621 -0.01002533787954865 2.651738731233677 
0.9962877799898883 0.5636331017262159 -0.02283268333690796 2.646791402168443 
0.9993350051993103 0.5417247017225488 -0.04378971918563533 2.645683145690595 
0.9965018987836471 0.5580845787683397 -0.01633331128421064 2.644271836334701 
0.9985677203745634 0.5357160925150148 -0.02879492870039163 2.639421896687337 
0.9971818148613906 0.5345287668323239 -0.01617793656340534 2.633762537882883 
0.9996505583964537 0.5732808448736791 -0.005648034813293647 2.663191200953989 
0.9982027953747477 0.5742013311709843 -0.006898662038545536 2.658896443003632 
0.9965387513796808 0.5716833195444456 -0.01037971778744957 2.651974356410684 
0.9987948840471025 0.5736179710406654 -0.005499780746903347 2.660522750922226 
0.9977957935956288 0.5718200515026589 -0.006659179523807984 2.656183026155254 
0.9991389215025483 0.5725972327407008 -0.003347180754127394 2.661073355297421 
0.9949075148735772 0.5806649282641575 -0.02715921699382139 2.65204022893413 
0.9931897393030159 0.5889866539381529 -0.03729696742516892 2.651608749429597 
0.9856993192436578 0.6039253300066399 -0.05088939282105497 2.63637043616662 
0.9967333697694577 0.5743849856072941 -0.04546494015539879 2.655231067370229 
0.9944126041979543 0.5820636890601845 -0.064172868790113 2.652997594812959 
0.9998930378303393 0.5613337619697654 -0.07256538098745831 2.659806726831523 
0.9988121827070109 0.541367445030105 -0.04293905241179067 2.643669935911309 
0.9973611601483535 0.5641468270310214 -0.03723581126477211 2.651191673962073 
0.9951465745504789 0.5808305208064982 -0.02678087302496199 2.652855600857393 
1.001175783063777 0.5480199509696411 -0.05799090995685287 2.655846520067247 
0.9967758623304548 0.5743483488649384 -0.04595381699669307 2.655357957309546 
0.9997752175979125 0.5614059028885571 -0.07302771330787929 2.659467449477775 
0.997311698074872 0.5771393172528021 -0.01141019511633296 2.657704588756897 
0.9934672166200412 0.5827009649236132 -0.01274900187996514 2.64818208899847 
0.9864814867992951 0.5920853697204311 -0.01161661719314469 2.630588373958202 
0.9959510590867318 0.579886468276282 -0.01562590014937183 2.654807180185888 
0.9910866487733512 0.5892173705314999 -0.01955261825360395 2.644218676597141 
0.9956386465934348 0.5811474617123383 -0.02742389342506263 2.654748567412497 
0.9995783831397785 0.5735855410536462 -0.006454328369400166 2.663127899711875 
0.9990907143874904 0.574401861778068 -0.008251789274098769 2.661973961370634 
0.9972088965082055 0.5761038508929452 -0.01056612603761727 2.65674516918914 
0.9981280631486472 0.5741466987937839 -0.006734590709320911 2.658615360805201 
0.9972617605091122 0.5745338655119383 -0.01055235499720451 2.656020397821708 
0.9965000671306005 0.5719481443350662 -0.01087696802511425 2.651998814689253 
0.9982044314157349 0.5786768141690746 -0.005477445334335967 2.661462669481231 
0.9931947249751576 0.5830557190502087 -0.003162356900823437 2.647374063887434 
0.9893473269991707 0.5875383764543122 0.002783402496868241 2.637296117149261 
0.9932572034457098 0.5821715389414207 -0.007684248305328481 2.647096513727799 
0.9865907017431862 0.5904161815385252 -0.003694894839791289 2.629861152839284 
0.9869371382425691 0.5918389307000699 -0.01095200271458738 2.631894877774985 
0.9959418994535648 0.5713764782701671 -0.01085825304080286 2.649789742241011 
0.997260996653168 0.5755020629154977 -0.01124634151218705 2.656559946242051 
0.9973418422680342 0.5770795231480577 -0.01120154037644205 2.657779104312786 
0.9964738705642568 0.5734592026970844 -0.01833916666763796 2.652882454748094 
0.9956593945123732 0.5801476438530804 -0.01581939415908552 2.653985374346651 
0.9953088830591592 0.5813532428165284 -0.02751782607696714 2.653773561554604 
0.9979137509352333 0.5782049313140885 -0.005910648373041905 2.660231684374422 
0.9996315066350792 0.5756534484375909 -0.006615619432176873 2.664492743533989 
0.9994682147302868 0.5737812051555595 -0.005159333977464336 2.662864068780168 
1.001161932450301 0.5751743374202207 -0.003570315276760038 2.669305063712682 
1.000361509820688 0.5741526915532255 -0.002726542231191797 2.666042973650018 
1.001689809438319 0.5756316103865076 -6.394559047687508e-05 2.671320571132832 
0.9868342211193308 0.5917792840139534 -0.01331420819457151 2.631677794096619 
0.9816266344954488 0.6027589907348376 -0.01305654623893615 2.621117045574579 
0.9761647028959337 0.6202373708734084 -0.01459777303859284 2.614210587442832 
0.9848536617213335 0.6014810254625222 -0.02205498540717394 2.631089082404945 
0.9783040976061279 0.6173266304755075 -0.0321221747343749 2.619767955216615 
0.9857724990297183 0.6050849684734994 -0.05142016008983857 2.637406919115961 
0.9979201455644074 0.579016048355927 -0.005633336303552851 2.660710790784573 
0.9931673488724565 0.582161598454477 -0.007579094423256215 2.64679274387719 
0.987087829353347 0.5918117772423304 -0.01158555789340241 2.63237272238346 
0.9972075886237666 0.5772751431777821 -0.00828947547990873 2.657367120861668 
0.9934162695102493 0.5832712225183204 -0.0125489221160469 2.648331364627128 
0.9974410906304896 0.576690570218495 -0.01106440367941434 2.657852274417082 
0.9892904764733147 0.5871834049296585 0.003254145998162035 2.636886624494522 
0.9852938372886599 0.5937332117420997 0.003130773609011379 2.627561529052842 
0.9812374400453157 0.6043372539766027 0.003520193298207383 2.620782227899658 
0.9866279835828708 0.5903287918243836 -0.003444627975170877 2.629920900367548 
0.9825883865104347 0.5999793782724836 -0.005326068542679786 2.622512020013593 
0.9868438601337478 0.5929792933808968 -0.01154300380938099 2.632315453702539 
0.9588628528996215 0.6591844322647999 -0.008955445700975527 2.583889943738338 
0.9674211846506849 0.6470225562450072 0.00604658251537581 2.603067322543114 
0.9727684956122811 0.6303209348255558 0.01154509828490122 2.609774175581511 
0.9564279988204741 0.6601097810374091 0.02340789459732283 2.576947201991167 
0.9675717254443387 0.6442311500768021 0.02725191731292836 2.602115165546431 
0.9601531981054798 0.6518701162694255 0.05217564431542117 2.584566675839276 
0.9752864213707709 0.6206077337383719 -0.01429987631907797 2.611679467644125 
0.9745307127390381 0.6263579808733453 -0.005015699734086477 2.612832648826443 
0.9731945851012093 0.6302852962600857 0.01122273256007159 2.611081999315106 
0.9713797184106293 0.6366845513846557 -0.01496203788832879 2.609266759692404 
0.9670987836699355 0.6477025266478329 0.005498997432898785 2.602465155602758 
0.9603484666160121 0.6592468074094843 -0.009405731520359166 2.588524837965111 
0.9954832696579592 0.5803270111867803 -0.02704162760411705 2.653771766726778 
0.9910826772599928 0.5904338555212164 -0.02009368338926829 2.644914478115318 
0.9872805711520444 0.5909269161726252 -0.01171418668393291 2.632651974337969 
0.9927163549392898 0.5882979215016831 -0.03812225855131363 2.649663301290271 
0.98469488864224 0.6017978347792688 -0.0227385688934079 2.630743405262753 
0.9854931895057552 0.6049625360715456 -0.05070879517472671 2.6363769314956 
0.9809023098107097 0.6042389833344134 0.003237637873868085 2.619606883532354 
0.9782207982158819 0.6147601158856072 0.005283364681657399 2.617274434317198 
0.9734273102655487 0.6302640879375493 0.01133242335197722 2.611777878105996 
0.9783707567358987 0.6119468573316262 -0.003857765858106213 2.615998095783547 
0.9746721677855401 0.6271965718726774 -0.004297148730460048 2.613742215528625 
0.9758543700293427 0.6204116582688828 -0.01528200700281132 2.613297601591182 
0.9972301165176333 0.5317503686404508 -0.01670028633395337 2.633234040501308 
0.9982558245550873 0.5335751946486751 -0.02867019411574784 2.638948222006489 
0.9983432796363736 0.54065397622347 -0.04350354313815235 2.644789262931628 
1.002210256654186 0.5147773897904522 -0.03027426460679392 2.642116688180594 
1.005702102708859 0.5138076928130888 -0.05293629748068661 2.652340275673781 
1.008189650480308 0.4665595874978617 -0.05321301281931699 2.659436825239828 
0.9993728573302791 0.5715475598524404 -0.004284964500033638 2.661335685094983 
0.9977870693404816 0.5723137173331121 -0.00594448439877758 2.656457054475336 
0.9965160533965292 0.5712425216166811 -0.01041058979296956 2.651621629206665 
0.9976501419737022 0.5656517025143479 -0.006197241601997371 2.652203520769143 
0.9965801574110933 0.5575266236950014 -0.0153727326477083 2.6441958258602 
0.9976191349363928 0.5359820880459789 -0.01817673880976767 2.635883747862362 
0.9994762621481946 0.5634176184283175 -0.0727196098768374 2.660015946106986 
1.006617115933038 0.5320015746957618 -0.09488616000273206 2.668338183055913 
1.015013205810519 0.4893797138235669 -0.1074410825016342 2.677734161423935 
1.001175626319311 0.5478886031421878 -0.05781070014963946 2.656085859124998 
1.006320045438623 0.5237479704185729 -0.0698791121441442 2.660659865350061 
0.9987774400340903 0.5405458433504916 -0.04340478113838323 2.643371101627771 
0.9961226301596513 0.570193818186891 -0.01145580753951427 2.649765179434579 
0.9964394827793547 0.5741364558833936 -0.01791468527080706 2.653126032854497 
0.9953859546832565 0.5812970829918842 -0.0273697126755207 2.653938337240448 
0.9962078828301578 0.5638088951273309 -0.02245003710520519 2.646637284207003 
0.9974349606741377 0.5641724748672911 -0.03701127652722087 2.651431765977641 
0.9993324496305255 0.5416066752178895 -0.04376083936009501 2.645598637648048 
0.9853485328848629 0.6009252628983696 -0.04981134536234749 2.633536416764711 
0.9917047656092415 0.5901015537562271 -0.09324887101083468 2.651102488035364 
0.9982169202855059 0.5534513212817703 -0.1471669995849286 2.658346599869475 
0.994724402405508 0.582382706421109 -0.06459910299889045 2.654204123504521 
1.000779055336219 0.5593285305319161 -0.1047868756759208 2.664834150966881 
0.9998069600404065 0.5629025735472069 -0.07296890622121451 2.66052974926796 
0.9661842212324706 0.6389432891134846 -0.05103269392604507 2.59521872807497 
0.9658319736581606 0.6384739883213484 -0.08878931189275292 2.596792982064736 
0.9708674296071633 0.6203141730572044 -0.1375889769823736 2.606528289386319 
0.9769356057032154 0.6176649791489115 -0.0542405475666233 2.616445684693937 
0.9825149846942253 0.6107988057788866 -0.08339237296815616 2.632704827551581 
0.9852508255315933 0.6015916499951346 -0.05154757046903332 2.633672229173847 
1.0004361857168 0.5766159704966947 0.001261845548329877 2.667720485834854 
0.9980918462108926 0.5784766881744601 -0.00205219359049505 2.660983112243637 
0.9976690835478261 0.5783935066966897 -0.005750334857343798 2.659524955496311 
1.002197378242541 0.5754816990988253 -0.002020072880399831 2.672922469260286 
1.001398174152692 0.5750206352035084 -0.00363577119714422 2.670005402683894 
1.00193667539873 0.5755121238528811 -3.415041633166607e-05 2.672075843869954 
1.008518105280399 0.5693629771253007 0.008670207099717402 2.690629006117629 
1.004416685758245 0.5732832360290111 0.005762905281289552 2.679111642472262 
1.000398260034336 0.57632719708893 0.00163004343084089 2.667423428168054 
1.007768033163647 0.5719449009203633 0.003745540692470481 2.689543972964727 
1.00459156821077 0.574865549734594 0.001645767923638738 2.680570686752009 
1.006738197857706 0.5745544932442159 0.0002615747230829555 2.687580192561684 
1.008584722629213 0.5686376814346723 0.008748182897266404 2.690478203623704 
1.004791830905842 0.570958003821058 0.01103092612362135 2.679057285650595 
0.998768139471408 0.576851197940156 0.01412622665045139 2.66239048092972 
1.004410521912144 0.5726453260316178 0.005825206375976852 2.678735957706075 
0.9993242034244842 0.5771749335152714 0.006365008360599507 2.664331701512946 
1.000314057699293 0.5760237501874617 0.001564153817686805 2.666980489101072 
1.012763274402049 0.5640242614757125 -0.0003713963222575794 2.701846616758046 
1.012958646472652 0.5635658923254839 0.004049444344427305 2.702258532390128 
1.013615293658848 0.5613400758541581 0.008931184264062439 2.703262125223 
1.011574040573903 0.5664659898892591 0.004219577082760468 2.699224106623503 
1.011589812154347 0.564677690346331 0.0100164143615188 2.698318263807988 
1.008740503154089 0.568934371243919 0.008919666228732631 2.691133067614573 
0.9812689421099193 0.603913051789164 0.003296425967584974 2.620615944027839 
0.9784524319130895 0.6120703198363439 -0.004114140864093854 2.616358084037148 
0.9759641197099052 0.6201200838898751 -0.01508982194727173 2.613386546172238 
0.9824165598474484 0.5998170798013344 -0.00560290295828023 2.621885235024256 
0.9814988056773042 0.60278022284425 -0.01349039470982465 2.620715424179804 
0.9869602029608395 0.5934712149088686 -0.01114713360535721 2.633035118253425 
0.9762569584282882 0.6201188637536198 -0.01427517994768943 2.614610227021743 
0.9718808481913395 0.6300723356930882 -0.02860383013715275 2.606855146811656 
0.9668970773970346 0.6393177476876893 -0.05104583918219085 2.597767688894165 
0.9776560919368189 0.6171018628264415 -0.03259611013551932 2.617507150300584 
0.9766137858683638 0.619777755964411 -0.05305595783960454 2.616754788573941 
0.9856122342941439 0.6030139282497901 -0.05077356017033025 2.635589555825113 
0.9752136223705168 0.6205457800851599 -0.01437719838881919 2.611438626616152 
0.9711611658348549 0.6367355816721744 -0.01523401943563685 2.608601761868862 
0.9610837684288395 0.6592945288080415 -0.008338077839825609 2.590900677022879 
0.9720123946259666 0.6300892733191732 -0.02866748137894608 2.607291268994515 
0.9628090255106108 0.651370785924994 -0.03115095626022813 2.591718764347094 
0.9662482067297509 0.6394613832079525 -0.0503133394171614 2.595724572982205 
0.9658499361336833 0.6384102762947002 -0.04996246579073806 2.593647146017873 
0.9625677609032481 0.651229296112109 -0.03155499335364085 2.590880447859356 
0.9613698657247299 0.6580308527374943 -0.0079863702652324 2.591309249662604 
0.9545788671821102 0.6602424748653266 -0.06473087974078552 2.573386482182956 
0.9493133223193504 0.678335298230619 -0.03519535273813065 2.567536380096069 
0.9335121553251413 0.6849412808305233 -0.08146467560828599 2.524795269344898 
0.9638102927354468 0.6228290293668989 0.04550559714508217 2.57649476291241 
0.9712492954528191 0.6271538639724963 0.02949182210778063 2.60301949210186 
0.9731186041301008 0.6305223055166312 0.01171671987101188 2.610940572909126 
0.9771986007680072 0.6129526844633592 0.0162892309935738 2.612974067452151 
0.9781246997321557 0.6147596691081736 0.00480650157797061 2.616965555241891 
0.9803428493949645 0.6048640144965471 0.00440728185717796 2.618159245699576 
0.9888403799409197 0.5871755311203477 0.003167135421207296 2.635388363087235 
0.9932681827964059 0.5828201712987506 0.009991033363176686 2.64754549239351 
0.9988353079569404 0.5757122161371966 0.01441323359951766 2.661989323580388 
0.9876569475763033 0.5913206749668402 0.01003169176346815 2.633970057139593 
0.9929769993173362 0.5835434944783312 0.01840140902134955 2.647091946842727 
0.9855293013221985 0.5947271079960339 0.02205951536986041 2.629230899123484 
0.9733298222537159 0.5871218588142384 0.07488104714353329 2.587236076576224 
0.9638912240336173 0.584813725989316 0.1102160518405685 2.55815080869537 
0.9560457789184271 0.5763208923543114 0.1576796178286649 2.533530933757881 
0.966016645756816 0.6064334957194324 0.06694221424853743 2.574386536309658 
0.9463949814390614 0.6174322599028872 0.1019410321638794 2.521556638651631 
0.9635271454874254 0.6239301009310693 0.04470404583838604 2.5759518940918 
0.9852856386953127 0.5952411488737349 0.02269483941603266 2.628738346350641 
0.9828016906486327 0.6006236832398193 0.01322642691571907 2.623695272576614 
0.981326721395967 0.6042011293436151 0.003815910172501968 2.620981225554719 
0.9877477609520255 0.5911830231286891 0.009879807268699437 2.634184279300238 
0.9853379805253811 0.5936798116721521 0.002889853326524599 2.627678432227014 
0.9889234850807422 0.5874125646425605 0.003687645103914631 2.635814201853317 
0.9943538204058243 0.5727408349116605 0.03804189381662029 2.645916905091179 
0.9891518953867872 0.5846153008572654 0.03336071030167632 2.635450604556691 
0.9852973875436327 0.5942191777470968 0.02320755473492388 2.628159378908765 
0.9967999847455241 0.5763709109493014 0.02273956882152198 2.655713584660743 
0.9933136490692153 0.583461350085969 0.01798213019441414 2.648161823727141 
0.9989005237505673 0.5757123764381122 0.01446137408510274 2.662210705775263 
0.964427732758615 0.622747011058961 0.04552872951958303 2.578514987505256 
0.9769603022141384 0.6132378100788713 0.01661652599393277 2.61235428992669 
0.9809179092702494 0.6047238119655834 0.004326238272219306 2.619998675961186 
0.9772910357992586 0.6045997364810717 0.0319758762183723 2.608456405337865 
0.9822884543380372 0.6015347129608013 0.01374762887302772 2.622601315599447 
0.9853971615783288 0.5938762161344258 0.02293018887614269 2.628332029669036 
0.9609313689771393 0.6525364815452943 0.05236742523447365 2.587722881542439 
0.9524829879939294 0.6651628900036001 0.07116540691501694 2.570342653238302 
0.9376219790752114 0.6829184121637876 0.09351097351377795 2.537456613750492 
0.9560827692363231 0.6630608031707386 0.02391910740231121 2.578101094225742 
0.9420924860015421 0.6825531746876022 0.03034362537966317 2.547704282546829 
0.9598254911843043 0.6577944108265051 -0.009904709274323966 2.585977700592861 
0.9631827447294554 0.6246881191153748 0.04583825732177108 2.575653795938204 
0.9642149786810494 0.6374339468915341 0.05081863547383095 2.587665190201435 
0.9618179786906844 0.6509529393716514 0.05307006129990508 2.589349269880412 
0.9715239844748553 0.6280555866452633 0.02992038180541508 2.604414390557283 
0.968231380197291 0.6441695145121266 0.02832486100178361 2.604176860290688 
0.9723566316323131 0.6302492429709484 0.01136886495121699 2.608365669802343 
0.964456492497312 0.6243243932149311 0.04540808445600165 2.579437721642711 
0.9452707252442561 0.6352829044097077 0.08710792117897188 2.528292994741261 
0.9210203561237341 0.6423187011164798 0.1462015416534668 2.462777285041617 
0.964927594432104 0.6372207584452504 0.04969030953896002 2.589830766315718 
0.9454267231686112 0.6507395118160735 0.09361259764591674 2.539995976774752 
0.9661987694972014 0.6502268177374821 0.05075817517182743 2.602827240700945 
1.008594842020406 0.5686400539022587 0.008694214442247187 2.690502956897842 
1.00821001982503 0.5664627420025505 0.01312407219011487 2.688004322009818 
1.007431708998223 0.5621647922244136 0.02122937512337689 2.683127196164487 
1.004925705925062 0.5709934940899004 0.01074380906253439 2.679531715772007 
1.00295269013541 0.5695669967765575 0.01905292804041032 2.672262579676878 
0.9987541479034772 0.5764911009803239 0.0145721041018915 2.662130284190957 
0.9928697678616276 0.5489633824834788 0.06407694972047534 2.628853865972576 
0.983214574771808 0.5655022877680592 0.07385338825940793 2.606851182440878 
0.9735259454029583 0.5852783966622774 0.07510577783366866 2.586614098265824 
0.9919652927827685 0.5639660447488195 0.05027067171560283 2.633574601856749 
0.9860956374480874 0.5757822977461587 0.05212643546406506 2.620987522336398 
0.9948677988138607 0.5721365535473341 0.03883920859590605 2.647411928574943 
1.013854793414706 0.5619342576581475 0.0004802289063330774 2.704354409173864 
1.014641403458868 0.5620027496289406 4.470128930507193e-05 2.707039571801023 
1.015969381750379 0.5615267091594754 -4.861490957694946e-05 2.711248557931147 
1.014641928438385 0.5616283816575116 0.0003613450758290093 2.70683438363944 
1.016014745749232 0.561464359276557 3.410767109262265e-05 2.711366915690078 
1.016323255838072 0.5608324209662869 -3.116170928023818e-05 2.71205714228774 
1.013928073552867 0.5613387588611037 -1.940774743754442e-05 2.704270698301176 
1.014285163554071 0.5616842812757893 -4.938923676824191e-06 2.705663876936208 
1.015992007022503 0.5614908753877909 -7.536059998754895e-06 2.711303186720268 
1.01384315784991 0.5618124235052391 0.0004080087572148708 2.704248402609517 
1.01463409484389 0.5620539405575781 -1.412111579579542e-05 2.707043315506214 
1.01384009388281 0.5619067778448616 0.0004751861470350779 2.704288939866607 
1.006505094004028 0.5745147777294456 -0.0002106906714584168 2.686772595377742 
1.010638208952811 0.568881546496817 0.0001767499413105926 2.697427893705567 
1.01268362122625 0.5637398886310734 -0.0001980342734486331 2.701425947017285 
1.007716086943431 0.5720187555806383 0.003849471425032332 2.689411246157339 
1.011536552713595 0.5663285253649449 0.004393600236392851 2.699021027650205 
1.008781947299861 0.5691415907456888 0.008656065236200446 2.691390500692147 
1.013834698226249 0.5612039866355746 -0.0001208866728149371 2.703883263921103 
1.013873524266509 0.5615554478497801 0.001077736328426497 2.704210867278556 
1.014046092815624 0.5599523681264801 0.002925492472086236 2.703907636465584 
1.013671860700238 0.5616812631877112 -6.896457372144448e-05 2.703597765276264 
1.013544077738201 0.5620122618742451 0.002817190442873537 2.703359731549211 
1.012873256934444 0.5641755645313479 0.0001218259946971327 2.70229753472884 
0.9987003608013783 0.5829717280870826 0.002637286855424689 2.666018220523725 
0.9995370530981439 0.5859910131795792 0.001024306520750961 2.669967397065664 
1.000401097724181 0.5884507105867075 -3.312139176966431e-05 2.674074244329163 
0.9974619020320578 0.5790448831664942 0.002151636427794628 2.659275278631323 
0.998064029463598 0.5825635098087552 2.768357153159723e-05 2.662426784660868 
0.9971596408369645 0.5714626235976522 -5.452539340032717e-05 2.65344350085433 
0.9964580034830176 0.5829872090667916 0.003559967886188568 2.665244611795828 
0.9989373463368302 0.5611846143570101 0.001481032290380569 2.655039738825808 
0.983090300526578 0.5017449165825059 -0.0005839929549525816 2.627702086202219 
0.9968946193153688 0.5846523761902568 0.001812496576454312 2.668417130167469 
1.000190802170463 0.5664319175174882 0.0007725264556510853 2.660618688467424 
0.9975354175330604 0.5860697081972145 0.00010485574732634 2.672019571658427 
0.9982114706712217 0.5661713737182501 -0.001412565672347701 2.654135660277553 
0.9981061274977281 0.5758670466115092 0.002580171763654361 2.659624170122957 
0.9966832945930731 0.5713813067485465 0.004255966991545988 2.651812239932471 
0.9980106630035588 0.5684832144600583 -0.0001399993149509862 2.654708231246595 
0.996863370641905 0.5787253251854984 0.00314091428562377 2.65724257136663 
0.9972417590990422 0.5723676784037719 -5.401308689430746e-05 2.654293038773853 
0.9988272592304011 0.5730362830109781 0.0001739803564949895 2.660279519651113 
0.9987897502876545 0.571114036625877 -0.002623938759344006 2.659062718403245 
0.9991050863443769 0.5730679621385872 -0.00305474463450081 2.661234164417349 
0.9990218376721194 0.5704976269872681 -8.170728951668322e-05 2.659472539607746 
0.9992001369003825 0.5703319916149135 -0.0008320615072017241 2.659984346929656 
0.9992414665033322 0.5694213017553602 -0.0001561953739243592 2.659589473996389 
0.9986269079491481 0.5728450243507435 0.0002791758230322189 2.659511689529335 
0.9998579790795327 0.5741089856618319 -2.719581055119897e-05 2.664340955238375 
1.001627198022142 0.5755923316834096 -3.096959709800529e-05 2.671089877479327 
0.999151883716442 0.5726906208105728 -0.002525299520526743 2.661168054047815 
1.000524286553077 0.5741804496272634 -0.002784623885376642 2.666600959081991 
0.9993748010829053 0.5738322743140691 -0.00519095143847534 2.662583580395498 
1.00673560774775 0.5748451360118072 0.000280730160544135 2.687736133582259 
1.004504573099842 0.5747720950851206 0.00158339274594525 2.68022286024387 
1.000747011839573 0.5764178134267538 0.001291222090360243 2.66864361941931 
1.003582752587806 0.5770446499369319 9.77659239493819e-05 2.678458437944053 
1.002105520660587 0.5757742219888901 -0.001723108123993173 2.672786278179552 
1.002184883635729 0.5754679086615786 2.672964070247577e-05 2.672887402395369 
1.01351330575951 0.558921075299514 1.921636943733634e-06 2.701540509438482 
1.013567047361576 0.5608589988160255 0.0005561704492980571 2.702790803649203 
1.013879784966472 0.5619741797021006 0.0004892919308986905 2.704460723363276 
1.014035079751993 0.5607720663582643 -1.646698786787008e-05 2.704318140290002 
1.014612813930771 0.5615880117375444 0.0002931855590873189 2.706714308810984 
1.016305394238452 0.5608621823107527 8.33552516902263e-06 2.712011090979111 
1.017926825420358 0.5486264590650189 9.338574486587189e-05 2.71081986782421 
1.01776031359251 0.5496094595367732 0.003096852271289661 2.710789373592065 
1.017237118329829 0.5531126574342686 0.005534133009989591 2.710932321711792 
1.014512192664211 0.5558851737640274 -0.0001286611969089191 2.703231135436563 
1.014444756619947 0.5562340971109502 0.001122141783420443 2.703199332989513 
1.013557578477163 0.5590602956397756 8.526945356012521e-05 2.701795018340968 
1.008436084388117 0.5413031156162593 0.03543254827316648 2.675519343577364 
1.018033313243603 0.5305245968407977 0.01917503899120145 2.701757362269627 
1.022591374768884 0.5321739976377673 0.001843735472781284 2.717972423937011 
1.013791985356339 0.5268552958110846 0.03085745690483497 2.685794796957141 
1.021636111533435 0.5214801616422539 0.007888691956412031 2.709156337238517 
1.020002124832089 0.5116926068505088 0.02076504520130701 2.698806538328413 
0.9933000519898774 0.5257468183699455 0.1203166026180315 2.622916718167481 
0.9902145500482928 0.5415497979900508 0.0894410141787686 2.617997662971813 
0.9930117081006015 0.5506582128676725 0.06443091165046445 2.630356461988041 
1.004361154425506 0.5125207152166946 0.09561422779677484 2.650473264612577 
1.000016281737395 0.5306821057186654 0.07273296293487436 2.643597087124427 
1.012705981993179 0.5056752162842294 0.07140977700901216 2.67326714120021 
1.0179549586385 0.5491688184701889 -0.00029988093851109 2.711214990020233 
1.02091432105314 0.5415609973241268 3.374076875005387e-06 2.717144550376737 
1.021952904214435 0.5315477270249758 0.002891053127525967 2.715409666369088 
1.019769664713147 0.5432345468365923 0.006069358367348476 2.714181428446041 
1.019889041511711 0.5378946407401758 0.01229819507808528 2.711813114005706 
1.016802823403689 0.5469686124270746 0.01668053577936652 2.706258810327777 
1.020568164869926 0.5111194061020046 0.02072569607194909 2.700481898711786 
1.017884009863025 0.5058615256748376 0.04126340653516222 2.689254548633339 
1.013023376762953 0.5065868711270844 0.07009330264783567 2.674679634917369 
1.013496088052397 0.5275072460820385 0.03135055396732845 2.685182901738798 
1.007171717724312 0.5282763011864233 0.04770408763692947 2.664841045752508 
1.008982348190852 0.5408332708356648 0.03476826063678142 2.677128769907791 
0.9778489287204529 0.5032905504715072 0.0005059564041646918 2.618160984576838 
0.9785445602556364 0.5017197362665815 0.0003783226289297607 2.621147154019174 
0.9804504393292174 0.5002658589620056 0.0001277691106054243 2.62809956561637 
0.9942112157065811 0.5436818065439496 0.001210127958363408 2.637783472863777 
0.9939727050520751 0.5422826133087439 0.001069180562851453 2.639937012243648 
0.9975104585407355 0.5730591491357521 0.003675196040818141 2.653301556436283 
0.9789138331703088 0.5015340754180296 0.0004635132788946253 2.620548404602451 
0.9777077793258724 0.5037252195718005 0.0003885644985555209 2.619360508941457 
0.9770916991343992 0.5047554737860939 0.0003580867785545356 2.618747157956973 
0.9954531671239061 0.5367294279878552 -0.0009581107978416014 2.637869060711421 
0.993352413659923 0.5362865108272558 0.0004096903606023027 2.634577473733263 
0.9986262515287198 0.5672948355136909 0.002155534744967437 2.65435548127236 
1.002752057117173 0.541207174235778 -0.004052307082141454 2.641334637179768 
0.9918248667707266 0.515721693889417 -0.004860393383308952 2.629850187621289 
0.9837862141198617 0.4936590692749961 -0.002643349092429089 2.6253028105996 
0.988667771136078 0.5161382529519746 -0.001882701872372004 2.630278424639757 
0.9826925619839576 0.5012451066528671 8.640197312171345e-05 2.623044836313225 
0.9833795336757752 0.506192898825274 -0.0002682698377032334 2.62437958679277 
0.9898894616459313 0.4710798263341928 -0.01923185293742662 2.632842985855816 
0.9839693052504332 0.4804497081600265 -0.007371791928177246 2.624634597524806 
0.981093948488579 0.4896592579374686 -0.001821437419757348 2.621715256854778 
0.9983714680468608 0.513491886551095 -0.02137990444082227 2.633430239073998 
0.9946874043253781 0.5135522642409174 -0.01226846056799881 2.630779864759861 
0.9987858107165819 0.5340404834904741 -0.01545673341364959 2.635466341208903 
0.9979718809527756 0.5324365791386773 -0.01550566681837013 2.636572831243496 
1.002264766829569 0.5152699791894421 -0.03037039138962687 2.641624143657516 
1.008150213905644 0.4656927589393436 -0.05317173255610814 2.659393291609505 
0.9977396386297411 0.5140888232329374 -0.02092691775557303 2.632039750831829 
0.9994938222374115 0.4663710048322582 -0.03460382395432948 2.64675051184834 
0.9901877789062036 0.4707748100197147 -0.01981323054876866 2.633309063629974 
0.9998423361473189 0.563418604651439 -0.07263800094217768 2.661108748288929 
1.000636501917942 0.5595986739068453 -0.1047423952138134 2.664640855931062 
0.9987958729406805 0.5525748346274129 -0.1476305381471054 2.659850342391835 
1.006171512241359 0.5323869419978824 -0.09523074084345129 2.66715637307045 
1.010629919487495 0.5156031971059925 -0.1331929758010206 2.677746527233349 
1.015183773994875 0.4897957893631382 -0.1080554232010742 2.678031515637083 
0.9319071923407389 0.6849952740905654 -0.08126830736258875 2.519908593556448 
0.9495576727598216 0.6779402599152811 -0.03466897979206827 2.568045640466075 
0.9602510098843753 0.6582753525958842 -0.008077455409068823 2.587950678819 
0.9308126833827941 0.6988952063570121 -0.03849609379799877 2.524415685527548 
0.9475764714414552 0.6824678590386422 -0.001898321489646232 2.56449636068727 
0.9244607573748951 0.7058785663729006 0.009112995332426927 2.508981443927395 
0.9989821758521056 0.5402581214394244 -0.0427756869037285 2.645751815004776 
1.006133836782119 0.5238621333971822 -0.06994806919643497 2.660342503773613 
1.015024089809082 0.4887000788236904 -0.1077141242701797 2.677505516325223 
1.005128613053209 0.514300813679178 -0.0537296991440521 2.651245207311839 
1.014516850205532 0.4744017137183658 -0.08063625083847299 2.672399210984056 
1.008613005239668 0.4669475009267537 -0.05390878493795605 2.659182884004692 
0.9713222564903586 0.6196710302426173 -0.1371737770471601 2.607426534538084 
0.9874470305808634 0.5847138869843919 -0.1474051054515719 2.640534186259016 
0.9989144585051689 0.5534548340262754 -0.1490810985177114 2.660808724585382 
0.9821191469311984 0.61160415650052 -0.08330702477897008 2.63184479780552 
0.9913549328409296 0.5900934120712621 -0.09245213426332438 2.649931468472064 
0.9850174503928566 0.6011175091941812 -0.05038336083135926 2.632671210061867 
0.9211631835182239 0.6436315779697122 0.147176149340501 2.464357585870821 
0.9357043514829926 0.6645355021204904 0.1258261131412683 2.521901156959059 
0.9419678065739334 0.6820687956899942 0.09254540909295313 2.550514507646712 
0.945279966487292 0.650080683819392 0.0935906992379666 2.539038846183789 
0.9564859519445729 0.6631718568643867 0.06933360316147125 2.581727213244221 
0.9652844608077589 0.650922929083271 0.04974839824223859 2.600405827302256 
0.9660054839644119 0.6382502808573285 -0.05003140105817678 2.594018917846531 
0.9553903987283321 0.6603696353293523 -0.06417100687938841 2.576143178080186 
0.9342505023918135 0.68449313110929 -0.08077728739939641 2.52657357721238 
0.9652740564656727 0.6389470490202601 -0.08866001325457001 2.595433697146298 
0.9497437754283478 0.6557479014784191 -0.1167788240467539 2.559094593353875 
0.9719991552032325 0.6193850162753682 -0.1404779879997604 2.609544700362682 
0.9375229533718344 0.6822303455469241 0.09284984082104485 2.536684095653635 
0.9234882043025416 0.7016134697152981 0.0524949568529582 2.504292675487202 
0.9234131508141958 0.7064501866798835 0.008872195834618684 2.506348148137207 
0.942019910382121 0.6826610829213708 0.03074384096049943 2.547466456772511 
0.9464100621298744 0.6828313454995272 -0.00220752517705912 2.560999491921894 
0.9623501159547219 0.6580286225358136 -0.007767823608129848 2.594409341601092 
0.9579459435501331 0.5773099376324422 0.1532261705521673 2.540130252571895 
0.9627776682683602 0.5855624648422446 0.1096380291902532 2.555104946452213 
0.9735791058409683 0.5870417148221635 0.07488221735313612 2.587831832440792 
0.977746207454928 0.5464616482759455 0.1408863583014475 2.585074199497511 
0.9769738087203818 0.5627520705331235 0.1051902810992368 2.587691078011972 
0.9928118439229824 0.5242198361221491 0.1218759192748485 2.620588831856133 
0.9576593399899868 0.5742133034865539 0.1569273921259762 2.537257368124132 
0.9363742912000007 0.6085376963932444 0.1559253340501682 2.490635893972332 
0.9229790682084443 0.6418076006351875 0.144138987529851 2.468745276044122 
0.9455620097076926 0.6186776768907385 0.1024312765280782 2.519747952106268 
0.9418562512737596 0.637113230265246 0.0867835857151301 2.518578629674113 
0.9666834557624991 0.6233251713253767 0.04503655638414773 2.585924624272828 
