0.9997890994743457 0.5919279176937827 0.004100554915353921 2.674496089147648 
1.000974042714562 0.5899020256057387 0.002200665628417053 2.677235895432614 
1.000823581826818 0.5902124539606056 -6.648673375117294e-07 2.676917312582294 
1.000954022272749 0.5900753807405595 0.005387343577722165 2.677283254005482 
1.001742971942148 0.5883795442155937 0.001504581104169513 2.678896544925393 
1.002619547840435 0.5873214713499756 0.005889294377396341 2.681213422119282 
0.9999128777506635 0.5916931607596504 0.004264135899437438 2.67477358890373 
0.9991143105751504 0.5932208725987114 0.006728554826515523 2.673032169515284 
0.9975037206069434 0.5960928218012127 0.009433364437741492 2.66941911268313 
0.9977191166407802 0.5956455635874136 0.003869299831641964 2.66983024742603 
0.9960133301177869 0.5984586188195155 0.004700199506699683 2.665862520958005 
0.995687547981927 0.5991230377600544 -5.215890687342137e-05 2.665170585814721 
1.003803207030187 0.5852019245428857 -0.0003081872847347148 2.683903990119841 
1.005359363462799 0.5816467414570108 0.006388841100685602 2.687052714343356 
1.004433288173669 0.5836434255725753 0.01674702883534512 2.68523008299326 
1.003537429614417 0.58494680664604 0.003568414729212551 2.682877008126637 
1.003278399234015 0.5861149767828058 0.009880350523554739 2.682731514463951 
1.002459706181527 0.5877284702105438 0.006032269598612009 2.680925766927348 
0.9973324669608202 0.5960761733139965 0.009165108753537893 2.668841469076846 
1.000365955869658 0.5909406637216272 0.009546363812717019 2.675868513414903 
1.002441416134116 0.5874317767542023 0.006003605548256487 2.68069334203908 
0.9997447448729816 0.5918710116905355 0.01394305377479231 2.674405517289806 
1.003512080208067 0.5853539292460778 0.009972105166122269 2.68306647106261 
1.004253850672275 0.5842335554360445 0.01671561824251454 2.684971864655534 
1.007733709239446 0.575245728439966 0.03811070451870218 2.692003509693352 
1.005638172014029 0.580546692105006 0.02473723117699643 2.687617388302996 
1.004102832771543 0.5842738263622997 0.01700663930177455 2.684532195902401 
1.012440990535153 0.5681689375635204 0.01944698201821861 2.703270187579548 
1.008126337080592 0.5763622070575503 0.01257346164983617 2.693330277356067 
1.011405063722261 0.5709406614561704 0.001667554229554286 2.701145312059785 
0.9695492359931945 0.6384621842022649 0.0437918374431509 2.60531294501846 
0.9802896000352451 0.6224852916531428 0.0522090729992683 2.630324024826458 
0.9897353240135288 0.6072367200069922 0.05162893314841874 2.651960972107839 
0.9713287264038375 0.6343917391116313 0.06715021765242572 2.609729172607958 
0.9859501601391675 0.6108616257305945 0.06921544288085792 2.642557377291812 
0.978372926646666 0.6198204180786261 0.0937145566270976 2.625388028185249 
1.001871174304901 0.5842784533148081 0.07400360702319746 2.679618959182656 
1.006456293573781 0.5768861272471401 0.05332237575033093 2.689366203953874 
1.007586817747755 0.5752656358001034 0.03790324041536163 2.691719231509867 
1.012401525752673 0.5632414690987724 0.07877049856922567 2.703290819521125 
1.014340118591381 0.5627511075389258 0.05234728308024899 2.707782761397006 
1.025027978720066 0.5369234581769048 0.07592419555402559 2.731354688003429 
0.9895501750212905 0.6067523097942844 0.05153625187615101 2.650892648575642 
1.000207433929625 0.5898784465825647 0.0492580504847397 2.675864324102453 
1.007597099868054 0.5756275257357178 0.03775062947557194 2.691873956500576 
0.9945074442727078 0.5978996578965327 0.0628840808877917 2.662526230126034 
1.006343220706382 0.5759437202703701 0.05382653174912691 2.688453537276269 
1.001886389373728 0.5831712977036445 0.07392298646476415 2.679018010244031 
0.9460900257552151 0.6658340120434368 0.08108206735418137 2.551066569402686 
0.9606252156802731 0.6497275793439343 0.05845997467458842 2.584783887555135 
0.9701905810547601 0.6385718733122053 0.04497047338806972 2.607581893965418 
0.962998046048522 0.6428054661401652 0.0922361323432751 2.590406128638008 
0.9708953433396704 0.6343561932214995 0.06657477459770425 2.608317119692191 
0.9783835503224125 0.6197354739650677 0.09350087907867265 2.625309914730273 
0.9958840989587263 0.5973433901923372 0.02687076558140668 2.665174329134878 
1.000091681331235 0.5908881313566189 0.03344151617849386 2.675450772669624 
1.00778090494234 0.5755540307376092 0.0377973135274649 2.692293168866432 
0.9938420317995303 0.6014920654422923 0.03676575073998965 2.66115727753582 
0.9999706906065338 0.5895363628526851 0.04878787141006296 2.674883692943893 
0.9897455563825109 0.6067840200760864 0.05191896370793098 2.651531944461481 
0.9835108991187614 0.6177557420223347 0.02467704648863615 2.636816274734165 
0.9900274143405051 0.6076819447220457 0.02864295512677607 2.652095280426387 
0.9955527293144173 0.5979774448016647 0.02664341816780877 2.664474859666232 
0.9853443068949549 0.6154390746831322 0.03734970046306643 2.641765545230182 
0.9939431234131958 0.6007980236249401 0.03730872433172594 2.661069719419211 
0.9900557868673605 0.6071906196684413 0.05142978721799497 2.652755965637923 
0.9825035801412908 0.6204395712068912 -0.007011651005809688 2.634884708847026 
0.9828139467965956 0.6200706668968745 0.0002929699046084899 2.635660396497177 
0.9846321937284375 0.6169985399209311 0.005146091781046201 2.63974608796689 
0.9782302522017404 0.6276806332840758 -0.002569011313150867 2.625517278362587 
0.9807090521720305 0.6237280766857353 0.006740264573483984 2.631094495459007 
0.9735933693713849 0.6340741835444473 0.007338591030887531 2.614588677556921 
0.9910441721822484 0.606328476644324 0.01094770692458508 2.654261837923273 
0.99472614928531 0.6006852130039849 0.01150444799305406 2.663004084497357 
0.9973210404449935 0.5962955543002862 0.009570535652021702 2.668968395078259 
0.9925445551888483 0.6045456564914004 0.0184055469227432 2.658222560887615 
0.9970395528240216 0.5964442487495139 0.01610205658873226 2.668159806780472 
0.9957669272814527 0.598275681876428 0.02659165902562029 2.665270851573417 
0.9732122210691521 0.6341157563079097 0.008097573656251189 2.613371752453059 
0.9808385763711056 0.623724978326731 0.006423775278026148 2.63151982745049 
0.984837496238169 0.616873275815275 0.005173706762724661 2.640338767644688 
0.9777540584499887 0.6277951152051112 0.01915032698448086 2.624243247748276 
0.9833513543133364 0.6192160988749564 0.01215023169354823 2.636950668372474 
0.9836790768881885 0.618546938904499 0.02482036770483038 2.637847587581928 
0.9976011333021456 0.5958520257510972 0.009708689002050522 2.669621169710384 
0.9996923090097606 0.5919251004861046 0.01371003773507378 2.674260913257019 
1.004134033567864 0.584317256181358 0.01656289016670656 2.684623063761738 
0.99695352511182 0.5968344008516041 0.01583770460562429 2.668110929925462 
1.000675832922528 0.5897728911414082 0.02336465964966006 2.676443010763536 
0.9956446983762117 0.5980413949834714 0.02689083061503996 2.664741415200608 
0.9954951250888542 0.5975506015076475 0.02619221924588183 2.663964303810527 
1.000920695892957 0.5896789433019344 0.02360917719699782 2.677211600701296 
1.003983287237405 0.5846289777378786 0.0167456618834451 2.684339896424579 
1.000309679903447 0.5907898817463761 0.03382300297881507 2.67611902644643 
1.006034868052549 0.5800016894251465 0.02479987774729928 2.688621352253767 
1.007776026663481 0.5755818451614793 0.03804625513119125 2.692297999204611 
0.9998460012354662 0.5919275752292701 0.004191825138753448 2.674684161762389 
0.9999471783116811 0.5917977787532145 0.001832859788152893 2.674937652057769 
1.00005558477161 0.5915388160901487 0.0008205961645741701 2.675145662108267 
1.000909065834433 0.5899302173091227 0.00215973249836038 2.67703583276133 
1.000402248040772 0.5909224819949538 0.000788992555878967 2.675932702199718 
1.000972646351945 0.5899951185977657 -0.0002789551113732287 2.677282461781296 
0.9974819890195954 0.5962420059524458 0.009667695669475168 2.669434440934335 
0.9990799140874524 0.5931315529115179 0.006633167949178891 2.672865710307029 
0.999841189882501 0.5918259715420484 0.004159364199202982 2.674613325795131 
1.000318079930284 0.5908607593353645 0.009327682239434885 2.675659801435557 
1.000793964006829 0.5902739022758781 0.005262128633542606 2.676868309655393 
1.002445451519296 0.5874094507600707 0.005969920258796388 2.680687493773165 
0.9992519954958631 0.5929204735914206 -9.030637443602831e-05 2.673291464256012 
0.9996457116684735 0.5922611677594543 0.0008129765983738511 2.67420947961745 
1.000015407035824 0.5915439485919955 0.0008307050364186054 2.675014720732257 
0.9991625983657703 0.5930668091687128 0.001695858874684134 2.673082615454235 
1.000024761768358 0.5914929047828478 0.00182264984218223 2.675015404428971 
0.9998370578900246 0.5919915920062048 0.004079507163520204 2.674692811055211 
0.9782399964745293 0.6204825563589738 0.09372259885667886 2.625450914649437 
0.9922070555633143 0.5988696481632089 0.08632410009438116 2.657205076148147 
1.001423518523296 0.5847430344175487 0.07372046148710065 2.678539799002699 
0.9913609335880613 0.5955670133883734 0.1158613438651002 2.655525438695173 
1.005089605967311 0.5743342063444371 0.09664030926360213 2.686601434018944 
1.010082566751272 0.558087866563257 0.1295228398463487 2.697625678877603 
0.9999559608959954 0.5917440636047767 -0.00142067763717202 2.674930685599699 
0.9998444487603068 0.5918610019097177 -0.0004948218207454183 2.674634307092639 
0.9999605564067924 0.5917021259924995 -0.0001830626707489669 2.674925647586766 
0.9995761499824579 0.5923211302504205 -0.0008197959338024045 2.674015704068858 
0.9997966058898872 0.5919930044085485 -0.0001113917490064427 2.674550845909655 
0.9994642665000966 0.5926286742271319 -3.34392153223346e-05 2.673819962553447 
0.9999684548991954 0.5916405433753468 -0.001458408054947391 2.674913739552705 
1.000156403925551 0.5914082293016011 -0.0004055667099568549 2.675401649076531 
0.9999184103454474 0.5915762264855339 -3.60264802873709e-05 2.674743520937045 
0.9998430234736841 0.5917863541178839 -0.0005845221121609082 2.674588599445038 
1.00001046160255 0.5916106573403477 -0.0002829484675094896 2.675032190586017 
0.9999558894649625 0.5916739407641277 -0.0001409598141890874 2.674902719382729 
1.000026953064732 0.5915986999905978 -0.001427082325203377 2.675081568251794 
0.9991108919108032 0.5932250728470427 -0.001734213645953593 2.673006845063295 
0.9977943282268175 0.5954761419360159 -6.472989674246195e-05 2.669966873518563 
1.000132000683342 0.5912560788272269 -0.002851599360499242 2.67522746504837 
0.9984718252958596 0.5942675676040875 -0.003547306352600834 2.671508151424293 
1.000302531559313 0.5910096321034578 -0.005528769490345904 2.67565449859275 
1.000516490418108 0.59082493159837 -0.005599549167467041 2.676276324499814 
1.001044293881134 0.5898554528364987 -0.001836717555652537 2.677444129034295 
1.000455111394842 0.5903789441738964 0.0001323432653345743 2.675829960389821 
1.000113983742553 0.5914263653657337 -0.00295152881484422 2.675278396323205 
1.000386471419919 0.5909079015458484 -0.001077637428617815 2.675872143553115 
0.9999821737000065 0.5915897505661352 -0.001427131673734936 2.674931686143571 
0.9964884191926158 0.5977382152276545 -0.01193830985921153 2.667054682031924 
0.9990663940008513 0.5933086844796317 -0.009192725597881536 2.672941289384169 
1.000359303623974 0.5909389943357042 -0.005731863334135487 2.67580214196992 
0.9968503765120459 0.5971760373454891 -0.003924791605174007 2.667863909867472 
0.9983224301768799 0.5943608155699549 -0.003522984335960494 2.67106771497517 
0.9979640995844576 0.5954047276163487 0.0001047278781592298 2.670489454951835 
1.00047602339308 0.591199410682326 -0.005455563483673303 2.676370292345048 
1.001672928491962 0.5883210185668718 -0.008158598956725265 2.67870796314079 
1.004150686742973 0.5835667694858959 -0.01079046183259715 2.684217952834541 
1.002127991719626 0.587748367972861 -0.004077251186978043 2.679816400964107 
1.00412524969484 0.5842877355086333 -0.003823451236337498 2.684430047910254 
1.002733528155677 0.5863802613224047 0.0001270544117795857 2.681077171964924 
1.003974937661644 0.5840582482003551 -0.01046008629093915 2.683958762792635 
1.005678561142948 0.5813345002987915 -0.01803408246065187 2.688157956984825 
1.006836066710525 0.5774412420104977 -0.03118535085166811 2.690073939849503 
1.007185871464395 0.5782071992320683 -0.008999671890053573 2.691153473898887 
1.011166907675801 0.5706891838095957 -0.01737848722904429 2.700315704142036 
1.011247333862025 0.5707922476704445 -0.002864785291731094 2.700705235870407 
0.9890831306816558 0.6102528011961873 -0.01026156145305754 2.6502139254291 
0.9859638049092521 0.6149090527244577 -0.0101082934028851 2.642823766477558 
0.9826375492806311 0.6206446261955795 -0.006844222993815145 2.635476179742235 
0.9867743210722761 0.613922552453118 -0.01598947081532489 2.644929135958713 
0.9818290188042567 0.6219543967413863 -0.01443250241108824 2.633708500253473 
0.9823793957248395 0.6200761954567772 -0.02427734955392697 2.634531338717592 
0.9926499397769242 0.604430469775507 2.454901135568694e-05 2.658334181323067 
0.9912716740399879 0.6067631834690653 -0.004488122884593186 2.655211230923161 
0.989120610918539 0.6099656544461011 -0.01012233297988614 2.650139973142063 
0.9938587897621571 0.6020701024586405 -0.006049264675348128 2.660916128041337 
0.9927564670814711 0.6039107160088454 -0.01259595201680314 2.658459926193688 
0.9964624254898681 0.5982748973682424 -0.01224205268586838 2.667300227798219 
1.000448310948235 0.5910182344459802 -0.005658752015865154 2.676150063985248 
0.999106422516275 0.5927972227063194 -0.008860848598560905 2.672767317308903 
0.9961142899379787 0.5979955527831127 -0.01206720311827086 2.665970559884005 
1.001827790309393 0.5886826790084717 -0.007629584508496902 2.679394353148359 
1.000120652574766 0.5913365565222166 -0.01403978672619608 2.675334402151646 
1.004290430667309 0.5834264553601202 -0.01064750354612864 2.684575909872809 
0.9966184668141342 0.5975591867895252 -0.01158783940952287 2.667389477830174 
0.9989219850892996 0.592963264398863 -0.02076050484371427 2.672432832122551 
1.006146001009845 0.5800285667934523 -0.0314161722244378 2.689188429567263 
1.00025091585848 0.5913304623532446 -0.01434926059236509 2.675765841908686 
1.005576863570019 0.5809666197155171 -0.01849037211582061 2.687557622672488 
1.004146688800233 0.5834232280316619 -0.01028061117953395 2.684097153381934 
0.992688094436908 0.6032323063062306 -0.03163378497194034 2.658270119425672 
0.9941482860116475 0.6001510587025488 -0.04667335260370548 2.661760470292827 
0.99881669162953 0.5891579227440027 -0.06691110100642618 2.671832309155286 
0.9991765015648885 0.5923502694996015 -0.03599475033382132 2.673333854756253 
1.004837882620522 0.5803508223388324 -0.04705307937685894 2.685691298577406 
1.006224699557157 0.5783811889845218 -0.03028549500483519 2.688544849635567 
0.9891791614494843 0.6100935247059157 -0.01031862193001344 2.650434939588223 
0.9894971171787329 0.6093203034983942 -0.01957570702050718 2.651096102872958 
0.9922307055726975 0.6041893497162312 -0.03191235919901821 2.657318661020699 
0.9928691620997462 0.6041441647874567 -0.01291237688424707 2.658962505967011 
0.995247680613077 0.5992955270625974 -0.01986256057896906 2.664014460221984 
0.9964523457037203 0.5981540023431463 -0.01176621737676318 2.667188061770327 
0.9778055531484341 0.6251411004637243 -0.05352350209878033 2.623932110377894 
0.9684780527910241 0.6390168816408727 -0.06273801861424695 2.603277855122889 
0.9524760227839858 0.6591938094794147 -0.0717802046237543 2.565971891311726 
0.9773246971150591 0.6244290077747061 -0.07211684205443195 2.623177237192944 
0.9644033084669867 0.6401042755202957 -0.08886034161762257 2.592802283390658 
0.9785370812981258 0.6192897129283902 -0.09797778484674677 2.625940848790742 
0.9988095122148235 0.5889590579014752 -0.06625341529754816 2.671706711198903 
0.9874397566656347 0.6093023209453613 -0.06458424432880622 2.646265464607463 
0.9782230513146759 0.6249931235163712 -0.05281704250441652 2.625173174688484 
0.9912282716497427 0.6005466769270115 -0.08287217020499758 2.654727797519834 
0.9772118932474956 0.6244546830393207 -0.07255596330809871 2.622823204640255 
0.9783468180241081 0.61938260998859 -0.09834818305240156 2.625352882840634 
0.9823743764891731 0.6203673794809652 -0.02485339653763074 2.634763953372091 
0.97603475862071 0.6297755004227346 -0.02507990518808126 2.620043999982871 
0.9667690989988981 0.6433554106368751 -0.01999074017895833 2.598723441769652 
0.98052907899972 0.6232251691278741 -0.03574828218259732 2.63083218734054 
0.9703691705542036 0.6381630317291139 -0.03823066140295078 2.607487546565469 
0.9781308305661156 0.6261537789399948 -0.05350970723181928 2.625661553910922 
0.989031310608868 0.6102218945027179 -0.01055751015464968 2.650029123793859 
0.9867139135874792 0.614075555262269 -0.01570557520222533 2.644821103899886 
0.9825941485080398 0.6199761815933577 -0.0242400601287906 2.635173749077712 
0.9894651407367311 0.6092480708998005 -0.01907779490878444 2.650948608447384 
0.9871043438472651 0.612560364156732 -0.03011494440452478 2.645521424382142 
0.9924105997105966 0.6042116912646079 -0.03270616257247601 2.657949413292153 
0.982644662019872 0.6208563304723568 -0.006520391039140242 2.635635623846259 
0.978278083330506 0.627202379608633 -0.003096972837453608 2.625376075420015 
0.9732000688206139 0.6345480865113554 0.007491740153310847 2.613625970407386 
0.9775204014208273 0.6286014064381158 -0.01157918977701973 2.623866178042177 
0.9690574657991836 0.6406409181248818 -0.00361438178804657 2.604111141789412 
0.9670892949590808 0.6427322695154626 -0.01932091346267465 2.599268309496666 
0.9923487562988905 0.6038068399045043 -0.03192105695077473 2.657482372801028 
0.9870267734273921 0.6129875208448086 -0.03048561160714544 2.645533333385266 
0.9827037950704089 0.6201767861858923 -0.02450424541801743 2.635713534689198 
0.987477072295162 0.6114128257796259 -0.04251265973334825 2.646489921980694 
0.9801588707675052 0.6234420075273438 -0.03611982716060268 2.629761862153553 
0.9782275708543651 0.6261342679218156 -0.05359300303330426 2.625926518140232 
0.9828570580349274 0.6199937347829333 -0.006784589251741181 2.635772578445139 
0.9859606102618257 0.6152882950601354 -0.009868678548638959 2.643042214884971 
0.9890056495851198 0.6103207705054137 -0.01046124160139003 2.64998022204874 
0.986591405820101 0.6143314837896966 -0.002785732903539205 2.644466584494458 
0.9881918099654968 0.6115504633576876 -0.00358700858603027 2.648003910787746 
0.9876957457510677 0.6125004729087614 -0.0001021877270086813 2.646965231818342 
0.9669282743260607 0.643528438904313 -0.02123317739837148 2.599515503716093 
0.9578390483708838 0.6561207843860993 -0.02243975171424844 2.578674946071159 
0.9432325072230545 0.6745599752106234 -0.02309763343566996 2.545028381851056 
0.9597369561452418 0.653016798073707 -0.03857358544086491 2.58314967514053 
0.9454411648928219 0.6703054476236524 -0.04797616611748241 2.549966262581245 
0.9524426588665892 0.6593544505479605 -0.07202416516441501 2.566034409428719 
0.982506000359641 0.6209065952682338 -0.00678266720930373 2.635213249409142 
0.9773060967375973 0.6287411852308241 -0.01133898050959919 2.623254385003296 
0.9675734709845005 0.6424014164709115 -0.02010428808986329 2.600626300676978 
0.9815438376819843 0.6218398804953124 -0.01401289099498667 2.632705767513435 
0.9760193175981879 0.6304499777052072 -0.02477685751273174 2.620424521195345 
0.9823095032121888 0.62029432246034 -0.02466147229896671 2.634463104754008 
0.973248868859155 0.6342942050546176 0.008033395658147049 2.613648747787137 
0.9664585920806681 0.6446716802780571 0.01066978877350911 2.598441621346331 
0.9557270688644957 0.6592686130164813 0.01373419520399518 2.573916727635838 
0.9690449729509503 0.6406830899373699 -0.003363544333627164 2.604101653823861 
0.9600823190362885 0.6538118231516601 -0.006896195351629685 2.584092852436438 
0.9672098377868817 0.6434984736607491 -0.02062613625541917 2.600264269236331 
0.8980571399271376 0.7214332835347151 -0.00278626754993076 2.440434596877491 
0.9159663037568272 0.7047418026095813 0.0153845691136542 2.482055902189362 
0.9302669944357064 0.6878420605002927 0.0261431676545058 2.514266189750602 
0.8987851018614411 0.7193752925678316 0.03692007787395822 2.441793884826806 
0.9197778678055426 0.699356463383899 0.04621564734459289 2.490731057548522 
0.9089123492512766 0.7077921359897569 0.07447376006316025 2.465793427440419 
0.9435082397195533 0.6747515628360615 -0.02293767311176068 2.54634532823403 
0.934325646903819 0.6843579061845202 -0.002151646120347641 2.524012387061795 
0.9305311418998036 0.6876785698166451 0.02639326296202793 2.514893789530102 
0.9248372623207416 0.694432812271113 -0.01803517384316814 2.501825857446035 
0.915565540541989 0.7050904096236399 0.01511790331543534 2.481089329346731 
0.8981834010554494 0.7223193524416927 -0.003555656907096097 2.441245165812632 
0.9778790499576833 0.6252701720294168 -0.05310741940042978 2.624263182762967 
0.9702351739106015 0.6390073367145407 -0.03866022956769524 2.60762824965042 
0.9675166692607942 0.6429581444722671 -0.020053713731198 2.601015269057009 
0.9678871757424385 0.638702474873971 -0.0634719546791539 2.601183008333386 
0.9595457615974862 0.6532050155050585 -0.03896064773523632 2.582666617798739 
0.9524521391460268 0.6593790386877941 -0.0719137488379448 2.56601778183465 
0.9554311024388544 0.6591960319298432 0.01369208266652896 2.572998025510959 
0.9453165534388401 0.6722204961266238 0.01905925741032565 2.549873624823703 
0.9304926772942063 0.6881298964034858 0.02665916406956223 2.515001978664467 
0.948382226560562 0.6685743296947437 -0.001511551432668587 2.556829244167167 
0.9346533664761904 0.6846245246604165 -0.001936816428074443 2.525105895618394 
0.9433572258133839 0.6745609749187499 -0.02394508282014142 2.545486277175407 
1.006422087870623 0.5771598134091112 -0.03126520251927162 2.688665397528761 
1.004997942045702 0.5801767183924076 -0.04667334117739941 2.686149535813827 
0.998594913074504 0.5902441023683012 -0.06660438377805497 2.671676066125407 
1.013704878632382 0.5650050738089725 -0.04324474179156124 2.706438735461515 
1.011513958936439 0.5655035483437182 -0.0703322188282315 2.700896902587888 
1.026168863549933 0.5363928408152532 -0.06213866410032578 2.73415837006532 
0.9962453375216297 0.597350363002821 -0.01269273582874892 2.666063555461009 
0.9951799452853879 0.5997293938813537 -0.0192554207692453 2.664057717492881 
0.9924767258031302 0.6037985382989788 -0.03172971787945034 2.657877202606522 
0.9989304861467657 0.5932039154968441 -0.02014534549558001 2.672594344040446 
0.9992904289194113 0.5918657102528235 -0.03509795178013461 2.673400414177761 
1.006498689092011 0.5794655142766432 -0.03221524212109615 2.690063243095921 
0.9780427272872546 0.6215702414857043 -0.0977742395986219 2.625652747643585 
0.993471756660842 0.5909090339825717 -0.1161773324792109 2.659763958818651 
1.013394674629974 0.5534168659456462 -0.1216399074396639 2.705380564879736 
0.9914670023846083 0.6011120462670896 -0.08247840365260319 2.655823861492595 
1.004146540488804 0.577728312428459 -0.08986346727061374 2.684741904926318 
0.9988002107955924 0.5887549570171118 -0.06700427201204522 2.671626462815927 
0.9922009301046691 0.6031993293909598 -0.03269070797131789 2.65668750657065 
0.9875924787861151 0.611775197278856 -0.04214804518327541 2.647104149680525 
0.9780842499065052 0.6259926631741424 -0.05345279283047964 2.625314271119972 
0.9943296468519816 0.6001994710338351 -0.04611780708721025 2.66238776799702 
0.9875668481719122 0.6086981985894871 -0.06390048324655412 2.64624582730619 
0.9989947427338624 0.5890699760319827 -0.06677086340590158 2.672397614878073 
0.9526418416373509 0.6578035309511441 -0.07152197528126264 2.565913690609925 
0.9537736530196809 0.6522163941872676 -0.1149450653864166 2.569541134632859 
0.9669872662385627 0.6209789351327725 -0.1662329707725282 2.598804876435981 
0.9648122524217805 0.6408624631475318 -0.08990976063429221 2.594653234731239 
0.9738044288161966 0.621201996881421 -0.126360419232732 2.615198634165885 
0.9786191843505075 0.6204321155213199 -0.09812877632124097 2.627025467878857 
0.9187931841749293 0.6994219690271041 -0.0633553305259633 2.488888669590513 
0.9143771266697991 0.6984388971134017 -0.1037899148702137 2.478071964035643 
0.9187076025920323 0.684181840297779 -0.1522347788528745 2.487316607922993 
0.9380928305964293 0.6767541212729904 -0.07138247063101148 2.532899554587324 
0.9389031272602482 0.6725408735333355 -0.1032204425131074 2.535378609830466 
0.9523712118443418 0.6579777671296499 -0.07234419614748862 2.565086128222879 
0.9845697440473098 0.6175488685377255 0.004718154277802007 2.639859896541891 
0.9829357323849102 0.6200741466385304 7.73609025542599e-05 2.636072447481729 
0.9826325345415468 0.6201789750927706 -0.00650142580980711 2.635150095394843 
0.9864232179642247 0.6143747128271394 -0.0004917994385678913 2.643928901212448 
0.9867180023476174 0.6142221479157925 -0.002970902443348317 2.644815354041839 
0.9877333521228236 0.6125094368320481 4.109240556550964e-05 2.647092295752043 
0.9910985137422944 0.6068750450659793 0.01109071343785124 2.654763517365934 
0.9874610122662085 0.6128208717848055 0.009586112446439516 2.646439973111786 
0.9845626161618333 0.6171717288750888 0.005120266303470012 2.639594023392568 
0.9897527164879253 0.6089382414364591 0.004489680605108695 2.651537987431286 
0.9876091624978545 0.6127364127097132 0.00301703166953612 2.646818497638971 
0.9890496834075578 0.6104530540297675 9.125101395180698e-05 2.650157314074484 
0.9910820039672477 0.6065460066875357 0.01124286655104198 2.65454804218737 
0.9886194848637871 0.6106792639429969 0.01738784549043169 2.648998702309049 
0.9838921695464405 0.6182856345977976 0.02465096098436051 2.638382391787152 
0.9874464276828691 0.6126682402379934 0.009751721773504144 2.646308386984969 
0.9834661692623911 0.6194590663305893 0.01267847962004328 2.637487631300371 
0.984523072595736 0.6168726541630802 0.004706138097835693 2.639285738587888 
0.9958139056834492 0.5990563440939162 6.545838265419628e-05 2.665554889932812 
0.9960399693739349 0.5984233738964796 0.004474358116084756 2.665929987584336 
0.9974278774053703 0.5961334867453643 0.009411056612369904 2.669192732127627 
0.9938583903464528 0.6022610592397261 0.004475787968160247 2.66101972740499 
0.9946615753251404 0.6007508774293051 0.01139620305787069 2.662821861251497 
0.9911824448720263 0.6064597340030913 0.01134222997127885 2.654788959254943 
0.9556225631021699 0.6591687249841182 0.01358056070321484 2.573553128698266 
0.9483699930366665 0.6689983431410363 -0.001997667352648329 2.557079162549644 
0.9430506848228336 0.674597250478035 -0.02338273253286766 2.54440688635913 
0.9599385951291098 0.65350088193178 -0.00724528407409634 2.583442597575869 
0.9577391365385977 0.6561319722380086 -0.02266256299472857 2.578382688688816 
0.9675669833661491 0.6439224846966525 -0.01975290128089897 2.601765874916401 
0.9435022865685804 0.6742898797701046 -0.02316603920885715 2.54595134953603 
0.9321182559806402 0.6859647165004563 -0.03908512937751942 2.518865640200718 
0.9190917153590447 0.6991756089165684 -0.06340645186321889 2.489595857901713 
0.9450254295978913 0.6707747206718236 -0.04850325797221112 2.549026909935707 
0.9375247509027274 0.6771658793492517 -0.07087418282836636 2.531351676669797 
0.9523170588524722 0.658565300066987 -0.07182037369974445 2.56506797669719 
0.9428284241241121 0.674712136171863 -0.02375007399659515 2.544152815595699 
0.9252500006853384 0.6943638062136582 -0.01775346325050247 2.503063902772146 
0.8978141079309966 0.722681751931009 -0.003236713788543321 2.440349839478916 
0.9324588924329599 0.6858231588310757 -0.03912684106755641 2.519822464934456 
0.9059327808084398 0.7135993354409638 -0.03641845758558553 2.458793335894032 
0.9193277206123004 0.6989848367245024 -0.06315971114394567 2.490224919568703 
0.9192703555519162 0.699262570095481 -0.0626115967730419 2.490233854940851 
0.9057458768173693 0.7137101289142316 -0.0369972169966537 2.458269545354305 
0.8982829490037381 0.7211208383194292 -0.003413844299420203 2.440851172693418 
0.897186597464201 0.7175041514314494 -0.07489887412358186 2.437841727594027 
0.8793061071021395 0.7352907202403182 -0.03877487288698191 2.396415335955465 
0.8654061097361094 0.7410053856477726 -0.08831939626349471 2.363299865685583 
0.9461898499373497 0.6663213160358139 0.08102300614493035 2.551684947568733 
0.9351004829509476 0.6811953655111583 0.05557955345864472 2.525648667484804 
0.9301492108781079 0.6882863966413465 0.02656569685934245 2.514043795662348 
0.9475914504344614 0.6678705571352361 0.04006580366311049 2.554722732876874 
0.9455503568451806 0.6720735977273331 0.01850759007301255 2.550525173024633 
0.9563801142945181 0.6587649533884462 0.01405994035672423 2.575732579201247 
0.9731736300741439 0.6339015629791463 0.007414755417696493 2.613097924090424 
0.9777573774511524 0.6273837153316941 0.01942568399613266 2.623987888731812 
0.9836725008727452 0.6180021081647915 0.02514180565899771 2.637585459882634 
0.969995154565949 0.6394920783646166 0.02259856519172192 2.606677669831229 
0.9786508527275294 0.6256126229758658 0.03350323843241551 2.626088792012933 
0.9698980500176756 0.6387687114266443 0.04393126996459702 2.606609765579295 
0.9780138197000107 0.6208729533859049 0.0936457486768003 2.625125075014503 
0.9757133973854738 0.6188994127424406 0.1236268292614241 2.619472913952829 
0.972523104925705 0.6141089987534989 0.1657007939334555 2.611950729826529 
0.9635229167776403 0.642278609246681 0.09235528485686417 2.591662282864551 
0.9533401096994406 0.6508934282397763 0.1236562177992043 2.568524707537764 
0.9463148873663104 0.6659583099432572 0.08017753876731359 2.551884435253993 
0.9696922485533837 0.6390766161157273 0.04407904731134992 2.606143225225599 
0.9612841004836025 0.6515386090329082 0.03188750143898488 2.586910213751882 
0.9553637767214311 0.6594486285686507 0.01393921237298587 2.572880286365776 
0.969803856345466 0.6392195348922554 0.02205828754821993 2.605863417541698 
0.9665331226692755 0.6446355517819187 0.01003718054266723 2.598668555230524 
0.9736748939816915 0.6340754090166589 0.008238517834745619 2.614888647692727 
0.9900284376774461 0.6071991777697545 0.05139162011682125 2.652653295082509 
0.9801480920316725 0.6229428153330713 0.05203484436384708 2.630134112897594 
0.9695678851670027 0.6387004825507354 0.04452138925309666 2.605501245805791 
0.9850920645743036 0.6153761194043261 0.03682656638300058 2.640897230704779 
0.9786221291216343 0.625948057360933 0.03279651580122366 2.626228178352184 
0.9839798117329956 0.6177080282148346 0.02537786691419489 2.638376627341185 
0.9463540589314198 0.6658800832083749 0.0806091458823273 2.551914623033691 
0.9478832652902037 0.6680405397367684 0.04063363663566125 2.55579796882763 
0.9556831641308101 0.6586021202534698 0.01299583011137775 2.573306801096666 
0.9608444780970206 0.6492833381227981 0.05941560838435742 2.585145861391079 
0.9612518543026484 0.6513166761040237 0.03224194276953019 2.58667575812002 
0.9695432991716466 0.6390630189155175 0.04452968019675433 2.605872341448512 
0.9093477987192644 0.7075991027289882 0.07462780101533041 2.467053049510123 
0.8931168461819844 0.7195536678467152 0.08630016142977093 2.428022629612784 
0.8718058366902482 0.7358050585755963 0.09982553933721702 2.379018813140183 
0.8984791485112165 0.7205240654508133 0.03711640868292833 2.441818769090385 
0.8789842223694646 0.7351007847255515 0.03993005707020072 2.395365326395493 
0.8987234362439083 0.7203660541675613 -0.003694020349951622 2.441516877576446 
0.9467204623909832 0.6656043471154576 0.08111510803905626 2.553026543779387 
0.9303386345382398 0.684873016253063 0.08076387368638908 2.51505474395052 
0.9093653335079761 0.7072791348896387 0.07387926957118225 2.466788260125632 
0.9351859120390931 0.6820820737222477 0.05614176649021102 2.526700289583894 
0.9193538362794731 0.6994966944930707 0.04609398365404618 2.489549893793548 
0.9299884310460181 0.6880970346468155 0.02622659243060512 2.513515609958573 
0.946365340481623 0.6663292440488542 0.08048029308317492 2.552459233719953 
0.9360642773734541 0.6738488116950441 0.1118624648203515 2.528363892006864 
0.9237449978883716 0.6793251267444813 0.1566445131890738 2.499974502454031 
0.9307774719583327 0.6848493157812255 0.08035135178267877 2.516437243915136 
0.9119295904277699 0.6988064216751134 0.1150684817596141 2.472373366862073 
0.9096225613100941 0.7074101087932897 0.07392628012274019 2.46767095543244 
0.9912809913969847 0.6062829440119675 0.01140089576339098 2.65503451245159 
0.9923743486473345 0.6045485741715442 0.01800355991728225 2.657660571740092 
0.9956703339550197 0.5983389666144506 0.02660441220970001 2.66498368679857 
0.988628193618534 0.6109965055764561 0.01688005246590436 2.649231385834322 
0.9899148281817785 0.6079860771567959 0.02850185847949276 2.651895690239849 
0.9836391986516122 0.6180608769044866 0.02527032870788896 2.637419184707478 
1.001711234141877 0.5831855410790941 0.0735247616580277 2.678429495583491 
0.9918630943894663 0.5990778301264394 0.086364629695657 2.656228677814137 
0.9782873402593593 0.6197208086745686 0.09383508812969982 2.625072035980301 
0.9943288050821707 0.5979215701937376 0.06265221795242493 2.661973659913278 
0.9858090786987083 0.6114747195751997 0.06850377421640841 2.642499634345461 
0.9900008327438872 0.6066387756186165 0.05225382983163263 2.652387744994475 
1.00001847609829 0.591581673253564 0.0006937908656099276 2.675046139083458 
0.9998652592330529 0.5918063735804202 0.0002282728605030334 2.674669423513417 
0.9998388352035006 0.5918934705328928 -3.270411471004885e-05 2.674633146841655 
1.000150622048959 0.5913827093705992 0.0002241436032708799 2.675367623232284 
1.000003095848358 0.5916029477174182 4.669998757815648e-05 2.675007343354286 
1.000170419142443 0.5913049897355737 -2.897631781075741e-05 2.67538752257464 
0.9993406476196373 0.5929189893416674 6.847430523277709e-05 2.673584981153861 
0.9997544475302131 0.592031234613648 -2.867496674181627e-05 2.674434060673211 
0.9998568218831976 0.5918537666597848 -2.593006462310407e-05 2.674669764011274 
0.9996164839218075 0.5922359506395641 0.0007029911779396373 2.674097031805907 
0.9998897992918012 0.5918653117429726 0.0001682474440502624 2.674785964184467 
0.9999679805098725 0.5915482267387396 0.0007632548948863325 2.674858541543782 
0.9886616738108225 0.6105471520348966 -0.0002769068183088407 2.648932903509 
0.9925617254449697 0.6047778885032431 0.0001501768312998954 2.658257747641801 
0.9957762201420457 0.5991302666312377 4.728173852846502e-05 2.665481484540664 
0.9898291829835761 0.6090629166673106 0.004839089844281343 2.651868988909326 
0.9938075078267106 0.6020010044072541 0.00470198698702631 2.660689688652555 
0.991348256296638 0.6066699259345916 0.01104083456502868 2.655467290473471 
0.9992919006668347 0.5928370470473678 -6.510317551200526e-05 2.673380662694533 
0.9991842323243205 0.5932068929147385 0.001561355220498611 2.673239254921348 
0.9997368897296134 0.5918469018786497 0.004288862853624786 2.674276211808318 
0.998171079357717 0.5947409671517114 -0.0001257373284452885 2.670782381737982 
0.997688965849806 0.5955973026655921 0.003747290212037265 2.669701190338532 
0.9958680578887348 0.5991221879226534 0.0001810826053554228 2.665767029679937 
0.9999264407816583 0.5916895507466792 -0.0001424161462659911 2.674804725978351 
0.9999500225592315 0.5916723718219062 -8.085085703552625e-05 2.674871108126893 
0.9999766746617081 0.5916802517378912 -5.599501539261404e-06 2.674961631078482 
0.9997851727798129 0.5919787535067866 -9.302752044788438e-05 2.674504421658819 
0.9998439340369285 0.5920129827471725 3.061276396167553e-06 2.674717267392024 
0.9994811189904942 0.5925377190202918 -7.321127678815516e-06 2.673822011025405 
0.99992636350893 0.5916913579985802 -0.0001361412683742477 2.674813613208628 
1.00000731061224 0.5916136481665264 -0.0002808930441010201 2.675024033235579 
0.999992317960242 0.5915495786536131 -5.924503611124858e-05 2.674969052376069 
0.9999533312165134 0.5916452154674633 -6.663432877274433e-05 2.674875664272536 
1.000001328027874 0.591613919274767 -0.0002700544912096993 2.675004402813658 
0.9999964703003241 0.5915929434853034 -4.720807765295178e-06 2.674987157100296 
0.9978451881872683 0.5954044489320954 -7.453671885579927e-05 2.670091717257902 
0.9990480644670743 0.5932366816275879 -0.001687162550109697 2.672805208118702 
1.000067836846552 0.5916781297349364 -0.001496552120527788 2.675263678464687 
0.9989530785488742 0.5936108153882703 8.694509485799937e-05 2.672704696004321 
0.9995227781089896 0.5923512915393072 -0.0008591760839863907 2.67385622199316 
0.9994568967371229 0.5926332708435409 -6.48895333221449e-06 2.673798326965114 
0.9927286824261411 0.6043943207842994 5.062225304405754e-06 2.658565631997233 
0.9939207260524235 0.6020599090548348 -0.006089085220193535 2.661112426958804 
0.9961781358559888 0.5981152992645464 -0.01181341679388931 2.666256734623107 
0.9958510104156403 0.5988894740113326 -0.0001885989683991431 2.665572773517138 
0.9969400947148279 0.5970064145177627 -0.003977332750131032 2.668060846356431 
0.997881531395312 0.5953782178841579 -0.0001624390003107205 2.670205447995095 
0.9928515431139185 0.604340883169355 0.0002493691565532448 2.65895361821941 
0.9898899125322246 0.6087942117689743 -0.0001887667115043952 2.651901031449633 
0.987759975202113 0.6123991591401471 -8.172606689227497e-05 2.64711784412949 
0.9912387545116025 0.606599601957627 -0.004809753941885059 2.655005155292641 
0.9883295553879032 0.6116819485004115 -0.003813329265398883 2.648538185816569 
0.9888487994452848 0.6101304159811046 -0.01016828789109415 2.649345906835376 
0.9889631130132672 0.6105574712865942 6.948501426244985e-05 2.64993370348671 
0.9875115908132204 0.6126887224131157 0.003156370302448907 2.646466222687523 
0.984865344660898 0.6173146143287997 0.00469978482985915 2.640677530140822 
0.9872276276983303 0.6134736959774292 0.000149172089361657 2.646031314481944 
0.9863902059613957 0.614584300654712 -0.0002590168327013771 2.643953375673596 
0.9877181407005434 0.6124866380307293 -1.718943092270206e-05 2.647031930066085 
1.000815832128668 0.5899222430091561 0.0001046475853672122 2.676718066439422 
1.0004525477724 0.590886145234811 0.0007787296086605422 2.676078617761996 
1.000064434108652 0.5915772248386616 0.0007367880242943501 2.675196423003325 
1.000278539596509 0.591126375154419 -2.334448398214366e-05 2.675641296607479 
1.000122828860321 0.5912918839411253 0.0001337064223841556 2.675221673051359 
1.000152674301401 0.5913430641535983 -2.015398582640152e-05 2.675351548179335 
1.003674501425452 0.5852494472965505 7.879235128583138e-05 2.683502304465387 
1.003434260579039 0.5850311774442983 0.003337540677448229 2.6825780345598 
1.002724857639822 0.587578049630158 0.006067656958155152 2.681715600845187 
1.00183979420213 0.5889362158674132 -0.0001185272635997209 2.679544316036386 
1.001659360868668 0.5883059015427013 0.001398920907549208 2.678573594535559 
1.000967734988248 0.5900377332723167 0.0001012192116935514 2.677303354675539 
1.007744144125102 0.5753004179758238 0.03811367419211893 2.692107293318629 
1.012421243379622 0.567669208723144 0.0193759821966855 2.702923138685256 
1.011185173426477 0.5719217601219408 0.001668027619487217 2.701012350593726 
1.015372946986876 0.5627438051079602 0.03387452983198398 2.71048723556341 
1.016217357876364 0.5606289843873028 0.008284207409268302 2.71159474310518 
1.021997312386963 0.547820327107439 0.02228474090607618 2.72435437339116 
1.010777490919235 0.5583908627256534 0.1281016817211913 2.700024383911073 
1.004637207204953 0.5745263285831459 0.09686974449168553 2.68522693872631 
1.001671888225614 0.5845236317049159 0.07399263582513814 2.67912636767106 
1.020438052081724 0.5435028275967353 0.1014669457259172 2.721448121916932 
1.012366283705355 0.5635761375234217 0.07902082706309671 2.703407898265785 
1.025390597588298 0.5362338933883354 0.07582286027056835 2.732267642044596 
1.00378610064952 0.5855353795090235 -0.0002259821433622347 2.684067102329531 
1.006495749060858 0.5805078529742177 -2.648687575684773e-05 2.690160191035726 
1.010709341546083 0.5713300834750822 0.002958914869225033 2.699041609315545 
1.005253458621313 0.5811726320878032 0.006168237919011506 2.686427111236573 
1.008385405761149 0.5762168162653981 0.01227611512713709 2.694107063063603 
1.004566970097348 0.5840155942293296 0.01696679982049759 2.685898739557993 
1.022389292568576 0.5473222165489972 0.0221973489983254 2.725443617612497 
1.025765350503061 0.5390431241553794 0.04391232717317357 2.733111521077135 
1.025997701207376 0.537102756920639 0.07444585769596047 2.734607277082719 
1.014930565444987 0.5635171079148333 0.0344010866314229 2.709471247690356 
1.013985749546072 0.5626631611484509 0.05291051339232347 2.706586406802932 
1.007604912941514 0.5752797530973373 0.03793705641958356 2.691706453751764 
1.000637765686772 0.5902427718824045 5.371788956391588e-05 2.67635709292966 
1.00015193418176 0.5911164681998428 4.386057415262801e-05 2.675257168394969 
1.000000654594625 0.5915941676809188 -0.0001992022027654837 2.675036639395925 
1.000461607152304 0.5909268127515166 -0.0009613059420510643 2.67613317288139 
1.000123482440259 0.591365221009987 -0.00032108526790041 2.675267270577026 
0.9999496138637616 0.5916008913971772 -0.00143963540017902 2.674829790743909 
1.002990629346424 0.5861948876166987 6.186920159071344e-05 2.681824057245531 
1.001255629143138 0.5891785879168306 0.0002422883876423922 2.677796560450817 
1.000669907742898 0.5907269892445539 -0.0003950164035987889 2.676760411592971 
1.002160085324301 0.5878816089227088 -0.003845692943504589 2.68000027082281 
1.001014552879949 0.5896754824696687 -0.001640296753769007 2.677235336574384 
1.000350160005682 0.5911104088950178 -0.005705581774063324 2.675898368959825 
1.003978928576537 0.5838281935056679 -0.0107925502213021 2.683830980659765 
1.007493646184092 0.5782848897008087 -0.008539990163012628 2.692221587394223 
1.011077920543543 0.5713059937920351 -0.002362364974828123 2.700404811581521 
1.004260856553813 0.5841538505103198 -0.003699140985376263 2.684784178881344 
1.005319046898976 0.5811633726485332 0.0001813597854858524 2.686787988000798 
1.003024288310082 0.5865137959168696 -0.0007440094158414005 2.682237415172179 
1.021928226607893 0.5485855822421977 -0.02205538202126416 2.724699659432619 
1.016289345027345 0.559933014943091 -0.007921008842014257 2.711677985575967 
1.010639615916214 0.5704391840209628 -0.001756719917126729 2.698501423128634 
1.013516411995216 0.565511048199374 -0.03069946717824773 2.705606361371788 
1.011539375200998 0.5707239730421334 -0.01777014844043051 2.701589893351515 
1.006233041081146 0.5778290862424175 -0.03126314823486414 2.688313518726538 
1.007349962469839 0.5776460286992036 -0.03054179744493587 2.691978589406937 
1.013392709820933 0.5650710987180261 -0.04344322523320825 2.70543698980934 
1.026150187555261 0.5362100577005835 -0.06217053241791592 2.733946860020896 
1.013189062256897 0.5659193929727914 -0.03045574555728375 2.704733394319532 
1.025445684775996 0.5406221718247934 -0.03981941967177236 2.732901441694036 
1.022029098348448 0.5483266193580115 -0.02235518643399444 2.724936269811626 
0.9787369046378402 0.6210542503555756 -0.09751144500531879 2.627767438857145 
0.9736762262084974 0.6215033091758627 -0.1261372236010382 2.61487967483622 
0.9686784807398957 0.6201171626432036 -0.1661049075232673 2.603422836138377 
0.9930025520660716 0.59139843730813 -0.116640522087336 2.658561038436221 
0.9954840349053997 0.5811899095376037 -0.1501312528322949 2.665214143834843 
1.013860666009939 0.5535720880004009 -0.1220790754040528 2.707032409161764 
0.8662433216257358 0.7416018364432111 -0.08988260108434988 2.366471139466041 
0.8788687901335452 0.7348451557822911 -0.03786647788067334 2.394726828310245 
0.8983998163995499 0.7214740776896652 -0.004006124054185219 2.441477583337779 
0.8502771792119469 0.7552581634531526 -0.04217084118119422 2.32825917356327 
0.8760455071139891 0.7385785377227274 0.001763730504983895 2.388687421934986 
0.8454272455892655 0.7589640644424039 0.009731217973961256 2.316583701830556 
0.9996175033822556 0.5893535879191621 -0.06621507690381236 2.674649301708031 
1.003869294126628 0.5779012097562807 -0.08989774488499397 2.683866063070969 
1.013076843423612 0.553144835472647 -0.1220510802344116 2.704147965546628 
1.011009135735691 0.5662662027088096 -0.07140967946076887 2.699698026090499 
1.022883396120126 0.5400297269979535 -0.09207890061893409 2.727190173911556 
1.026289034738285 0.5362439675143177 -0.06231819935797123 2.734542904703207 
0.9199554405276823 0.6835556286044298 -0.1521870151570886 2.49051004046774 
0.9449699271511419 0.6517347289650006 -0.1652927742817009 2.548676096415573 
0.9681100890414133 0.6211349348332756 -0.1684468213515656 2.602629609100028 
0.9385116458129472 0.6730998339221215 -0.1030442462587381 2.534576971040954 
0.9530995261782921 0.652229396980513 -0.11405693276938 2.567431063106123 
0.9530014514323862 0.657913022326355 -0.07221259223275039 2.567055886843858 
0.9244587515855628 0.6789226670126735 0.1571038537954087 2.50180489297574 
0.8975588539985024 0.7102910838862292 0.1342936367540483 2.439860220365178 
0.8715073325766691 0.7361133528947035 0.09966342427766779 2.3784364056878 
0.9113882282735679 0.6987609943187014 0.1149057706753408 2.470776514587011 
0.8924677864308984 0.7199363210607327 0.08534979344776943 2.426458258779166 
0.9098618077709315 0.7075875546615958 0.07400671792414019 2.468566995160229 
0.9187142788910845 0.6994312747201616 -0.06312266941402542 2.488608860522061 
0.8976012044590717 0.7177631737674134 -0.07454660542675327 2.439404089810829 
0.8668575444950176 0.7405707419890343 -0.08772266024569558 2.366934616236331 
0.9137561807176592 0.6983456385644676 -0.1032996882376579 2.476232063657906 
0.8914079997700177 0.7155970572199497 -0.1275270412604479 2.424594405902435 
0.9198847840721494 0.6849436582519325 -0.1550772729429862 2.49191859742873 
0.8718785425794907 0.7356324183751535 0.09955158536504413 2.379022644853469 
0.8543878703161006 0.7521941015634928 0.05633326227658241 2.338397607178233 
0.8451350159272344 0.759267262132073 0.009390344208669313 2.31603636241333 
0.878679817863141 0.7350183529342719 0.04010966930319318 2.394382647592768 
0.8753191227207721 0.7384959960136221 0.001421939546714203 2.386443018152929 
0.8998839729240664 0.7207849265139842 -0.00311631230790694 2.445493422182758 
0.9734400010628854 0.6141882696084621 0.1640528269288554 2.614964158405313 
0.9748871951341523 0.6194586023437442 0.1233366006670709 2.617199315194229 
0.9783730045891349 0.6206648865875973 0.09398737535168662 2.625994230721705 
0.9950620825140671 0.5818623646318636 0.1500244431600853 2.663912694289635 
0.9912150299455135 0.5959662685993088 0.1159490092592334 2.655391618173149 
1.010176825670793 0.5572197751648182 0.1292967432409037 2.697492558899276 
0.9728776602775434 0.6133372167077983 0.1658543950892055 2.612553742112345 
0.9506804357878784 0.6454596142351351 0.1658863104992988 2.562400717049659 
0.9246180249666535 0.6789493340885291 0.1558403305141497 2.502408620780776 
0.9529313179914326 0.6511989223898362 0.1235065183843526 2.567554446189057 
0.9350526552465803 0.6742586324034644 0.1118414467478368 2.525530187112529 
0.947040505875417 0.6661379473942947 0.08078906398300721 2.554285880462869 
