-1.47393 0.00118114
-1.37176 0.00127992
-1.22214 0.00222847
-1.07251 0.00413168
-0.97034 0.00597909
-0.930716 0.00808473
-0.877594 0.010002
-0.799802 0.014708
-0.72201 0.0216628
-0.668888 0.0276974
-0.477773 0.0932589
-0.456246 0.107555
-0.424723 0.130089
-0.3932 0.154439
-0.371673 0.172048
-0.263665 0.201812
-0.251336 0.190052
-0.233282 0.163827
-0.215227 0.126741
-0.202898 0.0950534
-0.647262 0.03186
-0.615626 0.0388056
-0.5693 0.051992
-0.522973 0.0687218
-0.491337 0.0821516
-0.361519 0.183478
-0.343249 0.195451
-0.316496 0.206953
-0.289742 0.211148
-0.271472 0.209698
1.04488 0.00471576
1.13267 0.00306804
1.26124 0.00130835
1.3898 0.000325525
1.4776 0.000100999
0.722362 0.0223626
0.780255 0.0165037
0.865033 0.0101641
0.949811 0.00649335
1.0077 0.0055231
0.493702 0.0836498
0.534962 0.0644282
0.595382 0.0429921
0.655803 0.029607
0.697063 0.0251231
0.371384 0.172292
0.392949 0.155669
0.424528 0.131212
0.456108 0.106719
0.477672 0.0900144
0.289206 0.210678
0.303997 0.210529
0.325657 0.204864
0.347317 0.192794
0.362108 0.180901
0.136241 -0.226825
0.150022 -0.142592
0.170202 -0.0360244
0.190382 0.0512314
0.204162 0.0999631
-0.0017539 -1.19811
0.0062508 -1.19158
0.0179728 -1.16155
0.0296947 -1.1072
0.0376994 -1.05622
0.211326 0.114351
0.225621 0.147801
0.246555 0.183999
0.267489 0.205211
0.281785 0.211161
0.0885082 -0.611941
0.0970378 -0.538849
0.109528 -0.435499
0.122019 -0.336277
0.130549 -0.27078
-0.0885146 -0.615954
-0.0802122 -0.692605
-0.0680542 -0.80285
-0.0558962 -0.910756
-0.0475937 -0.983175
0.0419274 -1.02101
0.0504932 -0.954543
0.0630369 -0.849729
0.0755806 -0.735924
0.0841464 -0.653041
-0.0435202 -1.01382
-0.0358573 -1.06719
-0.0246358 -1.13044
-0.0134144 -1.17571
-0.00575145 -1.19622
-0.196883 0.0719558
-0.185633 0.0313934
-0.16916 -0.0400154
-0.152687 -0.126011
-0.141438 -0.193351
-0.13632 -0.232115
-0.127506 -0.293947
-0.114601 -0.391274
-0.101695 -0.496898
-0.0928816 -0.573969
