0.9997861711407964 0.5919275708834231 0.004098105215907214 2.674486139955955 
1.00097066249646 0.5899025541725638 0.002199591975996901 2.677224955077037 
1.000821243554501 0.5902121573058967 -5.60959386674645e-07 2.6769093573692 
1.000949778819337 0.5900764333882023 0.005384328185856286 2.677269737529818 
1.001738447100999 0.5883810627541516 0.001503872486453061 2.678882369114245 
1.002614046198709 0.5873240173365811 0.005886312823602035 2.681196563967895 
0.9999098330278279 0.5916929248831977 0.004261629877962952 2.67476331219951 
0.9991113761698145 0.5932202109358963 0.00672451460502845 2.673022002979123 
0.9975017925371336 0.596091023038726 0.009428101642124761 2.669411591668571 
0.997717375260199 0.5956434110044114 0.003866887859383135 2.669823174450372 
0.9960122173914036 0.5984553952162718 0.00469727747450452 2.665856882042814 
0.9956866473394358 0.599119407988171 -5.212583591596413e-05 2.665165419407682 
1.003796967657123 0.5852047908970722 -0.0003082205305502741 2.683884851724974 
1.005353508599949 0.581650427983296 0.006386457976832707 2.687035274150078 
1.004429769581237 0.583646219112365 0.01674118220008766 2.685219877368623 
1.003531404904251 0.5849499398585321 0.003566758506279277 2.682858733431115 
1.003273424509328 0.5861178213909629 0.009876078767706121 2.682716552939447 
1.002454379374369 0.5877308934643782 0.006029270282010634 2.680909426199998 
0.9973306744970671 0.5960743228085185 0.00915982384326813 2.66883437005229 
1.000362207833583 0.590941490015907 0.00954136284528642 2.675856489921206 
1.00243607446472 0.5874341967204582 0.006000577422134115 2.68067693800038 
0.9997421141129301 0.5918713459168169 0.01393664926734341 2.674396879025349 
1.003507078908945 0.5853568329101571 0.009967805392625232 2.683051450451135 
1.00425025122476 0.5842363106241186 0.01670976349881901 2.684961367298331 
1.007734710377785 0.5752475213850209 0.03810401152348517 2.69200763878924 
1.005636468814729 0.5805491639559949 0.02473094286811373 2.687612971422374 
1.004099259564121 0.5842767533010937 0.01700078293503807 2.684521881915482 
1.012438374387198 0.568172770568926 0.01944361243453399 2.703263480179968 
1.00812182639189 0.5763660211290093 0.01257000886006999 2.693317307028845 
1.011399895504303 0.5709455969247992 0.00166748497304797 2.701130748322186 
0.9695529883164479 0.6384603202283046 0.04378441311855322 2.605323538955299 
0.9802957473765146 0.6224824729150943 0.0522010661218132 2.630341883822994 
0.9897411837339921 0.6072342676648371 0.05161980450427682 2.651978361711291 
0.9713351318703167 0.634392334848855 0.06714410627616008 2.609749919101584 
0.9859581481973974 0.6108609433508544 0.06920834924807773 2.642582704510448 
0.9783820255979799 0.6198209159724125 0.09371039853573505 2.625417631861032 
1.001878644608984 0.5842797107959307 0.07399805833992198 2.679644142481671 
1.006460501363234 0.5768878648323421 0.05331619329343488 2.689380931815103 
1.007587589003142 0.5752673667074891 0.03789644748878981 2.691722542558243 
1.012408328639854 0.5632431616653097 0.07876770118118478 2.703314402776944 
1.014343561299136 0.5627538159204808 0.05234427914485647 2.707795684561803 
1.025033590378106 0.5369242592609508 0.07592451996863192 2.731374174390988 
0.9895562577913224 0.6067500267021861 0.05152725709379589 2.650910826844305 
1.000211568574469 0.5898780956751672 0.04924948106871502 2.675877445804669 
1.007597850923856 0.5756293501042595 0.03774380811221088 2.691877254301069 
0.9945144653422858 0.5978990880267394 0.06287644667097893 2.662548643537471 
1.006347433930018 0.5759453381876086 0.05382036396461768 2.688468241389222 
1.001893833572479 0.5831725812623151 0.07391754987275972 2.67904314433333 
0.9460912363274372 0.6658387480867789 0.08107721830329082 2.551073330568859 
0.960628438648693 0.6497297606482642 0.05845307202908216 2.584795294512363 
0.9701945242285327 0.6385698816670043 0.04496312115130905 2.607593036512507 
0.9630044790399149 0.6428074357272173 0.09223210661109324 2.590427779277765 
0.9709016428999782 0.6343568500218305 0.06656869421448317 2.608337598749072 
0.9783927563847499 0.6197357605383153 0.0934964650910567 2.625339730767404 
0.9958852765938753 0.5973414453577185 0.02686186046848176 2.665176816972631 
1.000093046833131 0.5908885009763146 0.03343311761358315 2.67545524389611 
1.007781717119381 0.5755558838824281 0.03779060058113416 2.69229671847493 
0.9938455163633978 0.6014903777057169 0.03675666350277774 2.661167443531036 
0.9999748105995715 0.5895361456385915 0.04877936254906279 2.674896845563499 
0.9897516486324495 0.6067819429781829 0.05191013383590554 2.651550297464322 
0.9835133714223986 0.6177506338731483 0.02467015891537626 2.636821002857439 
0.9900302707817696 0.6076778260358574 0.02863458501410641 2.652101919599391 
0.9955538418742992 0.5979755070491356 0.02663450682499139 2.664477145883257 
0.9853488355722148 0.6154357527710917 0.03734156853237745 2.641778029709637 
0.9939466332032927 0.6007963489366618 0.03729963016198387 2.661079986725875 
0.9900617212531587 0.6071886356542464 0.05142106653977989 2.652773865546483 
0.9824965280868522 0.6204375174510365 -0.007014896791733326 2.634860332813965 
0.982808870767479 0.6200675152397507 0.0002902513088555069 2.635641771697781 
0.9846293769844136 0.6169944140020388 0.005143908152888666 2.63973424779754 
0.9782250442229842 0.6276783089672585 -0.002573404646120109 2.625498800840464 
0.9807064170159834 0.62372438445367 0.006735992622167413 2.63108349486242 
0.973591168150967 0.6340712543749959 0.007333034609600777 2.614579577459407 
0.9910444575058907 0.6063235076648961 0.01094302319672102 2.654259682202122 
0.9947256192234942 0.60068169009538 0.01149883069108863 2.663000134922111 
0.9973191108274598 0.5962937346395404 0.009565140670879144 2.668960843786773 
0.9925455237085716 0.6045418443289435 0.0183986019905818 2.658223312392423 
0.9970386295079109 0.5964427584098705 0.01609497954960692 2.668155747981432 
0.9957680785645885 0.5982737660801464 0.02658291504848602 2.665273282298092 
0.9732099303735618 0.6341128433505692 0.008092054906570056 2.613362361994993 
0.9808358581777136 0.6237213297418995 0.00641949114207004 2.631508589452254 
0.9848346413831217 0.6168691189613217 0.005171643831742322 2.640326781050536 
0.9777547975139985 0.6277907949485517 0.0191440304304381 2.624242766682545 
0.9833511169935958 0.6192115579174873 0.01214574563309723 2.636946986232909 
0.9836815011080439 0.6185421613519474 0.02481352984645198 2.637852351436111 
0.9975992036908571 0.5958502515662123 0.009703332853316083 2.669613653855562 
0.9996896598639011 0.5919254361551681 0.01370370205606537 2.674252213342072 
1.004130423056969 0.5843200028050298 0.01655706205466841 2.684612528919604 
0.996952597792943 0.5968328691202636 0.01583064923545147 2.668106826718195 
1.00067473349078 0.5897735882302452 0.02335667496109484 2.676439574050726 
0.9956459999799011 0.5980395174076597 0.02688193915585123 2.664744361785696 
0.9954964686896013 0.5975485809953709 0.02618330322208889 2.663967300036719 
1.000919586364021 0.5896797196553567 0.02360126156881208 2.677208186171589 
1.00397969095394 0.5846317837761004 0.01673983014585729 2.68432942572871 
1.000311042626898 0.5907902509425527 0.03381456565118757 2.67612349221019 
1.006033126311066 0.5800043142008593 0.02479359887875931 2.688616903171488 
1.007776942275262 0.5755836750167631 0.03803956876039927 2.692301865632557 
0.9998429573901202 0.5919272807190282 0.004189350117824921 2.674673860178385 
0.9999453535948758 0.5917967440756795 0.001831842418526908 2.67493097277829 
1.000055147382106 0.5915372610775589 0.0008201180285895943 2.675143285011899 
1.00090573683128 0.5899307238597246 0.002158667611257268 2.677025050839389 
1.000400796121635 0.590921615062496 0.0007884928628845309 2.675927361287691 
1.000970142423092 0.5899949477547591 -0.0002787308941998523 2.677274030125284 
0.9974801576771116 0.5962401026518788 0.009662289216924818 2.669427180268877 
0.999076991599505 0.5931309701757354 0.006629179065751213 2.672855629107758 
0.9998382596626224 0.5918256231848479 0.004156929799863067 2.674603365281597 
1.000314321926826 0.590861606898907 0.009322697309666721 2.675647756257648 
1.000789814939427 0.5902748514353999 0.005259154579157595 2.67685504725629 
1.00244010600165 0.5874118581124663 0.005966905485771532 2.68067107510867 
0.9992511319141164 0.5929188539528231 -9.022385314671342e-05 2.673287632892396 
0.9996450553659604 0.5922594574433673 0.0008126034483829992 2.674206283920176 
1.0000149837433 0.5915424168957032 0.0008302147194543513 2.675012406278066 
0.9991609268965005 0.5930654389017025 0.001694933974130641 2.673076246719765 
1.000022861415728 0.5914920982012275 0.001821659723100783 2.675008607125251 
0.9998340194421947 0.5919912009104054 0.004077115731647022 2.674682470025945 
0.9782491668355232 0.6204831212128069 0.09371805595151647 2.625480762143682 
0.9922162654037013 0.5988701582694749 0.08631893718300683 2.657235359001208 
1.001430906470498 0.5847443302010001 0.07371495406876087 2.678564751243017 
0.991371403650415 0.5955674434732288 0.1158584707025624 2.655559918441034 
1.005098757374703 0.5743349219188796 0.09663716156955597 2.68663211755909 
1.010092572124585 0.5580871994318852 0.1295225354283809 2.697658824409439 
0.9999546672695431 0.5917434113311298 -0.001420891774935719 2.67492600012596 
0.9998430400816904 0.591862097851763 -0.0004956651757404702 2.674630272676177 
0.9999595307502233 0.591703555970431 -0.0001842113704154973 2.674923084227535 
0.9995745978652156 0.5923217920856265 -0.0008201854596070456 2.674010937127107 
0.999795173247135 0.5919945092339601 -0.0001119628830291745 2.674546975113589 
0.9994626803173402 0.5926303231070926 -3.340369281043649e-05 2.673815669494627 
0.9999669924617967 0.5916391173994873 -0.001458930068925381 2.674908035830406 
1.000155255479828 0.5914101504435252 -0.000405316061902455 2.675398967998415 
0.9999181814727999 0.5915760214593989 -3.666181655634469e-05 2.674742633880511 
0.99984151546413 0.5917862068300918 -0.0005860256799816997 2.674583497988062 
1.000009823833102 0.5916133732055368 -0.0002831495815244032 2.675031678865517 
0.9999547934283881 0.5916742348678652 -0.0001428279557426394 2.674899246535625 
1.000025566430262 0.5915980752637495 -0.001427406860383626 2.675076590872817 
0.9991094618085166 0.5932248184461318 -0.001733981951146052 2.673001941279918 
0.997792502420966 0.5954757920051833 -6.468514745677651e-05 2.669960605535766 
1.000131116088062 0.591254357162974 -0.002851312412096684 2.6752235076923 
0.9984705458881954 0.5942660924239829 -0.003546649319696166 2.671503022758641 
1.000302318598663 0.5910069700172492 -0.005528198961235973 2.675652214383275 
1.000516290982362 0.5908204549099652 -0.005599666706075459 2.676273021910904 
1.001043723742682 0.5898550937646814 -0.001835921958261786 2.677442010236278 
1.000453651211263 0.5903775489778861 0.0001323616941214357 2.675824265363542 
1.000113082106044 0.5914230545270972 -0.002951724620448888 2.675273446476708 
1.000385140969387 0.5909088805688314 -0.001077092860328915 2.675868292738289 
0.9999808037871482 0.5915877927575856 -0.001427842756102271 2.674925979228486 
0.9964871702851109 0.5977351794904502 -0.01193876079213364 2.667048720714507 
0.9990662281620775 0.5933057420899517 -0.009192268837323313 2.672938987381145 
1.000359168577535 0.5909363404041333 -0.005731273393219404 2.675800121038655 
0.996848436779923 0.5971739242025924 -0.003924287174617508 2.667856207190646 
0.9983210631090116 0.5943593598499896 -0.003522317764290069 2.671062306675926 
0.9979623837071733 0.5954043246714108 0.000104654407744699 2.670483521264083 
1.000475846298732 0.5911954155987184 -0.005455985940763754 2.676367353067246 
1.001673930239964 0.5883157437158514 -0.008159220508010578 2.678708215817731 
1.004153240193434 0.583560770744219 -0.01079130672358657 2.684222989743894 
1.002128623021338 0.5877462207060934 -0.004076568490214576 2.6798172318339 
1.00412743161384 0.5842857447186448 -0.003822686041969568 2.684436152226134 
1.002734219914389 0.5863795952742085 0.0001267262458145959 2.68107909645403 
1.003977616851929 0.5840519745838612 -0.010460740437198 2.683964050595691 
1.005682222625489 0.5813278169818629 -0.01803568442534868 2.688166341059893 
1.006840009470698 0.5774345564821252 -0.03118840744470563 2.690083377149934 
1.00718960494642 0.5782038904288305 -0.009000144900118235 2.691164071498043 
1.011171840436597 0.5706845401439542 -0.01737959207728333 2.700329680098158 
1.011251778052495 0.5707896124928289 -0.002864312758952812 2.700718675980001 
0.9890771435580693 0.6102512368512129 -0.01026412367801995 2.650193268658108 
0.9859565690011117 0.6149075890526323 -0.01011156148539049 2.642799104862629 
0.9826306091019407 0.6206426249570786 -0.006847592694398514 2.635452204207404 
0.9867679518064391 0.6139205813375831 -0.01599345046832865 2.644907029971888 
0.9818216579497163 0.6219528631447858 -0.0144370421678341 2.633683502191156 
0.9823729348503539 0.6200753983684303 -0.02428239439716779 2.634509801499502 
0.992645387298166 0.604428504946127 2.453986400923684e-05 2.658317942136191 
0.9912661752214206 0.6067607186253328 -0.004489010032548092 2.655191579911667 
0.989114570261319 0.6099636073103457 -0.01012498641376178 2.650118837874901 
0.993855392725697 0.6020674446071175 -0.006049798967226394 2.660903285144244 
0.992752946283504 0.6039081496272357 -0.01259760136932642 2.658446753386046 
0.9964612933012419 0.5982719931970698 -0.0122427053611818 2.667294737012624 
1.000448125445456 0.5910154026672101 -0.005658129320446067 2.676147768997548 
0.9991062641026617 0.592794169150145 -0.008860306161233962 2.672764976235681 
0.9961128796629132 0.5979925483960852 -0.01206759016894617 2.66596407716536 
1.001828976507775 0.5886784817363429 -0.007629393381943824 2.679395834735318 
1.000121713458014 0.5913326287018031 -0.01404013087305268 2.675335613080275 
1.004293149837178 0.5834209423914869 -0.01064807984543636 2.684581784051294 
0.9966169741284235 0.5975560818620723 -0.01158814629167493 2.667382671591636 
0.9989230582458293 0.5929594556431247 -0.0207616788773845 2.67243415872557 
1.006149830538288 0.5800233877600419 -0.03141896801180748 2.689198313208689 
1.000251983824264 0.591326578993843 -0.01434965644244319 2.675767101455188 
1.005580510462255 0.5809608175465674 -0.01849183867219017 2.687566473986439 
1.004149348274145 0.5834176826937104 -0.01028115867497266 2.684102813443145 
0.9926867437206508 0.603230787500899 -0.03163794350559571 2.658264873123898 
0.9941483685504923 0.6001485070096262 -0.04667689265029983 2.661759353539438 
0.9988182392894099 0.5891553602704681 -0.06691432353701318 2.671836163934928 
0.999178125038424 0.5923468440939677 -0.03599781000596997 2.67333732052581 
1.004841101740309 0.5803463153803393 -0.04705581545602006 2.68569957890742 
1.00622868584424 0.5783755708877031 -0.03028790047944968 2.688555027137889 
0.9891730808784244 0.6100919019504395 -0.01032150826763313 2.65041394337008 
0.9894928170458737 0.6093178657381387 -0.01957938085705843 2.651080493343963 
0.9922293642028263 0.6041876012116328 -0.03191638449368304 2.65731329680883 
0.9928656620847665 0.6041415568619872 -0.01291399159177186 2.658949369444617 
0.9952465258719286 0.5992921362287199 -0.01986408453405748 2.664008624267798 
0.9964511475012512 0.5981509743062629 -0.01176677000038669 2.667182280855398 
0.977801093979436 0.6251410978326767 -0.05352808593405456 2.623917823425436 
0.9684728518172919 0.6390182183038429 -0.06274127371915005 2.603262119832219 
0.9524716072447508 0.6591957970137517 -0.07178131208657036 2.565959350018833 
0.9773211551056116 0.6244297844756624 -0.07212011991214023 2.623166420506684 
0.9643983985884991 0.6401066685725866 -0.08886200302705317 2.59278818442993 
0.9785343962066663 0.619290342007913 -0.09797992214825386 2.62593269736446 
0.9988111848769402 0.5889563772326341 -0.06625677305127337 2.67171091745102 
0.9874381369639176 0.6093017676181264 -0.06458820200383665 2.646260047109879 
0.9782185644942342 0.6249930934773319 -0.05282149754586073 2.625158794358777 
0.9912277529591504 0.6005456092620323 -0.08287480334978389 2.654725664114859 
0.9772081839798741 0.6244555464571061 -0.07255925390170934 2.622811890875516 
0.9783439955789065 0.6193832803352327 -0.09835024676001369 2.625344300540255 
0.9823680758881563 0.6203665519282554 -0.02485850772238192 2.634742931269096 
0.9760280127890972 0.629775416974595 -0.02508523224873947 2.620022104775929 
0.9667637754320821 0.6433545352776426 -0.0199961402478573 2.598705812175766 
0.980523544232211 0.6232252756252534 -0.03575322071644702 2.630814330140606 
0.970363275646886 0.6381629778765795 -0.03823515149126939 2.60746858204796 
0.978126213229669 0.6261532038961105 -0.05351380743371289 2.625646368332703 
0.9890252553366824 0.6102203337611942 -0.01056017169498106 2.650008245188052 
0.9867075005402601 0.6140735655614951 -0.01570959665403905 2.644798848121411 
0.9825877216480532 0.6199753425865044 -0.0242450850287675 2.635152297642068 
0.989460823195391 0.6092456051841303 -0.01908145987887746 2.650932930682471 
0.9871001690487323 0.6125593188219146 -0.03011951401808868 2.645507193864627 
0.9924094049654796 0.6042099156296464 -0.03271013968593826 2.657944522983549 
0.9826377040443084 0.6208541865289587 -0.00652359289154676 2.635611494073176 
0.9782728334514226 0.6272001077242195 -0.003101330163575774 2.625357493861979 
0.9731979206002064 0.6345451882452733 0.007486269443839642 2.613617053614293 
0.9775136978308416 0.6286000579493112 -0.0115842973675911 2.623843506987152 
0.969053387649408 0.6406390555633683 -0.003620392446238007 2.604096749055453 
0.9670839425146927 0.642731672921339 -0.01932637658681404 2.599250734811939 
0.9923475423073315 0.6038050883432682 -0.03192509871891011 2.657477429371125 
0.9870225812298145 0.6129867037572496 -0.03049021325778125 2.645519181908529 
0.9826973765925527 0.6201759655034925 -0.02450935165405033 2.635692138955691 
0.9874742790012485 0.611411854226351 -0.04251694132081307 2.646480309557741 
0.980153326964432 0.6234421182565654 -0.03612479428815654 2.62974398197565 
0.9782230710631714 0.626133551226862 -0.05359729418877206 2.625911632215154 
0.9828500779193664 0.619992032517066 -0.006787976186663016 2.635748653929551 
0.9859533583923344 0.6152867788908057 -0.009871958722153682 2.643017473414196 
0.9889995483403045 0.6103187844977961 -0.01046402055794063 2.649958928343019 
0.9865845809036944 0.6143291201659443 -0.002787252869936305 2.644442683309767 
0.9881847803762444 0.6115484339381692 -0.003588217886946291 2.647979519529785 
0.9876889523758793 0.6124977499741866 -0.0001018619479146871 2.646941189668826 
0.9669228768955177 0.6435273061424295 -0.02123820214919808 2.599497388716288 
0.9578361913077977 0.6561196064832721 -0.02244553805147915 2.578665114444248 
0.9432348557418588 0.6745578010358664 -0.0231040538854261 2.545034457192682 
0.9597324786218064 0.6530168281409614 -0.03857786864679266 2.583135499773072 
0.9454406344699109 0.6703048514069464 -0.04797887256950378 2.54996430647542 
0.9524382126197235 0.6593561018685671 -0.0720248772661171 2.566021425675472 
0.9824990769108016 0.620904406983531 -0.006785834382856496 2.63518920290455 
0.9772994417377646 0.6287398154769072 -0.01134410580295085 2.623231863037662 
0.9675680383932468 0.6424008530566502 -0.02010958797824228 2.600608492498552 
0.9815365452647615 0.6218384422989518 -0.01401755694140244 2.632681055747659 
0.9760125562216067 0.6304498187858019 -0.02478217447679501 2.620402527642574 
0.9823031496472057 0.6202935858513633 -0.02466664081075519 2.634441960759625 
0.9732466887831375 0.63429126924774 0.008028028441327566 2.613639696126878 
0.9664572269764831 0.6446697241348965 0.01066212137505935 2.598435821067342 
0.9557271896316297 0.6592674017465904 0.0137245288386059 2.573916156865938 
0.9690408434783909 0.6406812277643935 -0.003369563962234001 2.604087078825566 
0.9600799652573717 0.6538102487522688 -0.00690322120645413 2.584084265529412 
0.9672042642048244 0.6434977389810539 -0.0206311123501526 2.600245881686941 
0.8980771418427588 0.7214308092796897 -0.002797044542051103 2.440493358833055 
0.9159744580422136 0.7047418873180991 0.01537047567374289 2.482080883025459 
0.9302692999287305 0.687844365791092 0.02612999971310133 2.5142746476391 
0.8987874401819553 0.7193797914768517 0.03690762248512527 2.441804067339317 
0.9197763219382247 0.6993620317732873 0.04620434453893758 2.490729859216435 
0.9089047875217734 0.7078010954071511 0.07446748183564131 2.465776687706188 
0.9435099776456655 0.6747495922708546 -0.02294337393845293 2.546349544515598 
0.934331089010102 0.6843560767221175 -0.002162498190292344 2.524028082508476 
0.9305329405238545 0.6876813298305432 0.02637935536173774 2.514901018607909 
0.9248479093350486 0.6944294436936657 -0.01804319840767882 2.501856604487797 
0.9155733910154469 0.7050906072816511 0.01510424009687434 2.481113395814095 
0.898200695711904 0.7223176100839757 -0.003564945798604845 2.441296176943017 
0.9778745204426713 0.6252701886713998 -0.05311200895461311 2.624248658295634 
0.9702292386226644 0.6390072143170565 -0.03866460676606837 2.607609120603822 
0.9675111456844178 0.6429571735839894 -0.02005894577161941 2.600996860785195 
0.9678820198081796 0.6387039372418089 -0.06347509826384712 2.601167499101542 
0.9595413394887305 0.6532049601402329 -0.03896477773183266 2.582652575743581 
0.9524481430273882 0.6593805231161114 -0.07191489108029327 2.566006164529373 
0.9554311498036046 0.6591949090397641 0.01368299351393143 2.572997230606008 
0.9453178695628415 0.6722215587872166 0.01904755559208288 2.549878324198473 
0.9304950579031425 0.6881318964330284 0.02664510676686813 2.515010516976012 
0.9483830363720726 0.6685731841992104 -0.001520725330923564 2.556831033625112 
0.9346584418369154 0.6846230633512542 -0.001947663394307883 2.525120791847115 
0.9433596850276903 0.6745586800302403 -0.02395077591569561 2.545492560104405 
1.00642607966223 0.5771545029927289 -0.03126766139344064 2.688675753682025 
1.005001107444154 0.5801727989145966 -0.04667605802578402 2.686157968698542 
0.9985964609031792 0.590241911483265 -0.06660763046414103 2.671680080078654 
1.013709450951606 0.5649990238347654 -0.04324684904200379 2.706450846375218 
1.011517342388949 0.5654981198451595 -0.07033424191638778 2.700905381164918 
1.026173128161342 0.5363895611654478 -0.06213823142494596 2.73417112220565 
0.9962438419446621 0.5973471449955134 -0.01269330333941153 2.666056685557529 
0.9951787200137047 0.5997261354658309 -0.01925689565626475 2.664051735321049 
0.9924753653924512 0.6037969049274133 -0.03173371175782722 2.657871830521144 
0.9989315194383482 0.5932001234933466 -0.02014652373795212 2.672595549615154 
0.9992921069614352 0.5918625619846906 -0.03510126285334658 2.673404239281236 
1.006502652091223 0.5794602339826835 -0.03221804811334544 2.690073519063535 
0.9780398461609695 0.6215713466506769 -0.09777617315188325 2.62564417954367 
0.9934712511453399 0.5909068785418352 -0.1161786031427426 2.659761135861828 
1.013396241449864 0.5534140475703895 -0.1216394108120491 2.705384247476355 
0.9914664830406474 0.6011112498228788 -0.08248092804870905 2.655821883898051 
1.004148295396149 0.5777242277993054 -0.08986518842637405 2.684745560785931 
0.9988018013065231 0.5887526746653553 -0.06700764925484633 2.671630632531486 
0.9921996117636188 0.6031978945743764 -0.03269484864009962 2.656682415133314 
0.987589689678969 0.6117738968557452 -0.0421524024835753 2.647094369819777 
0.9780796153088359 0.6259923537217844 -0.05345703505391115 2.625299199052536 
0.994329808648709 0.600196825687298 -0.04612137381058646 2.662386870337647 
0.9875652190293533 0.6086972765437286 -0.06390417055807736 2.646240144163702 
0.9989963816344816 0.5890674114644053 -0.06677411094774818 2.672401778458857 
0.952637613606851 0.6578060480588875 -0.07152314673509118 2.56590214820837 
0.9537683811659874 0.6522197885732577 -0.1149459221897657 2.569526678796723 
0.9669833301409556 0.6209789345997152 -0.1662336366662516 2.598792306075693 
0.9648073359771931 0.640865033804219 -0.08991164908922365 2.594639224880694 
0.9738011633446227 0.6212027186517094 -0.1263614693643469 2.615188599195188 
0.9786165190210275 0.6204326929433949 -0.09813085132926988 2.627017335817754 
0.9188007120091067 0.699422583050089 -0.06335522782793419 2.488912473107114 
0.914377657704563 0.6984429963345586 -0.1037887729096233 2.478076675953923 
0.9187012149866476 0.6841853964544565 -0.1522361501373093 2.487299744248703 
0.9380922452325069 0.6767560475118426 -0.07138305747892056 2.532899127310594 
0.9388987500927468 0.6725454777291395 -0.1032204083230135 2.535368093418316 
0.9523669333780818 0.6579795691006739 -0.07234566838184002 2.565073870621672 
0.9845669846157855 0.6175445804282701 0.004715889515630977 2.639848136156568 
0.9829305918292948 0.6200712716951478 7.448179014386331e-05 2.636053791059136 
0.9826255203343894 0.6201772669264748 -0.006504893935761602 2.635126054407199 
0.9864178362526722 0.614371295393111 -0.0004926407029679004 2.643909085598386 
0.9867110898506168 0.6142198389976118 -0.002972436228643378 2.64479119752346 
0.9877266138544898 0.612506660421184 4.13949704034562e-05 2.647068400353168 
0.9910986972508928 0.6068699099548391 0.01108598764990906 2.654760925087661 
0.9874605285574921 0.6128155053675094 0.009582268905540856 2.64643500985774 
0.9845597677784573 0.6171674549024525 0.005117974552468442 2.639581978116832 
0.9897520313694808 0.608932563792113 0.004487674698331446 2.651532230839087 
0.9876065501985031 0.6127314053146941 0.003015593515279859 2.646806793997767 
0.9890478575205747 0.6104470614842622 9.139184652966625e-05 2.650147597468141 
0.99108213532484 0.6065410803462354 0.01123811668795474 2.654545408471127 
0.9886206180414824 0.6106746356565462 0.01738173693095873 2.648999472088251 
0.9838945831422857 0.6182809213404413 0.02464420427052802 2.638387173114362 
0.9874459958544701 0.6126629508748421 0.009747909138103368 2.64630363509718 
0.9834659887104862 0.6194545083482396 0.012674032804913 2.637484114212013 
0.9845201618409201 0.6168684262270236 0.004703891943438079 2.6392735229805 
0.9958128752481221 0.599052780846103 6.554995008435816e-05 2.665549331308215 
0.9960387629511495 0.5984202073797273 0.004471513791017027 2.665924073729583 
0.9974259725515439 0.5961316451886782 0.009405742122561744 2.669185263301151 
0.9938576920296656 0.6022566307856871 0.004473303078990189 2.661014722962409 
0.9946609936596758 0.6007474160698768 0.01139056712430765 2.662817778941466 
0.9911826641335384 0.6064547477925867 0.01133740868930557 2.654786576295594 
0.9556224893018612 0.6591679821127219 0.01357113129710289 2.573552213125318 
0.9483710789142203 0.6689967889354782 -0.002006681876517275 2.557081550700943 
0.9430532657455247 0.6745951673162967 -0.02338874205567761 2.544413733838497 
0.9599363470621607 0.6534990537443647 -0.007252321432492432 2.58343417425069 
0.9577365535844514 0.6561307489880929 -0.0226679859044746 2.578373702450199 
0.9675611991719646 0.6439216488553835 -0.0197582467263995 2.601746694074165 
0.9435043285598992 0.6742876932146843 -0.0231724097101913 2.545956402766151 
0.9321239398003089 0.6859626634979917 -0.03908885637337979 2.518882078047969 
0.9190992581666657 0.6991761494946881 -0.06340595433977314 2.489619625594531 
0.9450250313400463 0.6707737887839496 -0.04850571648999619 2.549025109548702 
0.9375243590409099 0.6771680799154344 -0.07087429270361122 2.531352012682665 
0.9523122813556877 0.6585675758765717 -0.07182199294574866 2.565054394543662 
0.9428301559626577 0.6747099998219277 -0.02375601706648463 2.544156897776737 
0.925259949426585 0.6943606062163272 -0.01776179189610804 2.503092656518807 
0.8978315128400198 0.7226796342342714 -0.003246734292453155 2.44040079252613 
0.9324638749635108 0.6858213682330708 -0.03913057510790641 2.519836908750486 
0.9059497526369722 0.71359670526217 -0.03642218289588435 2.458843332555138 
0.9193345140285872 0.6989857243999791 -0.06315888315694526 2.490246531380578 
0.9192765094191252 0.6992635081974876 -0.06261142411715361 2.490253467938963 
0.9057629334089413 0.7137080722479689 -0.03700051392470392 2.458320197006051 
0.8982998270629642 0.7211196339622887 -0.003424516509909368 2.440901332221036 
0.8971981967490114 0.7175063292712026 -0.07489834119907517 2.437878606408242 
0.8793310868559492 0.7352905263697124 -0.03877715493473519 2.396489574742561 
0.8654224074115043 0.7410074723322463 -0.08831867816953502 2.363349293669526 
0.9461909699132071 0.6663263225915836 0.0810186988409526 2.55169157289104 
0.9350988690908847 0.6812008629810492 0.05556972985264684 2.525647038406847 
0.9301511925993876 0.6882885883857959 0.02655241187175932 2.514051260632502 
0.9475918601722038 0.6678740473658311 0.04005592288974355 2.55472605107867 
0.9455524075195659 0.6720744001647044 0.0184959730931269 2.550532003233312 
0.9563809498285633 0.6587634112652996 0.01405077305236087 2.575734070801136 
0.9731712939897328 0.6338985694491789 0.007409280055580304 2.613088352489545 
0.9777581234076897 0.6273793732751454 0.01941948358046322 2.62398740955048 
0.9836748617100937 0.6179970151981267 0.02513495723269081 2.637589847169318 
0.9699961169510575 0.6394899001975657 0.0225915964108998 2.606679188028685 
0.9786542828119413 0.6256093474014172 0.0334957452151288 2.626097629646475 
0.9699019256332415 0.6387672719890454 0.04392372543453054 2.606621033454007 
0.9780228037744034 0.6208736034279533 0.09364119759873794 2.625154490364807 
0.9757233610094675 0.6189003069465969 0.1236240269754858 2.61950560673378 
0.9725336955093941 0.6141098969361535 0.1657008122846454 2.611985720437543 
0.9635294085764867 0.6422802654797035 0.09235129710671261 2.591683918841418 
0.9533465527126841 0.6508960011242086 0.1236547859821424 2.568546826902881 
0.9463156089755429 0.665963180674532 0.08017315691470574 2.551889840408505 
0.9696959768647665 0.6390753804484787 0.04407161999767894 2.606154126946926 
0.9612856797791905 0.6515376059638672 0.03187872918065631 2.586914337274486 
0.9553637047923734 0.6594474589423819 0.01392993822138088 2.572879122753435 
0.9698048502044704 0.6392172569316608 0.02205120072909979 2.605864975614145 
0.9665319072210351 0.6446335294439512 0.01002967992448296 2.598663201287384 
0.973672632477606 0.6340724836976041 0.008233234104495389 2.614879351089247 
0.9900343589476512 0.607197098909955 0.05138269912744242 2.652671100713984 
0.9801541585738489 0.6229403388389078 0.05202686606570732 2.630151946506939 
0.9695716754016143 0.6386989451589157 0.04451419098131164 2.605512177711726 
0.9850965156114985 0.6153728136915189 0.0368183493556843 2.640909478914974 
0.9786254822490861 0.6259448433731195 0.03278894341124274 2.626236814673049 
0.9839822288794962 0.6177029226106479 0.02537101923575109 2.638381177042472 
0.9463553047220588 0.6658846567790255 0.08060441185441511 2.5519213652926 
0.9478836624918189 0.6680441904678157 0.04062403746494252 2.555801393726652 
0.9556835671007181 0.6586004983716854 0.01298599886833715 2.573306832349397 
0.9608479239602488 0.6492852384933007 0.05940913497029134 2.58515776097357 
0.9612533422853579 0.6513160348043978 0.03223321851130967 2.586679826201006 
0.9695471473825699 0.6390610504007865 0.04452240069476539 2.605883200577421 
0.9093409234998644 0.7076067220739757 0.07462120958411039 2.467037191307185 
0.8931064674791789 0.7195621326010382 0.08629744624362432 2.42799791619911 
0.87179251759222 0.7358121048715687 0.09982715060737829 2.378985639702441 
0.8984811474269657 0.7205294413608209 0.03710400034559876 2.441828670206998 
0.8789867191702521 0.7351069208838875 0.03992208454903602 2.395377564934423 
0.8987457367891063 0.7203626123856766 -0.003705857882885646 2.441581523565169 
0.9467223425978922 0.6656082844566987 0.08111093321284578 2.553034791819704 
0.9303351951292512 0.6848790987882637 0.08075829919419711 2.515047968077434 
0.9093579943761577 0.7072876824837229 0.07387168929029471 2.466771791578513 
0.9351841548300881 0.6820880670023778 0.05613217657836197 2.526698679335943 
0.9193515642218358 0.699502162757763 0.04608173064164235 2.489546412104129 
0.9299905994863943 0.6880992197668995 0.0262130683454606 2.513523662438801 
0.9463668737551661 0.6663335028715035 0.08047568983559407 2.55246682070176 
0.9360646522742661 0.6738539004324329 0.1118602594600911 2.528368412893596 
0.9237470748747798 0.6793293270058089 0.156645787676634 2.499984272608558 
0.9307742544352797 0.6848556138728275 0.08034558135800149 2.516431290462102 
0.9119235142132635 0.6988138958150515 0.1150675791209883 2.47236029205941 
0.9096143701935722 0.7074187510067588 0.07391942115967856 2.46765203489235 
0.9912811454343505 0.6062780178340175 0.0113961970032037 2.65503194537751 
0.992375270218992 0.6045447937488964 0.0179966316144411 2.65766119068156 
0.9956715262843355 0.5983369698992896 0.02659557900262315 2.664986213753172 
0.9886292575238511 0.6109918718758218 0.01687396808052541 2.649231924787801 
0.9899176423906989 0.6079821349820976 0.0284935026977197 2.651902302455442 
0.9836417179565855 0.6180561419830798 0.0252635491665992 2.637424297075734 
1.001718652619052 0.583186778108303 0.07351928475880863 2.678454541081746 
0.9918723724381082 0.5990783175398905 0.0863594426310639 2.656259149651297 
0.9782965523199274 0.6197215029992711 0.09383060979466572 2.62510211322243 
0.9943357284834353 0.5979210629296111 0.06264457996973 2.661995786732626 
0.9858170481308549 0.6114740478884074 0.06849662531677075 2.64252490468238 
0.9900067678645994 0.6066364298016526 0.05224460899007832 2.652405391678506 
1.0000180145828 0.5915801491237404 0.0006934120885467695 2.675043702613072 
0.9998659775104475 0.5918041659837546 0.000228124184982152 2.674670504910113 
0.9998403099488683 0.5918908607198704 -3.269812154895138e-05 2.674636504561284 
1.000151125151242 0.5913807014109874 0.0002240867417793891 2.675368108942116 
1.000004462846955 0.5916005197092058 4.667303215777864e-05 2.675010452203579 
1.000171770540437 0.5913025957792505 -2.896472443826631e-05 2.675390601370074 
0.9993396802674831 0.5929173986125107 6.84211039155403e-05 2.673580822710091 
0.9997548540703783 0.5920290800894459 -2.866179539335359e-05 2.674434135882217 
0.9998583037146895 0.5918511630258636 -2.590865773300636e-05 2.674673149629283 
0.9996158285374244 0.5922342729009916 0.0007027037797397336 2.674093859181643 
0.9998905016208331 0.5918630711979517 0.0001681307307796248 2.67478697326106 
0.999967567372628 0.5915466984975615 0.0007628225033036681 2.674856263279518 
0.988660207507991 0.6105409663601565 -0.0002766512491355295 2.648924249783835 
0.9925610584981707 0.6047722053571206 0.0001500853847446418 2.65825207478323 
0.9957751374392347 0.5991267294929102 4.72595514297257e-05 2.665475777279672 
0.9898285066659822 0.6090572433942827 0.004837082166763321 2.651863260486945 
0.9938068945342697 0.6019967391763306 0.004699369788786724 2.660685068717508 
0.9913483113070326 0.60666489372204 0.01103614403752744 2.655464336176896 
0.9992910048353946 0.5928354998418069 -6.504208383517379e-05 2.67337676039544 
0.9991825396170244 0.593205435090283 0.00156049538992523 2.673232762519584 
0.9997339784171881 0.5918465497540836 0.004286316191826883 2.674266313339977 
0.9981695746883296 0.5947392379708171 -0.0001256535748805391 2.670776356954401 
0.9976872154924199 0.5955951855765206 0.00374494827924019 2.669694109133496 
0.995867130496389 0.5991185387384218 0.0001809752705104488 2.665761763188641 
0.9999254868757015 0.5916909629005745 -0.0001435614242279618 2.674802390852385 
0.9999493615100338 0.5916727039573763 -8.144233588755071e-05 2.674869107628636 
0.999976386051774 0.5916785103142227 -5.586347642213618e-06 2.674959640145885 
0.9997836982433805 0.5919805118521475 -9.367949708947066e-05 2.67450056186597 
0.9998425433990373 0.5920134358154142 3.050549552386408e-06 2.674712912923427 
0.9994796104818016 0.5925395850018388 -7.291217897908211e-06 2.67381810490295 
0.9999254201619098 0.5916916196227365 -0.0001379799868228809 2.67481062977201 
1.000006520674814 0.5916164071366808 -0.0002811275011189691 2.675023040587098 
0.9999922383616477 0.5915490785472931 -5.93730504909789e-05 2.674968489373922 
0.9999528630180478 0.5916448573591586 -6.811301849783989e-05 2.67487389434437 
1.000001333359453 0.5916169867622182 -0.0002707172509310635 2.675006236751526 
0.9999964822269823 0.5915912870355844 -5.305515693260593e-06 2.67498621529708 
0.9978434424866285 0.5954041123923745 -7.445398403141934e-05 2.670085723102175 
0.9990465751752066 0.5932363965521716 -0.001686927961884837 2.672800089998603 
1.000066573665774 0.5916774923516619 -0.001496800058415654 2.67525910300932 
0.998951458148352 0.5936117379878707 8.699756881895654e-05 2.67269986178837 
0.9995212086342975 0.5923519634374161 -0.0008595151807528417 2.673851403318289 
0.9994552499471051 0.5926349154362144 -6.545089707305057e-06 2.673793830362321 
0.9927241500224064 0.6043922841291206 5.000596047052591e-06 2.658549410738457 
0.9939173491908128 0.6020571979444517 -0.006089523895858094 2.661099615669245 
0.9961768091070567 0.5981123336577229 -0.01181390954441708 2.66625056203882 
0.9958484410242154 0.5988878375168024 -0.0001886032752895673 2.665563277425032 
0.9969382250140719 0.5970042470008818 -0.003976817509349444 2.668053344934297 
0.9978797269283258 0.5953779109721105 -0.0001626780905802549 2.670199279034043 
0.9928471739814225 0.6043388647296477 0.0002495064344008185 2.658937952658901 
0.9898833676150256 0.6087921885927522 -0.0001888422513208538 2.651878207957824 
0.9877532119279231 0.6123965330067398 -8.161639749617854e-05 2.647093966920753 
0.9912333515966441 0.6065971207416931 -0.004810602679853992 2.654985809108815 
0.9883225226400164 0.6116799415126822 -0.003814527014348968 2.648513797364104 
0.9888426393161739 0.6101284272813445 -0.01017096111422343 2.649324418407484 
0.9889613305655682 0.6105515520591593 6.962639368053751e-05 2.649924169499399 
0.9875090609995418 0.6126836713018181 0.003154972257584629 2.646454759196504 
0.9848624975813985 0.617310293037317 0.004697460542791614 2.640665462444994 
0.9872231532016992 0.6134689903371481 0.0001491097223854873 2.646013670484812 
0.9863849127481389 0.6145808916467116 -0.0002597929470754983 2.643933856829974 
0.9877111368167676 0.6124838318910378 -1.721357627221458e-05 2.647007136862539 
1.000813362446078 0.5899221925371002 0.0001045877063564931 2.676709819161429 
1.000451057355994 0.5908852826470105 0.0007782561448641568 2.676073150419552 
1.000063950733151 0.5915756782504064 0.0007363536524792014 2.675193900655197 
1.000278403916231 0.591124633479963 -2.332619141080869e-05 2.675639816968254 
1.000123350195103 0.5912899058603249 0.0001336780780093966 2.675222236387442 
1.000154041279259 0.5913406461718418 -2.014417792363562e-05 2.675354662618733 
1.003668223079226 0.5852522846637344 7.875214125280402e-05 2.683483023203791 
1.003428159424253 0.5850343730263093 0.003335889625732916 2.682559544428357 
1.002719330752153 0.5875805734912917 0.006064658183875763 2.681698648226992 
1.00183517122035 0.5889371409218273 -0.0001184897258736819 2.679529471056301 
1.001654871018279 0.5883074851421046 0.001398259801348264 2.678559573947561 
1.000965331443478 0.5900374005857095 0.0001012576087698922 2.67729515327959 
1.007745165862797 0.5753021431737201 0.03810682614333322 2.692111421841658 
1.012418592790365 0.5676729997767912 0.01937261486982204 2.702916308127132 
1.011180031725411 0.571926769386881 0.001667928672164186 2.700997908227698 
1.015373412016282 0.5627472492969984 0.03387146713227179 2.710490606974179 
1.016214296077471 0.5606339939090608 0.008284260772914481 2.711587184249385 
1.02199721975517 0.5478242982046411 0.02228496291446184 2.724356199107624 
1.010787525944962 0.5583900517721521 0.1281014706508316 2.700057549016222 
1.004646388188835 0.5745270765783286 0.09686658852237014 2.685257713848379 
1.001679282145791 0.5845248979990352 0.07398715602783865 2.67915131845132 
1.020446132697592 0.5435024688566936 0.101466904918248 2.721475236878526 
1.012373082253127 0.5635778891456861 0.07901803867878243 2.703431492294215 
1.025396052794702 0.5362347112332426 0.0758231213572791 2.732286608146051 
1.003779877831085 0.5855382847258399 -0.0002260208035000526 2.68404804146738 
1.006489546844735 0.5805117779140304 -2.646227408162946e-05 2.690141721228661 
1.010704314478722 0.5713349231358442 0.002958792415823588 2.699027484858229 
1.005247611856426 0.5811763439070343 0.00616588549999965 2.686409714156916 
1.008380873264707 0.5762206464412432 0.01227269236845884 2.694094031071599 
1.004563481301784 0.584018465418696 0.01696095874308949 2.685888668527473 
1.02238915650467 0.5473262031719731 0.02219756238768992 2.725445287176566 
1.025768095471934 0.5390455844590727 0.04391255864214882 2.73312215478191 
1.026003350641234 0.5371035935692862 0.07444610687538032 2.734626896389509 
1.014930987074663 0.5635205875165616 0.03439804188917273 2.709474494105592 
1.013989191299209 0.5626658838155549 0.05290749574209946 2.706599337155986 
1.007605741281687 0.5752814713927245 0.03793021765274159 2.691709953074928 
1.000636557520145 0.5902410757093823 5.377730185294547e-05 2.676352055524009 
1.000150764861576 0.591114621924974 4.381912839763989e-05 2.675252173760055 
1.00000026867274 0.591592512803312 -0.0001994533485048928 2.675034368148417 
1.000460352879164 0.5909278635184376 -0.0009607528609637799 2.676129618901442 
1.000122313787135 0.5913676522971212 -0.0003210665887443145 2.675264822803944 
0.9999482829071332 0.591598795412402 -0.001439976032182258 2.674824128676436 
1.002991575558721 0.5861940831529437 6.168552191513489e-05 2.681826748540513 
1.001255067744075 0.5891775035860651 0.0002423980586297953 2.677794051360596 
1.00066854321796 0.5907256075633607 -0.000395241318098044 2.676755048577858 
1.0021606115244 0.5878796050269405 -0.003845009033055086 2.68000083457076 
1.001013983730478 0.5896750969249414 -0.001639455425643738 2.677233204468171 
1.000350115587853 0.5911060231327987 -0.005705975715117646 2.675895639706769 
1.003981524872448 0.5838216593335721 -0.01079320597461981 2.683835848972114 
1.007497499180749 0.5782817500643579 -0.008540160322735975 2.69223267974504 
1.011082366203771 0.5713031080448435 -0.002362187589610528 2.700418114761497 
1.004262928693226 0.5841523998328565 -0.003698592120067804 2.684790234309968 
1.005321753897332 0.5811608142595343 0.0001814137698328582 2.68679557969858 
1.003024742521836 0.5865117189053645 -0.0007442929160663413 2.682237751882383 
1.021933863253784 0.548582357183565 -0.02205500615476434 2.724716991222795 
1.016294705052224 0.5599302047824853 -0.007920662192641599 2.711694488657939 
1.010644090801071 0.5704368560252365 -0.001756485921664271 2.698515122894939 
1.013521631218023 0.5655051661366298 -0.03070129999354565 2.705620704659055 
1.011544313428642 0.5707192049416346 -0.01777114416895315 2.701603820000751 
1.006236778564118 0.5778227632095179 -0.03126635745434317 2.688322467144311 
1.00735373896612 0.577640356121804 -0.03054450160358836 2.691988038983127 
1.013397335252908 0.5650649884460346 -0.04344534950282981 2.705449241460226 
1.026154305583347 0.5362068582940858 -0.0621701447964623 2.733959167309118 
1.013194377278253 0.5659133656244326 -0.0304576560837573 2.704747974190529 
1.025450749942434 0.5406189468813681 -0.03981892529241023 2.73291691221237 
1.022034681161694 0.5483235881640719 -0.02235468115572109 2.72495352668914 
0.9787341748131639 0.6210551847272729 -0.09751332991733486 2.627759295655716 
0.9736728627439811 0.6215039853854133 -0.1261383282258357 2.614869285324708 
0.968674947793268 0.620117262180983 -0.1661052204975547 2.603411537935219 
0.9930021147078586 0.5913963305134713 -0.1166419495015307 2.658558484672893 
0.9954830712616235 0.5811882173942193 -0.1501308883397753 2.665209947239394 
1.013862307197274 0.5535690657069533 -0.1220783914460297 2.707036224874586 
0.8662582249145361 0.7416038657987135 -0.08988094451993316 2.366516064666149 
0.8788937437838302 0.7348448794327243 -0.03786852348403343 2.394800972429723 
0.8984168236572458 0.7214733599105403 -0.004018118510068326 2.441528678114997 
0.8503070359873066 0.7552595307003005 -0.04217126130140401 2.328346409353058 
0.8760679199676403 0.7385785326973006 0.001757396163827202 2.388754056859173 
0.8454500519730943 0.7589670069344193 0.009731280745895776 2.316651107551619 
0.9996190160167988 0.5893514190766893 -0.06621839705214815 2.674653259740848 
1.003871009573015 0.5778970998680664 -0.08989950506344292 2.683869567519152 
1.013078270030987 0.553142193813536 -0.1220505558905537 2.7041512634219 
1.0110125729566 0.5662607752918434 -0.07141175730320526 2.699706668761233 
1.022886452944134 0.5400265043254152 -0.09207834784751391 2.727198788858777 
1.026293319253935 0.5362407756287558 -0.06231775858153812 2.734555781794829 
0.9199503735848122 0.6835588158357708 -0.1521882026917914 2.49049700495179 
0.9449641468686619 0.6517367262951772 -0.1652938737902729 2.548659380940752 
0.9681065854387951 0.621134720914915 -0.1684478398450946 2.602618264787682 
0.9385071990203103 0.6731044020680776 -0.103044294820916 2.534566258413225 
0.9530941271278133 0.652232847860049 -0.114057703145551 2.567416265539451 
0.952997698534841 0.6579153241616997 -0.07221389092082586 2.567045618629225 
0.9244611457491695 0.6789265758525965 0.1571050673796342 2.501815214917176 
0.897551399663654 0.710297201382047 0.1342949898128432 2.439842790792881 
0.8714937652817645 0.7361212849996029 0.09966419724475481 2.37840323932997 
0.9113820619482008 0.6987687267733718 0.1149049836320225 2.470763434045755 
0.8924563208334787 0.7199457260423635 0.08534641771696196 2.426430948826821 
0.9098537208397053 0.7075958657975677 0.07399967547692593 2.46854806209474 
0.9187215726209157 0.6994322132776235 -0.0631225105697619 2.488632062630395 
0.8976135898091355 0.7177653749220299 -0.07454605302407466 2.439443317501865 
0.8668727064185276 0.740572794495689 -0.08772237383978648 2.366980985188513 
0.9137564604994315 0.6983497186377107 -0.1032983266261619 2.476235913593106 
0.8914094639129871 0.7156004208058356 -0.1275277255149359 2.424601477979941 
0.9198781715415593 0.6849474459017875 -0.1550794123210192 2.491901290245292 
0.8718649338829687 0.7356391017266782 0.09955217339822106 2.37898861178578 
0.8543874922139445 0.7522006579158563 0.05633292527555293 2.338401991668675 
0.8451580219643773 0.7592699013966628 0.009390596635942562 2.316104505557268 
0.8786824442323969 0.7350243119798547 0.04010200214475948 2.394394914330006 
0.8753428512602681 0.7384961182784832 0.001415718688148701 2.386513500764651 
0.8999061869592867 0.7207824237508926 -0.003128417019576198 2.445558730804878 
0.9734504456477299 0.614188945054027 0.164053113266193 2.614998563775762 
0.9748973119980846 0.6194593180811681 0.1233339881783314 2.617232359436151 
0.9783820228808421 0.6206655479787643 0.09398287015953641 2.626023675927384 
0.9950730634172119 0.5818620447798705 0.1500243886088992 2.663948841555519 
0.9912255377466017 0.5959666389148544 0.1159460692822554 2.655426161079943 
1.010186711114608 0.5572192073843075 0.1292964928035298 2.697525446381706 
0.9728882226950931 0.6133381485055024 0.1658546513713595 2.612588818169796 
0.9506881222664939 0.6454616651964985 0.1658872066947603 2.562426706865812 
0.9246197705742416 0.6789535585983231 0.1558416480312965 2.502417400164777 
0.9529377805911304 0.6512014422531041 0.1235049814218681 2.567576593677364 
0.9350532016988183 0.6742635971264509 0.1118393884644288 2.525535216004718 
0.9470409878585436 0.6661426913084916 0.08078457235597424 2.554290406940195 
