1.00231611412663 0.5884775375781939 0.003674366677414428 2.680869599737276 
1.002956896447988 0.5868494878994913 0.001946174371897756 2.682046984923279 
1.002443511809609 0.5873902741897369 -2.128519941175098e-05 2.680650946969214 
1.003775694880324 0.5864612318310882 0.005083314569116997 2.684559702543477 
1.003929179209924 0.5851907403001363 0.001366830906090276 2.684317309369365 
1.005733075791105 0.5834713688923412 0.005602332403493336 2.689353141129926 
1.002419341299724 0.5882645040158615 0.003824772627216236 2.681091680620489 
1.00245130655471 0.5891703466929139 0.00637807575253726 2.681738735651795 
1.001749686198379 0.5913367224332355 0.009198267780505427 2.680701403146379 
1.000902693075849 0.5915035231491405 0.003502841196669012 2.677946545964618 
1.000021929948489 0.5937035173796805 0.004557545989967436 2.676325836865503 
0.9994714407996488 0.59428114639765 -0.0001295559000443857 2.674828448451334 
1.006760168205052 0.5813994362313528 -0.0003138477027716601 2.691569083584727 
1.009114340737742 0.5773921592438459 0.00625902576340366 2.697163009681624 
1.009091844211836 0.5787964659032645 0.01636962306653211 2.697999852790202 
1.006545657337847 0.5812243554363534 0.003440519564502201 2.690760870413694 
1.00715941823568 0.5817744417700468 0.009555465180415978 2.693163993307316 
1.005561655590183 0.583877016185253 0.00572170922343786 2.689023305059657 
1.001555573328675 0.5913580148465976 0.008912588069033743 2.680069413283584 
1.004090680131906 0.5866861544611713 0.009205794724119665 2.685771868602562 
1.005548422685799 0.5835691868556584 0.005695308413184811 2.688799497464278 
1.004257819780721 0.5870267114787188 0.01364861682782039 2.686578632794586 
1.007384347778383 0.5809248283133753 0.009641304632345292 2.693426323574874 
1.008904025982258 0.5792103945335096 0.01634616554885377 2.697604276308582 
1.01358508465503 0.5693468353081537 0.03754322559873947 2.708268501053073 
1.010900079593938 0.5752437895785322 0.02435205690626474 2.702180422244433 
1.008749638879363 0.5794593493947363 0.01660508532293679 2.697269125855525 
1.017396439831372 0.5628476604831573 0.01907264207753137 2.716975380448635 
1.012594024426023 0.5715515890852194 0.01235025038946704 2.705574399582975 
1.015670353222362 0.5660608751965339 0.001621293854111284 2.712743141351149 
0.9737818146508739 0.6324072821218694 0.04637082341246213 2.615215231323532 
0.9863562051706644 0.6156473580742755 0.05361480008598149 2.645965995481289 
0.9965052394331518 0.600346718149152 0.05215485981328776 2.670184297035602 
0.9773547850195964 0.6274235673778262 0.06858433329573489 2.624911943142501 
0.9930404428831345 0.6036327441664829 0.06951705411815261 2.661507512582389 
0.9858091081598729 0.6123217891011675 0.09383346936990676 2.645035898038398 
1.009159089723923 0.5772553958852856 0.0732890108488792 2.699837518091243 
1.012998947609153 0.5704754833808703 0.05271102649582741 2.70761406279849 
1.013441631181251 0.5693536231399059 0.03732031299583204 2.707973876953295 
1.019261990676261 0.5564444012743111 0.0778271744001373 2.722572592218902 
1.020479243929145 0.5565244562556916 0.05175238749628212 2.725025806021888 
1.03125004102683 0.5304150359121189 0.07502116791139576 2.74908318844794 
0.9964376591616794 0.5998165145654597 0.05210120584771137 2.669465896743911 
1.006850710715455 0.583299480280457 0.04890747034628146 2.694142026744379 
1.013427312764228 0.5697830302056573 0.03714686854754605 2.708088665140408 
1.001743226193596 0.5907676720575519 0.06275377039269926 2.682280162589534 
1.012887999496661 0.5695859222424836 0.05318987590598299 2.706752830018198 
1.009146130887111 0.5762140344741199 0.073229423036017 2.699196528575219 
0.9506107689925655 0.6594889839721962 0.08249111412490689 2.56113010631036 
0.96479929930561 0.643464034433026 0.06029912992344609 2.594129898093807 
0.9743992985963555 0.6325167262889524 0.04754263291198686 2.617408828871687 
0.9694413427554388 0.6355983117025363 0.09281247002962187 2.606495931523447 
0.9769240340672017 0.6274006695650247 0.06803341188928562 2.623522541123999 
0.9858564105097902 0.6121960126411097 0.09361828426476196 2.645061661060453 
1.001708426138256 0.5913102424752695 0.0269212120965794 2.680926817412309 
1.006126623295614 0.5848731299942961 0.03323742646623089 2.69202584529077 
1.013613936068372 0.5697138243264643 0.03721634078066349 2.708535167056029 
1.000191931554697 0.5951123801371457 0.03707186429422098 2.678390852064561 
1.006615453157661 0.5829769219529516 0.0484486390323747 2.693177526184491 
0.9966093347037612 0.5998748290567127 0.05246147803327825 2.670045345981269 
0.9882710462191684 0.6120247001585111 0.02685611605357981 2.648940113151807 
0.9958391001868607 0.601383581542523 0.02959884713024114 2.66748819179132 
1.001351341771956 0.5919583255112543 0.02667376634911376 2.680148351069789 
0.9912282975202649 0.6090813906393115 0.03887723919601071 2.657249022680449 
1.000301078942392 0.5944517574741607 0.03758980700542919 2.678361643774167 
0.9968257020111024 0.600353702169751 0.05201786944508081 2.671005840081242 
0.983709860071356 0.6176077074100511 -0.005887226251059321 2.637048319029908 
0.9846004492361694 0.6169146721184936 0.001908093957683717 2.639535935083582 
0.98742227386864 0.6131493273696849 0.006872048467972697 2.646522291585255 
0.9790939131133253 0.6248322640396826 -0.000664412084577801 2.626512343656568 
0.9828559374481054 0.6201575191773334 0.008978693139495156 2.635877270184572 
0.9748729414453885 0.6305138602597341 0.01006628914024187 2.616464853600931 
0.9958428477154192 0.6010141272292787 0.01171977204243937 2.666906743202666 
0.9995280203146492 0.5953936800877249 0.01162272691382409 2.675754620795179 
1.001531532175152 0.5915955744714482 0.009268679017036799 2.680162637635779 
0.9979045289401726 0.5988673244978516 0.01903386887710462 2.672544653300898 
1.002061423455428 0.5912125683112807 0.01596860946063225 2.681738313661545 
1.001580036417285 0.5922803558825254 0.02671407690467079 2.681001464168626 
0.9744178924483015 0.6305912272683832 0.0108323800256301 2.615027503744908 
0.9829271077210991 0.6201952825579975 0.008639401854832038 2.636139449444855 
0.9876363363754351 0.6130020339703416 0.006910356951037293 2.647133300331293 
0.9808868968274477 0.6231143875099732 0.02181918176493081 2.631546702604268 
0.9868469079566446 0.6147967650537238 0.01428420055309683 2.645691267030772 
0.9884767710072826 0.6128531774119602 0.02698163804425887 2.650101600114994 
1.001800221495664 0.5911498845363037 0.009434020535706095 2.680782695547049 
1.004204571516311 0.5870775927396801 0.01345244347561639 2.686427921442226 
1.008778660187849 0.5792965921714863 0.01617460466641926 2.697237034248867 
1.001970992896447 0.5915692119952626 0.01573671653612624 2.68164887677153 
1.006048144645377 0.5842085789718168 0.0230248747268985 2.691086832050562 
1.001501319988817 0.5920440677171938 0.02695766195395315 2.680614957340949 
1.001375490344987 0.5915005705616383 0.02624692058062739 2.679886681020812 
1.006271123663283 0.5840838296392109 0.0232386016245083 2.691769498420971 
1.008623145700639 0.5796810217926462 0.01637218456079021 2.696970681226469 
1.006339338817674 0.5847725093095716 0.03358704802615332 2.692679089886814 
1.011280314310116 0.5747341142536719 0.02441579777198439 2.703161414713529 
1.013624791125008 0.5697523329748018 0.03745464419640502 2.708592768851376 
1.002377240635841 0.5884728526952623 0.003763799156947667 2.681069814564669 
1.001802963649312 0.5888476920064558 0.001650960753283981 2.679371977826758 
1.001526515489688 0.5888920068279869 0.0007488008487992432 2.678479110676457 
1.002896244612697 0.5868792386213414 0.001914424033693599 2.681861197950827 
1.001953380086059 0.5881832125676034 0.0007291831523595388 2.679481942609015 
1.002596792759579 0.5871700790801185 -0.0002943488463746907 2.681030755964864 
1.001722944948176 0.5915021850358 0.009413748801008091 2.680708998797036 
1.002398298900895 0.5891240999001749 0.006272050593605632 2.681535381958431 
1.002356405709719 0.5883877478146314 0.003727445572962745 2.680954900080433 
1.004041987009776 0.5866058689456732 0.008981934669705907 2.68555952896587 
1.00361225717143 0.5866634381554391 0.004954594263366814 2.684132227850665 
1.005563577131293 0.5835436937866423 0.005678288544060086 2.688831211953936 
1.001119802620975 0.5897972688753976 -8.909052563655403e-05 2.677656343567025 
1.001290364527002 0.5894175913730864 0.0007169465061817638 2.678000772281837 
1.001492210195526 0.5888886956941431 0.0007526855974042914 2.678361606741479 
1.001378047484864 0.5897525147486573 0.001509339641440399 2.67849045414095 
1.001876131639819 0.5885544656661317 0.001639026188704167 2.679443878904279 
1.002371921731651 0.5885269505534987 0.003655838211993608 2.681083617591792 
0.9857372526294347 0.612931375773498 0.09379513064290576 2.645247326243275 
0.999840843866376 0.5914928983774852 0.08582156116547682 2.678038697534377 
1.008699453417603 0.5777027684447016 0.07302361430372857 2.698694131627375 
0.9993405785076551 0.5878844761178096 0.1147502373827077 2.677242461143293 
1.012576259245773 0.5670569515800652 0.09554067634626963 2.707450205538211 
1.017586932236475 0.5505960073250925 0.1278080694756031 2.71855644497624 
1.000487729731569 0.5869751622088268 -0.001948766310270322 2.673891927044648 
0.9999731078982433 0.5886211312804536 -0.00110059685427037 2.673152345308038 
0.9999991006159419 0.5895253566632209 -0.001025784995653509 2.673770098449272 
1.000017885990077 0.5896374837256625 -0.001101173465502244 2.673899747781239 
0.9999524601285649 0.5904766579660129 -0.0004977681983677621 2.674173093266372 
0.9998883683535209 0.5917409205206394 1.285563771274028e-05 2.674703291119943 
1.000294655146317 0.5858501850874733 -0.002294649769397713 2.672595816220463 
1.000299594019853 0.5873540192654785 -0.0002457348852069278 2.673489308072187 
0.9997767481306369 0.5826695808537049 -0.001202178847762914 2.669051716032109 
0.9998131800171178 0.5871179459047927 -0.001900791400339078 2.671745137859869 
1.000098064638738 0.588551071463617 -0.0002865318761192034 2.673517275949013 
0.9998471655200093 0.5879405770072075 -0.001824308970443244 2.672348610361651 
1.000481305204109 0.5867375469203969 -0.002002664640227623 2.673733553986871 
1.000103208646232 0.5905149569778492 -0.001822415541644227 2.674700986738655 
0.9993611283560927 0.5936377642955435 0.0001305871128592916 2.674077544658152 
1.001101096172855 0.5857255016373208 -0.003323427013193968 2.675204003892047 
1.000099092232569 0.5910368540416752 -0.003534433884378287 2.675000275967359 
1.001826898144354 0.5847635025574716 -0.005882250431594382 2.677063228569639 
1.002028524400972 0.5831092340992217 -0.006394465724990934 2.676793945062509 
1.001943982736263 0.5847601434542354 -0.001631996402573602 2.677451904886312 
1.000736351293246 0.5794764414008802 -6.250549938689483e-05 2.670402304609718 
1.001071301477573 0.5841846264072208 -0.003828989467949587 2.67421815438966 
1.000756958027831 0.5867740245713621 -0.000837360917363773 2.674670207332666 
1.000407332152723 0.5848802710293404 -0.00248132869476151 2.672410824369802 
0.9990857493064292 0.5933775733610669 -0.01182564283450356 2.673068390540608 
1.001254479300904 0.5879067086619111 -0.00937605886552406 2.677029482478678 
1.001934448266443 0.5846527058053892 -0.0060397359513764 2.677356843045181 
0.9990322941748078 0.5943285017467682 -0.003634349098650801 2.673402933096715 
0.9999204767826307 0.5911560619064604 -0.003494868885399812 2.674476470513764 
0.9995345080180204 0.5935019209898907 0.0002425954369418966 2.674576134100739 
1.002073262926252 0.5836906531132179 -0.006581271010001678 2.677296892145314 
1.003612137465099 0.5807395200654559 -0.009026464381028476 2.680759839839598 
1.006460684067138 0.5755847835205723 -0.01111983196703136 2.687335193778162 
1.003652859795506 0.5817465639254265 -0.003838377579851671 2.681400692273419 
1.006146673339109 0.5769972025404047 -0.003431144084313575 2.686974746703118 
1.004222494214598 0.57615739462683 -0.0001421160532681211 2.680134924666632 
1.006341582671907 0.5761759714824564 -0.01075197859241642 2.687323547742602 
1.008142475555361 0.5728731031802935 -0.01855925740299574 2.691563516116732 
1.009050659402986 0.5685232419557591 -0.03175950087406909 2.692439906822752 
1.009547612997751 0.5704607987801683 -0.008894567284494458 2.694659134936912 
1.013468027723921 0.5624324619595752 -0.01726433853632478 2.703436166820383 
1.013535233429146 0.5608774125926472 -0.002615597501032112 2.702855353485988 
0.9914597668020122 0.6072918915654628 -0.009987600119386729 2.656228229517355 
0.987647837872772 0.6121413410029815 -0.009523430625089022 2.646632526697645 
0.983847299630795 0.6179014624658142 -0.005647757526749597 2.637709029296553 
0.9885195877318035 0.6105169449496006 -0.01552402275159761 2.648554008087902 
0.9827166330938647 0.6189133739114023 -0.01345037863449662 2.634681804762288 
0.9832661189920645 0.6163338602497396 -0.02366302940319931 2.635068337085493 
0.9953022892090272 0.6012287450517415 -6.044064398699987e-05 2.665167229111164 
0.9938871028810943 0.6036457560558924 -0.004340993949379792 2.661951689136724 
0.9914385831381406 0.606925599815448 -0.009811356399996394 2.655911030004053 
0.9964873049369115 0.5989234791253107 -0.005812271947280736 2.667720037650093 
0.9953504167020335 0.6003176597476187 -0.01243876250777192 2.664863967187959 
0.9990570150375846 0.5939052174367769 -0.01225342712393804 2.673297004890755 
1.002094875276889 0.5846791106763991 -0.005824867795256968 2.677913778689712 
1.001277905000107 0.5871842198170596 -0.00895563444291368 2.676683630702071 
0.9986403329708229 0.5935865240702963 -0.01183262524416473 2.671708103480926 
1.003897749738522 0.5816315970053352 -0.008148345818195311 2.682186114674232 
1.002603617060074 0.5849023217877131 -0.01444491042190307 2.67983194181034 
1.006582943476447 0.5753595278064636 -0.01107090347699684 2.687591333032199 
0.999142162825469 0.5930433966463377 -0.01121572867305387 2.673065711698837 
1.00150234864208 0.5867447506423313 -0.02112548549572306 2.677357894171913 
1.008287537291222 0.5712039034431052 -0.03201435373198976 2.691330722598101 
1.00273486622074 0.5849377308307704 -0.01482597640848961 2.68029108617897 
1.00798065912346 0.5723127813394652 -0.01907541444248797 2.690651734868466 
1.006426742037485 0.5752893602633885 -0.01064729175493259 2.687032462630682 
0.9946686921326955 0.5985150632267807 -0.03151124530052769 2.66195852130354 
0.995604694121528 0.5934522888195641 -0.04647952925365165 2.662560360200813 
0.9996360649182522 0.5806090971931432 -0.06636637595534423 2.669506070622657 
1.0012311864424 0.585244891277853 -0.03634656575416383 2.676004614130671 
1.006406641743502 0.5715764750169787 -0.04710120300766923 2.685903996115901 
1.008459514438144 0.5694950810244037 -0.03074361456701194 2.690977607761964 
0.991514372487167 0.6072787355604305 -0.01004180664941227 2.65640424154809 
0.9916708489063086 0.6051592446731076 -0.01931289781657673 2.655709148194827 
0.9942146390090905 0.5991626483009408 -0.03187698506175093 2.660832568988122 
0.9954372715500643 0.6004631583986074 -0.01274132481069046 2.665224938530884 
0.997775935030666 0.5941668540795799 -0.0199088655947891 2.669327701895829 
0.9990466042007942 0.5935606858066736 -0.01168232011186568 2.673053634893409 
0.9780272304419773 0.6201232415027013 -0.05216371869272116 2.621398361184029 
0.9682691920102042 0.6331344925878226 -0.06097636849707001 2.598616990827979 
0.9522333319865645 0.6524282875102349 -0.06977949434750665 2.560396566901123 
0.9773191629597833 0.6174995760878343 -0.07074040428219168 2.618652248625923 
0.9641271325408217 0.6328257930959292 -0.08704837385257418 2.58694771712178 
0.9782677640428922 0.6118616809489955 -0.096413153810017 2.620244413548845 
0.9997213565254867 0.580645278729504 -0.06580715097735204 2.66984241699305 
0.9879526558300843 0.6021209015039428 -0.06376552185881014 2.643495299983346 
0.9784419569163911 0.6199980372019038 -0.05152020541893963 2.622647526815315 
0.9914212334504729 0.5926751742448413 -0.08183706528983027 2.650546174964612 
0.9772066482368728 0.6175226461530777 -0.07117267049942354 2.618296482828952 
0.9781194264104559 0.6119339654403243 -0.09684125909745435 2.61978252941745 
0.9832893777710857 0.6165690803518554 -0.02428790383083931 2.635360163405771 
0.9761347695921407 0.6260898655777209 -0.0239229415484231 2.617974989752422 
0.9663624080186289 0.639428295303208 -0.01825123025625587 2.594782245814625 
0.9810506506046651 0.6190391715559745 -0.03474157794212446 2.629851189594772 
0.9701699887315797 0.6337965406521451 -0.03661711175409025 2.603918500805562 
0.9783826145357781 0.6208084676642535 -0.05221954045223424 2.623016399007065 
0.9913750876823606 0.6073859131106377 -0.01022411046545799 2.656010731069519 
0.988441587285752 0.6106553324544651 -0.01527942641517274 2.648380473892752 
0.9834517062461249 0.6162379481723357 -0.02363334355010804 2.635619060886942 
0.991653580410121 0.6050873675922721 -0.01883330471852228 2.655613288279968 
0.9885224102885073 0.6081748254687782 -0.02974421056543022 2.647469428658719 
0.9943945359316732 0.5991591683430766 -0.03262003028845387 2.661447983657188 
0.9839041915243676 0.6180064339369095 -0.005314647420076458 2.637963916765212 
0.979153346964545 0.6244137155850883 -0.001158911112151138 2.626445849196679 
0.9744861800494569 0.6309862565436903 0.01025715250574749 2.615517987793905 
0.9778754524859812 0.6257165284454642 -0.01008541809213878 2.623157280519552 
0.969116698993172 0.6371182293176924 -0.001380442912046642 2.601979634543604 
0.9666607948497609 0.6388123741316352 -0.01759876903933084 2.595258602035749 
0.9943637661229133 0.5987799883704571 -0.03188856183796698 2.661105143351878 
0.988475144871147 0.6087160828271098 -0.03011916963738636 2.647646639276366 
0.9835917782420682 0.6163556231242202 -0.02390208400397475 2.636213270333609 
0.9885771146671921 0.6063410100103804 -0.04187525201238868 2.646959500882365 
0.9806822731944653 0.6192663839879141 -0.03511808843074732 2.628788138024789 
0.9784562281889355 0.620764938744648 -0.0522980769980012 2.623192589567925 
0.984078932451202 0.6172399305849192 -0.005611351085757954 2.638036190235898 
0.9876327868534291 0.6124539194419794 -0.009315681810281385 2.646771379866496 
0.9913401801369388 0.6071854831745346 -0.01027864332630936 2.655747968355063 
0.9886569261834377 0.6114752951986319 -0.00225143406452747 2.649489512857738 
0.9905289588782537 0.6085974566755267 -0.003353045024596991 2.653883286425933 
0.9900549445905074 0.6093105786036592 -0.0001473366215804507 2.652764503854273 
0.9665419321473095 0.6396768198110182 -0.01954379857972414 2.595670137716777 
0.9572419726674901 0.6517699677810301 -0.02039584342906959 2.573747624306207 
0.9429375901011348 0.6693865343577957 -0.02085700677306995 2.540372809364284 
0.9592561138954521 0.6482541062845857 -0.0365890374202185 2.578299590917253 
0.945137081587727 0.6645049943290193 -0.04580034441300678 2.544805815288674 
0.9523061247369009 0.6526042092819224 -0.07000449420042264 2.560794126437391 
0.9837365488899295 0.6180999973582343 -0.005519180488568348 2.637471557632281 
0.977646944696375 0.6258557226009662 -0.009861701919917245 2.622499460274338 
0.9671447286736387 0.6384877559675759 -0.01835979624834974 2.596621274561493 
0.9824353421912657 0.6188288979868539 -0.01305324216334638 2.633711855775559 
0.9760947908449423 0.626817579207137 -0.02361894425992345 2.618302061984914 
0.9832314943841052 0.6165467741593744 -0.0240376483769858 2.635109999158377 
0.9745231588314806 0.6305707930141581 0.01092556536083402 2.615399250881737 
0.9672312403471217 0.6406912501660046 0.01330356118863962 2.598322767335057 
0.9561957665626615 0.6546731526077297 0.0161598802667131 2.572299788028915 
0.9691009555041363 0.6370857978189941 -0.001107406689590922 2.60190845475856 
0.9597129692519265 0.6498335633280318 -0.004744292516444842 2.580189560333428 
0.9668272198288638 0.6396506845450233 -0.01889006388248683 2.59644093663141 
0.9011503764518658 0.7147649703615556 -0.001736604033508395 2.444514677069147 
0.9175041223093879 0.6984665277183443 0.01610943525549224 2.482020375761055 
0.9312173696111237 0.6825795280701611 0.0274516046771525 2.51339860651165 
0.9009181282497318 0.71329605172924 0.03691808528478186 2.443436328241397 
0.921350484683764 0.6934756903380938 0.04682354299261133 2.491175911203415 
0.9110452997780643 0.7019918606737332 0.07466229957207113 2.467830584972119 
0.9431184997216822 0.6697903465290246 -0.02067583870459393 2.541503632519934 
0.9346578447662115 0.6791392968225485 -0.0002813050875300886 2.521237096104916 
0.9314156967118694 0.6824702315999736 0.02759469444709379 2.513867684907686 
0.9255870168742104 0.6882995358425985 -0.01621115574844172 2.499545122965153 
0.9170892089522664 0.6988086686108061 0.01591389973429336 2.481002901882085 
0.9007927526615569 0.7157159105478159 -0.002325975853182235 2.443908726368602 
0.9781015607249995 0.6199820975753018 -0.05187445931140493 2.621564836514493 
0.9700517790679924 0.6346741352374295 -0.03706551803996858 2.604126383301018 
0.9671000129041941 0.6391058564924861 -0.0183712708209642 2.597090352914797 
0.9677150869413554 0.6328167863746558 -0.06167987185569845 2.596640854953129 
0.9590902995595539 0.6484409346417596 -0.0370022163809921 2.577893215032702 
0.9522530054048087 0.6526406543784053 -0.06986259633772673 2.560592090735963 
0.955925814301434 0.6545091649632063 0.01623073692625657 2.571391048130073 
0.9458176989559657 0.6672695178303719 0.02093144067459075 2.547997876564076 
0.9314384393160434 0.6827692040789272 0.02779803084117212 2.514053194949226 
0.9481621980224935 0.6637569048872222 0.0006050876281774564 2.552750837904409 
0.9349434972049162 0.6793181729585971 -0.0001284839805921033 2.52213984875882 
0.9430669159701776 0.6694105344241347 -0.02168108599172382 2.540845774951419 
1.008657988110627 0.568303931698 -0.03176200831401547 2.691124364898473 
1.006547320076242 0.5714517664792976 -0.04669475596786549 2.686331774029647 
0.9994231183428843 0.5818799907797181 -0.06607121050793906 2.669488930961833 
1.015140618076112 0.5567857827037144 -0.04304924514774363 2.70673303733872 
1.012226867972281 0.5576727173022118 -0.0696783958637905 2.698916528372714 
1.026714413512275 0.5283609690959775 -0.06140458263213717 2.731807423504381 
0.9987595381344571 0.5926681939208613 -0.01258431735947479 2.671616952529673 
0.9977235674200197 0.594815031039006 -0.01916547606494272 2.669542606523493 
0.9944779984875609 0.5989542562236193 -0.03160730292482059 2.66155095321779 
1.001499897595319 0.5870116053478636 -0.02048488093361818 2.677496648979122 
1.001377747589757 0.5849742493443361 -0.03557485601159981 2.676315543223011 
1.008676563356249 0.5705610986169788 -0.03288679407758702 2.692288156240642 
0.9778154705125964 0.6143436053827058 -0.09628687177539108 2.620208567646214 
0.9931830480074779 0.5838180009033329 -0.1147551092134804 2.654451092395694 
1.013079216898957 0.5455308792612252 -0.1200264134750307 2.699836722410096 
0.99163958183763 0.593231103737933 -0.08143065459575713 2.651571743913685 
1.004335757992856 0.5702800499429437 -0.08881685521515066 2.68103427826575 
0.9996730774256054 0.5802464985584758 -0.06658415730361519 2.669525029100399 
0.9942221910159466 0.5984097664895788 -0.03254661796961309 2.660464206141756 
0.9887076078684882 0.6068609631547972 -0.04142059481562627 2.647717491045178 
0.9783190023250409 0.6208171899475311 -0.05210843478890468 2.622711642263599 
0.9957748306286159 0.5935172223656119 -0.04590047254082998 2.663163620110887 
0.9880801140755694 0.6015804181228553 -0.0631134668545537 2.643532101678644 
0.9998433825501041 0.5804919330860997 -0.06622708584705544 2.670151218772266 
0.952424421303546 0.6509680554154045 -0.06952579957144447 2.560376595830081 
0.9535985511691949 0.6453735649686071 -0.1130938624555294 2.564111181365677 
0.966583273473703 0.6135278346356557 -0.1641827845079807 2.592407163378903 
0.9645573902750558 0.6338430010850276 -0.08818168865986807 2.589039993439214 
0.9733782988571846 0.6142437793282263 -0.1246241827795018 2.609176117768283 
0.9783821977239457 0.6133035063771105 -0.09671081022627979 2.621618474921485 
0.9192145888282138 0.6933124160876983 -0.06140349713963238 2.485431857076176 
0.9149336896021587 0.6915844751964874 -0.1021400032735657 2.47440745494211 
0.9193806752382782 0.6770742484861577 -0.1504708647740567 2.483853208592769 
0.9381071032570911 0.6704016312237118 -0.06928653083016871 2.528233223715061 
0.9390386444036573 0.6657083711400726 -0.1013640497134605 2.530742446290221 
0.9521519360879707 0.6513021249537023 -0.07034023098358916 2.559640167304188 
0.987362076939589 0.6137267952527925 0.006398316544212142 2.646654473274779 
0.9847153084680831 0.6170026482409534 0.001651584804739424 2.639978153296635 
0.9838213739347488 0.6174430292912155 -0.005344343881087114 2.63731503296611 
0.9887541795037175 0.6112163649313783 9.213465522050815e-05 2.649637905075957 
0.9887824799843908 0.6113661636241238 -0.002452588950670674 2.649835576697481 
0.9901487404536767 0.6092807410283552 8.775220518660024e-07 2.653053705924414 
0.9958781977972914 0.6015081625271924 0.01182832653899774 2.667309045326953 
0.9915026419530902 0.6080220592727594 0.01093518481521902 2.656810474304824 
0.9872934201299279 0.6133921995177124 0.006830463325091842 2.646216156203269 
0.9939261803328725 0.6041317170555546 0.00510718665713158 2.662381965486075 
0.9909196220517549 0.6086314994182841 0.003799099902869293 2.655193499861485 
0.9927861851697544 0.6059010627949389 0.0001393145507116143 2.659689874939487 
0.9958312302413882 0.6012861767438868 0.01199582086676862 2.667068769155302 
0.9935047019642295 0.6052260339908793 0.01871338861175696 2.661791670754319 
0.9886479255083588 0.6126515665636572 0.02689079352274232 2.650547623344795 
0.9915195587056542 0.6077972326074974 0.01109615918360641 2.656735623891814 
0.9869966122135715 0.61502306115143 0.01482359905063081 2.646329557889024 
0.9872285289101442 0.6130453763501298 0.006385148617945936 2.645796119499936 
0.999624700765003 0.5941972129478441 8.888220780727935e-06 2.675293972366842 
1.000010132422944 0.5936908802548253 0.004374698479083324 2.676280010577332 
1.00167290252606 0.5913695517201093 0.009125122673366865 2.680467071578403 
0.9982473721378243 0.5971685552697764 0.004579262135617117 2.672495675865922 
0.9994480806747964 0.5955034108481084 0.01152907410768213 2.67554644193513 
0.9959770955245174 0.6011448253235869 0.01206693518178938 2.66741940927638 
0.9560961700595764 0.6545833882498406 0.01604349511122563 2.571951350796486 
0.9481637940379342 0.6641229594271463 0.0001466116076318566 2.55300787679215 
0.9427828372514923 0.6693713914344889 -0.02113690901521955 2.539796443924445 
0.9595880699828087 0.6495338027171642 -0.005080995929754305 2.579603780119707 
0.957185657411837 0.6517582435883345 -0.02063582078133468 2.573574568778112 
0.9672063548596654 0.6401428773991127 -0.01798996633021236 2.598054381101158 
0.9431887527517321 0.669334532331204 -0.02097310527401368 2.541382804271205 
0.9321630149324578 0.6798575137732193 -0.03702208169017367 2.514448605703227 
0.9195280206238292 0.6929013205409834 -0.06149701897868988 2.486075717441453 
0.944697055812878 0.6648792705575367 -0.04632075576607823 2.543702403361817 
0.9375178356654384 0.6706255076534537 -0.0688368070030845 2.526479087643942 
0.9521638671364127 0.6518243673706043 -0.06983243551732199 2.559785092960873 
0.9424679908505286 0.6697465396311773 -0.02148007181954451 2.539414406698789 
0.9259216118979204 0.6882488760618148 -0.01596860938155086 2.500553508957314 
0.9002939118205733 0.716090575456347 -0.002140389003326347 2.442635297250913 
0.9324647869037608 0.679743170752129 -0.03704882359801272 2.515304010914708 
0.907350646434492 0.7071858201930792 -0.03469738963796247 2.458046228426361 
0.9196049125535317 0.6927515866321241 -0.06116841557874996 2.486233561639646 
0.9195345184642939 0.6932315933095287 -0.06069530176198223 2.486359600926371 
0.9071496698768068 0.7073999322066192 -0.0352496355513992 2.457565726202513 
0.9008232321414442 0.7144971216216851 -0.002470343484029187 2.443272601023831 
0.8978828609350882 0.7109631294614274 -0.07337893812087382 2.434628745387812 
0.8818869720471787 0.7285967346590183 -0.03752249449571369 2.39849912856266 
0.8666456731450481 0.7348011191764146 -0.08767759304015718 2.361577540505372 
0.9507749449332403 0.6600003597368891 0.08263665289187901 2.56193741577033 
0.9373210487711076 0.6756184786592239 0.05682098276580598 2.528680044495359 
0.9310323706378879 0.6829586417296023 0.02777841104200237 2.512920291831589 
0.9496450687315495 0.6625263655994539 0.04220819440277618 2.557603150390821 
0.9460725155040586 0.6671204187229425 0.02042995447035663 2.548715997084129 
0.9568939407217196 0.654064468368966 0.01659357044696805 2.574192638453486 
0.9743419749751331 0.6301629451927306 0.01018109019252062 2.614499284665794 
0.9809275201099744 0.6224430770332976 0.02210973499462485 2.631243696601489 
0.9884219188728103 0.6122726365148603 0.02728633247275558 2.649682566069236 
0.9724161004633183 0.6348925920904133 0.02554971210391559 2.611586930820835 
0.9832029399751324 0.6198879214309245 0.03582067393429256 2.637419334410299 
0.974166528805491 0.6328476417891946 0.04651129405650587 2.616706865839391 
0.9854732948500411 0.6132986244458121 0.09372455237190579 2.644793257766669 
0.983561827838906 0.6111565702038042 0.122649018625004 2.640142071073215 
0.9807920836813903 0.6061182639163358 0.1635925598387556 2.633568195816777 
0.9699447525189702 0.6349866496025278 0.09293137217515238 2.607645398820113 
0.9604247982506723 0.6433235190258916 0.123368433074811 2.586045738928492 
0.950749416872708 0.6595111863868209 0.08171631441021286 2.561628674689512 
0.9740183718980465 0.6331064118944321 0.04663399178606394 2.61637553351426 
0.9635667700590218 0.6462811904784431 0.0343759602169563 2.590807362950442 
0.955773105482169 0.6548802812114002 0.01633112652220541 2.571088563740521 
0.9722127563107741 0.6346459674988428 0.02502960526576098 2.610754651429669 
0.9672381256217327 0.640693693585518 0.0126880487367024 2.598358693497719 
0.9749261354926769 0.6303283540886636 0.01109382630107623 2.616556036150439 
0.996817942614833 0.600329044085131 0.05194250139855341 2.670951799261906 
0.9861954482000429 0.6162507701453794 0.0534728567169578 2.645808931991131 
0.9738425239404727 0.6328078532104781 0.04704937024658174 2.61563665173724 
0.9909526847793072 0.6090375428429315 0.03836544272379944 2.656318096562836 
0.9831215585016184 0.6202240848481321 0.03514267767981966 2.637389480777178 
0.9887116972948741 0.6119778664578942 0.02753968246777769 2.650413445924467 
0.9508714204683369 0.6595074029345503 0.08210588473400518 2.561944509208262 
0.9499484386485644 0.6627104270915117 0.04281500413388781 2.558727796374326 
0.9561002047930712 0.6539011054121266 0.0154114715235644 2.571453188372521 
0.9650708555791933 0.6430035909977002 0.0612581289096391 2.59464493033247 
0.9635683021825966 0.6458565219275381 0.03471614803734974 2.590531226905961 
0.9738242589863576 0.6329924084911459 0.04707980710438999 2.615915258489898 
0.9115406931519549 0.7015681854393696 0.07476490796159263 2.469071244898314 
0.8953689338345515 0.7135170417391489 0.08587352023951443 2.429945000635749 
0.8742782292280985 0.7298282192809508 0.09899045346849718 2.381239237877596 
0.9005640856493357 0.7144088235517562 0.03711112241331734 2.443262950601462 
0.8818724507435345 0.7288440960371546 0.03970276492551058 2.398756256429821 
0.9020544936614814 0.7134226909039458 -0.002758801103330585 2.446093822708805 
0.9513793470827031 0.6590722234296714 0.08273243436119052 2.563383789076938 
0.9335175567109297 0.6785074298168905 0.0814459148200377 2.520401243064452 
0.9115055187058114 0.7014236027854497 0.07386988129411899 2.468817115948831 
0.937383264128312 0.6765615951025915 0.05740554010129373 2.52970411957518 
0.9208202024582453 0.6936059402373315 0.04654784162294844 2.489658335462061 
0.9308967620101241 0.6828224167871224 0.02745825793818036 2.512518162419128 
0.9509421269909468 0.659794757411676 0.08207336857887688 2.562597611843859 
0.9414281576191609 0.6668324051960848 0.1116824838372454 2.540221212344913 
0.930423469106635 0.671883151126917 0.1550693143709341 2.515109029333209 
0.933972298073217 0.6785148906883213 0.08101929515336492 2.521868892265361 
0.9160736293029208 0.6922740141323432 0.114565618131674 2.480096670724129 
0.911584047094338 0.7015127847734759 0.07407657876754979 2.469134139283581 
0.9960355459610513 0.600996614177284 0.01217934721014998 2.667554007302048 
0.9977127699982241 0.5988845373981327 0.01865194912304899 2.671919757290666 
1.001503922939779 0.592316457051127 0.02666887221661258 2.680767425438208 
0.993469783298909 0.6055602818756073 0.018207750611147 2.661890403026534 
0.995707319583127 0.601815605480428 0.02949207571962286 2.667302555622715 
0.9884252532128631 0.6124547089287273 0.02744392632493327 2.649701376313717 
1.008960315526428 0.576226052476471 0.07285391832236078 2.698580192773284 
0.999521166035775 0.5916772963395301 0.08584535074542866 2.677113564763232 
0.9857510452350098 0.6122048332865687 0.09391969726751616 2.644796477965143 
1.001548203243647 0.5908066452987398 0.06252513370665508 2.68168002980426 
0.9929070544909436 0.6042044349263227 0.06884095220017639 2.661436912766932 
0.9967690651813192 0.5997566216724498 0.05278947908134157 2.670603858141457 
1.001493418357034 0.5889176098619372 0.0006355772623034572 2.678382131837105 
1.001270610978718 0.5892081668697894 0.0002009337339250254 2.677811131082576 
1.001307768544914 0.589273812131636 -3.363058170343481e-05 2.677973475495801 
1.00152487367324 0.5888166262185996 0.0002160052579835501 2.678427277537101 
1.001450403562658 0.5890221790787683 4.306448149031301e-05 2.678300226870902 
1.001614044214178 0.5887252108061265 -2.455979991543396e-05 2.678670407456781 
1.001177632509352 0.5898067585540214 4.994445882161231e-05 2.677854042928109 
1.001195909885252 0.5893396906757364 -2.366722936191625e-05 2.677639865614219 
1.001328824348644 0.5892346712571676 -2.116167036429747e-05 2.678020641770571 
1.001264193936542 0.5893935635869155 0.0006097818874107863 2.677899094039313 
1.001288165970962 0.5892591185662891 0.000150129279863131 2.67789953234879 
1.001451597741658 0.5888880252239089 0.0006918948442699398 2.678225566550637 
0.9923980022977452 0.6059734754964744 -0.0002719395668009358 2.658446403720176 
0.9969116039938146 0.5994751626813568 0.0001357919963476861 2.669440695264044 
0.999564469982467 0.5942400975548027 2.198063613758815e-05 2.675134569367476 
0.994009918978695 0.6042637600496129 0.005472479539914703 2.662740669283405 
0.9982253640153834 0.5969247583855278 0.004774954603063655 2.672273558426584 
0.9960866457794632 0.601333199139679 0.01181734485866223 2.667899046181998 
1.00115010887066 0.5897175295924407 -7.33665673271818e-05 2.677713962696021 
1.001396583566845 0.5898768869815197 0.001384135773850245 2.6786258580705 
1.002272587980845 0.5884006664261627 0.003850511351071265 2.680680773556687 
1.000863157132565 0.5909316697988939 -0.0001050033543333477 2.677470660832549 
1.000871403026743 0.591455715014641 0.003384796652366443 2.677813928711463 
0.9996699609290497 0.594300572853483 0.0001540821927525023 2.675498720447491 
0.9999770350668199 0.5893842179724011 -0.0009087485356519672 2.673613635212463 
0.9999592993361599 0.5887545594628628 -0.0004213631416737676 2.673180636223993 
0.9999353598311688 0.587593937852398 4.51280385044907e-06 2.672413286997657 
0.9999193211515784 0.5906325722618778 -0.0005428589321645947 2.674155136907843 
0.9999132512263601 0.5896827822455802 -6.658714905626408e-06 2.67356916987749 
0.999918324220465 0.5917897385424556 -3.323192065486027e-06 2.674831098963729 
0.9999375780291471 0.5879748268996529 -0.001786405051456179 2.67266768403064 
0.9999642247602363 0.5885708484741852 -0.0002922914376559526 2.673084568545705 
0.9998907875563825 0.582602423240099 -0.0007767838220337785 2.669384438920947 
0.9999802046052314 0.5876516501991752 -0.001526865448978209 2.672618219152108 
1.000017531168554 0.5890478327260722 -0.0005333787300139847 2.673542961746969 
0.9999804275622528 0.5869421261457881 -0.001007316970195771 2.672199264185019 
0.9994824910645793 0.5936430283785682 5.166901534500105e-05 2.674482797528681 
1.000019387529017 0.5904743036274032 -0.001744768523938062 2.674398678461142 
1.000610522269185 0.58688675507996 -0.00211721088119794 2.674249737340071 
0.9998343185297743 0.5924575159380004 0.0001128812980637832 2.674949258796294 
0.9999966895995401 0.5896627310474822 -0.001116623943726219 2.673843821378618 
0.9998386392308608 0.5917337595288686 -1.794188487000147e-05 2.674534671204 
0.9953880182635784 0.6011438923855704 -5.402301469232569e-05 2.665394050314291 
0.9965553820464849 0.5989352817784386 -0.005854844764895545 2.66794932035139 
0.9987261497117816 0.5937459195284253 -0.01177251430347057 2.672099586549528 
0.9981686818396986 0.5961441669150657 -0.0002013459016374917 2.671615093562152 
0.9991078724345888 0.5940844863886893 -0.003762970497032667 2.673512119499867 
0.9994398309954622 0.593429419743852 -0.000143622506469118 2.67422147580459 
0.9955919680589587 0.6011741507809136 0.0002954219558936542 2.666099591396673 
0.9924293172872581 0.6055829650536462 -0.0001925865462869675 2.658313449677864 
0.9900916211353945 0.609182566220197 -0.0001385998680776422 2.652811323526241 
0.9938547539644693 0.603498951435272 -0.004673815371776582 2.66175743201826 
0.9906746976355004 0.6087576320601512 -0.0035980718083755 2.65446122875656 
0.991119939276643 0.6070202403537842 -0.00995500934283694 2.654919820285415 
0.9926988336534974 0.6060692551868478 0.000140975405825112 2.659497922655889 
0.9908378179123124 0.6085091421928829 0.003985971606094168 2.654844852199781 
0.9876499158874756 0.6134884255399581 0.006384460098725937 2.647448175347173 
0.989993033001052 0.6099008512470989 0.0001502919304151892 2.652925907851928 
0.9887658406314688 0.6114343720157227 0.0003781775665768692 2.649814478780662 
0.9899796197848713 0.609322613479422 -0.0001616491809349352 2.652524416081151 
1.002462276274678 0.5870835135278433 8.986000841632627e-05 2.680532416800762 
1.001991487069879 0.58815345810536 0.0007227475260974791 2.679591709331836 
1.001538181835615 0.5889197154864263 0.0006800773276660188 2.678532532908629 
1.001656055893992 0.5884989316003977 -2.24010551694968e-05 2.678677069692959 
1.001495166311146 0.5887378592073396 0.0001330230967082726 2.67828233162538 
1.001601279920674 0.5887572711751839 -1.75944799030533e-05 2.678647487917374 
1.006648348784821 0.5814442561159824 7.519782635057875e-05 2.691222770599157 
1.006461213542388 0.5812994337446297 0.003207647535734139 2.690518143947901 
1.005828116748902 0.583724778900455 0.005767646150645835 2.689818931738138 
1.003994543081936 0.5857518495006296 -0.0001140177068870764 2.684858431130445 
1.00384974687046 0.5851160332003296 0.00126579638722696 2.684007202025898 
1.00258837675355 0.5872383407837279 8.831898200644608e-05 2.681057604035145 
1.013599494687923 0.5693886729044708 0.03753113158483419 2.708371604137898 
1.017369748851345 0.562346370765739 0.01899183083691441 2.716611215844717 
1.015473790957091 0.5670504519942301 0.001646103362995639 2.712677404125904 
1.020884190056952 0.5569967438831567 0.03341974259509271 2.725904988515738 
1.0209592192268 0.5554385777949867 0.008215423539643659 2.724755303827313 
1.02718979003002 0.5422491070569643 0.02205522125353368 2.739001226770421 
1.018264169781817 0.550893265597683 0.1264195611637666 2.720899174725914 
1.012162592727097 0.5672526100173424 0.0957454971911951 2.706188139939543 
1.008957688954534 0.577492483045584 0.07327089845483302 2.699327388762144 
1.027277477794384 0.53650133861413 0.1001627741551957 2.740817860597718 
1.019230722743706 0.5567707930611571 0.07808007080670315 2.722691025074339 
1.031580686033194 0.5297489042866148 0.0748996291153055 2.749906734368427 
1.006742978937755 0.5817403153946189 -0.0002291111625609749 2.69173296896688 
1.010165223456273 0.5761192495856508 -2.52655370110108e-05 2.699923137740511 
1.015028708325479 0.5664201746271936 0.002890783265745836 2.710797116641716 
1.009011299594515 0.5769285583986143 0.006042569675551571 2.69655698414336 
1.012842291198973 0.5714103279085049 0.01205590228865946 2.706322321873758 
1.009222814758529 0.5791896216971872 0.01658791821635698 2.698666916955652 
1.027570640692973 0.5417630732726409 0.02196216388554203 2.740062242680255 
1.031389432184601 0.5330703566900379 0.0434206038348448 2.74912239900238 
1.032194677716174 0.5305964609479682 0.07356738964283423 2.752263806272533 
1.020450240113364 0.5577609385073928 0.03394822625901847 2.72489909440282 
1.02013631396942 0.5564425351737794 0.05229808618996037 2.723866836214553 
1.013473286410795 0.5693616585420741 0.03734960044529275 2.708009197598877 
1.001042991071925 0.5792150905292854 -1.100958435313627e-05 2.671269982568019 
1.00015938146625 0.5797417785995369 -2.662161341534738e-05 2.668630459403194 
0.9996386281832275 0.5803193416982535 -0.0004369263232533781 2.667228201040506 
1.000856198875179 0.586837631790817 -0.0007176465136561831 2.67503831265285 
1.000255006835983 0.5878272285068774 -0.0003908127576553301 2.673617686953092 
1.000439633818818 0.5848063424317784 -0.001980074948462443 2.672471158860393 
1.00451150265439 0.5759546449760887 -7.953783492695419e-05 2.680978649325016 
1.002072681036618 0.5784124333655459 0.0002754563466361482 2.674257305180464 
1.00091810026845 0.5794327559331252 -0.0004436355686163579 2.670999185331763 
1.003644683758067 0.5819361680411163 -0.00364529976005547 2.681482829498528 
1.001923006188307 0.5846037981435627 -0.001436796839464192 2.677285959911271 
1.002015413198397 0.5833348880581097 -0.006671705250146243 2.676892979232593 
1.006327884994135 0.5758672762445525 -0.01112000549543105 2.687088923477521 
1.009868497889261 0.5705801221425933 -0.00835856535199872 2.695798897886481 
1.013351180463803 0.5613073472096899 -0.002257564107666784 2.702452163057883 
1.006208784588548 0.5769778610556047 -0.003424876797864753 2.687153276075438 
1.007407286771512 0.5705029152923585 0.0001881452230805778 2.687676687912036 
1.004273611752702 0.5754279192877209 -0.0007702670582111166 2.679999134074235 
1.023566047491608 0.5399795867323686 -0.02171677554618363 2.725680292071621 
1.018410981099104 0.5507407266961259 -0.00775546847253468 2.713827280530248 
1.012964077082178 0.5607062273530129 -0.001659487693240359 2.700885374388255 
1.015454696964735 0.5571254249027181 -0.03053427027783769 2.707495508489468 
1.013838690647832 0.5624403551909646 -0.01763866194606626 2.704688693569753 
1.008438978135378 0.5689973682494436 -0.03190460994023347 2.690694530747924 
1.009607938315993 0.5688376696435691 -0.03106332337446742 2.694552733074549 
1.014819774444422 0.5568085115439835 -0.04325759458916675 2.705671888865028 
1.02671067882898 0.5282622077000596 -0.06143040224019358 2.731699583373834 
1.015172240410183 0.5575176368244985 -0.03030451680705187 2.706761062402525 
1.026515192225242 0.5324227776146686 -0.03925777959649276 2.732238407186085 
1.023655929721922 0.5397213580976244 -0.02198899573697806 2.725875811258261 
0.9785204798830713 0.6138929285367034 -0.09607869280926763 2.622411269363659 
0.9732904693427232 0.6145466747971783 -0.1243893119639579 2.608985454006573 
0.9682552607741854 0.6126190644716628 -0.1640465834665946 2.596955698211418 
0.9926891001711102 0.5842740904437973 -0.1151808029524127 2.653138015369444 
0.9949352526614543 0.5734699746293807 -0.1481502220311525 2.658627781510897 
1.013555474325214 0.5455958414063521 -0.1203295537732894 2.701463222600416 
0.8671436164046676 0.7355391153004637 -0.0891397664107532 2.3638224225239 
0.8814661552545796 0.7281213072665834 -0.03656016902498612 2.396831439213864 
0.9008635181403333 0.7150311302320392 -0.003246306970891976 2.443820948808944 
0.8540941859555592 0.7490413034203309 -0.04183792237044393 2.333768548446878 
0.8801419701766505 0.7317021150563612 0.002128431817443045 2.395111757120523 
0.8506582612435077 0.7527296702576705 0.009617122425789448 2.326045542964618 
1.000525080545962 0.5809616280243809 -0.06574388017145398 2.672734243192013 
1.004056756414114 0.5704323736333081 -0.08885696548716991 2.680135828590854 
1.012762449443233 0.5453164184239112 -0.1204183281654234 2.698640871997656 
1.011725153578031 0.5584492753591307 -0.0707954842540077 2.697726566565132 
1.022938933459239 0.5320526806389877 -0.09080376990577958 2.723074583203039 
1.026860487457976 0.5281244625584685 -0.06145375558445418 2.732219179060051 
0.9204794918801648 0.6764393725098115 -0.1504264858577824 2.486600398228585 
0.9449656153021336 0.6444530771070884 -0.1633614334214127 2.543338997228606 
0.9676594177002248 0.6137460081677858 -0.1664291090064671 2.596123107209353 
0.9386686841868594 0.6662918836374531 -0.1011952354792903 2.530016136469726 
0.95293124934078 0.6453763758075738 -0.1122010279267138 2.562011423940492 
0.9526689224676568 0.651159837030594 -0.07020968199266417 2.561208541348154 
0.9311471849654405 0.6713793395965365 0.1554670360272868 2.516858861912623 
0.9019737283490269 0.7035404919194069 0.1330210705069303 2.447797487736543 
0.8738381531637185 0.7301960857476293 0.09885363245555408 2.380291000360039 
0.9155333890277788 0.6922674113881192 0.1144176193867111 2.478545430061045 
0.8945095728930256 0.7140564293675175 0.0848747045164059 2.427858794724885 
0.9118423970739998 0.7016485512875906 0.07415955285655357 2.470036774413537 
0.9191582690614595 0.6933736805433363 -0.06118094171020683 2.485263414656266 
0.898487553642157 0.7111300782883033 -0.07298170186187096 2.436689991458061 
0.8683937326629744 0.7342784333551891 -0.08698736783508107 2.366035822693779 
0.9143027919295373 0.6914358714285364 -0.1016278363562212 2.472484202986277 
0.8924048586097488 0.7090604149016957 -0.1264004763028655 2.42220264240312 
0.9207063437657257 0.6780460102828277 -0.1534689540428996 2.489087815880445 
0.8742883209590842 0.7296966435374164 0.09860993820606684 2.381099452737049 
0.8578850476733946 0.746326403554232 0.05575130497117448 2.343368868706566 
0.8504740448050363 0.7529635954636625 0.009377635780916159 2.325767780659702 
0.8815932005672236 0.7286908831256063 0.03989860895568796 2.397775960722942 
0.8797423617059519 0.7315374004827113 0.001883589234640518 2.393762460428289 
0.9030748864097501 0.7140443376184359 -0.002267387298560766 2.449812832390275 
0.9815861626089705 0.6061911084041655 0.162019986465244 2.636194267795376 
0.9828180189377473 0.6116708972433249 0.1223828292070347 2.638072033462989 
0.9858229132111914 0.6131086950697321 0.09404371706811132 2.645636577856092 
1.0030489336434 0.5740320739356296 0.1480057457599572 2.685607984188747 
0.9992154544940828 0.5882581365452321 0.1148311569990235 2.677145336518389 
1.017631147757943 0.5497475984462576 0.1275528592859153 2.718292021710448 
0.9810938718079431 0.6053296523513076 0.1637657442080785 2.634034501513153 
0.9584569735555517 0.6375419218480111 0.1638857835724106 2.581577496041778 
0.9311516656238754 0.6715345542024781 0.1542411935012374 2.5171403409519 
0.9600524252469744 0.6436152611846581 0.1232071631874009 2.585172922449483 
0.9404597010656137 0.6672315911361815 0.1116986675184244 2.537502307877522 
0.9514103405484969 0.6596827749471843 0.0823654003587862 2.563822373044206 
