0.9997974922785443 0.5919229159607023 0.004106289811458841 2.674521048400339 
1.000984078302663 0.5898930763388147 0.002204229300492824 2.677264023824596 
1.000833645156478 0.5902034566796605 -8.559160938499609e-07 2.676945494602182 
1.000961460105108 0.5900690445940787 0.005394167815853961 2.677304306742658 
1.001752865340162 0.5883693992153063 0.001506960556710308 2.678923529872574 
1.002625290980438 0.5873136419576551 0.005895928703766523 2.681228017244901 
0.999921611890725 0.5916872994876192 0.00426975450612987 2.674799179411379 
0.9991207375654065 0.593218888688977 0.006736033206575046 2.673052395910647 
0.9975076743361925 0.5960948419627289 0.009441008120703242 2.669433514289306 
0.997726653437059 0.5956448181792104 0.003873143037058756 2.669854830317592 
0.9960203426114631 0.5984607646337555 0.004704176503367259 2.665887067661719 
0.9956958636791104 0.5991234785092318 -5.255137589526417e-05 2.665198397387212 
1.003809391168754 0.5851925987835485 -0.0003085568758444589 2.683919183112039 
1.005358665909234 0.5816383495604304 0.0063932869483336 2.687045561694232 
1.00442583710566 0.5836401278876515 0.01675543943566235 2.685203416759824 
1.003543287833488 0.5849366681913145 0.003571819556466562 2.682890646692209 
1.00327826757679 0.5861091604212526 0.009888650077405569 2.682727756054656 
1.002465405913477 0.5877209918388543 0.006039106533983765 2.680940405250959 
0.9973366607652462 0.5960780996245909 0.009172630352510182 2.668856592879993 
1.000369439735527 0.5909376583665539 0.009555264956067717 2.675878403579402 
1.002447154828154 0.5874238704986062 0.00601043629362131 2.680707881821598 
0.9997437274850368 0.5918710046360008 0.01395234510986553 2.674402261547326 
1.003511941188874 0.585348721362812 0.009980305414432032 2.683063045062207 
1.004246819997182 0.5842313104787904 0.01672364600756635 2.684947238556505 
1.007710785663936 0.5752474591428471 0.03811554736225429 2.691927941759455 
1.005623554733716 0.5805450415294674 0.02474398534270862 2.68756777137068 
1.004096026892406 0.5842696361719362 0.01701497309877719 2.684507188220032 
1.01242401198573 0.5681660208953743 0.01945175904309723 2.703211612172102 
1.008117425690503 0.576356726794237 0.01257841432916839 2.693297381162451 
1.011396778750192 0.5709336078911019 0.001667804140967304 2.701113517975631 
0.9695477738626301 0.6384580083921834 0.04378616419990547 2.605305186472668 
0.9802782696230217 0.62248550137923 0.05220502698890715 2.630286941367431 
0.9897175785716679 0.607239431053486 0.05162714977859188 2.651903876437482 
0.9713170366625974 0.6343847708820024 0.06714404286263774 2.609686260440347 
0.9859289111351276 0.6108609680360271 0.06921235545141635 2.642486971284976 
0.9783501823482438 0.6198124636562273 0.09370751344140357 2.625308140268932 
1.001839363110116 0.5842781341011473 0.07400271650951516 2.679512829232394 
1.006427727703527 0.5768876325344934 0.0533249237908502 2.689271728647971 
1.007564414409727 0.5752680011187611 0.03790852497824312 2.691645838314037 
1.012366508805964 0.5632416253302435 0.07876986336580578 2.703173214525298 
1.014309554359813 0.5627513271570219 0.05234821110360919 2.707680080691703 
1.024993228605658 0.5369240362530269 0.07592364227895519 2.731236940270815 
0.9895323295108873 0.6067546194674734 0.05153374408716458 2.650835088852636 
1.000183866601378 0.5898818267510461 0.04926054506420815 2.675788091391116 
1.007574908105105 0.5756286050587003 0.0377559931858447 2.691800392631615 
0.994481695685707 0.597902456539433 0.06288325453338708 2.662442640776282 
1.006314615502728 0.5759455641627877 0.05382909564115661 2.688359067648272 
1.001854549631565 0.5831706438516112 0.07392195109069451 2.678911526382222 
0.9460861521149151 0.6658143313855699 0.08107866500742041 2.551040151001566 
0.9606213075182666 0.6497160448889033 0.05845615035089642 2.584763289887198 
0.9701885497950642 0.6385683581109655 0.04496481605550642 2.607572715033396 
0.9629844377580089 0.6427915695084964 0.09222976493658307 2.59035241590125 
0.9708837786593982 0.6343491845638345 0.06656868725076331 2.608274542208704 
0.9783604611949016 0.619727963382036 0.09349431417234264 2.625229305355354 
0.9958760490952927 0.5973480470272152 0.02687502701346238 2.665150535367945 
1.000075464217742 0.5908908253401051 0.03344628557788516 2.675398600604066 
1.007758391717474 0.5755548140219724 0.03780230313370973 2.692218382435386 
0.9938285076573136 0.6014958227126638 0.03676755473093892 2.661114896497726 
0.9999471975827871 0.5895394931352865 0.04879021647043318 2.67480753630031 
0.9897275854292205 0.606786200123796 0.05191640674575489 2.651473911937533 
0.983514206173877 0.6177582797450697 0.02467199936701994 2.636828561718615 
0.9900223458377617 0.6076871753551761 0.02864260184797803 2.652081787578531 
0.9955447634380402 0.5979817898697373 0.02664785879592136 2.664451115403143 
0.9853371293488344 0.6154414614254791 0.03734586572987451 2.641743332886317 
0.9939293926807199 0.6008018932391036 0.03731057308456923 2.661026711324033 
0.9900378677780446 0.6071921627944723 0.05142738768819263 2.652697719715843 
0.9825220795357218 0.6204393676418754 -0.007010802569885314 2.634945179359394 
0.9828338837322209 0.6200700792721188 0.0002914949536689744 2.635725356165236 
0.9846503841405619 0.6169990791207383 0.005143004839465986 2.63980613150053 
0.9782487974309356 0.6276772842308351 -0.002570998037582157 2.62557565383049 
0.9807261638410258 0.6237261576975948 0.00673670319896632 2.631149210220332 
0.973608246592115 0.6340704397007365 0.007333841792104621 2.61463455483985 
0.991051461736501 0.606333585872842 0.01094808957005401 2.654289023881562 
0.9947300156435658 0.6006903409455918 0.0115094052849061 2.663020039047594 
0.9973253487676009 0.5962971936499634 0.009578484005772749 2.668983717540563 
0.9925446885686484 0.6045511622450421 0.01840730298427331 2.658226385704397 
0.9970383977853391 0.596447285978012 0.01610963539057806 2.668157910148169 
0.9957587642664747 0.5982795997193937 0.02659560538093109 2.665246274049807 
0.9732274278954143 0.6341118608023376 0.008092905918405963 2.613418594710327 
0.980855867378981 0.6237229420251057 0.006420160488710295 2.631575058115479 
0.9848556614471315 0.616873892202604 0.005170659008057581 2.640398780100748 
0.9777634564418102 0.6277939756187799 0.0191449535439371 2.624273053930187 
0.983363866091067 0.6192162501745859 0.01214555842956603 2.636991704176992 
0.9836818809093834 0.6185487644329382 0.0248152220423015 2.637857839770295 
0.9976054148160697 0.5958539071592646 0.00971629412046379 2.669636552895147 
0.9996914261729213 0.5919250571672742 0.01371912998366353 2.674258085897345 
1.004127103134957 0.584314951847811 0.01657122893052052 2.684598725523109 
0.996952563085014 0.5968374034257016 0.01584517766789516 2.668109664474443 
1.00066626437229 0.5897744314777694 0.02337236013494717 2.676412267070297 
0.9956363592733671 0.5980455548327284 0.02689493173497468 2.664716393848138 
0.9954869250620683 0.5975552602203087 0.02619660765441025 2.663940031722168 
1.000911120972231 0.5896808397842849 0.02361702448483968 2.677181029969939 
1.003976667293192 0.5846258087799318 0.01675382267230984 2.684316105533853 
1.00029331253665 0.5907926741015731 0.03382784184061859 2.676066414058205 
1.006020227974617 0.5799999092934484 0.02480654047743186 2.688571539248402 
1.007753342484868 0.5755826053222057 0.03805098514493569 2.692222665679989 
0.9998545367310215 0.5919224992188544 0.004197677042877715 2.674709551467672 
0.9999561348448599 0.5917913020386221 0.001835875383669762 2.674963601443019 
1.000062912547702 0.591532119915415 0.0008220049355940575 2.675166070878877 
1.00091909678973 0.5899212661984725 0.002163247260289082 2.677063945165628 
1.00041109681937 0.5909146992082944 0.0007904924442112651 2.67595753820421 
1.000982813247488 0.5899860005967995 -0.000279280014354741 2.677310916998229 
0.9974858737038373 0.5962441004829078 0.009675289678626554 2.669448658331261 
0.9990864596547235 0.5931293407219532 0.006640618031558212 2.672886191832658 
0.9998497367361709 0.5918208389448071 0.004164991948636794 2.674638722436156 
1.000321687253241 0.5908577215816178 0.009336624792505651 2.67567008659111 
1.000801524823674 0.5902675610046197 0.00526890389759962 2.676889767548781 
1.00245103501859 0.5874016240561408 0.005976759555974451 2.680701557619945 
0.9992600044627045 0.5929158155264207 -9.048957159378434e-05 2.673315314322754 
0.9996534004671654 0.5922557009385013 0.0008142033804008555 2.674231799972922 
1.000022750376967 0.5915370115505809 0.0008321726800702351 2.675035038754316 
0.9991711695851704 0.5930624279541598 0.00169817091543355 2.673108498281272 
1.000033781736971 0.5914859857729355 0.001825643296438623 2.67504130881135 
0.9998457711716396 0.5919863442108224 0.004085149976697921 2.674718692876953 
0.9782175929285278 0.6204742970237668 0.09371621735723731 2.625371962093269 
0.9921776160095122 0.5988666005461798 0.08632119190538959 2.657105786349694 
1.00139168360721 0.5847431421676189 0.07371972862996003 2.678433813107714 
0.9913289507602807 0.5955625839427039 0.1158580395022758 2.655416828979239 
1.005054327909972 0.5743329224687799 0.09663911612203716 2.686482716916493 
1.010046373636886 0.5580883249580898 0.1295228603424698 2.697504561478928 
0.9999609231062951 0.5917509362199256 -0.001423292800534218 2.674951251438495 
0.9998479381817258 0.5918671203651343 -0.0004956955490504094 2.674649529861286 
0.9999622698495566 0.5917065470322936 -0.0001821926078000385 2.674933961154724 
0.9995808073520492 0.5923269694264762 -0.000821400737110981 2.674034645232327 
0.999799941999934 0.5919960696229859 -0.0001116327441887417 2.674563752498697 
0.9994687398314663 0.5926309380480935 -3.358531905964203e-05 2.673836175152044 
0.9999737817706271 0.5916492063649558 -0.001460089503653026 2.674936569362115 
1.000159500262241 0.5914109092800564 -0.0004070870328210934 2.675413539722436 
0.9999186254185244 0.591579279363918 -3.548392170022335e-05 2.674746082422442 
0.9998466370470022 0.5917950771923519 -0.0005840047366588732 2.67460577388042 
1.000011752207695 0.5916152420541181 -0.0002839947304723351 2.675039191031328 
0.9999578387128361 0.5916806992996929 -0.0001383940245481197 2.674913207104434 
1.000032078010456 0.5916052301334139 -0.001429510704183214 2.675102474521125 
0.9991159660713538 0.5932320843836273 -0.001737528982950856 2.673027870769369 
0.997799296236079 0.5954836845985906 -6.466056508402492e-05 2.669987866249665 
1.000137512733783 0.5912616000728942 -0.002855839408336729 2.675249071947294 
0.9984766461921222 0.5942759658902065 -0.003552235616460251 2.671529172838734 
1.000307666388807 0.5910138477510262 -0.005535002698963932 2.675674105351097 
1.000521728760122 0.5908305024030052 -0.005604958226787153 2.676297051804494 
1.00105041162256 0.5898555371150731 -0.001839233760392251 2.677464563840202 
1.000460574264363 0.590376997195913 0.0001318442595265855 2.675846986080486 
1.000119505087202 0.5914339044523836 -0.002955185550868329 2.67530120661536 
1.000391903286876 0.5909096341677063 -0.001079685555212934 2.67589125479063 
0.9999871602315052 0.5915985094996971 -0.00142888808397612 2.674953429227727 
0.9964911195764872 0.5977480657638528 -0.01194394254914654 2.667069618204573 
0.9990698486806208 0.5933155448480535 -0.009200194458976914 2.672956918634159 
1.000364571936469 0.5909430559853044 -0.005738433943683199 2.675822103120486 
0.9968550964583808 0.5971863586793966 -0.003928698940141748 2.667885755671601 
0.9983273208031618 0.5943692125898606 -0.003527795817298204 2.671088967602278 
0.9979687374833029 0.5954124598576249 0.0001047491611917628 2.670509466999179 
1.000481092878561 0.5912039659578436 -0.005461564035554561 2.676389862999154 
1.001676674162405 0.5883227483397003 -0.008164126091336205 2.678721495349652 
1.004152092874178 0.5835659000399347 -0.0107941745056325 2.684222196030819 
1.002133713476524 0.5877478405862891 -0.00408031693119956 2.679835174988443 
1.004129162057832 0.5842841534780938 -0.003825448791174602 2.684441005529117 
1.002739785920577 0.586372350834258 0.0001266604021132839 2.681093356386921 
1.003976289189595 0.584056677744919 -0.01046470397941394 2.683962466786286 
1.00567591731621 0.5813311249542694 -0.01803965582912678 2.688147311323781 
1.006828837496896 0.5774363225814343 -0.0311918167817223 2.690047110612599 
1.007185880024271 0.5782049003184939 -0.009001268943620815 2.691152141005851 
1.011162094869484 0.5706876756676138 -0.01738122928410358 2.700298702682545 
1.011245913184929 0.57078244968825 -0.002865813772171498 2.700694982341296 
0.9890928889952914 0.6102599000810454 -0.01026001958005577 2.650250438822307 
0.9859782489577803 0.6149128246539033 -0.01010686763821572 2.642873574143177 
0.9826561071587648 0.6206440795808141 -0.006843658996236057 2.635536611113215 
0.986783320186539 0.613928463003508 -0.01598876637718698 2.644962387809439 
0.9818428709080829 0.6219552302570956 -0.01443100298275201 2.633754356656877 
0.982386434184803 0.6200779401861687 -0.02427635351385742 2.634555477614975 
0.9926572837011312 0.6044423479084395 2.454827104488549e-05 2.65836568608171 
0.9912810557604248 0.6067733012815894 -0.004488531531257279 2.655248387988902 
0.98913035061634 0.6099733748711278 -0.01012090037994871 2.650176827311915 
0.9938642160827561 0.602081616554481 -0.006051581863053539 2.660941063773588 
0.992760900175093 0.6039207668732297 -0.0125987315995714 2.65848072436708 
0.9964648599316511 0.5982846603469882 -0.0122481554181067 2.667314237988792 
1.00045365180478 0.5910222785648436 -0.005664976155841157 2.676170253746391 
0.999109779784587 0.592803795874749 -0.008868409987911883 2.672782444598191 
0.9961169671683638 0.5980065656323371 -0.01207327642775969 2.665986123495662 
1.001831659074984 0.5886839327396116 -0.007635549255780335 2.679408019895517 
1.000121749697726 0.5913400009959595 -0.0140476471711298 2.675340196118706 
1.004291764437153 0.5834241900751083 -0.01065233009825992 2.684579096359863 
0.9966213680435027 0.5975700047333813 -0.01159353677299351 2.667405664113789 
0.998920397539945 0.5929669346077472 -0.02076786126754794 2.672429881700726 
1.006138914223633 0.5800247683824233 -0.03142255081002236 2.689162768877106 
1.000251962774758 0.5913339436979422 -0.01435712471649588 2.675771491690302 
1.005574116771927 0.5809633802651555 -0.01849620644992603 2.687546681677841 
1.00414814263261 0.583420857985179 -0.01028532492267853 2.684100673395394 
0.992684788842469 0.6032352192374943 -0.0316361531606735 2.658261072155813 
0.9941400753862977 0.6001521861456394 -0.04667780923872306 2.661734192169872 
0.9988034847456887 0.5891510543375953 -0.06691449332697569 2.671784628685436 
0.9991697522357227 0.5923512615395176 -0.03600107249788179 2.673312244660713 
1.004826599368253 0.580346385777234 -0.04705897826325307 2.685651316065627 
1.006217480487889 0.5783774720311036 -0.03029220364178221 2.688518751067558 
0.9891890231764214 0.6101001516210881 -0.01031694094487594 2.650471524942693 
0.9895008677309035 0.6093287094986057 -0.01957571699029378 2.651113645827377 
0.9922272789743939 0.6041916961531228 -0.03191504953035366 2.657308857832028 
0.9928735013492423 0.6041544883484483 -0.01291526822063416 2.658983166883269 
0.9952477479281 0.5993033133521399 -0.01986824437894829 2.664019486034761 
0.996454886580596 0.598163957314376 -0.01177224638449451 2.667202532332987 
0.9778036679403551 0.6251363760302791 -0.0535235024868366 2.623922942885189 
0.9684788130635915 0.6390066914379238 -0.06273870439811814 2.603273626650591 
0.9524813248436171 0.6591769156841852 -0.07178156758659429 2.565977268120369 
0.9773185675965633 0.6244211467210478 -0.07211738211639741 2.623152273750431 
0.9644014098487781 0.6400886687510162 -0.08886042426464717 2.592785839794668 
0.9785269709044978 0.6192759150593098 -0.09797799472536942 2.625899186797716 
0.9987962676976337 0.5889527800391459 -0.06625697184819866 2.671659224843289 
0.9874306999738891 0.6092976069905315 -0.06458604126333835 2.64623288842056 
0.9782211531811997 0.6249886594199195 -0.05281671774443014 2.625164108444002 
0.9912152380462844 0.6005377928151587 -0.08287463141395139 2.654679616911545 
0.9772060198586561 0.6244466450093547 -0.07255650124962047 2.62279899826027 
0.9783370039998887 0.6193687049887395 -0.09834826205859216 2.625312163925333 
0.9823812729864729 0.620368713882359 -0.02485229737086453 2.634787348010312 
0.9760445619333248 0.6297736364978253 -0.02508031255635144 2.620074719744234 
0.9667811453410253 0.6433499080639127 -0.01999322708781151 2.598758703289167 
0.9805316002195957 0.6232250040597207 -0.0357491068893498 2.630840361712969 
0.9703750730160584 0.638157400932305 -0.03823236344711938 2.607503054723502 
0.9781289326807043 0.6261499905674639 -0.05351052255813094 2.625652947392369 
0.9890411232272169 0.6102286520654927 -0.01055628995875335 2.650065612057682 
0.9867231063919349 0.6140814791538757 -0.01570476393597805 2.644854995396395 
0.9826012876900906 0.6199777610307549 -0.02423915126047669 2.635198128419661 
0.9894689398289389 0.6092564442695098 -0.01907774909359908 2.650966281798411 
0.9871051510969926 0.6125633070590424 -0.03011568011725165 2.645525920053556 
0.992406963843165 0.604214246103321 -0.03270873010259856 2.657939032871279 
0.9826629977071299 0.6208555773245106 -0.00651998421559548 2.635695201073007 
0.9782965858849358 0.6271989309445953 -0.00309901184276395 2.625434267279598 
0.9732150046831018 0.6345445871770133 0.007487133821278654 2.613672178613597 
0.9775364142600729 0.6285991178695872 -0.01157972731695792 2.623916944206956 
0.9690721341205071 0.6406363998444488 -0.003617843238006154 2.604155644998017 
0.9671008987605932 0.6427265198821813 -0.01932404223573336 2.599302031777902 
0.9923452908006627 0.6038098253949592 -0.03192391878451927 2.657472827856105 
0.9870275520914645 0.6129902962936746 -0.03048639470076182 2.645537649423009 
0.9827108235956852 0.6201781887038509 -0.0245032121433485 2.635737402091098 
0.98747309627987 0.6114143682036645 -0.04251535391054485 2.646477910676662 
0.9801615973494687 0.6234416832464323 -0.03612043059520163 2.629770620652258 
0.9782255841960051 0.6261306583524627 -0.05359356957487339 2.625917754912721 
0.9828754065109435 0.6199943088304619 -0.006783901715242914 2.63583306706119 
0.9859751643155907 0.6152921654783736 -0.00986707352338728 2.64309243215129 
0.9890154070066469 0.6103285532023796 -0.01045952969919343 2.650017154599543 
0.9866105496392487 0.6143332781310265 -0.002785177590681166 2.644530625705962 
0.9882072415380889 0.6115557937109503 -0.003585920462502986 2.648058001720775 
0.9877143919678107 0.6125047966791319 -0.0001021507670651284 2.647029270083007 
0.9669401319996147 0.6435230597158048 -0.02123468995501577 2.599550250582916 
0.9578473716378832 0.6561118361210069 -0.02244574569066327 2.57869563306388 
0.9432331972490905 0.6745465949601787 -0.02310721562899952 2.545021181878949 
0.9597437325407251 0.6530057680668817 -0.03857742353948933 2.58316408371668 
0.9454458157944783 0.6702888980144479 -0.04798343425896921 2.549969707288421 
0.9524481126936322 0.659337410621303 -0.07202604630880327 2.56604024537205 
0.9825245375800773 0.620905779395546 -0.006782192590944577 2.635273439096973 
0.9773221132690172 0.6287388887354181 -0.01133957790661363 2.623305143587822 
0.9675850643147852 0.6423957283993331 -0.02010725703545787 2.600660051431167 
0.9815577822388935 0.6218406903435467 -0.01401134679301678 2.632751897172352 
0.9760290857041608 0.6304476829726017 -0.02477753746973211 2.62045487014928 
0.9823163213362008 0.6202960558803262 -0.02466041787151675 2.634486518788861 
0.9732639769668525 0.6342911695510617 0.008028589330987827 2.613695846888241 
0.9664698676080755 0.6446659864943309 0.01066597078777624 2.59847420071027 
0.9557321883412507 0.6592624349728645 0.01373093098217256 2.573928717065659 
0.9690594793548152 0.6406781697228607 -0.003366849258152883 2.60414537396784 
0.9600919665426784 0.6538049562931514 -0.00690103502997375 2.584119206408746 
0.9672217884577495 0.6434915301961524 -0.02062903097434178 2.600298343635126 
0.8980102566274498 0.7214265026091478 -0.002792538072553027 2.440287065522904 
0.915937765092979 0.7047351109445255 0.01538705867522142 2.481962774238196 
0.9302528158414552 0.6878312984694128 0.02614502538750299 2.514213937999081 
0.8987507760725465 0.7193636252735147 0.03692801218528227 2.441680754404724 
0.9197610504814393 0.6993427854878832 0.0462212359907113 2.490668903442745 
0.9089028138782452 0.7077698200743979 0.07448018661719487 2.465747596698501 
0.9435112289856494 0.6747378900456212 -0.02294762599904937 2.546345566208624 
0.9343148602205568 0.6843485577246585 -0.002158120995064654 2.523971722290265 
0.9305177449278085 0.6876667957486599 0.02639627804526485 2.514843088231702 
0.9248214837238996 0.6944235651578839 -0.01804470371006375 2.501769954741043 
0.9155367318659714 0.7050842932576017 0.01511917863362037 2.480995872303796 
0.8981421992616205 0.7223107765053496 -0.003563611919436674 2.441113360130642 
0.9778770783822713 0.6252659483939397 -0.05310751005828996 2.624254047790073 
0.9702412066003948 0.6390010092955257 -0.03866182310493251 2.607643696626277 
0.9675284859483796 0.6429528409943338 -0.02005605015772427 2.601049939616602 
0.9678883625584125 0.6386920233007025 -0.06347240983806483 2.601179982103003 
0.9595527846354019 0.653193910118147 -0.0389643729793059 2.582681751758332 
0.9524569427055239 0.6593622443356182 -0.07191535878058465 2.566021702785912 
0.955436459172248 0.6591903026293036 0.01368889326919626 2.573011168263885 
0.9453136094499517 0.6722108394323347 0.01905917276384369 2.54985741218111 
0.9304782884719941 0.6881196960855548 0.02666308593546973 2.514949423269656 
0.948383894910529 0.6685656588231395 -0.001517029697215041 2.556828446806263 
0.9346428527990834 0.6846153912682819 -0.001942848735927823 2.525066255932359 
0.9433586388838306 0.6745476828427521 -0.02395618665804658 2.545481555484111 
1.006415102661627 0.5771545477644534 -0.03127226899707607 2.688639216334304 
1.004986799795731 0.5801708570583146 -0.0466793487387091 2.686109228342401 
0.9985817975737694 0.5902359541019528 -0.06660818019352556 2.671628038402158 
1.013692202388466 0.5650029495863559 -0.04324805075607441 2.706395044440334 
1.011498462079552 0.5654989809122106 -0.07033358618899796 2.700842418228982 
1.026153092520238 0.5363875371896526 -0.06213717616289297 2.734101951163586 
0.996248080536009 0.5973610909468194 -0.0126987798602263 2.666079166823007 
0.9951801671581306 0.5997367261541837 -0.0192611269948554 2.664062981767637 
0.9924732186602984 0.603801335883608 -0.03173214711106732 2.657867423441737 
0.9989290776306045 0.5932075349078432 -0.02015252862120253 2.672591956329744 
0.9992835826843294 0.5918659086508867 -0.03510349014883788 2.673377986155143 
1.006491467290912 0.5794618340335058 -0.03222167161462935 2.690037198515952 
0.978032995803559 0.621554793248164 -0.09777459129787877 2.625611418369155 
0.9934566701933908 0.5908972821165995 -0.1161762460710518 2.659706951700306 
1.013377227414784 0.5534113422558899 -0.1216377030204744 2.705318621676223 
0.9914541351304084 0.6011021899599772 -0.08248116096516515 2.655775653674656 
1.004130267368981 0.5777206092221854 -0.08986479148072994 2.684683315224875 
0.9987873243548849 0.5887483135468595 -0.06700792289558237 2.671579966961872 
0.9921977152157677 0.6032020414649211 -0.03269331560331278 2.656678638436028 
0.9875885212032063 0.6117770811408774 -0.04215072390429579 2.647092383825551 
0.9780824006350523 0.6259888633401626 -0.05345308410530007 2.625305885716023 
0.9943214462519351 0.6002005960739711 -0.04612229671434406 2.662361511950792 
0.9875577946472586 0.6086937140456079 -0.06390245013645644 2.646213401954417 
0.9989814323641308 0.589063230807971 -0.06677414257860308 2.672349630744818 
0.9526472922393341 0.6577867817175406 -0.07152340177152987 2.565919361644927 
0.9537735356897976 0.6521927672036752 -0.1149430749569277 2.569524475035703 
0.9669782064909905 0.6209640432275702 -0.1662285572807871 2.598765234503364 
0.9648102498968048 0.6408455859419137 -0.08990920868488665 2.594635615573794 
0.973794357493342 0.6211846049285462 -0.1263588931725619 2.615154589397314 
0.9786090372256177 0.6204175527092186 -0.09812863383564077 2.626983165982315 
0.9187959316582227 0.6993979347404407 -0.0633646947338217 2.488879472867455 
0.9143894924308558 0.6984066885650043 -0.1037912100215476 2.478085521466044 
0.9187189005367957 0.6841546149597433 -0.1522270705304061 2.487330022823783 
0.9381001394951267 0.6767325502085323 -0.07138707965308504 2.532907531746929 
0.9389103370849725 0.6725129623104208 -0.1032207613442981 2.53538136622333 
0.9523755504456164 0.6579625026213811 -0.07234490282477805 2.565089428195081 
0.9845878611027147 0.6175488819908264 0.004715358797556119 2.639919351144833 
0.9829557165488335 0.6200733856086934 7.599403166341542e-05 2.636137467121236 
0.9826510432670945 0.6201794260663041 -0.00650096520579814 2.635211021774748 
0.9864438664182065 0.6143750456432769 -0.0004919301576076444 2.64399697919445 
0.9867370842349895 0.614223964701199 -0.002970259681538739 2.644879216265966 
0.9877519575353058 0.6125138131199138 4.117387484570952e-05 2.647156231180074 
0.9911056431785307 0.6068802970064099 0.0110912068641163 2.654790284781581 
0.9874733554793067 0.6128237701360022 0.009584323178891949 2.646482363855261 
0.9845810503407072 0.617171416865509 0.005117257780029521 2.639654322533159 
0.9897654776697258 0.6089413824109651 0.004489274435490158 2.651581977643837 
0.9876269954425059 0.6127377099561427 0.003016216901007624 2.646877970382033 
0.9890656264379457 0.6104552803176644 9.087868951393485e-05 2.650211208457652 
0.9910893432384084 0.6065509819870798 0.01124330074574831 2.65457528723561 
0.9886246923427784 0.6106836037980247 0.01738662665251586 2.649018525999484 
0.9838950258288 0.6182872263358804 0.02464547721781021 2.638392635838856 
0.9874586008695793 0.6126719097940829 0.009749897489189316 2.646350712467562 
0.9834785194305038 0.619459357955412 0.01267380079942802 2.637528233314932 
0.9845416927638204 0.6168729581845787 0.004703365596607295 2.63934703878394 
0.9958220382313996 0.5990568317611845 6.481895636908137e-05 2.665582121523213 
0.9960472523004748 0.5984253882503 0.004478256269743578 2.665955346610525 
0.9974319037811742 0.5961355045641966 0.009419001117937913 2.669207368145204 
0.9938669731620902 0.6022647498408574 0.004477996036434676 2.661050365423134 
0.9946656495125149 0.6007553756469736 0.01140107522465638 2.662838122338314 
0.9911896254508472 0.6064646086194319 0.01134266944219577 2.654815651895852 
0.9556277216482904 0.6591628094378776 0.01357728271703349 2.57356546219874 
0.9483715207368429 0.6689906117245019 -0.002003610404574209 2.557078533987557 
0.9430507993838735 0.6745839145925201 -0.02339259789259196 2.544397958060274 
0.9599482568194402 0.6534941655579747 -0.007250190138862856 2.58346908605643 
0.9577475200345325 0.6561232104687601 -0.02266856635930043 2.578403691050162 
0.9675791862954561 0.6439154767128319 -0.01975499222596652 2.601800743885754 
0.9435030615065993 0.674277385816617 -0.02317624217258584 2.545945194507384 
0.9321170509459573 0.685949721013333 -0.03909589457417634 2.518851203620504 
0.9190939643875875 0.6991514412629736 -0.0634161239452624 2.489585063516867 
0.9450305765647354 0.6707594652026426 -0.04851063166467843 2.549032801879416 
0.937532314249987 0.6771434979394372 -0.07087919671498073 2.531359646537962 
0.9523224236077799 0.6585484624401911 -0.07182120817394429 2.565073606599893 
0.9428300297788826 0.6746994875233843 -0.02376011757092509 2.544149135688539 
0.9252351054774619 0.6943542420558382 -0.01776258114331173 2.503010581568691 
0.8977746443557889 0.722673099829562 -0.003242949007422798 2.440223105680174 
0.9324583005936707 0.6858077952712374 -0.039137431064889 2.519809710985178 
0.9059138839003271 0.7135831253901253 -0.03642975911706457 2.458723374008016 
0.91933227025527 0.6989596846402035 -0.06317020996978835 2.490220714488983 
0.9192752609009979 0.6992393746657046 -0.06262075231985205 2.490232285628275 
0.9057272935428501 0.7136948103087623 -0.03700837703357171 2.458200973364116 
0.8982425988519157 0.7211131278184212 -0.003418249419164679 2.440722895747262 
0.8971919496335987 0.7174721156596803 -0.07490399926439066 2.43783260619445 
0.8792769994919994 0.7352671314004698 -0.038783355821045 2.396309178961595 
0.865413813437507 0.7409757984090186 -0.08831452545370425 2.363296862991924 
0.9461859269738391 0.6663007669579583 0.08101938174310626 2.551657772277193 
0.9350947012845865 0.6811786208203325 0.05558253096719223 2.525618424372376 
0.9301335315789622 0.6882767636790212 0.02656822769370814 2.513987626704765 
0.9475897307013145 0.6678573973055969 0.0400645640656819 2.554708010310878 
0.9455455421388984 0.6720647213599834 0.01850669660974797 2.550503622225245 
0.9563850695965982 0.6587592447281965 0.01405639196451514 2.575744458748221 
0.9731890544273102 0.6338983638703231 0.007409965037364338 2.613145920904317 
0.9777667606597984 0.6273840051482893 0.01942019458810327 2.624018587833743 
0.9836755030050818 0.6180049909975222 0.02513669128455378 2.637596945812988 
0.9700030081492332 0.6394870181838105 0.0225925290733193 2.606699649524669 
0.9786512447319752 0.6256118500622524 0.0334983952421823 2.626089454289262 
0.9698960893704217 0.638762958442019 0.0439254053152919 2.606599348794455 
0.9779911924934446 0.6208649406559844 0.09363931103864501 2.62504539211589 
0.9756884471764311 0.6188901237771848 0.1236228587410828 2.619385275570076 
0.9724965409972034 0.6141010516104835 0.1656981885793725 2.611859060139623 
0.9635091818215988 0.6422659666904541 0.09234916089406263 2.591609061353573 
0.9533259644295967 0.6508780524455341 0.1236502887328592 2.568468316269964 
0.9463120278066183 0.6659386931439955 0.08017383880682018 2.551861117673679 
0.9696904281039496 0.6390707281135319 0.0440730731400756 2.606133216687359 
0.9612869998732571 0.6515324525829502 0.03188413771725728 2.586915192235545 
0.9553687146319625 0.6594426179392275 0.01393586890682412 2.572891818384524 
0.9698115789864442 0.6392143638348663 0.02205203236863985 2.605884895433606 
0.96654430242595 0.6446298988221286 0.01003290859177675 2.598700863264613 
0.9736901920310944 0.6340722936200885 0.008233601029902893 2.614936321034984 
0.9900105186083146 0.6072008491695363 0.05138956606297994 2.65259515333487 
0.9801368288693414 0.6229415387356382 0.05203043448142722 2.63009622999573 
0.9695663606258021 0.6386946302680806 0.04451517396825284 2.605492164959049 
0.9850850403730521 0.6153784339061584 0.03682281570554406 2.640875452447768 
0.9786227040851434 0.6259472903977903 0.03279150763615565 2.626229409552256 
0.9839829036642626 0.6177108474847147 0.02537283576617988 2.638388387145604 
0.9463492928891883 0.6658607301849518 0.08060661354507932 2.551885635466167 
0.9478820501086939 0.668027199364189 0.0406324521187035 2.555784675796625 
0.9556877295010554 0.6585965195605903 0.01299239438156366 2.573317466987198 
0.9608403169756912 0.6492720308754817 0.05941165776156272 2.585124644755829 
0.9612551211289937 0.6513106821553108 0.03223846404542346 2.5866820461866 
0.9695413056557933 0.6390596287747659 0.04452368959256098 2.605863411175281 
0.9093377596065531 0.7075784547211986 0.07463528774441514 2.467006881197793 
0.8931059122313925 0.7195295598972531 0.08630370017663481 2.427970324242392 
0.871796257708369 0.7357800632961251 0.09982292913711117 2.378969193153841 
0.8984452253650034 0.7205100670262308 0.03712369025029377 2.441704887024401 
0.8789398159386594 0.7350826515231124 0.03993423591762642 2.395218379836451 
0.8986749002036551 0.7203603309439279 -0.00369972613717456 2.441364756119964 
0.9467150567827521 0.6655858230521683 0.08111108426175792 2.552996418850063 
0.930335526551346 0.6848520080433327 0.08076651846350448 2.51502972845649 
0.9093556957587331 0.7072571388739962 0.07388774450634798 2.466742431399886 
0.9351807378797803 0.6820643004398819 0.05614488160957663 2.526671083401105 
0.9193377233276762 0.6994832289908113 0.04610127232173396 2.489490185311832 
0.9299723211564357 0.6880873057649551 0.02622837456803733 2.513457885581972 
0.9463603406457896 0.6663109714195197 0.08047623881255815 2.552430121378798 
0.936060376436347 0.6738276659269173 0.1118594256327121 2.528336222550489 
0.923740163437123 0.6793051222231201 0.1566391864083396 2.499943887355191 
0.9307734292596489 0.6848285845590993 0.08035413116139027 2.516409651256718 
0.9119305184440434 0.6987814867043122 0.1150676092805557 2.47235702872629 
0.9096130315672325 0.7073880700973828 0.07393477124136658 2.467625255473239 
0.9912882781805604 0.6062880749392309 0.01140119077665014 2.655061701959732 
0.9923747820913675 0.6045539447441692 0.01800539285552694 2.657665293901414 
0.9956620626143342 0.5983430207734414 0.02660868777066602 2.6649588311285 
0.9886336555153205 0.6110007031754172 0.01687887226135974 2.649251943753545 
0.9899098605914358 0.607990401902664 0.02850131615219831 2.651881952075082 
0.9836421944975201 0.6180623216769191 0.02526491029212172 2.637429782788892 
1.001679331452834 0.583185040223333 0.07352386578227271 2.678322848668296 
0.9918334852997185 0.5990745404104796 0.08636162256845958 2.656128691110553 
0.9782646778687839 0.6197122745876832 0.09382874302886099 2.624992108396121 
0.9943032419404121 0.5979242462001569 0.06265136094642561 2.661890581148156 
0.9857878745450158 0.6114740394823877 0.06850077568876418 2.642429332308438 
0.989983207314865 0.6066413230810753 0.05225204020557845 2.652331064816714 
1.00002588081752 0.5915749115462076 0.0006950808704849039 2.675066761178709 
0.9998700817529075 0.5918010656417083 0.0002288834334512475 2.674682315096038 
0.9998410768349851 0.591889487092802 -3.274426364641725e-05 2.674638241440199 
1.000155983994927 0.5913765819944676 0.0002244184597594529 2.675381830867718 
1.00000583833465 0.5915980762484293 4.678210103871761e-05 2.675013580302128 
1.000173322491341 0.591299823105328 -2.907716076995448e-05 2.675394122976937 
0.9993488302305844 0.5929143227436976 6.852216773001314e-05 2.673609404294242 
0.999760150724384 0.5920263687709754 -2.872777945959462e-05 2.674450139376377 
0.9998590531133553 0.5918497499232781 -2.597287000746454e-05 2.674674804522198 
0.9996242156149346 0.5922304104855113 0.0007040667374888988 2.674119449818982 
0.9998946893912476 0.5918600675893009 0.000168749616618939 2.674799117529408 
0.9999752608353392 0.5915413548233629 0.000764727994926397 2.674878685315844 
0.9886776108709714 0.6105494595631126 -0.0002770824945899492 2.648986818663666 
0.9925721581200949 0.6047811077883689 0.0001503918074295071 2.658294186090668 
0.995784361289258 0.5991303148534824 4.695321203947115e-05 2.665508442578323 
0.9898416768022102 0.6090660966870483 0.004838448929024327 2.651912125270887 
0.9938158987056801 0.6020046833513816 0.004704307322749091 2.660719685132988 
0.9913555988352475 0.6066749811669536 0.01104110125253255 2.655494629577621 
0.9992999368424537 0.5928323274096846 -6.507290504646814e-05 2.673404577775159 
0.9991928427680979 0.5932024319459485 0.001563691091409824 2.673265219968897 
0.9997453304643804 0.5918413515684998 0.004294764196259596 2.674301012055794 
0.9981794826600755 0.5947381941136787 -0.0001258816005199422 2.670808627326521 
0.9976967133238976 0.595596424858866 0.003751105234388982 2.669726390153669 
0.9958756830799114 0.5991229939852966 0.0001805602757028977 2.665792779322749 
0.9999279463164599 0.5916941008312876 -0.0001414188924910818 2.674812425013562 
0.9999507680211981 0.5916767514679617 -8.000919313016243e-05 2.6748761758037 
0.9999767639516144 0.5916871318587033 -5.650890031756676e-06 2.6749659965891 
0.9997886048509904 0.59198130899901 -9.309187898069279e-05 2.674517345630769 
0.999846831972271 0.592015002150503 3.081218893165533e-06 2.674728095854103 
0.9994855980456929 0.592539484784998 -7.342596046269453e-06 2.673837947217496 
0.999928039776539 0.5916981885653616 -0.0001335888606337248 2.674823235234657 
1.000008905486242 0.5916182224231176 -0.0002820292365483474 2.675032039631215 
0.9999923102215352 0.5915531904326896 -5.983391949641408e-05 2.674971198884943 
0.9999538842250998 0.591651800207693 -6.3417937521598e-05 2.674881406409804 
1.000001315602699 0.5916182308229488 -0.000269838480961962 2.675006907942401 
0.9999964261043763 0.5916000259240258 -2.227361250750038e-06 2.6749912079235 
0.9978500867565174 0.5954120592172663 -7.449124230542208e-05 2.670112517178452 
0.9990531438411778 0.5932437116927058 -0.001690460908827252 2.672826261838174 
1.000072904913439 0.5916848242779825 -0.001499179990374289 2.67528449221393 
0.9989580443593843 0.5936152357640263 8.697891497172502e-05 2.672723823573536 
0.999527469093937 0.5923570940120312 -0.0008610914787740155 2.67387525312376 
0.9994614185369113 0.5926355653320685 -6.410691652378781e-06 2.673814718519892 
0.992736090312977 0.6044061225884377 5.004365172022881e-06 2.658597310436042 
0.9939261313379196 0.602071680263059 -0.006091662192174644 2.661137452370628 
0.9961806733234325 0.5981249624771015 -0.01181931300295096 2.666271022801884 
0.9958559955553856 0.5989003981408026 -0.0001887521932089078 2.665595865265121 
0.9969446795203075 0.5970166373983303 -0.003981488808860985 2.668082186969253 
0.9978867688686122 0.5953860606077166 -0.000161712776601953 2.670227515304843 
0.9928587025090899 0.6043529794312984 0.0002493550086243843 2.658984640824496 
0.9899027880098682 0.6088032835515832 -0.0001886710098395228 2.651949062668681 
0.9877787284382963 0.612403509914409 -8.158525626545756e-05 2.647182248379959 
0.991247929086073 0.6066096483404569 -0.004810332583033467 2.65504158456237 
0.9883448206253738 0.6116872568238743 -0.003812129324924063 2.648591722350241 
0.9888588592472558 0.6101381942749878 -0.01016677676474287 2.649383828056962 
0.9889791264535247 0.6105593794266124 6.913103920265261e-05 2.649987639308502 
0.9875292570943188 0.6126903062086887 0.003155391411432385 2.646525325736955 
0.9848834958380696 0.617314562256267 0.004696955062660469 2.64073707413988 
0.9872477403079589 0.6134751070726963 0.0001492313569590379 2.6460983460222 
0.986410612302 0.6145847065127508 -0.0002593462500381337 2.644020694895694 
0.9877373695593206 0.6124908541734118 -1.669738181312448e-05 2.647097829459299 
1.00082599724927 0.5899128700478209 0.0001047788090064678 2.676746364573766 
1.000461511990866 0.5908782472165268 0.0007802316877451976 2.676103771555096 
1.000071846957868 0.5915705350837797 0.0007381371914906543 2.675217115239602 
1.000285309181842 0.5911197972650062 -2.339735786117842e-05 2.675659921783134 
1.000128166126187 0.5912856215491802 0.0001338657457866137 2.67523572057814 
1.000155467083838 0.5913380236038651 -2.016221193007881e-05 2.675357858017059 
1.003680609449773 0.5852399788294324 7.877806820611415e-05 2.683517152482896 
1.003440206663872 0.5850209181960698 0.003341086991585733 2.682591892683765 
1.00273062600196 0.5875705104841767 0.006074494770058482 2.681730445613697 
1.001849847316752 0.5889266906584734 -0.0001185546226908418 2.679572197531636 
1.001669265649044 0.5882955857668222 0.001401182729660171 2.678600517837868 
1.000977794651257 0.5900288917105255 0.0001011840793617842 2.677331609485054 
1.007721121620231 0.5753022666149498 0.03811879929447205 2.692031527120085 
1.012404370836277 0.5676664682342175 0.01938082059937953 2.702864980846548 
1.011176838253089 0.5719144958478164 0.001668346819078457 2.70098032372571 
1.015347830983027 0.5627429831318425 0.03387733028610959 2.710402302861449 
1.016200764978791 0.5606223865522315 0.008284218004415218 2.711535175167618 
1.021972668609772 0.547815622860835 0.02228441115420018 2.724268345093626 
1.010741538524009 0.5583913101285768 0.1281015368113952 2.699904024842665 
1.00460179976682 0.5745250930602718 0.09686849743177228 2.685107900310577 
1.001640346044756 0.5845235511030448 0.07399183957546862 2.679021296339653 
1.020401445855043 0.5435044087255074 0.1014670495459484 2.721325205991536 
1.012331139409092 0.563576248370629 0.07902012508797675 2.703289857250065 
1.025356264083154 0.5362345028266515 0.0758225806574024 2.732151258743759 
1.003792336052148 0.5855262149318385 -0.0002260708262469832 2.684082557104433 
1.006495094074886 0.5805000191872617 -2.631229394727009e-05 2.690153497742492 
1.010700522555173 0.5713233295228655 0.002959300142385703 2.699008196818913 
1.005252756839077 0.5811640783847623 0.006172519066704002 2.686419837934814 
1.008376680549358 0.5762111958867731 0.01228117869842611 2.694074697161972 
1.004559428075922 0.5840118700443054 0.01697511260930529 2.685871555390972 
1.022364764474451 0.5473174747105535 0.02219709879745153 2.725357964096411 
1.025735005459766 0.5390409019647661 0.04391196189176777 2.733007217923473 
1.025963055308108 0.5371030714501572 0.07444531311712725 2.734489700574692 
1.014905605746762 0.5635162243407312 0.03440390264369831 2.709386844528411 
1.013955092459796 0.5626634810493051 0.05291145081904988 2.706483499102231 
1.007582558940234 0.5752817764801514 0.0379425691091232 2.69163303141689 
1.000643141548585 0.5902412299766474 5.341412215213796e-05 2.676374072726212 
1.000155019714306 0.591119018916504 4.371872864168535e-05 2.675268963941768 
1.00000120741566 0.5915995936554443 -0.0001992111068422758 2.675041723597673 
1.000466951477462 0.5909284121112606 -0.0009635414135813548 2.676151912488511 
1.000126595497098 0.5913670356625228 -0.0003222322316988519 2.675278710273481 
0.999954899737306 0.5916104830868717 -0.001441582697949694 2.674853027988016 
1.002996555526027 0.5861872726470517 6.173730668435121e-05 2.681839307213286 
1.001261994020392 0.5891734309905277 0.0002420612512500126 2.677814682011423 
1.000675310059119 0.5907247220023349 -0.0003952725660204059 2.676777034861389 
1.002165812923467 0.5878810445124694 -0.003848841283429656 2.680019046618147 
1.001020674515746 0.5896756628142348 -0.001642841229265449 2.677255842107722 
1.000355455747448 0.5911156063642793 -0.005710850689953106 2.675919060782958 
1.00398061943092 0.58382771253469 -0.01079634456388658 2.683836412613596 
1.007493512432983 0.5782823304946207 -0.008541920017872538 2.692219640903379 
1.011076499056652 0.5712967654995877 -0.002362745594292769 2.700394877303876 
1.004264917806354 0.5841502066404156 -0.003701383979794629 2.684795585045042 
1.005322101264214 0.5811544058352045 0.000181173033196019 2.686793011263126 
1.003030487865077 0.5865057068524989 -0.0007438840169216824 2.682253324378036 
1.021917871063166 0.5485773066349465 -0.02205503055120541 2.724660196742707 
1.016283484411974 0.5599233074044742 -0.007921171645841956 2.711652929791118 
1.010638280603386 0.5704283031120492 -0.001757039063617801 2.698490889137021 
1.013507173621002 0.5655100363830284 -0.03070156533700054 2.705574757767113 
1.011534475678754 0.5707227220285341 -0.01777294781173505 2.701572732201497 
1.006226244108466 0.5778236059012474 -0.0312697398661974 2.688287854298346 
1.00734303260172 0.5776401474130028 -0.03054926328552079 2.691952269065781 
1.013380036040316 0.5650692451059771 -0.04344637954848808 2.705393443689199 
1.026134334009817 0.5362043527567029 -0.06216932542103183 2.733889958066434 
1.013179664041443 0.5659184041582125 -0.03045788115375685 2.704701281202373 
1.02543207535225 0.5406158018834221 -0.03981882157735588 2.732851877310752 
1.022018937441786 0.5483183324813858 -0.02235488603373337 2.724897434888029 
0.978726967511775 0.6210389492221722 -0.09751174539916979 2.627725378538255 
0.9736665428493934 0.6214857540112818 -0.1261355057974564 2.614836844128201 
0.9686695038590285 0.6201019574267819 -0.1661005671090048 2.603383385890841 
0.9929874164117455 0.5913867788030094 -0.1166394207316298 2.658503937262928 
0.9954689145454607 0.5811811164216919 -0.1501288290627883 2.665158504044097 
1.013843396270617 0.5535672472121169 -0.1220780042605716 2.706971514228338 
0.8662546256669741 0.7415708469871012 -0.0898785251876993 2.366478032821304 
0.8788395603510571 0.734822085664443 -0.03787579018937706 2.394620919578105 
0.8983608454338842 0.7214642184239743 -0.00400841208659166 2.441351312420992 
0.8502396209367225 0.7552335869957728 -0.04216970948918434 2.328129366831614 
0.8759879078409875 0.7385631469815612 0.001762343576179119 2.388503757507928 
0.8453601464588104 0.7589434669939938 0.009731326922155481 2.316373378660826 
0.9996043036000741 0.5893459176325854 -0.06621933662047072 2.674601222680103 
1.003853052020599 0.5778937291199155 -0.08989892945048426 2.683807720242669 
1.013059528044889 0.5531387527635107 -0.1220490240538635 2.704086161880579 
1.010993477230401 0.5662616048343854 -0.07141100365772148 2.699643014977709 
1.022866269187785 0.5400249817962389 -0.09207767325174568 2.72712952015646 
1.026273599914007 0.536239092017753 -0.06231736941214167 2.734487836329563 
0.9199650459193517 0.6835285941741454 -0.1521794963226463 2.490518524528048 
0.9449697616200804 0.6517135175865085 -0.1652859827377048 2.548659710581887 
0.9681000105913717 0.6211203970103161 -0.1684420545789402 2.602587068996982 
0.9385196608183731 0.6730718442263104 -0.1030445664181872 2.534582130914672 
0.9530997771815105 0.6522056804344215 -0.1140550173289727 2.56741540692079 
0.9530051043330452 0.657896960723917 -0.07221355508988285 2.567056443067484 
0.9244528575380379 0.6789033086386996 0.1570989242078758 2.501772224498405 
0.8975617234021485 0.7102659453747493 0.1342888139043533 2.439848014199621 
0.8714985701760108 0.7360872895382862 0.09966009393079588 2.378388083315848 
0.9113894736065682 0.6987356121143411 0.1149047067790353 2.470760846100645 
0.8924582293345953 0.7199111121472438 0.08535326888757201 2.426409462753801 
0.9098514687428613 0.707566119344116 0.07401514848724101 2.468519294753582 
0.9187158058182242 0.6994077029452257 -0.06313220706727742 2.488596634933444 
0.8976036352700907 0.7177319519766348 -0.07455198811719199 2.439386743561438 
0.8668602053858435 0.740542519115853 -0.08771901593088006 2.366917594031839 
0.9137691236227929 0.698313155747909 -0.1033007679159227 2.476247030663664 
0.8914242871028373 0.7155670544563605 -0.1275208847290432 2.42461887557587 
0.919894473828152 0.6849172320486329 -0.1550684610390367 2.491927817783796 
0.871870364834888 0.7356065470192388 0.09954986329550425 2.378976222414176 
0.8543428147931712 0.7521708527808091 0.0563325842281449 2.338247153923311 
0.8450662526474712 0.7592475134473973 0.009389217310263407 2.315821684330909 
0.8786348927620404 0.7350011649710658 0.04011360037275125 2.394234868089555 
0.8752572717636183 0.7384820299453593 0.001419527826683982 2.386247922426633 
0.8998382165805059 0.7207772890598916 -0.003120105901698855 2.445348512876068 
0.9734140171702013 0.6141802894280838 0.1640502768680674 2.614874259392685 
0.9748621108106181 0.619449612311977 0.1233322699992267 2.617111420558373 
0.9783508151980451 0.6206566775492046 0.09398086783642379 2.625915989869955 
0.9950291426202346 0.5818595246201931 0.1500236269145646 2.663801918274682 
0.9911829292806434 0.5959619253487946 0.1159457862332411 2.655282683608742 
1.010140850945466 0.5572203243803647 0.1292967664869168 2.697372042857403 
0.9728508654759409 0.6133296348886942 0.1658515239132885 2.61246153905455 
0.9506636729747725 0.6454463642968533 0.1658822831261584 2.562337694284969 
0.9246132797994813 0.6789292586893129 0.1558357466294301 2.502378303948646 
0.9529172061714337 0.651183380099409 0.1235006056085327 2.567497943604151 
0.9350493193646614 0.6742373887771973 0.1118382374257855 2.525504039669914 
0.9470374249295836 0.6661188364018603 0.08078523380144025 2.55426230951842 
