1.00010455923335 0.5001726477541898 -3.337330102755981e-05 2.675440620111499 
1.000037439843805 0.5000618633483627 -1.197925675199297e-05 2.675157785047497 
1.000056824245626 0.5000937995624865 -1.810355357105328e-05 2.675239401332866 
0.9999882258009597 0.4999806348290646 3.706055409576527e-06 2.674950413792909 
1.000000339108113 0.5000003153542797 6.612089793656762e-08 2.675001321311404 
1.000052260889749 0.5000855968124772 -1.61393694537267e-05 2.675219891196714 
1.000000001341394 0.5000000002508366 1.546990256019781e-09 2.675000004746523 
1.000000000684796 0.5000000001280566 7.897512098711176e-10 2.675000002423148 
1.000000000568154 0.5000000001062422 6.55234612762666e-10 2.675000002010414 
0.9999999997546434 0.4999999999541166 -2.829595890269162e-10 2.674999999131807 
0.9999999999479552 0.4999999999902687 -6.002188198480851e-11 2.67499999981584 
1.000000000774788 0.5000000001448833 8.935367405569043e-10 2.675000002741588 
1.00000425579415 0.5000012420550214 3.104741134745815e-06 2.675015282436239 
1.000013205488823 0.4999943741686669 9.958637862692121e-06 2.675042681456924 
1.000056730312254 0.4999770181554631 4.902089796400128e-05 2.675183955668852 
1.000003593901857 0.4999986578712928 4.381529452373824e-06 2.675011711204639 
0.9999940413352396 0.5000029272112282 -5.238555325641326e-06 2.674980934658731 
1.000012708699935 0.4999954092035445 1.182096851447587e-05 2.675041488845291 
1.000001317251716 0.5000006936183522 1.675727472280987e-06 2.675004884882871 
1.000001219114236 0.5000006955313484 1.587745209052571e-06 2.675004547671714 
1.000001301369604 0.5000007587589851 1.752637234438623e-06 2.675004862612827 
0.9999996347426838 0.4999997539762998 -4.157932626753222e-07 2.674998618609637 
0.9999997846545172 0.4999998035803001 -3.222488848585301e-07 2.674999160005227 
1.000008008010183 0.5000034111945106 1.00153572144285e-05 2.675029293705508 
1.001085369923505 0.4996276560157617 0.0009704883131597541 2.678557786832104 
0.9999728222523335 0.5000661145184948 -6.034994349013247e-05 2.674938855279294 
1.00025372543965 0.4999954681857638 0.0001994987904255342 2.675873151646928 
1.000087239726932 0.4999608442420114 5.854364931322152e-05 2.675281644378611 
1.000092889178883 0.4999431556686096 0.0001339920497673528 2.675292138483983 
1.000465647902622 0.5003006350663336 0.0002867795194521449 2.676754881683848 
1.000096050007764 0.5000467586153019 7.461169517574259e-05 2.675354402784243 
1.000019671541224 0.5000078080356816 1.482538638846335e-05 2.675071699742138 
1.000123052061959 0.500105112283789 0.0001090399820465326 2.675476644811407 
1.000002901382117 0.4999906413871193 -9.966560247779598e-07 2.675005312796193 
1.000018746150573 0.5000290043759552 2.047477170792763e-05 2.675079129923889 
1.000243962460551 0.5001410473377593 0.0001965155538376449 2.675911368817445 
1.005135402850948 0.4981623469672569 0.001872315623552103 2.691910261019853 
1.001819135797634 0.5020406835904569 0.0008753367975619723 2.682310417865014 
1.004725903633686 0.5058808439870058 0.002576922003331311 2.694315869370908 
0.9999647539283295 0.5007424102963018 0.0002418270054166192 2.675273064372737 
0.9992172583419284 0.4976621497960411 -0.0003900383162031499 2.671143743627094 
1.014048748035662 0.5119956648246702 0.01040537257454757 2.729719721295493 
1.000680553117512 0.5004508564722607 0.0008211461018714473 2.677574290370194 
0.9998559742690919 0.4998752369459893 -0.0001687312371863919 2.674440801462073 
1.001231158796359 0.5009362921319571 0.00147959965352127 2.679718063401845 
0.9999188697842319 0.499927968637515 -8.879726479870515e-05 2.674684400426081 
1.000647586609284 0.5004930231008254 0.0007568549181459638 2.677480429114085 
1.000984670478122 0.5005374597474376 0.001158786326532315 2.678667171389217 
1.001137855356966 0.5003356578731064 0.001413199537811136 2.67909850917735 
0.9999086159898738 0.499934389232678 -9.755689584577115e-05 2.674652671817585 
1.000796477682002 0.5002316484652196 0.001002658350159694 2.677867871000946 
1.000717615214673 0.5002618505641386 0.0008501321708819975 2.677608389922023 
0.9998391593798784 0.4999545018676076 -0.000182135533613307 2.674421723622258 
1.001502185213582 0.5004844524340769 0.001862508095907072 2.680435277348563 
1.000027458478882 0.4999993097928906 2.579036541686558e-05 2.675094280575439 
0.9999994125178983 0.5000015720032157 -9.197868963605302e-07 2.674998752814338 
1.000101899711477 0.5000095853917067 9.344765021237801e-05 2.675355933976008 
1.000011197913982 0.5000017905290809 1.009500828506397e-05 2.675039480389721 
1.000003666582008 0.4999972432865513 4.091682879773983e-06 2.675011269900223 
1.000048366103854 0.4999976706102668 4.601592446947694e-05 2.675165481167293 
1 0.5000000000000009 1.813763038963331e-15 2.675000000000001 
0.9999999999999987 0.4999999999999972 2.109793558418867e-15 2.674999999999996 
1.000000000000003 0.5000000000000054 -4.764850516745148e-16 2.67500000000001 
1 0.5000000000000018 -1.70669571336388e-15 2.675000000000001 
1.000000000000001 0.5000000000000007 -5.991515902752467e-17 2.675000000000003 
1 0.4999999999999986 2.834802435408715e-15 2.675000000000002 
1.000000000000001 0.5000000000000028 8.054633251864742e-16 2.675000000000005 
0.9999999999999996 0.4999999999999992 2.131739692791715e-15 2.674999999999998 
1.000000000000002 0.500000000000003 -2.788317799937354e-15 2.675000000000006 
0.9999999999999999 0.5000000000000003 -2.354782299128765e-15 2.674999999999999 
1.000000000000001 0.5000000000000004 3.918932750730265e-16 2.675000000000003 
1.000000000000002 0.5000000000000031 2.904687855417554e-15 2.675000000000008 
1 0.5000000000000006 2.258613275187892e-15 2.675000000000001 
0.9999999999999986 0.4999999999999972 1.635732942762969e-15 2.674999999999996 
1.000000000000002 0.5000000000000053 3.573697260781389e-16 2.675000000000008 
1 0.5000000000000021 -1.422043234595883e-15 2.675000000000001 
1.000000000000001 0.5000000000000004 1.205722443298235e-16 2.675000000000003 
0.9999999999999999 0.4999999999999986 2.498842604497818e-15 2.675 
1.000000000000001 0.5000000000000021 -8.758161619947395e-16 2.675000000000003 
1 0.5000000000000017 1.597552539241039e-15 2.675 
1 0.4999999999999992 -2.555630682421468e-15 2.675000000000001 
0.9999999999999994 0.4999999999999979 -1.652098040984476e-15 2.674999999999998 
1 0.4999999999999996 2.898351881665475e-16 2.675000000000001 
1.000000000000002 0.5000000000000047 2.094024278493514e-15 2.675000000000006 
1.000001556439906 0.4999996605984793 1.404845301246487e-06 2.675005192278342 
0.9999998667986997 0.5000002160114837 -1.313083285430574e-07 2.674999649125315 
1.000002586788354 0.5000009810242149 2.24324323690171e-06 2.675009402058366 
0.999999781043228 0.5000002773042751 -2.112779208299099e-07 2.674999384338784 
1.000001217811933 0.4999994746360218 1.114674980144738e-06 2.675003932711709 
1.000002317823843 0.4999997723247923 2.075733783201915e-06 2.675007871143563 
1.000036481319802 0.5000324200811188 4.439123228166302e-05 2.67514193537298 
1.000016919286964 0.5000140723460389 2.186228139238999e-05 2.675065350025475 
1.000025432240554 0.5000260248744629 3.070141296422772e-05 2.67510063995483 
0.9999871357172155 0.4999891080683438 -1.486649885272479e-05 2.674950216343083 
1.00001655819152 0.5000144177696335 1.793935569920073e-05 2.675064268838565 
1.000156648226986 0.5001207695806436 0.0001925138287755566 2.675600240188698 
1.0003847976799 0.5006356280752772 5.877378888103282e-05 2.67653561026562 
0.9998690685810635 0.4997811080548923 -1.837650295230854e-05 2.67447738878515 
1.001223928293067 0.5019742911192653 0.0001554962178252037 2.679906213322729 
1.000017536817726 0.5000185092930712 1.574160461152372e-05 2.675054531431264 
1.000381773209822 0.5006409975484581 4.976791655381069e-05 2.67655500674984 
1.000320881683832 0.500521788535759 6.756957799191274e-05 2.676297828783479 
1.000000120087617 0.4999999397651951 6.408938541721727e-08 2.675000383584622 
0.9999999833668217 0.5000000221095222 -3.586928104683546e-09 2.674999953753444 
1.000000135766407 0.4999999436830447 7.643458288546447e-08 2.67500043955701 
1.000000117843031 0.4999999303039525 5.841171709636728e-08 2.675000371121406 
0.9999999634689661 0.5000000147901974 -2.024746019492291e-08 2.674999881545626 
1.000000196324615 0.4999999570807288 1.290626568206741e-07 2.67500065487902 
1.00034509954466 0.5005671305661715 -5.351031167266034e-05 2.676397803951296 
1.00042508697637 0.5007097030719945 -2.296906832456107e-05 2.676731221501637 
1.001332302075006 0.5021699999908128 -0.0001033073477447452 2.680350123764837 
1.000014782155279 0.5000177074045693 -2.086698880525093e-05 2.675043225875101 
0.9998548608688781 0.4997590438208955 1.084439930510601e-05 2.674420851961345 
1.000417064120852 0.5006915018897368 -4.314152944429389e-05 2.676665035119802 
1.008151254195451 0.4970840407385425 0.00379989047275299 2.701923946819276 
1.003316857664932 0.5034267862156649 0.001461333853390835 2.68819528644329 
1.00875062809743 0.5117851767847821 0.004822180315421606 2.711363824872436 
0.9995755019686071 0.5013596705047719 0.000331810318553879 2.674300646722988 
0.9985128358954573 0.4956565958513153 -0.0006070379316625439 2.667709242664078 
1.021428494631022 0.5151283360726996 0.01527757313058799 2.757186362421673 
0.9999090743338811 0.5000138938545275 -4.916365902727933e-05 2.674693751040643 
0.9999153564251385 0.5000209270944145 -9.424837628703048e-05 2.674718954542269 
0.9996314748526725 0.5000676619585709 -0.0002502109113220868 2.6737648491133 
0.9999841760118457 0.5000012894363143 -1.363962696785815e-05 2.674946194293841 
1.000024315946504 0.4999910888286337 5.674622808495285e-05 2.67507924508817 
0.9998767707912055 0.5000215763988708 -9.216460953929628e-05 2.674586425899886 
0.9995939343958535 0.5003182884520576 8.702045983789423e-05 2.673768555979102 
0.9999358332312412 0.5000906392093317 -5.588457918608914e-05 2.674821721946814 
0.9978302411289611 0.5016650533628151 0.0003048209609538118 2.668377233874777 
0.9997124395887448 0.5002363282547714 0.0001328957295944487 2.674128404424067 
1.000142825839903 0.4998607072742643 -3.722295233571053e-05 2.675427816118251 
0.9986079835939593 0.5011076043632956 0.0003731666666710322 2.670764503328077 
0.9999999990487568 0.5000000003503988 -1.255346639449963e-09 2.674999996898166 
0.999999999010608 0.5000000001298758 -1.192450536182912e-09 2.674999996656481 
0.9999999990964182 0.500000000022517 -1.101130873651853e-09 2.674999996898419 
1.000000000339366 0.4999999998988804 4.258460804504397e-10 2.675000001118557 
1.000000000216198 0.4999999999891808 1.854131643544402e-10 2.675000000739391 
0.9999999931315382 0.4999999990469951 -8.303189615879658e-09 2.674999975861645 
0.9999926232307441 0.5000013033194941 -6.871555481387462e-07 2.674975239390328 
1.000001225120709 0.4999990518055895 -1.854254944417202e-07 2.675003746251823 
0.9999883895143273 0.5000073962670819 1.087738576988248e-06 2.674963701944038 
1.000000081831072 0.5000001810022547 8.723802372258251e-08 2.675000372551029 
0.9999956990211857 0.5000024225672272 2.749224221293917e-07 2.674986394803106 
0.9999935318808835 0.5000036936201435 4.303223696644304e-07 2.674979564726875 
0.9999999321960734 0.4999999465594205 -8.076447223643278e-08 2.674999739695616 
0.9999999233338123 0.4999999392837408 -9.15424625901617e-08 2.674999705527065 
0.9999998803375725 0.499999906012208 -1.422863556186078e-07 2.674999540769268 
1.000000011295424 0.5000000090043116 1.353214424470492e-08 2.675000043414825 
1.000000024159732 0.500000019210687 2.890658676998881e-08 2.675000092835601 
0.9999999176673505 0.4999999349354702 -9.820209338614782e-08 2.674999683832008 
0.9999948268280493 0.4999961052046215 -9.50233059297591e-06 2.674980239875633 
1.000004562639877 0.5000059973957356 4.791405580344243e-06 2.675018713008705 
0.9999427539079386 0.4999239342259436 -5.740588495159403e-05 2.674764774387167 
0.9999971920870232 0.499996667801129 -4.447474112953572e-06 2.674988660600518 
0.9999868779377543 0.4999827203120023 -1.123695707272378e-05 2.674946163695956 
0.9999985201840427 0.4999999216967429 -3.613864953023841e-06 2.674994865396475 
0.9997848521180542 0.4997009192684789 -0.0001892705507279228 2.674111511954565 
1.000010807172892 0.5000575363075865 6.324134748023892e-06 2.675065011759696 
0.9982770659385517 0.4972118169580484 -0.001135926029588038 2.667678676025472 
0.9998533930210318 0.4997702819758331 -0.0001705450073645902 2.674380829078241 
0.9999262516633846 0.4998568597092007 1.72983896847986e-05 2.674675879499196 
0.999535165190491 0.4996473603580317 -0.000440456222257568 2.673222886547704 
1 0.500000000000001 1.591505088505081e-15 2.675000000000001 
0.999999999999999 0.4999999999999976 1.539852011634112e-15 2.674999999999998 
1.000000000000003 0.5000000000000054 -8.229073046647376e-16 2.67500000000001 
1 0.5000000000000018 -1.50915532595078e-15 2.675000000000001 
1 0.5000000000000004 9.504166144262471e-17 2.675000000000002 
1 0.4999999999999989 2.27037409880958e-15 2.675000000000001 
1.000000000000001 0.5000000000000009 1.108518534361337e-15 2.675000000000003 
0.9999999999999993 0.4999999999999975 -3.897135472364125e-16 2.674999999999998 
1.000000000000003 0.5000000000000048 1.946835675972106e-15 2.675000000000009 
1 0.5000000000000022 1.056556728063162e-16 2.675000000000001 
1 0.5 2.078472251927531e-17 2.675000000000002 
1 0.4999999999999982 7.551782515336617e-16 2.675000000000001 
0.9999959539290164 0.4999954909995897 -3.503870574596078e-06 2.674983807362688 
1.000000148740488 0.5000016927934816 2.151135037331532e-07 2.675001358595133 
0.9999948890831964 0.4999937976173995 -4.475160762148143e-06 2.674979292797607 
1.000000767237629 0.5000007043057264 6.363440646301467e-07 2.675002995293231 
0.9999970596492742 0.4999952817785868 -2.650644297553424e-06 2.674987511900003 
0.9999919207857595 0.4999970062611999 -7.032121320734406e-06 2.674970670641613 
0.9999614582706313 0.4999899571321476 -4.771773148555693e-05 2.674862280995055 
1.000016342779428 0.5000054948300867 1.939585898162517e-05 2.675059010174676 
0.9998229395468885 0.4999395959020392 -0.000217064967132844 2.674360134412861 
0.9999800121094532 0.4999973066469549 -2.532883334715607e-05 2.674929832198368 
0.9999829732637006 0.4999906071900086 -1.982455878101656e-05 2.674936687036859 
0.9999859660712574 0.5000004687223809 -1.836596481416609e-05 2.674951893182802 
0.9996096924385472 0.4998866773311222 -0.0004927043116320314 2.673600925237433 
1.000118616880512 0.5000421324592232 0.0001391376778596224 2.675428885705918 
0.9989838058515603 0.499642515942304 -0.001260715664178435 2.671327453643541 
1.000000478765319 0.5000312529966947 -9.665439839462396e-06 2.675017867195596 
0.9996444423906489 0.4998426349494172 -0.0004209355746715755 2.673697769390794 
0.9996091303712857 0.4998880690106075 -0.0004918580480593127 2.67359866300897 
1 0.5000000000000001 1.425857413339567e-15 2.675000000000002 
1 0.4999999999999991 -1.393857203550575e-15 2.675000000000001 
1.000000000000001 0.500000000000001 3.263857839263871e-15 2.675000000000003 
0.9999999999999999 0.5000000000000012 2.016327349305431e-15 2.674999999999999 
1 0.5000000000000004 -7.025969666831878e-16 2.675000000000002 
1.000000000000001 0.4999999999999987 -1.667776130712774e-17 2.675000000000003 
0.999031341356603 0.4990488745290537 -0.001098390223324751 2.671198864575497 
1.000275390344441 0.5003661781250536 0.0002676865591502758 2.676128752002315 
0.9977350090889612 0.497381114038384 -0.002394863521030934 2.665918294475585 
1.000061439483898 0.500062456639465 3.547557503572128e-05 2.675244489167834 
0.99904764933235 0.4989337739630585 -0.0009638841486296485 2.671193451099505 
0.9988917180029009 0.4992731250403697 -0.001295123275494228 2.670829551923557 
0.9989828095454008 0.4997187738142089 -0.001169423327354582 2.671361989586647 
1.000056517123998 0.500083863903481 4.98898406249792e-05 2.675238362638714 
0.9989969891493927 0.4996274828098028 -0.001092162110648304 2.671368008761354 
0.999198084834246 0.4997838132356185 -0.0009341222891936522 2.672135328289581 
1.000191383775958 0.4999650998108385 0.000253615937675945 2.675638969106048 
0.9978968940199392 0.4994242499256627 -0.002428940125145974 2.667493640574244 
0.9999999999999997 0.4999999999999999 2.059222434173568e-15 2.674999999999999 
0.9999999999999988 0.4999999999999969 1.446768556833381e-15 2.674999999999996 
1.000000000000003 0.5000000000000062 4.327437795757335e-16 2.67500000000001 
1 0.5000000000000028 -1.048291642895338e-15 2.675000000000001 
1 0.4999999999999997 -1.655347226706696e-16 2.675000000000002 
1.000000000000001 0.4999999999999993 3.040236063952516e-15 2.675000000000004 
1.000000000000001 0.5000000000000009 1.024903188868784e-15 2.675000000000002 
0.9999999999999993 0.4999999999999974 -8.713210467448297e-17 2.674999999999999 
1.000000000000002 0.5000000000000051 1.134622484538802e-15 2.675000000000009 
1 0.5000000000000024 9.310112828704376e-18 2.675000000000001 
1 0.4999999999999998 -1.559109252892749e-16 2.675000000000001 
1 0.4999999999999986 1.255259486684333e-15 2.675000000000002 
1.000000000000001 0.5000000000000011 9.872832573026153e-16 2.675000000000003 
0.999999999999999 0.499999999999997 3.769389534313626e-16 2.674999999999998 
1.000000000000003 0.5000000000000064 3.205566160815769e-16 2.675000000000011 
1.000000000000001 0.5000000000000026 -7.083193822926841e-16 2.675000000000002 
1 0.5000000000000002 2.067133478499268e-16 2.675000000000002 
0.9999999999999999 0.499999999999998 1.279407472996628e-15 2.675000000000001 
1.000000000000001 0.5000000000000028 6.10692907666587e-16 2.675000000000004 
0.9999999999999992 0.4999999999999993 2.923880475234013e-15 2.674999999999997 
1.000000000000002 0.5000000000000037 -2.406868909448567e-15 2.675000000000007 
0.9999999999999998 0.4999999999999998 -2.38873184510921e-15 2.674999999999999 
1.000000000000001 0.5000000000000011 -2.931890496140206e-16 2.675000000000005 
1.000000000000001 0.500000000000002 3.440570154553372e-15 2.675000000000004 
0.999999999999999 0.4999999999999976 -8.382617382053922e-17 2.674999999999997 
1 0.5000000000000017 -1.406197161596708e-15 2.675000000000001 
1.000000000000001 0.4999999999999984 6.627705774591895e-16 2.675000000000003 
0.9999999999999992 0.4999999999999976 9.769764015917931e-16 2.674999999999998 
1 0.5000000000000009 6.007616323922426e-16 2.675000000000001 
1 0.5000000000000002 -2.413882300315562e-15 2.675000000000001 
0.9999803680030716 0.4999832969305195 -2.292396431086184e-05 2.674924037775897 
0.9999946102559012 0.4999954112463835 -6.291874880932332e-06 2.674979143782474 
0.9999680032198328 0.4999727836879653 -3.737047855786558e-05 2.674876185636507 
1.000001816803422 0.5000015474567326 2.119362515929391e-06 2.675007027521176 
0.9999937569422124 0.4999946897621431 -7.289469790868104e-06 2.674975847584298 
0.9999391770297537 0.4999482388465866 -7.101542814621769e-05 2.674764650681712 
1.000000000000001 0.5000000000000008 1.049267358733777e-15 2.675000000000003 
0.9999999999999999 0.4999999999999984 -8.021076543231755e-16 2.675000000000001 
1.000000000000001 0.5000000000000023 2.549012029834297e-15 2.675000000000003 
1 0.5000000000000022 1.132736541768898e-15 2.675 
1 0.5 -5.411684095423094e-16 2.675000000000001 
1.000000000000001 0.4999999999999987 2.777948089468754e-16 2.675000000000004 
1 0.4999999999999995 6.177360654779169e-16 2.675000000000001 
0.9999999999999988 0.4999999999999971 -1.458896162237295e-15 2.674999999999996 
1.000000000000001 0.5000000000000013 4.046628127235663e-15 2.675000000000004 
1 0.500000000000002 1.957595087740458e-15 2.675 
1.000000000000001 0.5000000000000006 -7.203394779530683e-16 2.675000000000002 
0.9999999999999998 0.4999999999999977 -1.577191684573116e-16 2.675 
1.000805219776086 0.5003439069503433 0.0008672303561499563 2.677949361224244 
0.9999550116047315 0.4999413853955921 -2.80705795401343e-05 2.674816460841318 
1.000814883328778 0.5004707186170476 0.0007743920480377503 2.678047545339272 
1.000598918454971 0.5001875735893022 0.0007095028646822209 2.677159904695033 
0.9998846350150417 0.5000651425388548 -0.0002114631839438063 2.674633937578112 
1.001576264172868 0.5006622818046417 0.001748083723149151 2.680774085863939 
1.000005204921166 0.5000583778642088 2.000501721453737e-05 2.675047173318553 
0.9999992934223738 0.5000021752312489 1.868026856229436e-07 2.674998650119799 
1.00005028819871 0.5000871731959445 5.737091630242685e-05 2.67521691036622 
0.9999948220315694 0.5000016252634457 -2.883442030261313e-06 2.674982974174927 
1.00001597815751 0.5000209269865958 1.627229909409577e-05 2.675065536843564 
1.000037548135314 0.5001076108501703 5.504984973436124e-05 2.675183245032381 
0.9999606326032284 0.5000134635468484 -3.337157515014254e-05 2.674871133330597 
0.9999876831666664 0.5000042159645138 -1.043432995961965e-05 2.674959692751818 
0.9999725421462216 0.5000094013675416 -2.325303941332933e-05 2.674910156889149 
0.9999947008287456 0.5000018195163122 -4.475815663979927e-06 2.674982680804673 
1.000003887077698 0.4999986652029434 3.283625918025155e-06 2.675012704888082 
0.9998958169591088 0.5000356665931355 -8.824339866785054e-05 2.674659084785567 
1 0.4999999999999993 3.499502956509715e-16 2.675 
0.9999999999999988 0.4999999999999971 -9.642971426788109e-16 2.674999999999996 
1.000000000000001 0.5000000000000016 3.267510663512469e-15 2.675000000000004 
1.000000000000001 0.5000000000000021 1.346264930781698e-15 2.675000000000002 
1 0.5000000000000004 -7.822088649651047e-16 2.675000000000002 
1 0.4999999999999976 2.757360799535771e-16 2.675000000000001 
0.9977831200128339 0.4999763211685921 -0.001504395450701928 2.667413280064378 
0.9983451732070856 0.498058400364509 -0.0005272456082183218 2.668334527326579 
0.99375164195253 0.4895793976420439 -0.002382886723911595 2.648408974836648 
0.999893551820363 0.4989665411446935 -0.0003898786615274847 2.674129986169271 
1.001095357062758 0.5023197133183029 0.0003637263122000325 2.679951778713425 
0.9901928848460827 0.4913363237484581 -0.006634506931278115 2.637053109140305 
0.9999768697747429 0.499971458988992 -2.171457057540039e-05 2.674906068837361 
1.00000037748727 0.500002782861694 1.096295115543987e-06 2.675002687389219 
0.9999593484215656 0.499950716450525 -3.786609915080034e-05 2.67483535356365 
1.000000976821557 0.5000022282585868 1.260464764430028e-06 2.675004477868017 
0.9999865536848221 0.4999810634936748 -1.337541810195376e-05 2.67494422667106 
0.9999531419236851 0.4999554299026119 -3.968945243087785e-05 2.674816317270074 
0.9886541952220438 0.4823462745125463 -0.006116450361210348 2.627555774645187 
1.002141213353502 0.5046784622961414 0.001110172530651134 2.68476183203075 
0.9775003242818032 0.4804320516977906 -0.01550888914103552 2.588630732307955 
0.9961123330135381 0.4955061830667981 -0.001659798582502068 2.659438789563158 
1.00033593018157 0.4986067756087396 -0.0006771766025394585 2.675493196072935 
0.994489791687917 0.5002940108286376 -0.002743449914957389 2.656434827700705 
0.9999315731017153 0.4999522051706141 -5.920415221245444e-05 2.674740473269831 
0.9999938366923359 0.5000062375906918 -5.225820029567157e-07 2.674981877297396 
0.9998911225729463 0.4999028424526736 -0.000103799419411127 2.674576520678302 
0.9999996924837293 0.5000044995869845 1.882697111626448e-06 2.675001190440097 
0.9999733313023391 0.49996464504273 -3.069849617587341e-05 2.674890512688894 
0.9998427886829653 0.4999264792444033 -0.0001194438522823474 2.674421830895136 
0.9912113446968256 0.487927172324979 -0.002539792515102134 2.638992333750599 
1.001878407820018 0.5044277900649796 0.0001919177354753751 2.683665070347594 
0.9784288643821279 0.4828351227789156 -0.01117767435115534 2.59282645071512 
0.9966857040601167 0.4970566215694324 -0.000765319397141963 2.662156245858611 
1.000171276176287 0.4979614968449762 -0.0001768183647491818 2.674675200804245 
0.9931520017748251 0.502420288667918 -0.003070706192578571 2.652855479386603 
0.992808711041624 0.490412353293831 -0.004199992733830942 2.645636027550581 
1.001132745965433 0.5033801973896482 0.000817562919240794 2.680613381915966 
0.9817724193120658 0.4848994855863193 -0.01140343973925213 2.605304145415355 
0.9968147873703349 0.4963955203323497 -0.001541345169086717 2.662288752644767 
1.000818064481425 0.499582584404869 -0.0001852759526479705 2.677622759241384 
0.9931138892681686 0.5012260759789885 -0.001877326697354592 2.652106736515844 
0.9999999999999993 0.4999999999999983 9.458609104624314e-16 2.674999999999998 
0.9999999999999999 0.5000000000000003 -1.751733963824191e-15 2.675 
1.000000000000001 0.4999999999999988 1.910846749340294e-15 2.675000000000005 
0.9999999999999994 0.4999999999999985 1.717595034743462e-15 2.674999999999999 
1.000000000000001 0.5000000000000013 1.565885306763562e-16 2.675000000000002 
0.9999999999999994 0.4999999999999984 -1.584789632484974e-15 2.674999999999998 
0.9999999999999998 0.4999999999999982 5.002302234289677e-16 2.675 
1 0.5000000000000014 -1.488953877018778e-15 2.675000000000002 
1.000000000000001 0.4999999999999987 5.892679654632703e-16 2.675000000000003 
0.9999999999999996 0.4999999999999984 1.030409505542218e-15 2.674999999999999 
1 0.5000000000000008 6.07480230879364e-16 2.675000000000002 
1.000000000000002 0.5000000000000019 -2.348977521668108e-15 2.675000000000007 
1 0.4999999999999997 9.239194650673474e-16 2.675000000000002 
0.9999999999999999 0.4999999999999992 -1.696226595008031e-15 2.675000000000001 
1.000000000000001 0.5 2.735127226983551e-15 2.675000000000002 
1 0.5000000000000006 2.099169445411856e-15 2.675000000000001 
1 0.5000000000000011 -5.972915484521383e-16 2.675000000000001 
1 0.4999999999999987 -8.465869988282526e-16 2.675000000000002 
0.9999999999999998 0.4999999999999992 1.714037234139268e-16 2.674999999999999 
0.9999999999999988 0.4999999999999963 -9.469025171517487e-16 2.674999999999996 
1.000000000000001 0.5000000000000024 3.35530460655166e-15 2.675000000000004 
1 0.5000000000000027 1.29534434429211e-15 2.675000000000001 
1 0.5000000000000003 -6.644938043620072e-16 2.675000000000001 
1 0.4999999999999977 3.31092951379884e-16 2.675000000000001 
0.9999999999999997 0.499999999999999 1.331391150017701e-15 2.674999999999999 
1 0.4999999999999999 -1.958283226483322e-15 2.675000000000001 
1 0.4999999999999987 2.107461120882979e-15 2.675000000000002 
0.9999999999999994 0.4999999999999993 2.344593611980691e-15 2.674999999999998 
1 0.5000000000000012 -2.035027923602241e-16 2.675000000000002 
0.9999999999999999 0.499999999999998 -1.238262753513902e-15 2.675 
0.9994471874999674 0.5000839348269084 -0.0005560219034900585 2.673141073152201 
1.000055317250715 0.4999812575703236 4.204254491232571e-05 2.675181296294434 
0.9991695839357132 0.5000864306480055 -0.0008232450824495274 2.672187308245176 
1.000098837592375 0.4999861404124252 0.0001014502244014489 2.675332992349352 
0.9995376228219919 0.5000870475813234 -0.0004490651223432533 2.673452883278257 
0.9990586043139429 0.5001956760017344 -0.0009440871003370085 2.671862174845844 
0.9995735718114034 0.4998927322710043 -0.0005007248091574402 2.673479328634092 
1.000032858303386 0.5000065583736706 3.619894573597598e-05 2.675116742318896 
0.9995815503273453 0.4998903000437355 -0.0005003901260974908 2.673504837598852 
1.0001229786271 0.500055096146779 0.0001517500257807868 2.675450506393282 
0.9995957349842065 0.4998654301013872 -0.0004791316917187441 2.673541476727195 
0.9991713403189648 0.4997750583858313 -0.0009581362837031836 2.672037913396987 
0.9945612201322963 0.5025052736013136 -0.001716083445914676 2.657650916507526 
0.9981602087462791 0.4979053271412777 -0.00100200451794875 2.66763259291472 
0.9983695358015169 0.4991826250766264 -0.001002188671060182 2.66904735177662 
1.000612160604092 0.4998714751830288 0.0001566641052636722 2.677065449436851 
1.000519962228198 0.5022554354929425 0.0002912764682828483 2.677929409799389 
0.9871874204452824 0.4901945755481619 -0.009747443290994849 2.626235440361805 
1.000195657402124 0.5000222772030747 0.000221457405084767 2.675685671439759 
1.000009740647791 0.5000011300449255 1.105366447141187e-05 2.675034200892028 
1.000067670881527 0.5000076545199025 7.653541697145998e-05 2.675237010335586 
0.9999917268141473 0.4999990426380853 -9.38343575172379e-06 2.674970962138609 
1.000023723444297 0.5000026983088798 2.684706127589308e-05 2.675083127414653 
1.000050381812469 0.500005741983779 5.703457998939841e-05 2.675176580890575 
1.000000000000001 0.5000000000000021 4.969990807400698e-16 2.675000000000003 
0.9999999999999993 0.4999999999999983 2.550176382662765e-15 2.674999999999998 
1.000000000000002 0.5000000000000047 -2.626427671684997e-15 2.675000000000008 
1 0.5000000000000012 -2.253809806027567e-15 2.675000000000001 
1 0.4999999999999998 -3.074953744791069e-16 2.675000000000001 
1.000000000000001 0.4999999999999994 3.575121972403744e-15 2.675000000000003 
1.011350708617226 0.5172977775656314 0.004527459644751758 2.723243648779111 
0.9978820988346608 0.4946583450222999 -0.00039756257465271 2.665037535991608 
1.023081492393936 0.5183713373884667 0.0150733832910317 2.764644446151647 
1.003878951743509 0.5042340368331204 0.001316458303761389 2.690550929319194 
0.9996557444561391 0.5018797490275073 0.000334751791516956 2.674845021778527 
1.007555379442645 0.4982235202465819 0.004205898676944151 2.700443561266663 
0.9999999999999992 0.4999999999999981 2.679919547535169e-16 2.674999999999997 
0.9999999999999999 0.5000000000000008 -2.23807936351272e-15 2.674999999999999 
1.000000000000001 0.499999999999999 6.584285095237568e-16 2.675000000000004 
1 0.499999999999999 1.375191474715821e-15 2.675000000000001 
1 0.5000000000000009 5.117260170509071e-16 2.675000000000002 
1.000000000000001 0.5000000000000012 -2.982565634368947e-15 2.675000000000005 
0.9999999999999993 0.4999999999999979 -1.169474023290999e-16 2.674999999999998 
1 0.5000000000000012 -1.689427360240152e-15 2.675000000000001 
1.000000000000001 0.4999999999999988 1.056794064633069e-15 2.675000000000004 
0.9999999999999999 0.4999999999999984 1.100219547253857e-15 2.675 
1 0.5000000000000009 6.916177697295471e-16 2.675 
1.000000000000001 0.5000000000000014 -2.318229579809174e-15 2.675000000000005 
1.000108936252305 0.5001626223802117 9.766555872716251e-05 2.675456820696454 
0.9999971733022284 0.4999957824405619 -2.549961711817847e-06 2.674988139105029 
1.000043302208532 0.5000646929025456 3.865803200713275e-05 2.675181624959805 
1.000018894843227 0.5000282548669329 1.679160403738583e-05 2.675079280680663 
1.000005582958811 0.5000083091437791 5.087373678568482e-06 2.675023392694212 
1.000075297625977 0.5001125155673388 6.711621716709834e-05 2.67531580633973 
1.00886845055989 0.5152423278709193 0.002634536325870505 2.713552495823183 
0.9986014628211529 0.4970363048342407 -0.0002168542888428412 2.668718120630386 
1.01491906996204 0.510385322513994 0.01159329483040123 2.732000037511706 
1.002349190042372 0.5021187524956148 0.0009107536802593357 2.684167188387497 
0.9999525598543378 0.5017564436597236 0.0002215402759538386 2.675772307803409 
1.002727971486459 0.500706075113006 0.002237624719645854 2.684870260347715 
1.003173770199665 0.5045318528347875 0.002824385924056829 2.688256984667221 
1.001171135012475 0.5014958035950627 0.00104338099920446 2.679794228874712 
1.001294752825035 0.5011443141856442 0.001569252129663825 2.680046484997016 
0.9996187694209854 0.4994334712062879 -0.0002989346942777956 2.673397222691391 
1.000000549043975 0.5000689191281259 2.013307617938071e-05 2.675040663920303 
1.001226992682825 0.5015271110978746 0.001266740737559948 2.680009610450866 
1.011725846125579 0.5171111420630753 0.0007810352261434042 2.724483500501322 
0.997416213160308 0.4947561328265511 0.0005908445897174979 2.66343093541199 
1.023413260951863 0.5176082481690876 0.01251593961082837 2.76539038272879 
1.003726852260293 0.5029480332214395 0.0007139410741821086 2.689368454472381 
1.000217349247607 0.5029016756470425 -0.0002747190770709721 2.677364054398362 
1.006402417403488 0.4985047458727425 0.004658546794224538 2.696544150581373 
1 0.5000000000000001 1.392644411082414e-15 2.675000000000002 
0.9999999999999994 0.4999999999999978 -8.298371972459083e-16 2.674999999999999 
1.000000000000002 0.5000000000000032 2.892611877697805e-15 2.675000000000006 
1 0.5000000000000023 8.777492756088336e-16 2.675000000000001 
1 0.5 -3.864907654609492e-16 2.675000000000001 
1 0.499999999999998 5.698343186630758e-16 2.675000000000003 
1.001553678131089 0.5005621034645641 0.00186599005317779 2.680649000836478 
1.000773423902075 0.5002651076405895 0.0009135014456853139 2.677802279426194 
1.001372896393435 0.5004169231707581 0.001670507889882413 2.679951497189814 
0.9998755254719399 0.4999856683180023 -0.0001447944430666988 2.674563267984207 
0.9998685146533793 0.4999257306371755 -0.0001488305459380055 2.674509549071668 
1.000903086984356 0.5003326327378371 0.001080142721949297 2.678285711279197 
0.9966365016766444 0.505008719497692 -1.322649295959976e-05 2.653339362129864 
1.000251323922057 0.497588274925459 0.0001644443541503103 2.678610945891327 
1.013212015718816 0.5247687124393731 -0.0007780015169801637 2.712447670870568 
1.000269622166425 0.497566625243143 -0.0001669832951340007 2.678662304414141 
1.012352970905354 0.5255772785415386 -8.17674928290525e-07 2.709922835665076 
1.013156357773893 0.5248431813993476 0.0007339405497453963 2.712295185169588 
1.000876459887656 0.5013388741595509 0.0001538432970471037 2.677863267113093 
1.000181665190782 0.500321447505008 -0.0004033638324703303 2.675510732999477 
1.007686021768826 0.5114363270084092 0.002159906272140881 2.703567402459512 
1.000854769180749 0.5011656048061439 0.0006209260167198158 2.678134472710206 
0.9996365553591362 0.4994942345071785 -0.0001127620300343942 2.673724796470731 
1.002139821186854 0.5032791302344777 0.000225057808090436 2.681310275375589 
1.000000000000002 0.5000000000000024 2.510401509616917e-15 2.675000000000006 
0.9999999999999996 0.499999999999998 3.727170178250838e-15 2.674999999999998 
1.000000000000002 0.5000000000000049 -1.556159323923887e-15 2.675000000000009 
0.9999999999999998 0.500000000000001 -2.802267797049485e-15 2.674999999999999 
1.000000000000001 0.5000000000000011 -2.487152320229026e-16 2.675000000000004 
1.000000000000002 0.4999999999999997 4.164796781006027e-15 2.675000000000006 
1.000053576391086 0.5000873579944317 2.08752489880868e-05 2.67522530785738 
1.000035337131346 0.5000576179283027 1.378339601366611e-05 2.675148625698549 
1.000098629837718 0.5001608295534054 3.847459536751641e-05 2.675414861648212 
1.000000194563248 0.5000003191165979 7.836314357590806e-08 2.675000826053739 
0.9999889312015893 0.4999819512268544 -4.321473455558076e-06 2.67495343760603 
1.000048925792365 0.5000797765435074 1.908057140151868e-05 2.675205778716632 
0.9991862324477954 0.5003223597676426 -0.0006729543565067113 2.672360877340402 
1.000086141792466 0.4999599499233108 3.968568047844127e-05 2.67527922906593 
0.9986088808408251 0.5004357002668376 -0.0006963981257273 2.670435004666345 
0.999817117735576 0.5000569210776119 -0.0001766722012976627 2.67439890613918 
0.9999432741928557 0.500037546638622 8.519212761105462e-05 2.674822252867862 
0.9997197976364804 0.5000928785847011 -0.0001807121605341133 2.674084969915828 
0.9973556652645055 0.501929573119276 1.946258057049164e-05 2.6670240600237 
1.001116263927534 0.4992679887399854 -7.810187337978973e-05 2.678439231005062 
0.9928338052083848 0.5049896614603596 0.0002891767233652482 2.652974658888544 
1.001106408722756 0.4992578895061701 7.468805452520511e-05 2.678396495432882 
0.992748892593998 0.504947646355227 6.028707100311254e-06 2.652668945243815 
0.9929139396390252 0.5050013875748988 -0.0002830172808042407 2.653262353123211 
0.9999953564520152 0.5000031506094906 -9.153674032209092e-07 2.674985578748709 
1.000000076981472 0.4999999472265513 1.499183810154872e-08 2.675000238893779 
0.9999945315459721 0.5000037098021723 -1.078271590654571e-06 2.674983016553024 
1.000000954701668 0.4999993521970769 1.881584518980755e-07 2.675002964931415 
0.999996646501685 0.5000022758298395 -6.608766365897465e-07 2.674989585381649 
0.9999910220071286 0.5000060915910031 -1.769548432103164e-06 2.674972117860921 
1.000000000000001 0.5000000000000001 2.06052671796926e-15 2.675000000000005 
0.9999999999999998 0.4999999999999993 -1.9281862588732e-15 2.675 
1.000000000000001 0.4999999999999998 3.978751867018043e-15 2.675000000000005 
1 0.5000000000000008 3.126365469184065e-15 2.675000000000001 
1.000000000000001 0.5000000000000009 -7.684284721708699e-16 2.675000000000002 
1 0.4999999999999985 -8.53809413523408e-17 2.675000000000002 
1.000000000000001 0.5000000000000018 2.266463730623578e-15 2.675000000000005 
0.9999999999999997 0.4999999999999983 3.842353944567862e-15 2.674999999999999 
1.000000000000002 0.5000000000000051 -3.015872464770233e-15 2.675000000000008 
1 0.5000000000000016 -2.7906486179827e-15 2.674999999999999 
0.9999999999999999 0.4999999999999994 -5.790846418636188e-16 2.675000000000001 
1 0.4999999999999993 4.07681653766643e-15 2.675000000000002 
1 0.4999999999999993 1.063083047366008e-15 2.675000000000002 
0.9999999999999988 0.4999999999999978 -2.393795393369647e-15 2.674999999999996 
1.000000000000001 0.4999999999999993 4.497659046548545e-15 2.675000000000004 
1.000000000000001 0.5000000000000011 3.592551626850554e-15 2.675000000000002 
1.000000000000001 0.5000000000000011 -9.236927876589371e-16 2.675000000000002 
0.9999999999999998 0.4999999999999979 -4.014439479564246e-16 2.675 
1.000866768705904 0.501329144435519 -0.0001878660780541747 2.677864116923348 
1.000847070472859 0.5011490018105497 -0.0006418421256138809 2.678119019190769 
1.002036318703042 0.5031794411342138 -0.0002664540636304122 2.681045410750216 
1.000143428053418 0.5002740123563265 0.0004212363068069302 2.675372690245622 
0.9996614344289692 0.49952635858737 0.0001066061435592106 2.673812246942871 
1.007332332084103 0.5108499546144263 -0.002179928793468067 2.702256129811932 
1.000005712557438 0.5000021214440248 2.686558494171281e-06 2.675020740523295 
1.000000136488585 0.4999993475197183 2.050667840943955e-07 2.675000143966956 
1.000002911796626 0.4999990426060176 -8.804583603322158e-08 2.675009552496995 
1.000000899417358 0.499999932474628 9.060100198558964e-07 2.675003064739402 
1.000000081285776 0.5000006582890025 -3.068612818374213e-07 2.675000609172435 
1.000000936329608 0.4999997363339796 4.439556246325327e-08 2.675003093837488 
1.005100737273967 0.4996132818482677 9.753899370923034e-05 2.692434332482758 
0.9997548293470419 0.5002339320970705 -0.0004041827906342801 2.674274729966796 
1.001594727792415 0.4999484292826086 0.001199395828772493 2.680479759537651 
0.9982989931230374 0.499421661974064 1.812067379159578e-05 2.668839511680351 
1.004517813583677 0.5011066821284783 0.002199303301395288 2.691150019906394 
1.009321712230242 0.503228527408338 0.003467764341800421 2.708831402410492 
1.051405187854547 0.5257760063084823 0.02108406369716976 2.868931044892015 
0.9865665917060961 0.4927337774913056 0.0001759364867710803 2.624023368180518 
1.032012970243235 0.5110048294770126 -0.003385211556915143 2.793443599125655 
1.04619456485833 0.51663612988367 0.0154683626877661 2.845452183566915 
0.9911116338325204 0.4990613113250938 -0.0003133442577706412 2.643454039592265 
1.031566689478171 0.5055805708811966 0.01443187211960043 2.788241582450244 
1.000034117070692 0.500004561729378 1.714412358048612e-05 2.675119825091433 
1.000210888976247 0.5000424380122003 0.000119738573945854 2.675747854165572 
1.000732551734838 0.5003065399884201 0.0002654280257199474 2.677677609253421 
1.000022890831147 0.5000509976414157 -2.766813135965798e-05 2.675104431378699 
0.9999105158962178 0.4999471463520297 1.414828268330867e-05 2.674665207501879 
1.000212265499748 0.5000752915347312 -2.339608494688142e-05 2.675769094683902 
1.011713566238064 0.5044976491440617 0.005075793047547308 2.717791172004373 
1.021630006502631 0.5078989597627874 0.007113150854373349 2.754146734979183 
1.030119767741862 0.5150075508819877 0.01228130401489055 2.787612623537336 
0.996540082257828 0.4994922329961711 8.720554468733747e-05 2.662817125467988 
0.9930540501425211 0.4969327888515259 0.0003298754016961671 2.649220118350287 
1.015939509985347 0.5068638510615917 -0.002323047809178781 2.733997340985424 
0.9998532555527919 0.5000305238295905 0.0001314788461892118 2.674510057347472 
1.000053962088685 0.4999873102587615 -5.157233442511354e-05 2.675179403159283 
0.9994781700719994 0.5001055357853156 0.0004451375182543931 2.673256344383567 
0.9999563894756925 0.5000049148963904 3.77668528344475e-05 2.674852371988295 
0.9999018620610224 0.5000274917307849 9.180709540400953e-05 2.67467582648259 
0.99991623113378 0.5000158907276486 7.139366340283896e-05 2.674719409903818 
0.9999992686289946 0.4999996100908092 -6.641857822934955e-07 2.6749972855538 
0.9999993521327684 0.4999989748421687 -4.731833043766006e-07 2.674997255567642 
0.9999989620068587 0.4999982514849321 -1.067499512800293e-06 2.674995550020733 
0.999999259263748 0.4999986550593846 -4.886959677326476e-07 2.674996775790662 
1.000000521917649 0.5000009775473864 4.378025269133477e-07 2.675002286717937 
0.9999951636308808 0.4999917854119785 -2.090722711656839e-06 2.674979231945274 
0.9997578304525938 0.4998277066865923 6.900518143363753e-05 2.674079916027951 
1.000034416175202 0.4999322873564194 -3.512617255404951e-05 2.675084673631646 
0.9991538701847517 0.4996187192409037 -0.0003816016267657922 2.671895341498451 
0.9999922651550512 0.5000871956624023 3.758444625140948e-05 2.675017008197634 
0.9997946555152551 0.4998397809754347 -0.0001398576587943805 2.674212612271414 
0.999937172123857 0.4999259572219248 -1.985790027928059e-05 2.674746620355534 
0.990736263985616 0.4946503937741685 -0.002825354448282389 2.640509524978578 
0.9950362406326743 0.4962713804408276 -0.001809836032852397 2.656069699457912 
0.9984385877038274 0.4986434981397406 -0.001118661050004407 2.66895325726624 
1.002173437374956 0.5016922292388498 -0.0002487627619554935 2.683321337773341 
1.000280802214352 0.5004954014104883 0.00040795590178062 2.676215906472567 
0.9948143935592521 0.4952034889960384 0.00133321952605702 2.654790068097208 
0.9896794117348202 0.4976396568466066 0.0004695362646338118 2.638544054303424 
1.003891365447862 0.5009501392619845 0.0001604692510853146 2.688757612040499 
0.9816807665565931 0.4936893410343616 -0.007020573726859018 2.609247806701839 
1.00313235144605 0.5025403081381945 -0.0003930941190811305 2.687029892777405 
0.9848923123776161 0.4918241230571662 -0.003592439460300823 2.61917512264802 
0.989684938152817 0.4939183199203389 -0.002809720165752859 2.636557187815983 
0.9568281376524601 0.4892097097348659 0.009985837709249556 2.526443532390986 
1.016507660198576 0.5044638436678115 -0.0008451693939534564 2.732289231946829 
0.9379167588317927 0.4779651926637903 -0.02959783619894113 2.456729249758189 
1.01585916556831 0.5105065705543035 -0.0009924820645627011 2.733333917929101 
0.9294562087785458 0.4595402705639577 -0.02458433561029328 2.418508065751752 
0.9426155029136749 0.4584285911891743 -0.0269353724455096 2.461825810508226 
0.9729316637062532 0.4847958294637588 -0.01147816759180856 2.575266712007941 
1.006121539263208 0.5022328608922313 -0.001112033720204495 2.696961524419329 
0.9924429086511654 0.5013504947058883 0.0003132405977539374 2.650134542186409 
0.9849804837407286 0.4960628149844729 -0.005197294655387153 2.621716992261837 
1.00055929825587 0.4981982580199132 0.0003636387429864233 2.676088573150402 
1.001695506204613 0.5034909469938393 -0.0008261993459364714 2.682542303609902 
0.9750380315382083 0.4937277715808707 0.003995056280073399 2.587601251347371 
1.0098056612854 0.5020540546771809 -0.0004920662064638957 2.709129421302682 
0.9583637214760431 0.4847942574867366 -0.01516635005624508 2.526633728540673 
1.008168398792213 0.5063073075376177 -0.0002772686555815294 2.705962675678054 
0.9613884100732748 0.4787674790724473 -0.01058014751377496 2.53336282544199 
0.9726505522805253 0.4800050144300526 -0.01038253733020324 2.571920154011518 
0.9654348447747766 0.4894712965702657 -0.008890428694946767 2.552530417441742 
0.9561502952835522 0.4782918067990813 -0.008311250312678547 2.515575252558594 
0.957471776236018 0.4715100718068508 -0.01053250787793101 2.51681194449498 
1.009486869115442 0.5016224628694251 -0.0004540788659174867 2.707950804652331 
1.011181816056027 0.5065012481900933 -0.0005630866011017199 2.716027010784046 
0.9710148694892374 0.4918845629585511 0.004017123723959263 2.57324206496573 
1.059148458511385 0.5110618350040005 0.03880339778218142 2.890478510069275 
1.06079854790243 0.5246360149973402 0.02825133589711755 2.901913659002103 
1.04387943090997 0.525338335262703 0.02215718920478731 2.841744842753806 
0.9857593767569229 0.4963977021230362 -0.002050552389704854 2.622503130070189 
0.986106060346927 0.4907202567462442 0.0004367268100139198 2.62159409972285 
1.038957595458913 0.512308615659648 -0.001992796515810968 2.819548929426822 
0.9702060231147955 0.4905619199752285 0.005229168031265354 2.570150488654435 
1.009003181262125 0.5018243470789029 -5.331974423163641e-05 2.706499244648804 
0.971578632489857 0.4923003540406493 -0.01319578126524286 2.574656571400638 
1.012522813476995 0.5063426176597923 -0.00104736776020868 2.720270107048867 
0.9535096374805574 0.4774040807456891 -0.01501099473870526 2.506517408771027 
0.9498541499084806 0.4665234947986436 -0.02060798510783406 2.489403100450909 
1.028545834914038 0.5085243850119537 0.01645296654150282 2.778986641473792 
1.021434475630064 0.5117279738034254 0.007269606612400809 2.755391289213962 
1.007194083800783 0.5063905873659665 0.002875096718222114 2.703042224418203 
0.9936927854927126 0.4977703807884233 -0.0002948888242368613 2.651838260193293 
0.9963652409234929 0.4964813976631185 0.000731795211879026 2.66070845126288 
1.012153829108131 0.5050159963766391 -0.0002810199246762856 2.719997670270833 
1.060982960147719 0.5311370177351369 0.02412897653085336 2.906231059131902 
0.9829370441887866 0.4902063324094948 5.327118710475847e-05 2.60972345959987 
1.042376729651085 0.5137943630471584 -0.002617027982643461 2.832484275379489 
1.06201388585608 0.5221699481462843 0.02111278645671594 2.905051458844593 
0.9868815908704895 0.4981088235624989 -0.001165830997249873 2.627715467001615 
1.047610468432102 0.5070516378521501 0.02282107627029596 2.84652311561822 
1.047375529346802 0.5090739171586042 0.02094208570167215 2.846571365276499 
1.053926272055806 0.5209084413204835 0.01621901183010945 2.875257223660761 
1.047563270363793 0.5265807821932176 0.01474937713783752 2.855467611948705 
0.9878554171632168 0.4980936885225509 -0.001565465887786381 2.631123110586969 
0.9861620325827908 0.4913961258918554 0.0002659614682113716 2.622021355597822 
1.036613845652752 0.5113336926088629 -0.0002660499973192662 2.81024966145624 
