0.9997879399666751 0.5919271617620588 0.004099533670026714 2.6744917833556 
1.000972778190871 0.5899018095792075 0.002200097651201456 2.67723155868625 
1.000822628345356 0.5902120324050296 -6.14573901946057e-07 2.676913891306007 
1.000952671023192 0.590075089276682 0.005386027873710893 2.677278578554187 
1.001741458385033 0.5883797102693719 0.001504187315567585 2.678891602312193 
1.00261811388325 0.5873217173079261 0.005887994074697074 2.681208779914506 
0.9999116536881888 0.591692543648902 0.00426312808342197 2.674769150506895 
0.9991131346622575 0.5932198626420896 0.006727004343913586 2.673027652550793 
0.9975027107352484 0.596091343128735 0.009431563500536561 2.669414861024612 
0.9977180250766481 0.5956442036265253 0.003868533380839098 2.66982580988271 
0.9960120773870408 0.5984569439071231 0.004699251169154537 2.665857358578336 
0.9956862115688485 0.5991216270275511 -5.206776694088772e-05 2.665165310141266 
1.003801635150271 0.5852024563331186 -0.0003081432290630066 2.683899057824512 
1.005358508448405 0.581647435965674 0.006387879490306435 2.687050253248414 
1.004433428200195 0.5836435050907975 0.01674502346283427 2.685230567510696 
1.003535922639867 0.5849474376146859 0.003567717867041029 2.682872347317147 
1.003277585514418 0.5861151906025516 0.009878614516395287 2.682728910580578 
1.002458310210789 0.5877286512502787 0.006030946448075269 2.680921215777333 
0.9973314565171312 0.5960746796827072 0.00916332215825744 2.668837209066045 
1.000364916407469 0.5909401074030588 0.009544444826990751 2.675864710183006 
1.002440010161484 0.5874320165378314 0.006002277775413769 2.680688788624483 
0.9997442271858969 0.5918701865001941 0.01394082789827209 2.674403276496542 
1.003511264024354 0.5853540926291189 0.009970378371332038 2.683063829131529 
1.004253924259573 0.5842335286265871 0.01671366301356872 2.684972062748856 
1.007736208143106 0.5752454465249197 0.0381090530059917 2.692011652669892 
1.005639348905756 0.5805467108180136 0.02473536219058358 2.687621284837625 
1.004102882758936 0.5842740401607683 0.01700464729674807 2.68453245444723 
1.012442369884485 0.5681693969243169 0.01944585430086729 2.703275055439746 
1.008126540749347 0.5763627651851545 0.01257227278923977 2.693331261538372 
1.011405110060538 0.5709416870731715 0.001667512959613907 2.701146047692387 
0.9695486418284534 0.6384629488502624 0.04379066014173978 2.605311472335902 
0.9802906911378755 0.6224852491530015 0.05220796940121356 2.630327497940339 
0.989737404230279 0.6072361577121955 0.05162761111874135 2.651967450097248 
0.9713296759738148 0.6343934737903685 0.067149589783081 2.609733345167043 
0.9859528100922503 0.6108620367929574 0.06921460606730506 2.642566271666358 
0.9783756763071558 0.6198222539905784 0.09371473965537136 2.625398171348484 
1.001875397486008 0.5842788786170267 0.07400289667416553 2.679633209263374 
1.006459826200343 0.5768861081251161 0.05332109847146934 2.689377930831908 
1.007589212771903 0.5752652429182259 0.0379015103489902 2.69172695401037 
1.012406169627697 0.5632418325497589 0.07877019968179741 2.703306600960582 
1.014343866900266 0.5627513910549224 0.05234670564517162 2.707795501751417 
1.025032510355626 0.5369235575962473 0.07592433216595143 2.731370136474975 
0.9895522953334728 0.6067518311386377 0.05153504843556709 2.650899284716475 
1.000210261411601 0.5898778660462844 0.04925638557584344 2.675873299612296 
1.007599459254648 0.5756273172224796 0.0377488891302565 2.691881686691259 
0.9945107595615938 0.5978993940922778 0.06288294559931347 2.66253697285369 
1.006346759803544 0.5759436180028719 0.0538252598069863 2.688465247925275 
1.001890615265328 0.5831717648199217 0.07392231161417837 2.679032304315835 
0.9460888964926026 0.6658384180930588 0.08108094662332629 2.551065989881732 
0.9606247211465804 0.649730229538408 0.0584585823161435 2.584784005917713 
0.9701901271210632 0.6385725138507168 0.04496933037682748 2.607580798710017 
0.962998975815646 0.6428085830600084 0.09223599436924761 2.590411192785572 
0.9708962502598301 0.6343579396859566 0.06657412251320352 2.608321173562595 
0.9783863716056526 0.6197372070664956 0.09350093695051437 2.625320201781774 
0.9958846251606916 0.597342064023429 0.02686876880948846 2.66517522589771 
1.000093313033656 0.5908874824811868 0.03343954238000437 2.675455749169713 
1.007783320888809 0.5755538688668814 0.03779564228072596 2.692301112061943 
0.9938434240176089 0.6014911597518996 0.03676398207988808 2.661161267343908 
0.9999735035393592 0.5895358383733384 0.04878623507579219 2.674892657330095 
0.9897476995134982 0.6067835861843426 0.05191779662398095 2.651538681755112 
0.9835097458137556 0.6177545969657752 0.02467623158403419 2.636811756674389 
0.9900275706091928 0.6076804607422177 0.02864149955536288 2.652094838939516 
0.9955532340303869 0.5979761668674589 0.02664139429676356 2.664475722679489 
0.9853448009796775 0.6154383391818453 0.03734861196224878 2.641766665188908 
0.9939445489626687 0.6007970929922564 0.03730695933506504 2.661073805670013 
0.9900579070768882 0.6071902909811779 0.05142860129221088 2.652762691897766 
0.9824997095253644 0.6204387412210091 -0.00701274875955813 2.634871511719374 
0.9828098322664314 0.6200698073983263 0.0002922125500033057 2.635646371495333 
0.9846284872162265 0.6169973655814575 0.0051457192087901 2.639733181922837 
0.9782264674226553 0.6276803447912573 -0.002570086308697126 2.625504744611566 
0.9807055064469857 0.6237275084680439 0.006739461206740025 2.631082532561965 
0.9735902831442595 0.6340741084942165 0.007337504167103878 2.614578591226667 
0.9910425245987187 0.6063264881191178 0.01094681087436744 2.654255173380029 
0.9947250770129362 0.6006832782640783 0.01150288105139917 2.662999347697075 
0.9973199856835329 0.5962941086783796 0.009568689832885257 2.668964017028317 
0.9925439584685039 0.6045438463819687 0.01840409329909077 2.658219460609696 
0.9970391116635577 0.5964428836802786 0.01609992938087161 2.668157494002337 
0.9957674645893094 0.5982744760054842 0.02658971991422923 2.665271854384777 
0.973209065223446 0.6341157110918808 0.0080964875993223 2.613361458945167 
0.9808350053702488 0.6237244243243409 0.006422985894350239 2.631507790756901 
0.9848337754698057 0.616872100512469 0.005173327231653316 2.640325814238407 
0.9777518665918215 0.6277946315703604 0.01914940048558274 2.624235771922756 
0.983348678804312 0.6192151281984273 0.01214966041141692 2.636941282365357 
0.9836779907780868 0.6185459561296011 0.02481957854371342 2.63784338143227 
0.9976000867047301 0.595850548566892 0.009706892914005557 2.669616799507111 
0.9996917700254814 0.5919242814816149 0.01370784278060939 2.674258605205079 
1.004134093178253 0.5843172336945067 0.01656090524782045 2.68462322008399 
0.9969530577600327 0.5968330427504124 0.01583558669354914 2.668108532496533 
1.000676415058225 0.5897722206037853 0.02336240096671147 2.676444498803032 
0.9956452792659882 0.5980401496267256 0.02688885815728705 2.66474253862429 
0.9954956926476076 0.5975492662113299 0.02619020126692515 2.66396533034187 
1.000921281188686 0.5896782422744702 0.02360691481913222 2.677213084004351 
1.00398330935795 0.5846290614361764 0.01674369325371387 2.684339985971489 
1.000311332543802 0.590789220027515 0.03382101877968088 2.676124064334631 
1.006036043573035 0.5800017423263972 0.02479802369442763 2.688625270408906 
1.0077784784171 0.5755816840521778 0.03804462814355927 2.692306055537824 
0.9998448008709149 0.5919268395598205 0.004190783150869899 2.674679732242944 
0.9999463729377148 0.5917969359179014 0.001832355966879209 2.674934475186791 
1.000055402458778 0.591537803627036 0.0008203581202349362 2.67514445595583 
1.00090780943824 0.5899299972772384 0.002159169953145921 2.677031520813725 
1.000401644439518 0.5909217588550513 0.0007887277004047667 2.675930267486125 
1.000971648927493 0.5899947347070521 -0.0002788702570835276 2.677278917044122 
0.9974810101900399 0.5962404863283811 0.009665878640564158 2.669430267588522 
0.9990787278619305 0.5931305744069389 0.006631633027632736 2.67286117833491 
0.999840011963294 0.5918252295262855 0.004158365109986462 2.674608966590204 
1.000317021892596 0.5908602115406629 0.009325761852049053 2.675655941163134 
1.000792613031936 0.5902735917155512 0.005260828197308295 2.676863624103367 
1.002444064191889 0.5874096779301741 0.0059685889893906 2.680682995994509 
0.9992514785335238 0.5929193675765972 -9.026666461549211e-05 2.67328908988435 
0.9996453647769369 0.5922600368313957 0.0008127923292523446 2.674207656148464 
1.000015222936976 0.5915429753384388 0.0008304579940189322 2.675013532449784 
0.999161734504643 0.5930657669668632 0.001695471056923404 2.673079125841207 
1.000023936705768 0.5914921565942673 0.001822154356317242 2.675012217672909 
0.9998358327120881 0.591990868740655 0.004078506852124688 2.674688306125413 
0.9782426925575393 0.6204844793346496 0.09372262389162338 2.625460935013352 
0.9922109813487664 0.5988705718529598 0.08632366546017099 2.657218557219551 
1.001427730640087 0.5847434029533098 0.07371972559680921 2.678553989723128 
0.9913652449716903 0.5955682231276272 0.1158614114749285 2.655540403950146 
1.005094437515944 0.5743348122386833 0.09664003957623261 2.686617901075232 
1.010087585371112 0.5580880452591056 0.1295228779396126 2.697642608830621 
0.9999547178987892 0.5917435990436267 -0.001420084379884181 2.674926278720672 
0.9998435112506884 0.5918612682792371 -0.0004946760662260412 2.674631347669794 
0.9999600496416773 0.5917029017619808 -0.0001832723419809213 2.674924421360696 
0.9995749562973449 0.5923213833127308 -0.0008193762349254329 2.674011885644622 
0.9997956779209139 0.591993876261811 -0.0001113476010491498 2.674548277155782 
0.9994630906863518 0.5926292719952376 -3.340024106409199e-05 2.673816409700678 
0.9999671781743504 0.5916398904779067 -0.00145798583784404 2.674909109291733 
1.00015555612569 0.5914074212133724 -0.0004054368340612214 2.675398351254671 
0.9999183749962048 0.591575929874078 -3.573557663856847e-05 2.674743222422217 
0.9998421126932099 0.591786411999618 -0.0005845216502521526 2.67458560556936 
1.000010051983328 0.5916102540473107 -0.000283088026385032 2.675030591061689 
0.9999554058708541 0.5916746972763033 -0.000141319117140216 2.674901557221842 
1.000025686768193 0.5915983327914506 -0.001426520908924896 2.675077140403249 
0.9991096747828982 0.5932247785758642 -0.001733344144408199 2.673002624839274 
0.9977931561906406 0.5954748391906447 -6.482475498239338e-05 2.669962207203605 
1.000130769107834 0.5912557002502528 -0.002850577017280038 2.67522314306999 
0.9984707414251024 0.5942666788252519 -0.003546001676156026 2.671504019041805 
1.000301538903897 0.5910093299055703 -0.005527284455192341 2.67565100926626 
1.000515499707621 0.5908243815417079 -0.005598233016942664 2.676272699166218 
1.001042967259335 0.5898543893157133 -0.001836272900402538 2.677439083237556 
1.000453801322038 0.5903796961339376 0.0001326169243766608 2.675826043774322 
1.000112770647004 0.5914258902899129 -0.002950577307688579 2.675274080277521 
1.000385158915583 0.5909069269565915 -0.001077406798764428 2.675867199831356 
0.999980967187624 0.5915893862701487 -0.00142659586560948 2.674927460284054 
0.9964879915636605 0.5977365572270528 -0.01193685645651171 2.667052251548957 
0.9990658271548503 0.5933079187818913 -0.009190832373303608 2.672938932830562 
1.000358291557986 0.590938728012358 -0.00573033688470835 2.675798608639696 
0.9968493203725469 0.5971742140482571 -0.003923808078994473 2.667859312292459 
0.9983213259726558 0.594359922892616 -0.003521700064978355 2.671063512886504 
0.9979629951561899 0.59540340493343 0.000104605724183939 2.670484999962971 
1.000475030449052 0.5911991778469285 -0.005453941996969931 2.676366842732008 
1.001672443762222 0.588320075789595 -0.008157385316840952 2.678705788145531 
1.004150882783874 0.5835652310733741 -0.01078985244466641 2.684217702306535 
1.002126976953751 0.5877471386380699 -0.004076749194821308 2.679812295685403 
1.004124822006983 0.584286825183476 -0.003823090753003639 2.684428090477991 
1.002732404638057 0.5863816407326493 0.0001272548097443076 2.681074241062698 
1.003975151505908 0.5840567313627878 -0.01045926403648382 2.683958569891841 
1.005679768079013 0.5813332936440289 -0.01803308747102435 2.688161261548653 
1.006838288840058 0.5774404027814318 -0.03118423291880657 2.690080859840674 
1.007186515718293 0.578205815641687 -0.00899952988441997 2.691154843200358 
1.011168699738766 0.5706874588691537 -0.01737816259660622 2.700320748771428 
1.01124836259608 0.5707929742193889 -0.002864594809637556 2.700709092786984 
0.9890810041382684 0.6102508318467808 -0.01026217707013588 2.65020571167337 
0.9859607176196398 0.6149075857130848 -0.01010919116107197 2.642812713787547 
0.9826336827141954 0.6206438346856689 -0.006845296848319889 2.635463020807337 
0.9867724329243263 0.6139208884806295 -0.01599011086543361 2.644921902783915 
0.9818261604365677 0.6219535069584522 -0.01443370137433764 2.63369859685824 
0.9823780917861202 0.6200752729913505 -0.02427818529931678 2.634526507261475 
0.9926482532703612 0.6044275836451508 2.455498750368982e-05 2.658326849861017 
0.9912695610348825 0.6067605673265354 -0.004488146535121657 2.655202656225061 
0.9891184803956231 0.6099635244108251 -0.01012293468321242 2.650131643876954 
0.9938575867317039 0.602067585486841 -0.006048738863287255 2.660910621205337 
0.9927555625451846 0.603908552257568 -0.01259535648213704 2.658455613897088 
0.9964620563561934 0.598273274631262 -0.0122405327184931 2.667298010978885 
1.000447227770406 0.5910177952462141 -0.005657247012760271 2.676146191914244 
0.9991058666020011 0.5927964657966044 -0.008858934684834915 2.672765002885093 
0.9961138500626895 0.5979937222630544 -0.01206566987908076 2.665967985658671 
1.001827269871891 0.5886818894821463 -0.007628209091796327 2.679392146729908 
1.000120770601161 0.5913358977252298 -0.01403793125918079 2.675334379002336 
1.004290670861787 0.5834253125906659 -0.01064661113431762 2.684576037681534 
0.9966179643169718 0.5975573811351774 -0.01158637780921624 2.667386712790543 
0.9989227466534115 0.5929624495415724 -0.02075875028577284 2.672434842897851 
1.006148201214979 0.5800278263389419 -0.03141503181145211 2.689195312373641 
1.000251048208578 0.5913297962526745 -0.01434738376008521 2.675765861157374 
1.005578091829569 0.5809656691367274 -0.01848929212545367 2.687561154607583 
1.004146891433998 0.5834221043956702 -0.01027974607776555 2.684097169375437 
0.9926891864713031 0.6032315041080117 -0.03163326521921 2.658273222768803 
0.9941506089846168 0.6001502996771265 -0.04667233350003413 2.66176764802208 
0.9988202046189784 0.5891579999682219 -0.0669103363253836 2.671843973040407 
0.9991785080337107 0.5923495352062735 -0.03599338435397634 2.67334003560647 
1.004840980453815 0.5803502332111655 -0.04705192305899539 2.685701251303128 
1.006226924676086 0.5783803259245399 -0.03028424582147926 2.688551761451019 
0.9891770034379045 0.6100916199220123 -0.01031929865148293 2.650426659112912 
0.9894964367914635 0.6093184014418318 -0.01957591890086167 2.651092691105659 
0.9922318310139472 0.604188612938493 -0.03191178893428909 2.657321912504791 
0.9928682826142929 0.6041419983737358 -0.01291176044686471 2.658958272590848 
0.9952479313256913 0.599294028284478 -0.01986117474783614 2.664014360153676 
0.99645193958999 0.598152363713801 -0.01176473590262914 2.667185713934444 
0.9778066674354887 0.6251413063588466 -0.05352366320753315 2.623935887214443 
0.9684790010107234 0.639018041632989 -0.06273799811054445 2.603281689365283 
0.9524767940439917 0.6591961031472978 -0.07178003521338595 2.565975935560832 
0.9773269278233868 0.6244297846079101 -0.07211658989236294 2.623184988976127 
0.9644051572474105 0.6401063640522083 -0.08886007506380132 2.592809605101674 
0.9785402797579487 0.6192911596039126 -0.09797744167735407 2.625952158477979 
0.9988130285307539 0.5889589917440005 -0.06625265356519819 2.671718308384944 
0.9874423897417282 0.6093025270670053 -0.06458375032047961 2.646274220114801 
0.9782241617099472 0.6249932956856643 -0.05281722565887069 2.625176924743501 
0.9912318302886233 0.6005471808503712 -0.08287146993950784 2.654739786358767 
0.9772140661447386 0.6244554975904179 -0.07255571067617803 2.622830784362757 
0.9783499585091151 0.6193840782227418 -0.09834783496079794 2.625364008614346 
0.9823731013011384 0.6203665255204105 -0.02485426204067773 2.634759260367794 
0.9760330212927537 0.6297750536973898 -0.0250808446736465 2.620038080735323 
0.966767130906206 0.6433554431873288 -0.019991853771504 2.598717142129492 
0.9805289394411885 0.6232246012933894 -0.0357485900627393 2.630831379828305 
0.9703686409529513 0.6381632399639833 -0.03823111679410562 2.607485982928994 
0.9781319505345102 0.6261538083839625 -0.05350966036465314 2.625665232446726 
0.9890291777876489 0.6102199753213846 -0.01055807699843709 2.650020918820109 
0.9867119804186758 0.6140738821726437 -0.01570625434154944 2.644813719148741 
0.9825928235403677 0.6199752792255361 -0.0242408894911417 2.635168859202634 
0.9894644449149202 0.6092461720885866 -0.01907802689663049 2.650945150628717 
0.9871044513964332 0.6125593922228481 -0.03011503178322404 2.645521180640174 
0.9924117802865101 0.6042109183056826 -0.0327055839142542 2.65795282611667 
0.9826408228882694 0.6208555719819375 -0.006521446809990609 2.635622573478421 
0.9782743118869657 0.6272021117137183 -0.00309802561730348 2.625363594872402 
0.9731969759790727 0.6345479896735352 0.007490653305054861 2.613615849963864 
0.977517183078237 0.6286010086408852 -0.01158039684268048 2.62385543909061 
0.9690546181396575 0.6406409272469306 -0.003615677710349815 2.604101937176623 
0.9670873745019664 0.6427323742363102 -0.0193219319945609 2.599262200618008 
0.9923498997185852 0.6038060136360732 -0.03192047334751035 2.657485629858067 
0.9870268925236205 0.6129866047462966 -0.03048568610727131 2.645533156897679 
0.9827024874525152 0.620175911333545 -0.02450510942737719 2.635708725245507 
0.987478392175383 0.6114120908694418 -0.04251215458424222 2.646493786730365 
0.9801587126442746 0.623441461468181 -0.03612016724235954 2.629761004305798 
0.9782287040018208 0.6261342516078311 -0.05359301128269887 2.625930208803893 
0.982853228106744 0.6199927750365031 -0.006785684659382612 2.635759430113998 
0.985957494615379 0.6152868065921844 -0.009869618811470693 2.643031059208617 
0.9890035117531834 0.6103186542427634 -0.0104618921943811 2.649971880237409 
0.9865873478280062 0.6143301479014591 -0.002786300379848696 2.644452415598499 
0.9881884324612575 0.6115485859740982 -0.003587475787859941 2.647991632823453 
0.9876917683273345 0.6124985928437526 -0.0001021507340138156 2.646950978037518 
0.9669263195694703 0.6435285050046126 -0.02123439548072174 2.599509255277769 
0.9578381630609877 0.6561214474600129 -0.02244046193015401 2.578672582195646 
0.9432337739786949 0.6745612560648696 -0.0230979767605549 2.545033326634774 
0.9597366607827557 0.6530178449480161 -0.03857400034949521 2.583149456135478 
0.9454421494125119 0.6703073303775433 -0.04797578775885521 2.549970693582343 
0.9524434381699859 0.6593567093357692 -0.07202383342122416 2.566038426573095 
0.9825021610831389 0.6209058237921744 -0.006783712963939487 2.635200190587457 
0.9773028686842385 0.6287407936177841 -0.01134019238152502 2.623243621502477 
0.9675715436238348 0.642401513415512 -0.02010530593829461 2.600620161360894 
0.9815409694105149 0.6218390141073197 -0.01401412715309113 2.632695849842522 
0.9760175806342216 0.6304496128579294 -0.02477775462784819 2.620418650311611 
0.9823082451597819 0.6202934100308395 -0.02466231815844955 2.63445842699561 
0.9732457578393627 0.6342940295586875 0.008032356415397695 2.61363850814111 
0.9664562083903699 0.6446721269749339 0.01066811620502125 2.598434203469322 
0.9557259301554202 0.6592693376183094 0.0137319357929936 2.573913568036231 
0.9690421322112197 0.6406832017683 -0.003364892296343059 2.604092537340918 
0.9600807162187843 0.6538122250722394 -0.006897557960999364 2.584087986554628 
0.9672078372069185 0.6434987898783806 -0.0206271441941102 2.60025803376473 
0.8980684148750446 0.7214336617502541 -0.002787562619885019 2.440469094698001 
0.9159722643233357 0.7047428562438504 0.01538113516392205 2.482075038584341 
0.9302692892059623 0.6878441752490341 0.02613971913907049 2.514274816068569 
0.8987908137523009 0.7193777986061596 0.03691616746749168 2.441813053895979 
0.9197796676759502 0.6993597146813143 0.04621207746870064 2.490738908056406 
0.9089115938537908 0.7077973535031749 0.07447101555477947 2.465794915905834 
0.9435090565194902 0.6747529300002326 -0.02293788148220665 2.546348844545109 
0.9343285952213105 0.6843588825474238 -0.002153339365140164 2.524022342860864 
0.9305332434707626 0.6876809041457904 0.02638951475521679 2.514902007089842 
0.9248423370260327 0.6944335162498747 -0.0180356480047479 2.501842191103564 
0.9155715032016724 0.7050913873050093 0.01511473200103879 2.481108391596163 
0.8981933575691847 0.7223201197521758 -0.003556447506352852 2.441275964332852 
0.9778801847760562 0.625270333024682 -0.05310754942458575 2.624266996713494 
0.97023462577274 0.6390076549541853 -0.03866069004978349 2.607626701347754 
0.9675146908879252 0.6429582235510976 -0.02005487355662324 2.601008960294638 
0.9678880960018286 0.6387036906927306 -0.0634719309626792 2.601186784440257 
0.9595454424288015 0.6532060618529593 -0.03896104926154818 2.582666323319624 
0.9524530653403102 0.659381240196418 -0.07191352920012528 2.566022237313967 
0.9554299051136294 0.6591967121131265 0.01368989211965642 2.572994622698028 
0.9453168888982991 0.6722221740984836 0.01905623137264042 2.549875826428289 
0.9304950302040463 0.6881318457339599 0.02665524856296281 2.515010692727369 
0.9483823441565227 0.6685752936753493 -0.001513245783413145 2.556830301026478 
0.9346562148929658 0.6846255110483392 -0.001938584502466246 2.525115561266931 
0.9433583994126151 0.6745622539866043 -0.02394509598839535 2.545490897818308 
1.006424285451269 0.577159151189271 -0.03126387773111082 2.688672325536821 
1.005001007430791 0.5801764109657691 -0.04667216687325725 2.686159536989391 
0.9985984096854983 0.5902444567178857 -0.06660354678174993 2.671687807068526 
1.013708310926304 0.5650032613441581 -0.04324422955699926 2.706449251032371 
1.011517959727074 0.5655021841944294 -0.07033189669610163 2.700909551676579 
1.026172845402264 0.5363914877273763 -0.06213865539152357 2.734171185092909 
0.996244863656944 0.5973485603776886 -0.01269124924544091 2.666060888495831 
0.9951801510921713 0.5997279537953506 -0.01925404565880716 2.664057507393533 
0.992477847318985 0.6037977529986647 -0.03172918452724703 2.657880408955235 
0.9989312133689769 0.5932031071487083 -0.02014362283754203 2.672596245475429 
0.9992924559085351 0.5918651276675428 -0.03509674322669844 2.673406760131181 
1.006500924061704 0.5794647477470282 -0.03221409414463783 2.690070227451974 
0.9780458478237213 0.6215719681033476 -0.09777382826555221 2.625663938177504 
0.9934758285777228 0.5909091551310418 -0.1161771201563467 2.659777470890365 
1.013399043123721 0.5534154372602333 -0.1216397734338597 2.705394458678712 
0.9914705337251611 0.6011127597524167 -0.08247764403780673 2.655835883092379 
1.004150739438391 0.5777276832063113 -0.08986300310037636 2.684755506057139 
0.9988036698382438 0.5887550326602519 -0.06700346762401654 2.67163794856659 
0.9922020176476464 0.6031985548599079 -0.03269017481640863 2.656690610677669 
0.9875937875219566 0.6117743616361193 -0.04214756123897689 2.647107924201419 
0.9780853437971513 0.6259927027762279 -0.05345285364371424 2.625317862457474 
0.9943319706401526 0.6001986998547983 -0.04611679847751501 2.662394945728134 
0.9875694762566075 0.6086983364009904 -0.06389994313334876 2.646254526463084 
0.9989982742396379 0.5890700364158367 -0.06677013371189629 2.672409336203132 
0.9526426117429866 0.6578058817360412 -0.07152179763742125 2.565917818080565 
0.9537755642410188 0.6522194330525538 -0.1149449956989884 2.569549283903512 
0.966990519699789 0.6209795035195443 -0.1662332725499849 2.598815821807424 
0.9648141096214163 0.6408647209689167 -0.08990959735319067 2.59466068680719 
0.9738077739920996 0.6212035050057433 -0.1263602386872817 2.615210448210716 
0.9786223803795868 0.6204335961115659 -0.09812845629125942 2.627036789376219 
0.9187961393929458 0.6994249945480522 -0.06335405717453456 2.488900038861997 
0.9143783107070786 0.6984435503077411 -0.1037893662156966 2.478079121976346 
0.9187081908043815 0.6841852075585098 -0.1522358816896519 2.487321116068308 
0.9380939616075603 0.6767569419185848 -0.07138186883135374 2.532905078540811 
0.9389042148456528 0.6725448431096545 -0.1032200298069229 2.535384829292363 
0.9523721282110674 0.657979784135954 -0.07234421995848994 2.565090460450077 
0.9845660449576374 0.6175477839059769 0.004717727430135011 2.639847074556285 
0.982931609875077 0.6200733055600866 7.658652162388726e-05 2.636058406545477 
0.9826286700133511 0.6201780400787397 -0.00650248243532481 2.635136850438707 
0.9864189682137821 0.6143735042135272 -0.0004921768964346761 2.64391417964757 
0.9867139530304797 0.6142208104558188 -0.002971483635748463 2.644801210862952 
0.9877293661038762 0.6125075549020584 4.111359173195207e-05 2.647078012904323 
0.9910968775713462 0.6068730481259728 0.01108980086770986 2.654756881686043 
0.9874584129162226 0.6128192675940894 0.009585455487594235 2.64643041931239 
0.9845588565213269 0.6171707003637219 0.005119866832167992 2.639581035772208 
0.9897501664777736 0.6089364592408171 0.004489305251021683 2.651528484641712 
0.9876055514182913 0.6127350015892615 0.003016716001221627 2.646805740707426 
0.9890464939294865 0.610451414107033 9.132939015634132e-05 2.65014579526835 
0.9910803356029373 0.606544028855156 0.01124195816131429 2.654541319238326 
0.9886180624006257 0.6106776299389649 0.0173867994620664 2.648992988162828 
0.9838910811481267 0.6182846822521624 0.02465021772606528 2.638378203243339 
0.9874438562067718 0.6126665160799761 0.009751075060971672 2.646298847449179 
0.9834635184537561 0.6194580785934848 0.01267791759944234 2.63747831340447 
0.9845192777147909 0.6168715278884945 0.004705711083011464 2.639272574327355 
0.9958125597926991 0.599054946811505 6.559417480038819e-05 2.665549591047137 
0.9960386700707994 0.5984217226150133 0.004473423389892953 2.665924686116617 
0.9974268587386372 0.5961320048434321 0.009409220737800124 2.669188450123431 
0.9938567068661819 0.6022592059899768 0.0044750986307574 2.661013032464974 
0.9946604694863757 0.6007490455645904 0.01139464667609755 2.662817076157327 
0.9911808048714282 0.6064577990219118 0.01134131993202383 2.65478235120247 
0.9556213758696326 0.6591694854892985 0.01357832914382511 2.5735498270707 
0.9483701814063283 0.6689990911577529 -0.001999263949469971 2.557080297306365 
0.9430520745781671 0.6745985428594086 -0.02338297034623538 2.544412214886054 
0.9599370178809116 0.6535012259514172 -0.007246627629599524 2.583437773630411 
0.957738299782236 0.656132612739878 -0.02266319705293683 2.578380461946743 
0.9675649021082364 0.643922814643792 -0.01975409554636974 2.601759378228021 
0.9435034943398113 0.6742910213799873 -0.02316629416529247 2.545955985468662 
0.932120920751959 0.6859663231239569 -0.03908455496198653 2.518875153454537 
0.9190947770919168 0.6991786624774796 -0.06340508561291208 2.489607566302209 
0.9450263719343974 0.6707764366171244 -0.04850284171298459 2.549031088197348 
0.9375258948213827 0.6771689622545666 -0.07087343042672495 2.531357445820963 
0.9523177826251054 0.6585676478066239 -0.07182037276718134 2.565071892627657 
0.942829464717385 0.6747133146748869 -0.02375029849784975 2.544156943112616 
0.92525482879012 0.6943645857259036 -0.01775404818686846 2.503079528003496 
0.8978237959372427 0.7226824747009396 -0.003237889635394124 2.440379793380674 
0.9324613552203703 0.6858248593784979 -0.03912628231364942 2.519831413937931 
0.9059399209897291 0.7136009134850179 -0.03641767974852025 2.458816358280582 
0.9193303207663722 0.6989880895847191 -0.06315816007836696 2.490235305166389 
0.9192727954962404 0.6992654599291837 -0.06261035413878184 2.490243449197339 
0.9057529827892872 0.7137116525037711 -0.03699639709295103 2.458292443308723 
0.8982926949457606 0.7211216157652054 -0.003415415750192958 2.440881316592368 
0.8971900346636856 0.7175088509711222 -0.07489805178733451 2.437855855008924 
0.8793161900338664 0.7352940989428043 -0.03877415429289945 2.396448148738122 
0.865410093415561 0.7410095711935561 -0.08831998591151534 2.363315151597415 
0.9461887191934529 0.6663259120789164 0.08102196338383243 2.551684496059508 
0.9350999735537217 0.6811991964901996 0.05557647388294697 2.525649685461983 
0.9301517280301831 0.6882882775323148 0.02656213406870736 2.514052977227634 
0.9475907298269409 0.6678734185553793 0.04006319788969519 2.554722333087093 
0.9455511259208406 0.6720751023711645 0.01850469713342653 2.550528615636746 
0.9563790963554519 0.6587655692120873 0.01405780217362897 2.575729714340306 
0.9731704368156616 0.6339014135031821 0.007413685429584417 2.613087443541565 
0.9777551755439876 0.6273830534939451 0.01942478592105002 2.623980262131706 
0.9836713880673896 0.6180009075506304 0.02514102048053614 2.637581043041359 
0.9699932015629649 0.6394925791485584 0.02259737941575395 2.606671642702781 
0.9786501091201869 0.6256124214971124 0.03350215667256523 2.626086190422811 
0.9698975559888255 0.6387697710444419 0.04393009238057905 2.606608812453211 
0.9780165312069571 0.620874841289939 0.09364576616935137 2.625135165772642 
0.9757164091970265 0.6189015781905233 0.1236269457658211 2.619484111317647 
0.9725263360815302 0.6141108615948885 0.1657013655672544 2.611962481800972 
0.9635238962104364 0.6422814702198748 0.0923551095361186 2.591667321177969 
0.9533408317721371 0.650896907539297 0.1236566479030874 2.56852943849063 
0.9463135258776291 0.6659627703486911 0.08017650953217721 2.551883193229982 
0.9696916977286476 0.6390777506029121 0.04407792360058548 2.606142130217262 
0.9612828858636713 0.6515396846285044 0.03188554433987256 2.586906983319443 
0.9553626284811964 0.6594493390653549 0.01393704664095937 2.572877084769576 
0.9698019356322453 0.6392200274222221 0.02205711069536884 2.605857489251737 
0.9665307985350882 0.6446359731390322 0.01003560503142977 2.598661310687156 
0.9736717328253319 0.6340752535280604 0.008237493693964438 2.614878260237853 
0.9900305515427712 0.6071988232801758 0.05139035981653582 2.652659980602268 
0.9801491612826675 0.6229430250729371 0.0520337946471784 2.630137689062008 
0.9695672970513556 0.6387015350800561 0.0445203489268826 2.605499985938242 
0.9850925262781315 0.6153753920145892 0.03682544288057209 2.640898254245399 
0.9786213552597286 0.6259478671757617 0.03279543311314666 2.6262254919973 
0.9839786921706055 0.617706838088159 0.02537706231633366 2.638372191473229 
0.9463531053369202 0.665884413459236 0.08060786542670387 2.55191453928461 
0.9478824561079024 0.668043455437945 0.04063106370852589 2.555797339961189 
0.9556821495842805 0.6586027073540738 0.01299357715430268 2.573303931592474 
0.9608440532949517 0.6492859016359466 0.05941431792154112 2.585146134002585 
0.9612505531354651 0.6513178218030321 0.03224001868143398 2.586672297960005 
0.9695428050873807 0.6390636567637369 0.04452860020720264 2.605871107523022 
0.9093472288782415 0.7076038720236052 0.07462482734775948 2.467054748435808 
0.8931159165122617 0.7195590359891706 0.08629878382273866 2.428024074191566 
0.8718042258624694 0.7358101312113677 0.09982620535141661 2.379018415066996 
0.8984847432766346 0.7205271611428699 0.03711262550154058 2.441838087685894 
0.8789917050688599 0.7351046359903872 0.03992773697933644 2.395390686829683 
0.8987353156221798 0.7203661851218325 -0.003695562606870227 2.441553034749867 
0.9467196980984462 0.6656084624478467 0.081114152185322 2.553026838100469 
0.9303369772991446 0.6848778301346312 0.08076175217681045 2.515052938197928 
0.9093646285245859 0.7072842459368687 0.07387600285259346 2.466789787783489 
0.9351852807199399 0.6820861616174828 0.05613869953372087 2.526701147180871 
0.9193554165600198 0.6994998965735485 0.04608999725290711 2.489557015239046 
0.9299910458377403 0.6880989537136658 0.02622312622916971 2.513525146367943 
0.9463644715477392 0.6663333664773656 0.08047927232367248 2.552459308111202 
0.9360626732455999 0.6738535966725737 0.1118621929926049 2.528362227113105 
0.9237434649587084 0.6793293885365447 0.1566456464446122 2.499973063431259 
0.9307760234601774 0.6848541127288814 0.0803491680382756 2.516436042709172 
0.9119264825072423 0.6988119838987858 0.1150681542147986 2.472368033914189 
0.9096217493677151 0.7074152617897012 0.07392307718423566 2.467672227539218 
0.9912793322804208 0.6062809499588965 0.01140000639179324 2.655027806088099 
0.992373704594536 0.604546785860702 0.01800209133548483 2.65765733084139 
0.9956708904531671 0.5983377322237773 0.02660242081179855 2.664984736957318 
0.9886267290719335 0.610994891148914 0.0168789990305707 2.649225548228626 
0.9899149668248411 0.6079847351870372 0.02850042770544625 2.651895281827434 
0.9836380975027899 0.6180599375074591 0.02526959092900501 2.637414963467072 
1.00171546542241 0.5831859781852695 0.07352405355066448 2.678443799236622 
0.9918670471937224 0.5990787974747733 0.08636420970829915 2.656242272973036 
0.978290091167727 0.6197227756641792 0.09383510846247696 2.625082254769704 
0.9943320777031737 0.5979213321335028 0.06265108442187474 2.661984282521087 
0.9858117153918413 0.6114751497789849 0.06850289915149509 2.64250850442937 
0.9900029111451546 0.6066382477329652 0.05225249648100168 2.652394210643753 
1.00001827550288 0.5915806798927192 0.0006935796937105597 2.675044884293484 
0.9998656700453754 0.5918050288292316 0.0002281749792543046 2.674669993381333 
0.9998397401700909 0.5918918692744197 -3.269867394114566e-05 2.67463520744365 
1.000150937109947 0.5913814925295339 0.000224103450453948 2.675367951412719 
1.000003920270645 0.5916014842586874 4.668607690660838e-05 2.675009218767513 
1.000171222814401 0.5913035645130259 -2.896193753246418e-05 2.675389352611202 
0.9993400975392609 0.5929178860074051 6.84661867065448e-05 2.673582498521462 
0.9997546559686346 0.5920298784511507 -2.866742934187848e-05 2.674433950268657 
0.9998577295996794 0.5918521689648365 -2.592285272775628e-05 2.674671836220521 
0.9996161286422964 0.5922348357952153 0.0007028404742422422 2.674095190309106 
0.9998902005238309 0.5918639564160856 0.000168166217261807 2.67478649605191 
0.9999678034554152 0.5915472466510278 0.0007630129191144757 2.674857372727798 
0.9886585384664903 0.6105454739405762 -0.0002768382538507207 2.648921540733138 
0.9925596911084957 0.6047760973028541 0.0001501310824448903 2.658249933577213 
0.995774874442759 0.5991289558441486 4.734335488910563e-05 2.665476244042472 
0.98982667381038 0.6090611292258096 0.004838750421830126 2.651859616476551 
0.9938058582613348 0.6019991746357648 0.004701267420363455 2.660683120325811 
0.9913465792852961 0.606667964861979 0.01103995768975703 2.655460543984392 
0.999291377407807 0.592835959814252 -6.509676936461366e-05 2.673378277234072 
0.9991833602295085 0.5932058557993807 0.001560967371456571 2.67323574122591 
0.9997357254966525 0.5918462238557519 0.004287805453158407 2.674271935340322 
0.9981700832949396 0.5947398649308796 -0.0001257092715832838 2.670778418054564 
0.9976878391815308 0.5955959692907504 0.003746537796552945 2.669696652798438 
0.995866825728406 0.5991207065218895 0.0001811566077917743 2.665762055993866 
0.9999259753488569 0.5916903160553958 -0.0001426544084483939 2.674803630950747 
0.9999497416254578 0.5916731914649448 -8.10398718221792e-05 2.674870659484674 
0.9999765728422202 0.5916802799191465 -5.583705597370006e-06 2.674961309286741 
0.9997842276675307 0.5919797740293492 -9.304082472003043e-05 2.674501883907277 
0.999843107916184 0.5920139618091554 3.054713591133575e-06 2.674715101385659 
0.9994799453975988 0.5925384619378453 -7.308579375363669e-06 2.67381855163974 
0.9999259408909151 0.5916920558978692 -0.0001364937896465759 2.674812619402229 
1.000006842553237 0.5916132588131995 -0.0002810209402775456 2.675022247495153 
0.999992331667051 0.5915490282765967 -5.870108407125204e-05 2.674968767907918 
0.9999531804236617 0.5916460046195829 -6.707001250132169e-05 2.674875628339928 
1.000001325583305 0.591613796676797 -0.0002705689099765191 2.675004323172347 
0.9999964911540294 0.5915935520006899 -4.876342801672301e-06 2.674987585032612 
0.9978440008495103 0.5954031085208616 -7.458536826057075e-05 2.670086978708746 
0.9990468459903211 0.5932363940762377 -0.00168630430707792 2.672800987363159 
1.000066574500812 0.5916777104296908 -0.001495928086569146 2.675259233466963 
0.9989518484949089 0.5936105921555954 8.69445996094103e-05 2.672700477359417 
0.9995215607552058 0.5923515584713829 -0.0008587053524209522 2.673852333249714 
0.9994557110127519 0.5926338649736038 -6.50970359794575e-06 2.673794738957073 
0.992726983400384 0.6043914368164987 5.064964574390816e-06 2.658558258785909 
0.9939195267614398 0.6020573355610271 -0.006088486064057103 2.661106897538248 
0.9961777317231202 0.5981136704042983 -0.01181192835861237 2.666254398583551 
0.9958498661528949 0.5988871599013335 -0.0001885686950311455 2.66556758965385 
0.9969390812995464 0.5970046243457587 -0.003976280570056018 2.66805640959338 
0.9978803073401755 0.5953769986371904 -0.0001626222506999273 2.670200657406063 
0.9928499006292355 0.6043379387061079 0.0002493844021290341 2.65894639867306 
0.9898870355416748 0.6087916069470182 -0.0001887932014690794 2.651889944092958 
0.9877559761037198 0.6123972891719006 -8.17362569529191e-05 2.647103525804685 
0.9912366945585431 0.6065970127374111 -0.004809716449756634 2.654996771964438 
0.9883262118372869 0.6116800742710378 -0.003813812864857257 2.648526020335578 
0.9888466011196091 0.6101282947052278 -0.01016889314353138 2.649337363444965 
0.9889599206350829 0.6105558884483941 6.955755259598218e-05 2.649922209073598 
0.9875080159387595 0.6126872736968287 0.003156072830517444 2.646453561086177 
0.9848616302259602 0.6173135390135152 0.004699355014835627 2.640664660705551 
0.9872235067076734 0.6134722151456889 0.0001491489031778931 2.646016839949924 
0.9863859973143464 0.6145830813508507 -0.0002593613612048019 2.643938784008827 
0.9877140494409171 0.6124847752441592 -1.723919832398667e-05 2.647017310307119 
1.000814829481601 0.5899219203601619 0.0001046252845958992 2.67671454015906 
1.000451925041973 0.5908854369682864 0.0007784681650930119 2.676076127869381 
1.000064230511358 0.5915762161004183 0.0007365609609894955 2.675195149197498 
1.000278535889247 0.5911252904606168 -2.333460145594075e-05 2.67564064368041 
1.000123150465873 0.5912906856885138 0.0001336829128603088 2.675222033711473 
1.000153495251226 0.5913416194426814 -2.01527180934424e-05 2.675353423243831 
1.003672929783358 0.5852499944465855 7.878846428227531e-05 2.683497382844465 
1.003432724121693 0.5850318376231872 0.003336825784625365 2.682573293067105 
1.002723418851326 0.5875782556418592 0.006066330646592906 2.681710919890927 
1.001838253460165 0.5889362147389184 -0.0001185191486135216 2.679539185724861 
1.001657850655102 0.5883061013617523 0.00139854947926029 2.678568682913261 
1.000966770417774 0.5900372769280304 0.000101234575578752 2.677299875157436 
1.007746660001908 0.5753001072480871 0.03811196028142097 2.692115464602444 
1.012422604107117 0.5676696372541564 0.01937484685832801 2.70292793306616 
1.011185228699654 0.5719228220046199 0.001667969577493965 2.701013129389939 
1.015375689500136 0.5627441380236797 0.03387369803455432 2.710496626483684 
1.016218646051172 0.5606301499570514 0.008284206100420617 2.711599728236588 
1.021999942355347 0.5478212841052241 0.02228480979646882 2.724363800629828 
1.01078248198361 0.5583910230697687 0.1281017497469998 2.700041215987198 
1.004642058616968 0.574526925983361 0.09686949173896503 2.685243453885123 
1.001676058155436 0.5845240248718407 0.07399191649927511 2.679140420493376 
1.020443038726191 0.5435027560387077 0.101466964905541 2.721464940223938 
1.012370946249267 0.5635765157284156 0.07902053956298263 2.703423748146808 
1.025395050408939 0.5362339865689392 0.07582295022948099 2.732282829675023 
1.003784525148564 0.5855358953414742 -0.000225975713739095 2.684062148627678 
1.006494849415282 0.5805085911616819 -2.650724778913272e-05 2.690157608302067 
1.010709472880277 0.5713310599882286 0.002958850819702549 2.699042603873518 
1.00525260499265 0.5811733487705455 0.006167301002515693 2.686424669216122 
1.008385583027871 0.5762173947838338 0.01227491480363992 2.694107972097321 
1.004567127193805 0.5840157397233743 0.01696480838902321 2.685899314067754 
1.022391902111421 0.5473231786857928 0.02219740538440108 2.725452976159217 
1.025769020398736 0.5390436854124444 0.04391240651601835 2.733124290784816 
1.026002226359475 0.5371029004707135 0.07444597711928162 2.734622729498418 
1.014933280791255 0.5635174544996873 0.034400256034294 2.709480550795345 
1.013989510856184 0.5626634293774941 0.05290993665648239 2.706599178966787 
1.007607307596644 0.5752794131650824 0.03793528399980749 2.691714203781213 
1.000636466397651 0.5902433920804353 5.386685700418484e-05 2.676353133650543 
1.000151128638071 0.591116703271571 4.393326497773244e-05 2.675254622838567 
1.000000618409768 0.5915941212656833 -0.0001991475359572431 2.675036485662707 
1.000460332293428 0.5909258763352684 -0.0009610134707586374 2.676128377039584 
1.000122627717943 0.5913645154806494 -0.0003209983153469214 2.675264009920473 
0.9999482895976889 0.5916002939158599 -0.00143922120091305 2.674825035007062 
1.0029896085311 0.5861961572392004 6.195752252410151e-05 2.681821405682867 
1.001254282775476 0.5891798105794901 0.0002423899386951215 2.677792800995825 
1.000668627467062 0.590728050045365 -0.0003949445414972361 2.676756776458939 
1.00215906531422 0.5878804096436985 -0.003845142441470353 2.679996164113123 
1.001013229582232 0.5896743738157398 -0.001639831118470658 2.677230275631626 
1.000349081481337 0.5911099892845917 -0.005704251653870208 2.675894528361126 
1.003979068839567 0.5838264524529533 -0.01079187926519231 2.683830421716465 
1.007494321742677 0.5782835681019199 -0.008539766254634231 2.692223094116351 
1.011078961965854 0.5713066067494729 -0.002362293124382403 2.70040864578312 
1.004260422846069 0.5841530782106166 -0.003698765932869049 2.6847822856252 
1.005318906377745 0.5811645241296911 0.0001814014483222186 2.686788185124772 
1.003023207875553 0.586515354726033 -0.0007440666815812726 2.682234729110435 
1.021931202066659 0.548585156581971 -0.0220553340929484 2.724709493206655 
1.016291375925385 0.5599332462555741 -0.007920924123498407 2.711684948166185 
1.010640626170847 0.5704400784323258 -0.001756635612895062 2.698505297518721 
1.013519165322583 0.5655090568173986 -0.03069927741936895 2.705614512360771 
1.011541181787414 0.5707221965100119 -0.01776980579684994 2.70159496222468 
1.006235161806422 0.5778283533800601 -0.03126198734310323 2.688320147174629 
1.007352116267613 0.5776454392359734 -0.03054042455219884 2.691985409119774 
1.013396150563967 0.5650692297262258 -0.04344274395126307 2.705447504177153 
1.026154166515514 0.5362087818119228 -0.06217047538597622 2.733959706069941 
1.013191856445979 0.5659173791225309 -0.03045555694132872 2.704741664814912 
1.025449270936647 0.5406211759879324 -0.03981934524776708 2.732913083931254 
1.022032033163696 0.548326221860871 -0.022355115561053 2.724945987808752 
0.9787400704338031 0.6210559100810714 -0.09751101077107557 2.627778764495698 
0.9736795112238679 0.6215048386457883 -0.1261370789033437 2.61489129456719 
0.9686817660057019 0.6201177827900102 -0.1661051471869245 2.603433903652296 
0.9930066419341643 0.5913985550345706 -0.1166403305490162 2.658574602405113 
0.9954881163259077 0.581189178423676 -0.1501311019984083 2.665227225499187 
1.013865016726693 0.5535705180152255 -0.1220787493295377 2.707046157698227 
0.866246555904898 0.7416062265568947 -0.08988294243161561 2.366484260808226 
0.8788788767520098 0.7348484248868737 -0.0378655731647219 2.394759545313273 
0.8984093762515107 0.7214752885155074 -0.004008244608595933 2.441507589780973 
0.8502893769360578 0.7552617699826365 -0.04217105302638473 2.328297498475599 
0.8760588974805449 0.7385808597329389 0.001762641834313216 2.388729103192494 
0.8454422129290631 0.7589674851530681 0.00973120262558393 2.316629519166014 
0.9996209961772408 0.5893538607197378 -0.06621415419079833 2.674660999996858 
1.003873487504667 0.5779005402023675 -0.08989731049869192 2.683879618674435 
1.013081183735041 0.5531435115464085 -0.1220509116170434 2.704161820590092 
1.011013175216645 0.5662648432672805 -0.07140937019659362 2.699710795191927 
1.022887639415517 0.540028174849538 -0.09207870868991705 2.727203716214536 
1.026292950890654 0.5362425398502435 -0.06231806839998497 2.734555464409058 
0.9199564392813531 0.6835589267384945 -0.1521880514839726 2.490515756639221 
0.9449719940045637 0.6517367186188101 -0.1652935627716718 2.548684164444015 
0.9681135342706569 0.6211354202475116 -0.1684472385660888 2.60264109754666 
0.9385126010949808 0.6731038156467465 -0.1030438506644119 2.534582793930038 
0.9531013785028378 0.6522324576963611 -0.1140568391060161 2.567439054396876 
0.9530025391696333 0.6579152358227259 -0.07221250680165188 2.567060905065722 
0.9244574613314839 0.6789267856365657 0.1571049138291902 2.501803936760411 
0.8975551505031907 0.7102963221840234 0.1342946729858312 2.439853369931244 
0.8715055767584428 0.7361187533635268 0.09966407356925444 2.378435887751854 
0.9113850477644165 0.6987666721691761 0.1149054950755135 2.470771047148517 
0.8924664917820676 0.7199420030744118 0.08534833087835207 2.426458795821896 
0.9098611550213562 0.7075925514504521 0.07400349462425024 2.468568624860987 
0.9187173906078472 0.6994342355806227 -0.06312134042411188 2.488620590320781 
0.8976052176840201 0.7177677453182394 -0.07454572678137357 2.439419856523708 
0.8668621468363003 0.7405747211294884 -0.08772311501819964 2.366951643187428 
0.9137572512770979 0.6983503674314333 -0.1032991646558816 2.476238940895283 
0.8914089525580361 0.7156010577633666 -0.1275278885655879 2.424600537467109 
0.919885551932816 0.6849468022968632 -0.1550786032575638 2.491923474145338 
0.8718766438881043 0.7356375728688173 0.09955194644861222 2.379021562938549 
0.8543948941621409 0.7521986585051939 0.0563333166988653 2.33842183087909 
0.8451502816036756 0.7592705024363224 0.009390557861980018 2.316082985955172 
0.8786874107351881 0.7350220261003618 0.04010743952570316 2.394408164457947 
0.8753334120818479 0.7384981024381575 0.001421025993540321 2.386487153090247 
0.899895374358167 0.7207855024884575 -0.003118211582655265 2.445528461617854 
0.9734431413179073 0.6141901158772129 0.1640533879065293 2.614975618985486 
0.9748902350235656 0.6194606945166998 0.1233368082934031 2.617210563362819 
0.9783756444467919 0.6206668127514808 0.09398741211268911 2.626004074228781 
0.9950665601559859 0.5818631878184938 0.1500246787511715 2.6639280192656 
0.991219361616109 0.595967461272973 0.1159490570166627 2.655406637735181 
1.010181800023796 0.5572199478210225 0.1292967914289903 2.697509376955141 
0.9728809430849535 0.6133390115738524 0.1658550394338072 2.612565634279655 
0.950681599275063 0.6454624995776282 0.1658872273181535 2.562406523341788 
0.9246164646526569 0.6789536039395851 0.1558413318014552 2.502407084456464 
0.9529320284971433 0.651202434553742 0.1235069382377043 2.567559184057072 
0.9350509582205467 0.6742634216608729 0.1118412232315436 2.525528279873388 
0.947039162436965 0.6661422819422776 0.08078801836997652 2.554284582284814 
