0.9997889253988507 0.5919273810148623 0.004107485743785712 2.674495219055565 
1.000976464833689 0.5898992952509814 0.002203622612944472 2.677242355414802 
1.000824453113522 0.5902111141239602 -8.077351972219589e-07 2.676919425302577 
1.000957576415713 0.590070610282787 0.005395075346298205 2.67729231117895 
1.001748261496883 0.5883737089990002 0.001506421318577309 2.6789107319426 
1.002627111553415 0.5873123049332605 0.005896763683543568 2.681233297928753 
0.9999129913700989 0.5916926758849828 0.004271325713150524 2.674773720880854 
0.9991128632977059 0.5932206206142238 0.006739333087688659 2.673027273345377 
0.9974985423493441 0.5960945346741244 0.009447155320578321 2.669403081742677 
0.9977137462519943 0.5956502332872737 0.00387650683810068 2.669815239986344 
0.9960046250133765 0.5984656540605124 0.004708290445244689 2.665837941854401 
0.9956780075756234 0.5991330022205866 -5.189209454051405e-05 2.665144969910798 
1.00381332306708 0.5851904283647233 -0.0003079187509336349 2.683931032804217 
1.005369386377931 0.5816336355374809 0.006394681571456643 2.687078649971015 
1.004437249205172 0.5836318572857769 0.01676170963129158 2.68523679902874 
1.003546867531112 0.5849359439945936 0.00357263552964584 2.682902173266949 
1.003285172780496 0.5861040916814084 0.009890794901546221 2.682747830042123 
1.002466752166057 0.5877194868188661 0.006039732383424341 2.680944012780868 
0.9973267947050709 0.5960780198281554 0.009179113656856835 2.668823878944501 
1.000367602855002 0.5909355095328724 0.009559165290661505 2.675871064626279 
1.002448493986507 0.5874231279730143 0.00601116654027727 2.680711919844402 
0.9997435651919149 0.5918660798912063 0.01395929126899776 2.674398906768411 
1.003518941457559 0.5853430289224845 0.009982677110675586 2.683083081065629 
1.004257961762692 0.5842221688062867 0.016730440319157 2.684979180861608 
1.007729147363375 0.5752355243362113 0.03812780323919455 2.691983040677131 
1.005638879494423 0.5805354237570065 0.02475322199491989 2.687613634909608 
1.004106760834057 0.5842621117722736 0.01702142396384592 2.684538729822161 
1.01244549929088 0.5681537828971887 0.01945513990509629 2.70327699473998 
1.00813422154019 0.5763479128648117 0.01258205651419239 2.6933486212322 
1.011414915287446 0.5709224905926304 0.001667662466415918 2.70116813989531 
0.9695495952340102 0.6384518515813175 0.04381194850557824 2.60530821072694 
0.9802773031963939 0.6224819324626311 0.05222883632239723 2.63028284451081 
0.9897196432561303 0.6072355070048269 0.05165176318985281 2.651909487161817 
0.9713231324124563 0.6343782081370128 0.06716409622706127 2.609703142929267 
0.9859335100321971 0.6108552906255722 0.06923137576357394 2.642499889463017 
0.9783590850092905 0.6198133740649837 0.09372172566648344 2.625339130524667 
1.001853618191487 0.5842701691601981 0.07401689796716454 2.679556676089164 
1.00644508351077 0.5768759617172423 0.05333771709823449 2.68932372069586 
1.007582835561121 0.5752553997643306 0.03792055839965246 2.691700709301982 
1.012385909464641 0.5632326185548105 0.07877712974352699 2.703233932638208 
1.014331470921201 0.5627388547165605 0.05235461263774525 2.707747259007663 
1.025014983176646 0.5369176283935728 0.07592298464892031 2.731307477400515 
0.9895336453300907 0.6067507027699119 0.05155870582997128 2.650838359734164 
1.000195061080788 0.5898733539477242 0.04927978695909675 2.67582125599649 
1.007593216843927 0.5756172585874365 0.03776803997843524 2.691855720094608 
0.9944900607250391 0.5978943416928959 0.06290263327140787 2.662466673087236 
1.006331983051041 0.5759337360849751 0.05384185249531391 2.688411008969907 
1.001868933945985 0.5831627605445356 0.073936007800371 2.678955860701508 
0.9461178194707757 0.6658075353969573 0.08109230809580517 2.551136993628519 
0.9606366592277837 0.6497057418675353 0.05847761370553716 2.58480698618202 
0.9701901413069245 0.6385618899441273 0.04499027994096232 2.607574748986264 
0.9629997183045269 0.6427914049712606 0.0922430507003877 2.59040276280737 
0.9708903048167131 0.6343423642207903 0.0665884607739976 2.608292501690429 
0.9783691066804084 0.619729339406112 0.09350908176361966 2.625259670124374 
0.9958740807597029 0.5973424673030843 0.02689408647005169 2.665141227699187 
1.000083935134866 0.5908814341126153 0.03346323251434662 2.675421795687064 
1.007776854535517 0.5755438533581949 0.0378145285794174 2.692274374661765 
0.993828753624332 0.6014894704200019 0.03678910598145992 2.661112656705693 
0.9999583980720226 0.5895308002621915 0.04880942169074498 2.67484060378308 
0.9897290049363041 0.6067817959946987 0.05194090677525045 2.651477167567442 
0.9835003047967625 0.6177585094153983 0.02469590679255057 2.636783740997412 
0.9900139052539031 0.6076847766474167 0.02866492849184341 2.652053143216148 
0.995543012584274 0.5979765304430018 0.02666672833213023 2.664442701079873 
0.9853303882008622 0.6154377855904418 0.03737096911749135 2.641719846406924 
0.9939297351078308 0.6007954661749043 0.03733201004805218 2.661024744659257 
0.9900398081251255 0.6071882671537771 0.05145130722778066 2.652702963391579 
0.9825217254401857 0.6204277661746901 -0.006997262032176384 2.634936607896276 
0.982824185168403 0.6200637822475824 0.0003035846096938118 2.635689614959975 
0.984632806893051 0.616997965167182 0.005153136166847741 2.639747751798208 
0.9782457383712486 0.6276690463359597 -0.002550006241310981 2.625560337486243 
0.9807137178840661 0.6237225515144218 0.006755273902906605 2.631106371507922 
0.9736036417910059 0.6340642051353724 0.007360212961609221 2.614615718483878 
0.9910321076364175 0.6063362857496024 0.01096043608161061 2.654226957831352 
0.9947165033338906 0.6006903781449152 0.01151931297481095 2.66297545700956 
0.997315829093425 0.5962974021114607 0.009584742966454151 2.668952369427498 
0.9925326506969586 0.6045489775662296 0.01842410445125715 2.658185590853929 
0.9970328176768093 0.5964433081245204 0.0161202139447318 2.668137174275042 
0.9957570715142371 0.5982749721517538 0.02661452026220768 2.665238379783428 
0.9732230258154698 0.6341056343779883 0.008118849288767736 2.613400465808309 
0.9808433964294109 0.6237193403538106 0.006438956528246775 2.631532110983955 
0.9848381939787116 0.6168727954017815 0.005180504017751175 2.640340768829845 
0.9777525936748691 0.6277916516302184 0.01916995519934787 2.62423660053283 
0.9833463554173062 0.61921585612626 0.01216418556999747 2.636934272873863 
0.9836687356660067 0.6185485180096179 0.02483903868367451 2.637815177265914 
0.9975958711660098 0.5958536666510209 0.009722895944935086 2.669604835353775 
0.9996911583099003 0.591920172594836 0.01372608869754449 2.674254403025071 
1.00413815114029 0.5843059021878944 0.01657765119149739 2.684630412365031 
0.9969467716520226 0.5968335900932418 0.01585582424438747 2.668088328728752 
1.000672769640207 0.5897661108940371 0.02338524053844554 2.676429312872149 
0.995634373819351 0.5980404387895194 0.02691415474515416 2.664707261850678 
0.995484626703008 0.5975499082383025 0.02621557042905354 2.663929746304676 
1.000917640782621 0.5896719312225882 0.02362955265008121 2.67719777007208 
1.003987293955763 0.5846175105359743 0.0167604001098883 2.684346853491556 
1.000301919661881 0.5907831782768916 0.03384485838179952 2.676089996735404 
1.006035697021994 0.5799900094493341 0.02481585181517248 2.688617751135653 
1.007771723521754 0.5755717322170649 0.03806333215203549 2.692278441478886 
0.9998461266259729 0.5919269058226063 0.004198754473372257 2.674684204884838 
0.9999458843344546 0.5917992644675636 0.001835576662639056 2.674934230134012 
1.000053384951338 0.5915412685044306 0.0008218404964049965 2.675139806088752 
1.000911323079772 0.5899275410724734 0.002162656973648942 2.677041774181872 
1.000401549497631 0.5909231120714998 0.000790188446128149 2.675930750240024 
1.000973969403973 0.5899934756996952 -0.0002794018949215871 2.677285895040288 
0.9974765130711153 0.5962439704050444 0.009681956437654956 2.66941756623823 
0.999078422224562 0.5931309625351143 0.006643822197330009 2.672860470714058 
0.9998409699977832 0.591825511336618 0.004166298812576957 2.674612359760844 
1.000319717328761 0.5908555453055094 0.00934043180818179 2.675662288447962 
1.000797183189085 0.5902694157772016 0.005269782768983189 2.676876419868408 
1.002452587247006 0.587400817827334 0.005977399352930299 2.680706257469066 
0.9992482598724494 0.5929229606553946 -9.043438754012557e-05 2.673280527481388 
0.9996427258820676 0.5922639266220084 0.0008140761990887063 2.674201191832946 
1.000013137240763 0.5915464771627142 0.0008319679573195722 2.675008672204875 
0.9991595147654858 0.5930691400954342 0.001698572346927404 2.6730737584779 
1.00002367710825 0.5914939282647467 0.001825298844988356 2.675012405756843 
0.9998370813713953 0.591991421128454 0.004086266876978688 2.674692811012063 
0.9782258493149057 0.6204752805595908 0.09373113294380381 2.625400929315259 
0.9921879879895972 0.5988630388715509 0.08633553299881853 2.657139076457949 
1.001406280900118 0.5847343791138435 0.0737336567416573 2.678478258367145 
0.9913409851742244 0.5955625052371083 0.1158670672897238 2.655457565470103 
1.005069743845669 0.574328470088786 0.09664758662875919 2.68653246742244 
1.010061536954372 0.5580862201761145 0.1295230783439534 2.697554257163417 
0.9999550745152814 0.5917341230368148 -0.001415020347056945 2.674921838695129 
0.9998460474975197 0.5918405621445646 -0.0004876423707346673 2.674627520358003 
0.9999624280712247 0.5916791480266419 -0.0001758256441311416 2.674918272104641 
0.9995765252972016 0.5922996583238852 -0.0008161011617958479 2.674004228910138 
0.9997981752262828 0.5919681264381925 -0.0001075178748791409 2.674541329483427 
0.9994649000859769 0.5926022815458994 -3.379635154894682e-05 2.673806412482702 
0.9999683629125797 0.5916361343739841 -0.001450371399384339 2.674910798854847 
1.000157660585598 0.5913837307839808 -0.0004043429908308501 2.675391335831642 
0.9999196172766248 0.5915369848434266 -3.446978031170928e-05 2.674724313638732 
0.9998449790411732 0.5917717345133967 -0.0005738869860177399 2.674586437657049 
1.000011842305168 0.5915851232555899 -0.0002773025295688593 2.675021669613074 
0.9999573468232578 0.5916542654831658 -0.0001310126393768911 2.674895923767662 
1.0000263600854 0.5915894222011627 -0.001421107666749092 2.675074083461008 
0.9991093029845972 0.5932057391612275 -0.001732659363011115 2.672990092030574 
0.9977934535305631 0.5954572338444026 -6.534388570882197e-05 2.669952673397743 
1.000127823358296 0.5912528544308596 -0.002847089672841463 2.675211637717836 
0.9984685853385451 0.5942528683633392 -0.003546871753291467 2.671488645189018 
1.000294730806592 0.5910118169431657 -0.005524228457252753 2.675629821878613 
1.000508353003063 0.590836065818256 -0.005591559685510319 2.676255779399619 
1.001038471697991 0.5898442032312693 -0.001836304060493254 2.6774181459274 
1.000454815301583 0.5903499441423402 0.0001310264818522722 2.675811893869896 
1.000109693284381 0.5914311938582545 -0.002944586748557829 2.67526694344338 
1.000385728041305 0.590890402259455 -0.001076138785236963 2.675859342567718 
0.9999814676559458 0.5915876344344558 -0.0014190041349805 2.674928052393855 
0.9964842780476271 0.5977301819423244 -0.01193275578203418 2.667036095977334 
0.9990580980893778 0.5933058601388893 -0.009188372331847446 2.672912008493621 
1.000350965659394 0.5909413102981248 -0.005727284897060599 2.675775760737148 
0.9968490634407986 0.5971619853158093 -0.003925251904817071 2.667851155989545 
0.9983195949428929 0.5943459793749988 -0.003522709036744323 2.671049470385771 
0.9979629059623102 0.5953861055283023 0.0001049624667780344 2.670474362443162 
1.000467663737846 0.5912066196928746 -0.005446559692573683 2.676346690084005 
1.001659609965612 0.5883389923953979 -0.008147107998187648 2.678674040715209 
1.004131312838857 0.583591397706605 -0.01077973803789173 2.684167542070167 
1.002115759774588 0.5877492998810639 -0.004075133114863466 2.679776221599401 
1.004106645964873 0.5842829948104089 -0.003824815754760737 2.684365261390885 
1.002720891246106 0.5863526062367874 0.000127823973379807 2.681018863517834 
1.003954817370008 0.5840853223919943 -0.01045004234172669 2.683907317628921 
1.005655560559391 0.5813664041546134 -0.01801905569560777 2.688099342749179 
1.00681373815137 0.5774757865897997 -0.03116308753601319 2.690018442105955 
1.007161499472503 0.5782098330771612 -0.008994428533179144 2.691073399441581 
1.01113906704582 0.5706983711756789 -0.01736930947391706 2.700227208683741 
1.01122010453934 0.5707792279639788 -0.002866013070178073 2.70060644655531 
0.9890961671698758 0.6102385249819984 -0.01025046711265805 2.650247919163832 
0.9859815983226877 0.6148949450005 -0.01009393974773708 2.642873311026866 
0.9826552877881257 0.6206328402397608 -0.006829369160156211 2.635526750847805 
0.9867902554213656 0.6139091731623755 -0.01597137712884302 2.644972923633378 
0.9818502203954531 0.6219396918300932 -0.01441204607444405 2.633768290228749 
0.9823987749097166 0.6200609730359108 -0.02425291124998984 2.634584591841928 
0.9926575910422951 0.6044184810238252 2.478489380400578e-05 2.658352155965751 
0.9912823291368905 0.6067521373064071 -0.004483871822899719 2.65523960886007 
0.9891338245142041 0.6099529870574695 -0.01011106924714839 2.650175561263644 
0.9938625405428252 0.6020583676914107 -0.006045879123401438 2.660921404047544 
0.9927609764342286 0.6038994490851624 -0.01258689380636659 2.658467844204714 
0.9964580127950751 0.5982663519367688 -0.0122350708072193 2.667280399598886 
1.000440062519443 0.5910210496610594 -0.005654840269063226 2.676124269451392 
0.9990982281614674 0.5927958367709133 -0.008857046018926453 2.672739215741331 
0.9961110352179077 0.5979862142624962 -0.01206181445954891 2.665954166432071 
1.00181342547693 0.5886945411232538 -0.007622799262884334 2.67935343581055 
1.000107581434849 0.5913428389166649 -0.01403012310330563 2.675294504728714 
1.004270115498044 0.5834490429151057 -0.01063756143435935 2.684521153871421 
0.9966154982083187 0.5975506579629101 -0.01158347713691151 2.667374468891729 
0.9989095789110678 0.5929683817930498 -0.02074748966286283 2.672394391684774 
1.006124197538045 0.5800539376234283 -0.03139518912405 2.689129621403811 
1.000237775199509 0.5913364886744586 -0.01433932649083579 2.675725569217107 
1.005554061436088 0.5809928104047571 -0.01847586378001661 2.687496349493248 
1.004126697802411 0.5834461385937797 -0.01027108687772765 2.68404364868454 
0.9926871894266981 0.6032252868208 -0.03161107650422895 2.658262110759444 
0.9941435409462125 0.6001563703548138 -0.04665050179487162 2.661746969379708 
0.9988081357338049 0.5891750722166064 -0.06688929466909416 2.671812551546461 
0.9991640700060015 0.5923597935556028 -0.03597311459423497 2.673297434462568 
1.004820609720321 0.5803746619318636 -0.04703238763198741 2.685646458221483 
1.006202168115839 0.5784084878857484 -0.03026627247418323 2.688484639674437 
0.9891925036844996 0.6100793986163079 -0.01030649917618169 2.650469996281049 
0.9895057405858592 0.6093092055315064 -0.01955814626048652 2.651117390311581 
0.9922298559735873 0.6041840462428546 -0.03188969061274446 2.657311895855173 
0.9928736126276441 0.6041327806609877 -0.01290330876322581 2.658970191234089 
0.9952439881148595 0.599291986507509 -0.01985073292069062 2.663999862802859 
0.9964482661734276 0.5981460903856964 -0.01175975768660084 2.667169705387798 
0.9778212651839002 0.62513374052222 -0.05349804172450183 2.623977228213539 
0.9684989724054821 0.639009060531246 -0.0627168126812887 2.603338992905841 
0.952496454240587 0.6591876435188965 -0.07176603241106523 2.566031450872209 
0.9773380306027515 0.624427094097466 -0.07209569863228121 2.623217955123211 
0.9644233268163089 0.6401005807098391 -0.08884532027208243 2.592863026725171 
0.9785478215310927 0.6192950456874863 -0.09796168000745131 2.625977660040309 
0.9988002408739656 0.5889756513283614 -0.06623074799644887 2.671684176509571 
0.9874439755576491 0.6093051580852232 -0.06456014198791035 2.646279551216968 
0.9782388864121866 0.6249855904427458 -0.05279205263308965 2.62521854374971 
0.9912292354704896 0.6005574291129702 -0.08285309662820574 2.654735890874278 
0.9772257109435556 0.6244525546674626 -0.07253479077140623 2.622865393570621 
0.978357995279218 0.6193877225439883 -0.09833246540692062 2.625391010857106 
0.9823932343204775 0.620352657451275 -0.0248287534373072 2.634815767234273 
0.9760583249069518 0.6297588818921988 -0.02505326103184132 2.620109347681423 
0.9667924921809908 0.6433418445326712 -0.01996254855071834 2.59878928105611 
0.9805471861333025 0.6232107489817713 -0.03572250262327373 2.630881316578073 
0.9703923757121703 0.6381508029396612 -0.03820507289311259 2.607553729632771 
0.9781469562318305 0.6261487087083387 -0.05348540641182359 2.625709505454163 
0.9890445444390382 0.6102075309545298 -0.01054618984703091 2.650063707797738 
0.9867300170494462 0.614062192053083 -0.0156873243614301 2.644865428567487 
0.9826133280751685 0.6199612334082458 -0.02421569126128591 2.635226519468602 
0.9894738390125734 0.6092370751870012 -0.01906030552923303 2.650970175646498 
0.9871147893721423 0.6125487843986265 -0.03009133169069919 2.645547839274696 
0.9924092313862956 0.6042064796296052 -0.03268371986643726 2.657940977594424 
0.9826624171895412 0.6208452521711992 -0.006505953744849092 2.635686704978817 
0.9782935982956604 0.6271907234038567 -0.003078032090066337 2.625419203028535 
0.9732102970687243 0.6345378536045599 0.007512910770616841 2.613652721921882 
0.9775420499775802 0.6285861464333069 -0.01155586729688607 2.623926694851144 
0.9690769180815461 0.6406274109423921 -0.003587587578186908 2.60416504776445 
0.9671132386784156 0.6427180143461065 -0.01929205484168733 2.59933562889983 
0.9923473551171502 0.6038012617161487 -0.03189835533300466 2.657473596688797 
0.9870371790186371 0.6129751403452464 -0.03046194223749307 2.645559136220701 
0.9827229730113104 0.6201620960765403 -0.02447964454475212 2.635766382207389 
0.9874837655492508 0.6114062624161422 -0.04248834171002687 2.646506852891492 
0.9801769688351299 0.6234275910185586 -0.03609396167975155 2.629810949803574 
0.9782434455363368 0.6261296124989951 -0.05356826728094829 2.625973904661299 
0.9828748544214003 0.6199805158732529 -0.006769818825499273 2.635822469857812 
0.9859784907232358 0.6152741787908365 -0.00985434131772246 2.643092012851665 
0.9890191511527974 0.6103077654626202 -0.0104493038695601 2.650016539326857 
0.9866053360637219 0.6143230642366302 -0.002779436994625884 2.64450711134621 
0.9882069841117814 0.6115396535187437 -0.003582131011760718 2.648047155320234 
0.9877088304791967 0.6124951642606362 -0.0001033718373798817 2.647004990772548 
0.9669519322280029 0.6435150767342492 -0.02120672231497059 2.599582613787276 
0.9578599593671876 0.6561106036059355 -0.02240767146563099 2.578734237931466 
0.9432430345893233 0.6745577597428203 -0.02306102689343033 2.545059013521695 
0.9597594788051065 0.6530072252543231 -0.03854739304379971 2.58321439438873 
0.9454541724212604 0.670303464138676 -0.0479539679898654 2.550004848040846 
0.9524628501193315 0.6593498428373791 -0.07201124380613758 2.566094572710368 
0.9825234839228666 0.6208957096035096 -0.006768578224290681 2.635263582769213 
0.9773278244794755 0.6287258947046155 -0.01131548641238478 2.623315115220746 
0.9675974558449918 0.6423871319309469 -0.02007612417736028 2.600693744032238 
0.9815648570693425 0.6218247869023884 -0.01399198643822993 2.632764702348446 
0.976043094480698 0.6304336642746301 -0.02475002738647883 2.620490750847878 
0.9823285460836849 0.6202790620064242 -0.02463674266892362 2.634515217605802 
0.9732589617625859 0.6342846555192824 0.008053793430607177 2.613675543396121 
0.9664732773117034 0.6446577825158004 0.01069923866256567 2.598480114567463 
0.9557461137981501 0.6592525333902456 0.01377285747180929 2.573967115675454 
0.9690648157360711 0.6406695648140588 -0.00333669729405295 2.604156844311995 
0.960102925417295 0.6537988695472955 -0.006862420927384855 2.584149977976002 
0.9672342197539707 0.643485097422121 -0.02059876580020632 2.600333567842375 
0.8980378198212163 0.7214369484992512 -0.00273575790644704 2.440378369644015 
0.91598597889143 0.7047284443360928 0.0154416018209484 2.482107217974557 
0.9303006125562234 0.6878158006697512 0.02619381966047538 2.514353706248731 
0.8988384509595704 0.7193507211673653 0.03696660218554115 2.441937941863728 
0.9198343232168603 0.6993232112212483 0.04625561719910744 2.490882857907342 
0.9089942304895988 0.7077538557091168 0.07449191614842465 2.466015911152856 
0.9435198078370102 0.6747481985245155 -0.0229035834028849 2.546378489000959 
0.9343382727102361 0.6843491518934482 -0.002101762853914821 2.524045754521122 
0.9305663785538654 0.6876512970132186 0.02644630328553382 2.514985607174313 
0.9248309227079322 0.6944348652259692 -0.0179932219150305 2.501806901361356 
0.9155867200847677 0.7050761118517626 0.01517381947355579 2.481144731414387 
0.8981725644301936 0.7223214979608928 -0.003510670196903567 2.44121397576625 
0.9778949446942978 0.625263115370741 -0.0530816454861497 2.624309129070463 
0.9702584543048307 0.6389956247291183 -0.03863504097726342 2.607694954254276 
0.967540887493803 0.6429441467399172 -0.0200258787757036 2.601083688845124 
0.9679076158163945 0.6386944437832913 -0.06345127169608651 2.601242487016069 
0.9595678754792618 0.6531958108730885 -0.03893507954962073 2.582730243895965 
0.9524711534557677 0.6593748748237431 -0.07189932963445804 2.566074348727206 
0.9554502353071206 0.6591800721241504 0.01372829239021564 2.573048961476789 
0.9453413310808854 0.6721980827226182 0.01910459067384316 2.549937071500561 
0.9305261211789593 0.6881056058526021 0.02671250923390091 2.515090120860013 
0.9484013683375088 0.6685613542334817 -0.001469487393817385 2.556880814616993 
0.9346674381712355 0.6846148432291222 -0.001886874093121663 2.525142761418228 
0.9433667944448206 0.674559198025807 -0.0239100658441759 2.545514367330769 
1.006399384930412 0.5771888552735829 -0.0312453363291265 2.688605702270994 
1.004980898047214 0.5802001668065363 -0.04665263516787034 2.686105260461279 
0.9985862505055061 0.5902608964557097 -0.06658211790650738 2.671655906418567 
1.013682403429097 0.5650253931213097 -0.04322928232032828 2.706373749020642 
1.011497955595778 0.5655237725444997 -0.07031765039146412 2.700853409930053 
1.026148738891931 0.5363952176778253 -0.06213898739382331 2.734091246271985 
0.9962424923588212 0.597342727266815 -0.0126865120117773 2.666049399775934 
0.9951764641676912 0.5997251118661501 -0.01924405014440963 2.66404335607504 
0.9924758585233727 0.6037922207730978 -0.03170760505109304 2.65786984916589 
0.9989182175849965 0.5932089006161924 -0.02013250224329046 2.672556280333314 
0.9992777870314419 0.5918741640177966 -0.03507545119506009 2.67336261224772 
1.006476289490513 0.5794914262604921 -0.03219399986372877 2.69000272791046 
0.978053975101238 0.6215743061896646 -0.09775885410635952 2.625690672571411 
0.9934738185172107 0.5909222975822593 -0.1161678351074359 2.659777620818171 
1.013388058131689 0.5534254186514249 -0.1216418126140415 2.705363176149906 
0.9914679459181904 0.6011224033329149 -0.08245951757796866 2.655831641583465 
1.004138630290904 0.5777467547345241 -0.08985002123459647 2.684724918191336 
0.9987911445947013 0.5887712258695909 -0.0669812816348531 2.671604425613078 
0.9921998472107268 0.6031922120165739 -0.03266795928735666 2.656678845922972 
0.9875991250610361 0.6117691765456456 -0.04212371903813539 2.64712117968966 
0.9781004547403244 0.6259862688833238 -0.05342851485200774 2.625361687587898 
0.9943247029702548 0.6002050950892203 -0.04609481238318285 2.662373735818934 
0.987571138017371 0.6087021129035415 -0.06387720760743668 2.646260814774133 
0.9989857514503683 0.5890871603916531 -0.06674906563306691 2.672376426025337 
0.9526615671580958 0.6577950863367836 -0.07150753675829087 2.565969430645729 
0.9537952353235521 0.6522150291648265 -0.1149365979445822 2.569608222660048 
0.9670028989989621 0.6209861261878229 -0.1662328319813597 2.598859865426578 
0.9648323142257164 0.6408585825793962 -0.08989417726721839 2.594714025379321 
0.9738177964570309 0.6212084904202504 -0.1263524777250958 2.61524527038382 
0.9786297538137323 0.6204373798463328 -0.09811292226921797 2.627061693241208 
0.9187806176664494 0.6994258310883148 -0.0633446405372976 2.488851694975758 
0.9143810523660674 0.6984381743704333 -0.1037897519071352 2.478083273998682 
0.9187323795854037 0.6841821033973818 -0.1522333662573642 2.487393117599292 
0.9381030360962501 0.6767508183088163 -0.07137012741654386 2.532928338667617 
0.9389229949894343 0.6725357064527099 -0.1032144717622642 2.535436908777923 
0.9523915798308965 0.6579711470669146 -0.07232887906148447 2.565145351914418 
0.9845703277884896 0.6175485621058423 0.004725656193104597 2.639861664281848 
0.9829460914633337 0.6200665072249821 8.851520996970871e-05 2.636101559978317 
0.9826505896880252 0.6201656822235313 -0.006486387334653264 2.635200792675539 
0.9864309929424664 0.6143722716021834 -0.0004884411978331769 2.643952935314874 
0.9867321347065993 0.6142136031314068 -0.002964548555652698 2.644856471117023 
0.9877462715583898 0.6125042966188372 3.995066343563372e-05 2.647131618155684 
0.9910869025562723 0.6068830668307079 0.01110349248433579 2.654730254715783 
0.9874527821097037 0.6128268285780449 0.009596966705603973 2.646416705711331 
0.9845634917187865 0.6171715982055327 0.005127698135523881 2.639596870535357 
0.9897426914285923 0.6089485483393298 0.004495290359559074 2.651511297516607 
0.9876063460367569 0.6127418332649174 0.003021173038210334 2.646812602008401 
0.9890432298349991 0.6104651941715075 9.090855638314506e-05 2.650143550321438 
0.9910704640496603 0.606553731882178 0.01125566807266949 2.654514804115547 
0.9886078752099744 0.6106827810559077 0.01740405478826763 2.648962931893636 
0.9838817721207641 0.6182871418155633 0.02466942968802001 2.638349710808399 
0.9874380927591812 0.6126736816505283 0.009762432949638938 2.646284476579985 
0.9834610182171759 0.6194587576877979 0.01269215819505612 2.637470722797787 
0.9845240882095734 0.616872325615195 0.004713597237728095 2.639288901416618 
0.9958048379704192 0.5990661301353175 6.564242350799113e-05 2.665530733241088 
0.9960315401204873 0.5984302290834658 0.004482225425058182 2.665906208233511 
0.9974226319697886 0.5961353376571149 0.009424997109720324 2.66917655945866 
0.9938477507358984 0.6022705153381122 0.00448250422095072 2.660990293976607 
0.9946520416042433 0.6007559896041148 0.01141114234868796 2.662793568121766 
0.9911706022504316 0.606467508580338 0.01135524415352583 2.65475478592319 
0.9556424464005483 0.6591509010224974 0.01361839053568021 2.573605143897752 
0.9483880245891062 0.6689866939415273 -0.001955992623035288 2.557128137323922 
0.9430607117364211 0.6745948735324908 -0.02334741420737254 2.544435910438675 
0.9599586524752517 0.6534887912587427 -0.007211512364234707 2.583498611314618 
0.9577587392725265 0.6561218121857699 -0.02263197713236461 2.57843784320945 
0.9675918355380481 0.6439091111151781 -0.0197248898365263 2.601836820744521 
0.9435139721303712 0.6742862999330689 -0.02312909898095806 2.54598470599511 
0.9321164829053168 0.6859671393587327 -0.03905796780994888 2.518860816178765 
0.9190793492489654 0.6991803915182476 -0.06339695598622627 2.489560311096052 
0.9450376094942139 0.6707731129081591 -0.04848188950517657 2.549063269135457 
0.9375339887279367 0.6771620257370025 -0.07086343451331741 2.531377320649314 
0.952338658401229 0.6585580506965392 -0.07180444327545393 2.56513080198331 
0.9428409603251166 0.6747085466678421 -0.02371521815536837 2.54418902021547 
0.9252459722577628 0.6943653847496706 -0.01771048661096216 2.503051521448468 
0.897802158645998 0.7226854548198937 -0.003189477621679477 2.440316934394074 
0.9324596908398618 0.6858246344170784 -0.03909980857611243 2.519824968704958 
0.9059027889304281 0.7136109177516583 -0.03639244759816303 2.458709345513679 
0.9193171253700287 0.6989888627909528 -0.06315118800501764 2.490194558012219 
0.9192621620305473 0.6992647009667997 -0.06260125115554546 2.490209713831682 
0.9057152407192185 0.7137180143968055 -0.03697328876436776 2.458181215890541 
0.8982736740440865 0.7211187517414676 -0.003364990616540993 2.440821333260952 
0.8971587790475921 0.7175092111380699 -0.07489448397769943 2.43776104474548 
0.8792528361983586 0.7352997259225802 -0.03875793420759795 2.396263845040898 
0.8653604656679388 0.7410127541110653 -0.08832464722160968 2.363172979700671 
0.9462176705673619 0.6662945765054248 0.0810305387472486 2.551755440110838 
0.9351464916566669 0.6811608324959706 0.05561118395534512 2.525769848331576 
0.9301850943786344 0.6882609524477378 0.02661661630740841 2.514138556207862 
0.9476199147019775 0.6678410514689987 0.04010017719989726 2.554793868670291 
0.9455729820917556 0.67205187854741 0.01855304493431586 2.55058235485297 
0.9563957775085552 0.6587509022702064 0.01409695096656814 2.57577354381328 
0.9731844432471155 0.6338921817984909 0.00743623540521254 2.613127091606946 
0.9777559190780907 0.6273802437087469 0.01944495081437026 2.623981297631808 
0.9836622665907672 0.6180048429672127 0.02516036758150022 2.637553983042237 
0.9700005602147944 0.6394802950556008 0.02262228891955466 2.60668796636416 
0.9786435245856849 0.6256080388505737 0.03352330468028651 2.626062692284512 
0.9698979499007943 0.6387570122201838 0.0439517771156512 2.606602680876448 
0.978000298964206 0.6208654133392606 0.09365459715091828 2.625076501336917 
0.9757001243434653 0.6188931609620629 0.1236319410315475 2.619426232457619 
0.9725087485184516 0.614104114978653 0.1657003345189119 2.611900809847577 
0.9635242261776447 0.6422659767712149 0.09236204480286639 2.591658750532564 
0.9533460280488896 0.6508816112300231 0.1236556875832724 2.568535541861177 
0.9463446203374918 0.6659316608611021 0.08018570971436889 2.55196044267037 
0.9696926551537765 0.6390642178133207 0.0440992692363124 2.606137408311024 
0.9612967287768422 0.6515220152405758 0.03191677259084991 2.586940491939747 
0.9553839721746534 0.6594321247925203 0.01397641416298949 2.572934052034242 
0.9698092222622068 0.6392082072000733 0.02208261529576059 2.60587388742903 
0.9665472441239732 0.6446218812273881 0.01006630316034762 2.598705353975423 
0.9736850519163971 0.6340659749966949 0.008259095889946095 2.614915667973719 
0.9900124943522352 0.6071971381036911 0.05141387299789379 2.65260059410835 
0.9801361930736908 0.6229381918508805 0.05205446844038639 2.630093320194077 
0.9695680659972733 0.6386890418767606 0.04454072188292198 2.605495223230295 
0.9850784745058908 0.6153747778228548 0.03684815830836255 2.640852534735361 
0.9786151067993291 0.625943118681322 0.03281714546631836 2.626202783767758 
0.9839692542951961 0.6177108361807079 0.02539651903242352 2.638344212635903 
0.9463820337403396 0.6658544418248232 0.08061792827278629 2.551986265332992 
0.9479113906430853 0.6680104898138637 0.04066673004596102 2.555867511018224 
0.9557013050887854 0.6585882198524862 0.01303585217714086 2.573355928737662 
0.960854846658754 0.6492626925917024 0.05943146571003248 2.58516651413554 
0.961264586730817 0.651299435685183 0.03227113908194802 2.586705987162795 
0.9695433196324541 0.6390528611361818 0.04454926044588409 2.605866450449878 
0.9094270002127484 0.7075655453339992 0.07464677196420628 2.467271939147347 
0.8932147503479351 0.7195222713307032 0.08630682484427328 2.428293313409297 
0.8719183539951958 0.7357861826982334 0.09981961936257232 2.379333962367238 
0.8985337094705973 0.7204972006668828 0.03716312124948744 2.441964438195352 
0.879045542919162 0.7350772543884098 0.0399606593883445 2.395529202621113 
0.8986952408877457 0.7203728063499784 -0.003639205720618527 2.441438027307199 
0.9467457824033406 0.6655814178642439 0.08112238666016844 2.553091893661204 
0.930393445311835 0.6848435061378666 0.08077707355691346 2.515205616009022 
0.9094463738902161 0.7072423426454013 0.07390174724772999 2.46700976512289 
0.9352321794257259 0.6820459042432434 0.05617224036610038 2.526820610654795 
0.9194130812862235 0.699463745970726 0.0461370807269603 2.489710257256321 
0.9300236901858344 0.6880707838125635 0.02627874974218353 2.513607859180591 
0.9463918501405948 0.6663050408789167 0.0804894747836986 2.552526603953211 
0.9360999225480015 0.6738271184450946 0.111864807832676 2.528460777391341 
0.9237743414639691 0.679312671891064 0.1566405341868393 2.50005566461286 
0.9308316216282022 0.6848185126043738 0.08036551716375319 2.516585206079884 
0.9119982105453859 0.6987790563861207 0.1150679651672216 2.472563244729458 
0.9097071655758142 0.7073727692257098 0.07394579870512012 2.46790271020945 
0.9912693198461813 0.6062906477876195 0.0114136485714639 2.655000864239042 
0.9923625516302883 0.6045518284777758 0.01802210814729186 2.657623903269536 
0.9956603907282247 0.5983384883676746 0.02662758138412774 2.664951040969439 
0.9886167642331627 0.6109999547230713 0.01689635738158922 2.649196152347613 
0.9899014790344757 0.607988436065743 0.02852383849986857 2.651853770682576 
0.9836284934305325 0.61806248059984 0.02528869676558404 2.637385568963733 
1.001693910040901 0.5831771062472116 0.07353787453882089 2.678367754072722 
0.9918438733162114 0.5990711783053467 0.08637615226020803 2.656162195149419 
0.9782730177935746 0.6197130279855513 0.09384356284804464 2.625021156427539 
0.9943117741161145 0.5979160525631653 0.06267075980596695 2.661915130364182 
0.9857925568689078 0.6114684323338533 0.06851979443472324 2.642442569067872 
0.9899847859599863 0.6066372801060933 0.052276910563492 2.652335133695249 
1.000016284378247 0.5915841123126958 0.0006947227326655818 2.675040295088416 
0.9998626360753518 0.5918094133491744 0.0002283888595833461 2.674662501560354 
0.9998373199648101 0.5918961471553303 -3.272815665070738e-05 2.674629694126887 
1.000148596788614 0.5913853063830972 0.0002244656668243565 2.675362424076431 
1.000001582321168 0.5916056423821984 4.676560349279133e-05 2.675003905088158 
1.000169092203823 0.591307325673598 -2.897500227944944e-05 2.675384490965011 
0.9993372342494885 0.5929213421216503 6.869581360468969e-05 2.673575033755054 
0.9997513520409771 0.5920338441263679 -2.871319980278211e-05 2.674425315275441 
0.9998553031650115 0.5918564079738794 -2.599837971707891e-05 2.674666278822185 
0.999613444696385 0.5922386582252862 0.0007038791511348348 2.674088534622299 
0.9998872053020742 0.5918684805287767 0.0001682730869093253 2.67477921566521 
0.9999656796105334 0.5915507199661814 0.0007642971401257351 2.674852366477755 
0.9886542094067506 0.6105598158448508 -0.0002775760091863314 2.648916153483609 
0.9925507155492441 0.6047923120707609 0.0001503354816145187 2.658230181827061 
0.9957673625082372 0.5991402950946529 4.756011279425383e-05 2.665458130636546 
0.9898192906727411 0.6090730873948287 0.004844673765503423 2.651842661664398 
0.9937966549759485 0.6020099430601097 0.004709096933356959 2.660659225018616 
0.9913369001178676 0.6066777652782848 0.01105354716351052 2.655434757048311 
0.9992882704423101 0.5928393610651285 -6.525983941962102e-05 2.673369994718774 
0.9991812119416389 0.593209550656959 0.001563854276368751 2.673230807615085 
0.9997366193824412 0.5918466987495856 0.004296049052105847 2.674275224645706 
0.9981659560138613 0.5947446394796466 -0.0001260004648516924 2.67076755571571 
0.9976835771115264 0.5956019095145659 0.003754316434538227 2.669686084908271 
0.9958587996643978 0.5991320009168074 0.0001816826757763786 2.665742251494323 
0.9999282480949668 0.5916672703927658 -0.0001357569797501471 2.674797548563998 
0.9999519042542006 0.5916563189034537 -7.80730131627531e-05 2.674867865121346 
0.9999783823410655 0.5916737599422391 -5.693042565955937e-06 2.674963481081613 
0.9997868644975472 0.5919526046899856 -8.867589204990005e-05 2.674494559013606 
0.9998460057066925 0.5919961736445575 3.154498459062043e-06 2.674714205395456 
0.999481471484611 0.592509940659752 -7.493372673302641e-06 2.673806708298534 
0.999926850582314 0.5916724204177939 -0.000126535367332077 2.674804025234285 
1.000009473556365 0.5915875723803933 -0.0002748665230731386 2.67501579424537 
0.9999926890601305 0.5915130579462224 -6.017690592377655e-05 2.674948674322057 
0.9999535793463121 0.591629138476329 -6.053190208851934e-05 2.674866974712695 
1.000001348376083 0.5915875431904575 -0.0002623724007331391 2.674988862080336 
0.9999963622008101 0.5915826919704026 -4.077733279577298e-06 2.674980733891324 
0.9978439389236304 0.5953852408211343 -7.518931303189033e-05 2.670076097153558 
0.9990467451484593 0.593217612162696 -0.001685695143264606 2.672789505091366 
1.000066574021077 0.5916684313785581 -0.001490564251698083 2.675253722302816 
0.9989525416732415 0.5935868080308465 8.654339635717083e-05 2.672688638809238 
0.9995231417023135 0.5923297943829736 -0.0008554046140114881 2.673844692802781 
0.9994578241378812 0.5926069587939123 -6.315398079944476e-06 2.673785798439231 
0.992736204576504 0.6043828166705146 5.502106216027477e-06 2.65858348579305 
0.9939243732491702 0.6020482140509014 -0.006085977769980592 2.661117397764823 
0.9961745811957226 0.5981072316703256 -0.01180729980582594 2.66624003786116 
0.9958520239875195 0.5988756355814037 -0.0001884285638873388 2.665567798666584 
0.9969385780081151 0.5969929140876257 -0.003977450144530927 2.668047737547657 
0.9978804245940803 0.5953590094246438 -0.0001617495638081351 2.670190296306138 
0.9928584479999153 0.6043289216062649 0.0002487229949048813 2.658969143430573 
0.9899035514398939 0.6087840687245639 -0.0001884476149467417 2.651939760138759 
0.987772926981657 0.6123935559076593 -8.207746815806287e-05 2.647156963038331 
0.991249115959779 0.6065885594414542 -0.004805634156003253 2.655032578305137 
0.988344698646112 0.6116710154816221 -0.003808472789413524 2.648581251371867 
0.9888625234519151 0.6101174990076187 -0.01015680053169654 2.649383012191169 
0.9889565171743969 0.6105694139582749 6.905826337515312e-05 2.649919376884089 
0.9875086035651047 0.612694201286701 0.003160394749663458 2.646459819969423 
0.9848660512393665 0.6173145616393774 0.004707505031974392 2.640679853228157 
0.9872313510476358 0.6134781049682064 0.0001493099547696941 2.646046301053975 
0.9863978159590648 0.6145816749174849 -0.0002559198731272364 2.643976746833709 
0.9877317987024787 0.6124816402296765 -1.729917538828852e-05 2.647073787858526 
1.000816913654664 0.589920445269871 0.0001048618661334395 2.676720605939147 
1.000451958463344 0.590886789160427 0.000779845507234037 2.676077038594021 
1.000062322709421 0.5915796760970399 0.000737875644726296 2.675190853622779 
1.00027681886946 0.5911281397195676 -2.338729277145789e-05 2.675636615775042 
1.000120738657026 0.5912943944676918 0.0001339383335365192 2.67521620788044 
1.000151349710794 0.5913454335085643 -2.019717904350672e-05 2.67534854734811 
1.003684737968065 0.5852381116711047 7.89496935811857e-05 2.683529831632508 
1.003443861259864 0.5850201806099112 0.003341720437295495 2.682603657091667 
1.002732504677275 0.5875687753137686 0.006075084293796004 2.681735684367122 
1.001845429418934 0.5889309170122424 -0.0001186499916726913 2.679559955282172 
1.001664527292818 0.5882999550152204 0.00140067014476289 2.678587305573271 
1.000968792988185 0.5900363548054751 0.0001011556639052853 2.677306088753058 
1.007739543761646 0.5752904118638948 0.03813118971241009 2.692086882003521 
1.012425827079045 0.5676541327335046 0.01938411289915343 2.702930204415097 
1.011194962092552 0.5719034200398947 0.00166822707904597 2.701034886978453 
1.015370840892326 0.5627294458010309 0.0338819195216279 2.710472429955159 
1.016223175359032 0.5606108997631037 0.008283958004351961 2.711604396926509 
1.021996733965594 0.547805514017649 0.02228399329818042 2.724344469868611 
1.010756372576197 0.5583898054563182 0.128101512841515 2.699952993732956 
1.004617242486366 0.5745205294863266 0.09687701274850259 2.685157671490908 
1.001654507507284 0.584515155728589 0.07400568216947147 2.679064502228638 
1.020420068878706 0.5435001986487267 0.1014664796740475 2.721385920415401 
1.012350716236868 0.5635671585072354 0.07902750981673688 2.703351128315895 
1.025377958723083 0.5362280072808475 0.07582171241663281 2.732221590501111 
1.003796143278024 0.5855236712334487 -0.0002258052201236448 2.684093779005751 
1.006506978743935 0.5804926807745346 -2.662205317579511e-05 2.690188989181423 
1.010718924359847 0.5713121079555104 0.002959145558818745 2.699063592404987 
1.005263461172413 0.5811595309822956 0.006174054854696968 2.686452981344708 
1.008393275613242 0.5762025258112267 0.01228462397526824 2.694125356521084 
1.004570859908441 0.5840039031003695 0.01698150637749075 2.685905168814782 
1.02238882590629 0.5473073713189238 0.02219660135145967 2.725434118217273 
1.025758505976956 0.539032718199722 0.04391145023023199 2.733082781178722 
1.025984540750477 0.5370969671941006 0.07444484377401064 2.734559571303597 
1.014928560321385 0.563502640525863 0.03440842148186306 2.709456714907742 
1.013977126367024 0.5626508117578967 0.05291790447939296 2.706550928963085 
1.007600714798771 0.5752696642175553 0.0379544486669205 2.691687281126712 
1.000636425433235 0.5902155882696801 5.281044210180038e-05 2.676336635432329 
1.00015351195526 0.5910861542630186 4.370476931978086e-05 2.675244521068135 
1.000002344653264 0.5915594974807102 -0.0001979064204615693 2.675021744875958 
1.000460302500289 0.5909087562030468 -0.0009601829259889796 2.676118175232287 
1.000124829393396 0.5913377023457007 -0.0003186337474287976 2.675255477156382 
0.9999492319144215 0.5916003112705538 -0.001432866038560158 2.674828147069785 
1.002976840755448 0.5861682584835738 6.223242750628735e-05 2.681762500114651 
1.001249632486295 0.5891498698138422 0.0002412385050356077 2.677759718909285 
1.000669169424504 0.5906968558065215 -0.0003944326790296823 2.67674019636925 
1.002148444450405 0.5878815982123342 -0.003843788608801487 2.679961521292921 
1.001008693188974 0.5896646773050237 -0.00164033568920244 2.677209496026455 
1.000341677836171 0.5911204437350484 -0.005696106010354382 2.675876014453241 
1.003959080888677 0.5838560423602697 -0.01078309902105186 2.683780864024566 
1.007468803256168 0.5782868395423763 -0.008536059267882099 2.692139561763137 
1.011050605740799 0.5712937588157965 -0.002362759109820636 2.700306156031921 
1.00424249322471 0.584145321253933 -0.003698737651548792 2.684717981892746 
1.005298246527888 0.5811468576278953 0.0001811747211426182 2.686708878961317 
1.003012815666017 0.5864925986261866 -0.0007425924065669791 2.682186669394551 
1.021899333369032 0.5485816520078127 -0.02205623895777085 2.724599799223018 
1.0162598866861 0.5599242654348157 -0.007922050331591572 2.711573948686175 
1.010612253734479 0.5704256869233392 -0.001757488255048406 2.698402034583252 
1.013489300654031 0.5655279289346286 -0.03068650823194434 2.705524160197077 
1.011511528230537 0.5707334492654301 -0.01776129303292134 2.701501521508403 
1.006211366160517 0.5778624431330311 -0.03124016788444365 2.688259568362344 
1.007327905609156 0.5776768672007099 -0.03052070850424331 2.691921948250861 
1.013370056696986 0.5650916644352708 -0.04342773280761968 2.705371562898812 
1.026130579146602 0.536212096428848 -0.06217061005522739 2.733881263071987 
1.013161531968628 0.5659368765172546 -0.03044243239743056 2.704650123553604 
1.025420943698297 0.540620789766604 -0.03982036716406835 2.732816774148998 
1.022000375615375 0.5483219412484021 -0.02235657011037253 2.724836588095123 
0.9787477562044775 0.6210587021367052 -0.09749602771669907 2.627804149928927 
0.9736897942974736 0.6215099601362963 -0.1261292123777375 2.614927090984298 
0.9686928606191472 0.6201240791181324 -0.1661059474186332 2.603473896394183 
0.9930044149376884 0.5914116077990357 -0.1166306459447122 2.658573970142492 
0.9954883371454519 0.5811985978866527 -0.150133383805435 2.665233664040786 
1.013853666547381 0.5535810928407584 -0.1220811220370031 2.707013923718594 
0.8662010284513851 0.7416102689140602 -0.08989121282223211 2.366356241316574 
0.878815948422884 0.7348542421792399 -0.03785017125368286 2.3945763049745 
0.8983886300384574 0.7214710429489233 -0.003952583797610382 2.441440976923474 
0.8502117527136437 0.7552659551227882 -0.04216940119581086 2.32807750181712 
0.8760264676138944 0.7385804796434108 0.001792062389070698 2.388631736521779 
0.8454158977393097 0.7589629372962788 0.009730980300437382 2.31655237681815 
0.9996089196248968 0.5893699957218985 -0.06619194026938283 2.674628968070275 
1.00386145964859 0.5779196541312129 -0.08988425233172834 2.683849351324318 
1.013070734598601 0.5531529400684947 -0.1220530045908058 2.704132070170168 
1.010993028468383 0.5662864145172493 -0.07139485557145288 2.699654227928499 
1.022869553589933 0.5400359868734751 -0.09208022237015082 2.727146689093616 
1.026268666489371 0.5362461583156304 -0.06231866454659182 2.734474858545614 
0.9199761048258224 0.683557144992557 -0.1521862461292292 2.490574687897105 
0.9449927786329623 0.6517378348591786 -0.1652921906859831 2.548750422556315 
0.9681245385508278 0.6211427411770259 -0.1684455275821615 2.602681214855108 
0.938531347851628 0.6730948611647485 -0.1030379707338929 2.534634724318843 
0.9531214054246865 0.65222786949586 -0.1140487369871061 2.567498932863807 
0.9530203361185051 0.6579050427816387 -0.07219792783706148 2.567109526944257 
0.9244869974182268 0.6789112042954767 0.1570999181594581 2.501884218506629 
0.8976343710039307 0.7102742404726593 0.1342897048495093 2.440074450618307 
0.8716207009827072 0.7360911584422887 0.09966155388830761 2.378751408332315 
0.9114571127261759 0.6987327485829146 0.1149047965698157 2.470966103056639 
0.8925699780442163 0.7199014202343195 0.08535912812987954 2.426739150501734 
0.9099462825839885 0.7075514380660807 0.07402713093189489 2.468799676731079 
0.9187032651188238 0.6994334121373098 -0.06311208162109673 2.488575655847786 
0.8975718492991765 0.7177678213126877 -0.0745421826059767 2.439318590733316 
0.8668193311763529 0.7405772214148019 -0.08772551017200231 2.366827963774192 
0.9137608240357862 0.6983451447404723 -0.1033004902363759 2.476246078962951 
0.8914074035764222 0.715599404912299 -0.1275274933143548 2.424594787864924 
0.919911212086989 0.6849424357427033 -0.1550734756928091 2.491998708575121 
0.8719914809873482 0.7356156670019136 0.09954960717672995 2.379339592147471 
0.8544652002349502 0.7521782957506608 0.05633497699101371 2.338608421381682 
0.8451236977659227 0.7592670517095077 0.009390036024414787 2.316004315842385 
0.8787408921530412 0.7349949826153488 0.0401390639810265 2.394546884342649 
0.8752969492077152 0.7384965583100125 0.00145032717602425 2.386377561006074 
0.8998546210395779 0.7207887896894842 -0.003061315438914268 2.445407852154267 
0.9734263139121326 0.6141842681371058 0.1640511355721113 2.614916849306824 
0.9748733839042899 0.6194531181733789 0.123340872048845 2.617151449909959 
0.9783594257428532 0.6206572152488598 0.09399595979250516 2.625945780045163 
0.9950416361052458 0.5818603435428572 0.150023901871463 2.663843774857356 
0.9911950200948513 0.5959620356370475 0.1159550683658242 2.655323790875878 
1.010156122120552 0.5572178096188795 0.1292966770857158 2.69742171535485 
0.9728633401861784 0.6133322158494906 0.1658529120437008 2.612503275929197 
0.9506821401564214 0.6454528004373287 0.1658832079618532 2.562401087583665 
0.9246488094725084 0.6789367860822134 0.1558358198810557 2.502494107320604 
0.9529372363397955 0.6511873715742985 0.1235064709264111 2.567565407950902 
0.9350875962443962 0.6742374499667906 0.11184322094769 2.525624930974982 
0.9470712647349574 0.666111731737812 0.08079788866539268 2.554365694202362 
