1.008280758793686 0.574822375250812 0.00432464754542923 2.692893350382837 
1.010090495972656 0.5719836928412063 0.002496855595052392 2.697340165718186 
1.011009187254883 0.5714704805580401 8.803054719007995e-05 2.700132634865051 
1.008499927178079 0.5737870306324748 0.00542147212125318 2.693045193468857 
1.010049061687174 0.5711624598453433 0.00165580412479324 2.696732762426502 
1.009372727234782 0.5716891046182516 0.005921151827414036 2.694783294722858 
1.008405264546656 0.5744759393099368 0.004457604896583656 2.693117356770173 
1.006466997787944 0.5776037279826098 0.006595323141759548 2.688424827449611 
1.004116029947063 0.5819602700283624 0.009187476434579124 2.683105353938732 
1.0057769173276 0.5798529423662119 0.003875032752142467 2.687400527341842 
1.00333622648511 0.5840029300718543 0.004434810924791721 2.681658106530343 
1.003434878177619 0.5843059528199175 2.448695851650377e-05 2.682154061155114 
1.010490580819535 0.5696951620009355 -0.0003596478169274205 2.697389001755559 
1.011219628367654 0.5665369889520787 0.006344455420009972 2.698078829742821 
1.009662870140866 0.5694006193738804 0.01718649628590133 2.694582251809805 
1.01025699108733 0.569032229585524 0.003482612884954148 2.696236826048598 
1.009231816264414 0.5713253544159207 0.01000127944292614 2.694134548113817 
1.009289494638651 0.57212806613651 0.006075866957127206 2.694759921565 
1.004003196016512 0.5819209985642361 0.008897707884728295 2.682704923538431 
1.006924480426509 0.5759830237790275 0.00946984021030561 2.689052245516051 
1.009271860033115 0.5717740738876921 0.006032149061608965 2.694505210251965 
1.00558182816379 0.5779931942091097 0.01399355869244618 2.685769014757007 
1.009476398234543 0.5706163975152784 0.01009337971127164 2.694552601170705 
1.009467361494481 0.5703243460995712 0.01715572005773659 2.694447971409766 
1.010788651559578 0.5619939443772033 0.0388777916279163 2.694811951851446 
1.009892087056652 0.5667387714976659 0.02531865944833168 2.694020428337758 
1.009276441784677 0.5700927312815085 0.01744125837721526 2.69371408305477 
1.016550116507043 0.5542569344331635 0.01985332807011424 2.709420464748559 
1.013167862180415 0.5618544313871904 0.01277996937628909 2.702088801381684 
1.016445759917043 0.5570878803037979 0.001605906706661594 2.710400050243352 
0.9734709392225381 0.6285436884560591 0.04103005805290021 2.611435699297278 
0.982212072885853 0.6126724251970163 0.05140822184358095 2.630400086698331 
0.9914996499412877 0.5965725161804253 0.05182847707632524 2.65129517646869 
0.9712231006562433 0.6242061652306771 0.0662941596765499 2.602738930689319 
0.9856959776678558 0.6000360523206457 0.06991487525582463 2.635115841402343 
0.9758840715615087 0.6075749004986251 0.0939432664669029 2.609595506600379 
1.00167876984616 0.5719602798868694 0.0745797516438385 2.671921721036938 
1.008025367361737 0.5641785148919618 0.05407342452092002 2.687469924167779 
1.010660546201757 0.5618802450484942 0.038596194163796 2.694506537729916 
1.012216326649871 0.5500766274960218 0.07828761329723778 2.695395278246373 
1.015892375401639 0.5496062788034539 0.05238596844708761 2.705825347819948 
1.024969011856697 0.5229798771855861 0.07396032849325709 2.723795072295849 
0.9911841381114596 0.5962433345633323 0.05180214378184692 2.649918484233817 
1.00225880106756 0.5777979713017162 0.05004857521113651 2.675692956571605 
1.0106519790761 0.5621718307253475 0.03852823121770524 2.694568073588561 
0.9950189193925677 0.5865170118047905 0.06355705189315723 2.657492044935091 
1.007930422232741 0.56313874361498 0.05457096662843633 2.686561917371703 
1.001736565252351 0.5709185131779405 0.0744878646118438 2.671515399860982 
0.9434531889903172 0.6531755160387167 0.07901506839335409 2.533695808713363 
0.9617939914611127 0.6392631898713322 0.05683074777266216 2.581438245979765 
0.974361676242736 0.6285576164538759 0.04222743684274619 2.614472154210364 
0.9598235123510298 0.6306717995428093 0.09170648278190464 2.572113467881514 
0.9707297174873381 0.6242273005685821 0.06581047729042347 2.601170624772291 
0.9760398936680411 0.6073611283806337 0.09348779304594802 2.609870243282214 
1.000374121371105 0.5856634999248851 0.02699621714169438 2.673172005705249 
1.003634629061768 0.5785864152157808 0.03401225253566631 2.680100767751552 
1.010852313678861 0.5621030192180722 0.03855841079986408 2.695031993288874 
0.9970914847749184 0.590349320090051 0.03688794518455734 2.665261246610599 
1.002018050351358 0.5775501992976442 0.04964872918225933 2.674762789362383 
0.9914069126976893 0.59617704763215 0.05216639647909795 2.650589263202986 
0.9896254385762734 0.6072170720115712 0.02194485476877121 2.650312336105286 
0.9946553219892462 0.5970450879507273 0.02763724549293364 2.660909707744594 
1.00007227366917 0.5862531522807262 0.02684205588727093 2.672526846045263 
0.9890593843340771 0.6054419844957277 0.03588096581212567 2.647756572648887 
0.9972167454174884 0.5895595302419726 0.03749212527444432 2.665200234264322 
0.9918026577802321 0.5964253316054814 0.05166551131956781 2.651995977361179 
0.9916934037789693 0.610966571597292 -0.00549009884025189 2.659179803383138 
0.9922724283179789 0.6092171234493685 -0.0001362044219311015 2.660014869298082 
0.9934222969848837 0.6054799511536541 0.003659946272039804 2.661570111679149 
0.989108857487577 0.6163256944068016 -0.002851417052707925 2.653987577470283 
0.9904576710463916 0.6122398430524176 0.004649519069358127 2.655885848760906 
0.984668226864423 0.6220628318924262 0.004853741902500993 2.643036596671492 
0.9978665723850703 0.5941378628381263 0.009745531117141444 2.669473289279738 
1.001152739528039 0.5878165372860936 0.01100948333165378 2.676671609680596 
1.003966593680499 0.5820946974378082 0.009366920345225781 2.682718028187487 
0.9982573749247075 0.5929632984131598 0.01749149606759576 2.670164349247812 
1.002732670081161 0.5834445971261931 0.01610477396065971 2.679421031168317 
1.000297585127831 0.5863791919234469 0.02664709408216721 2.673256915491526 
0.9844238373407245 0.6220366363202057 0.005600416683772837 2.642217028562406 
0.9907351646548227 0.6121265423587556 0.004380520988224883 2.656732960202042 
0.9935563626362734 0.6054178722989451 0.003731043641123751 2.661975738375729 
0.9860790440405933 0.6167312411580422 0.01597061246095211 2.644432086856927 
0.9915814661342032 0.6078670081098663 0.009574863936213344 2.656935391352803 
0.9896691464772879 0.60819341154638 0.02219401982094717 2.651051401525151 
1.004273783349059 0.5816736759616951 0.009443844524908228 2.683487014199245 
1.005526580063731 0.5780538966043238 0.01370832082530087 2.68561735791913 
1.009314266120739 0.5704458094380855 0.01699512649991037 2.694003780439692 
1.002654535982073 0.583901777754941 0.01577957440035838 2.679432338774208 
1.005334508459281 0.5768984413611467 0.02392053720311609 2.684506958140273 
1.000144759881681 0.586226239797053 0.0269866847585004 2.672676471061894 
0.9999416610761568 0.5858709801693133 0.02630277859891827 2.671806934101425 
1.00559583856933 0.5768770664222626 0.02420622899357123 2.685374955774192 
1.009170391508137 0.5706565930647043 0.01715275164717536 2.693684295674357 
1.003848295294508 0.5785015962534338 0.03440304146536582 2.680763338584837 
1.010294059543786 0.5661516200308847 0.02537263316179916 2.695027371825601 
1.010821777761075 0.5621032381562872 0.03889058360296451 2.694944502867496 
1.00821298207882 0.5748832842603984 0.004392518936550825 2.692700030265863 
1.010039828897079 0.5729324658419644 0.001951412203023124 2.69770630216804 
1.011390563286271 0.5713513113714632 0.0008268139484048848 2.701341418927373 
1.010028573013061 0.5720143044984209 0.002441718477116098 2.697150351937864 
1.011133704726233 0.5714938868821967 0.0007914918480898168 2.700561379282584 
1.01106778286367 0.5712776846216284 -0.0002182763804046089 2.700216042433401 
1.004127275490102 0.5821073342619784 0.009443948621134516 2.683226014185847 
1.006468801600009 0.5775192307079895 0.006534741987480584 2.688382720662169 
1.008354878598635 0.5746847561271429 0.004385325388210676 2.693067421392973 
1.006888476080122 0.5759031722434081 0.009253668225117369 2.688884434608703 
1.00837228492096 0.5739810622154138 0.005283896522957392 2.692730066857148 
1.009257807042872 0.5717482265679404 0.005974563872098587 2.694434701686965 
1.009806914975906 0.5745547918379735 -9.795354743550597e-05 2.697845754728738 
1.010659281832021 0.5728429334980568 0.0009019207178648769 2.699731695888199 
1.011341535359338 0.5713609779092389 0.0008451269323614135 2.701185563527273 
1.008720986668966 0.5753313719668742 0.001818450021947431 2.694651156907767 
1.010095549954095 0.5726302295395407 0.001962367701052387 2.697721031208402 
1.00819299567882 0.5749090264401504 0.004305343125045989 2.692649836264902 
0.9756312461978133 0.6083226975642919 0.09378251851223633 2.609321688537403 
0.9906705757143037 0.5868241017548623 0.08665701566020939 2.644967771507132 
1.001290107939802 0.5725731952304471 0.07435119000269577 2.671116059532536 
0.9884453938626308 0.5821759603367381 0.1144755689358652 2.63777142284612 
1.003502954221943 0.5612642728311372 0.09569220402093312 2.67382130768013 
1.007455144304921 0.5441776435395121 0.1261897942608635 2.680800114029597 
1.003203819550015 0.5874987949286026 -0.002144683111780797 2.683259471781395 
1.002193968233248 0.5916370921679781 -0.00174471777791589 2.682327764643223 
1.001387095316991 0.5935001163744772 -0.001497622301390848 2.680739643891147 
1.002841460841803 0.5934765578489383 -0.0009399163778010398 2.685565201551372 
1.002339734837922 0.5944665681905015 -0.0007704017564071545 2.684479486962132 
1.002723210674781 0.5950943881325618 0.0001274314106979886 2.686128975603286 
1.003143272415496 0.5864041309132778 -0.00264194598477979 2.682428898608883 
1.001972000344094 0.5812672156255712 -0.001051110457874547 2.675514552317632 
0.9997009713333146 0.5730166554935885 -0.0007861255305188347 2.663312610839232 
1.002092829000315 0.5908081976254594 -0.002218682345245403 2.681534034695154 
1.000769720840408 0.5871993735243941 -0.001908358019781118 2.674957277082584 
1.001417683963839 0.5926510028643063 -0.001883318618391802 2.680395654241697 
1.00332762020149 0.5870044442248697 -0.002091936067904259 2.683381882341227 
1.003040819294255 0.5942971660885602 -0.00140749727533909 2.686713605267401 
1.002132685522181 0.5956891989148291 9.153856837569149e-05 2.68451926811029 
1.004238676469761 0.5850333288618342 -0.003062974754958054 2.685260209515856 
1.002975818972499 0.5941510381651934 -0.002577898581625005 2.686415114957032 
1.005099742077766 0.5830905129757312 -0.005270388143048211 2.686992550301156 
1.00537142899595 0.5825399872042422 -0.005625211676406922 2.687613029344903 
1.005238837022914 0.5754902127381027 -0.001988587152103976 2.683113118831554 
1.003536643963125 0.5681193821411105 0.0006811155065472807 2.673312416551952 
1.00429179023028 0.5845863923126343 -0.003339706910334817 2.685185840254678 
1.003530792125285 0.5795341148341289 -0.001629661652619679 2.679719287604618 
1.003285915596771 0.5860387445495426 -0.002388419526391909 2.682689745890275 
1.002164679051189 0.5943149393312761 -0.009537395494827275 2.683849507323044 
1.004389600822174 0.5881640728373984 -0.007881849550001777 2.687622537771077 
1.005206164360001 0.5830239053540582 -0.005503707754002284 2.687307046569982 
1.001745615191465 0.5968489408678351 -0.002459398670566454 2.683914851000837 
1.002778994191403 0.5942652515675504 -0.002505291936073075 2.685827896507908 
1.002282492214903 0.5955880226896501 -2.014437260429279e-06 2.68495918372217 
1.005389717530528 0.5838523343447675 -0.005162636096854842 2.688425876932262 
1.007305817300491 0.5761520137266269 -0.00825717125802037 2.690476627122389 
1.010356126200104 0.5657839205170941 -0.01107996585769595 2.694862109294707 
1.007278248911966 0.5718477168514152 -0.004274458619511251 2.687865968683289 
1.009947088700777 0.5637765352345613 -0.003408571273693783 2.692240039339825 
1.007903039627172 0.5647232500611663 0.0008733187214240496 2.686013985512563 
1.010190177876627 0.5658797806212449 -0.01069552154841312 2.694385024422626 
1.012469978898638 0.5617964192006314 -0.01825674419496106 2.699845853068112 
1.014029177220289 0.5568164300543355 -0.03132257460670473 2.702630189130147 
1.013683523750103 0.5573091356959553 -0.009098940563982911 2.701252229832976 
1.018046541033293 0.5490038057059377 -0.01752050610359504 2.711569081694679 
1.017699149427103 0.5488392268552112 -0.003076007673922552 2.710383105911385 
0.9954651196483955 0.6043485554126887 -0.007915220715687163 2.667653489711324 
0.9934804251168915 0.6072152830472104 -0.007996002757099451 2.662825041696836 
0.9918724040326532 0.6107348235664293 -0.00562833874890115 2.659646798361094 
0.9936169610579275 0.6080790171283994 -0.01341172125647135 2.663838757065359 
0.9904154032772815 0.6139276745080595 -0.01215344694582136 2.656851317135762 
0.989796277364117 0.6128371144483248 -0.0217240049360755 2.654321738930576 
0.9982294062979444 0.6001795538756248 -0.0002476655896121801 2.674235751310532 
0.9971407826280775 0.6018134508089122 -0.00324425541543324 2.671611376481601 
0.995545786417643 0.6041365508277849 -0.007752510027128155 2.667779445427555 
0.9993695302263753 0.5993581260826382 -0.004374046365981112 2.677534982273229 
0.998727923592737 0.5999786601713886 -0.009942361256425567 2.675828301547863 
1.002215538146773 0.5951810035303988 -0.009996114112609096 2.684530830662293 
1.005285291349462 0.5832540496949086 -0.005382907567607673 2.687719619309135 
1.004408693084291 0.5874943765219359 -0.007558378128757882 2.687291133408304 
1.001701831804652 0.5949590932685105 -0.009857243641589422 2.682709516038152 
1.007423140205895 0.5767556023750462 -0.007425379312911125 2.691168458311661 
1.006152707515644 0.5825683453278963 -0.01322720850078509 2.690301053964574 
1.010578095862228 0.5660986959323545 -0.01070068912036422 2.695761655116485 
1.002137473367841 0.5945034200338243 -0.009321723910748708 2.683907133979666 
1.005521576470917 0.5836071764959049 -0.01967647635047824 2.688901577039225 
1.013375696136711 0.5613237036190335 -0.03134470490634839 2.702859994985515 
1.00629596422176 0.5825508551370048 -0.01347615924282082 2.690766612253749 
1.012392251162581 0.5628851162763384 -0.0185127877327127 2.700166911151388 
1.010394803239458 0.5661459956589144 -0.01041930777711997 2.695185531965171 
0.9994505853265956 0.5938279981406579 -0.03032267143213763 2.675016361879081 
1.001276076002669 0.5866093857252518 -0.04598996672061961 2.677326003216579 
1.005944066112361 0.5691655295034957 -0.06606414234780408 2.684009472642235 
1.006397425364826 0.5789399464968973 -0.03541223069742665 2.689549841426487 
1.012295873587702 0.5605428377614736 -0.04659980702958487 2.699465688553274 
1.013448201083385 0.5592062890950692 -0.02998654820564426 2.701991254062012 
0.9955917217382909 0.6039205987849537 -0.007960069601048027 2.667834573416402 
0.9959137705355326 0.6044669710087374 -0.01707978129802572 2.669274179707156 
0.9989523307123866 0.5948054479476838 -0.03056345356182726 2.673885881998277 
0.998831878787648 0.6004703329779254 -0.01035021618269379 2.67645200578091 
1.001637921950395 0.5934236210094974 -0.01772592978914591 2.681688463199615 
1.002101768109984 0.5950440221719921 -0.009543013687668335 2.684072632327143 
0.9843909739072817 0.6122844090722975 -0.05227778492264037 2.637334400556381 
0.9753346188529378 0.6236271885718313 -0.06130165021926681 2.615466079382576 
0.9604650793327085 0.6401629243001044 -0.06923184094101441 2.578531977546188 
0.9834003368441132 0.6079416608652972 -0.0708441664217937 2.632618190174679 
0.9705112436730422 0.6203954843203729 -0.08632092135428755 2.599529591189346 
0.9843472689734299 0.5980810874017058 -0.0953178161300748 2.631585863072624 
1.006194715116748 0.5692499231267844 -0.06558188475251998 2.684924157126583 
0.9939375725526576 0.5932841631768291 -0.06387829642518138 2.657955874952027 
0.9847924652035678 0.6120927977902649 -0.05161345982412672 2.638528286584755 
0.9976080789128478 0.5804498911100315 -0.08124913062750096 2.663810099892399 
0.9832792442236004 0.6079452692457157 -0.07128886580323898 2.632218641477986 
0.9841393875641051 0.5981815549138771 -0.0956129240479654 2.630946385154461 
0.9898163248648526 0.6128080482717673 -0.02221627358397312 2.65442215992526 
0.9850096301196241 0.6205427525887031 -0.02306545033231062 2.643452993450688 
0.978274861822146 0.6315732216962069 -0.01865378621261637 2.628348814301538 
0.9876156923670446 0.6140866593100759 -0.03405932291443688 2.648271782317234 
0.9789246209223482 0.6265849376584417 -0.03654983190037836 2.627746256634728 
0.9844696132349523 0.6135530739014106 -0.0524725651050277 2.638395598231947 
0.9954148786211975 0.6041351542629083 -0.008294275383633127 2.667370113621252 
0.9936472681866717 0.6082776290874939 -0.01299343890805854 2.664058537415093 
0.990080055795313 0.6126548450338264 -0.02162949005997649 2.655147316600694 
0.9958999172650947 0.6043631659509967 -0.0164967495418402 2.669173240367852 
0.9938148596264683 0.6048531692348915 -0.02815453325577291 2.662857997373854 
0.9992019365513112 0.594828112771423 -0.03143662278496721 2.674739096281972 
0.9916785915410105 0.6111730686575771 -0.005306407559675127 2.659269932751325 
0.9891069718793353 0.6157768152249834 -0.003407171943943778 2.653654055467414 
0.9843141079886986 0.6225041293708272 0.004987676188758328 2.642151599915883 
0.9878646623201599 0.6185604432726629 -0.01030668647951082 2.65135412087199 
0.981363157251102 0.6286724504163412 -0.004190257631979583 2.63636987184453 
0.9786316509455997 0.6311391197821967 -0.01811379947544789 2.629153573151014 
0.9992812373629619 0.5943356294928804 -0.03055006918841252 2.674714702862112 
0.9936631021011694 0.605164453967488 -0.0285170742115353 2.662543906898055 
0.9901656667675482 0.6126409712865567 -0.02181679147307187 2.655466674186109 
0.994115726846473 0.6007518466650915 -0.04157223628846044 2.661837525921253 
0.9872818864561458 0.6142539222982181 -0.03441069923184784 2.64728230657849 
0.9847915516379695 0.6134312977816455 -0.0525510929333689 2.639345470125246 
0.9920160869711869 0.610511005930279 -0.005415929018582523 2.659982412263788 
0.9935648635319658 0.6077191770355319 -0.007645307639906366 2.6634029959137 
0.9954341118543499 0.6046866697334244 -0.008009760212709842 2.667736430804442 
0.9943525967114659 0.6047749112117354 -0.001987521138559994 2.664173310622459 
0.9950145332813555 0.6038871127955974 -0.002486112336843244 2.665822601523844 
0.9949129512412813 0.6030458163056273 2.867361027786874e-06 2.66498449862904 
0.9783748356473856 0.6312133411510579 -0.01958881053300543 2.628553742909873 
0.9702459349431132 0.6418991440075054 -0.022073896233979 2.609081740223624 
0.9565054121934565 0.6566327416682604 -0.02372518002902344 2.574748845168382 
0.9697812218824922 0.6386932232341552 -0.03702241847994978 2.605911468794668 
0.9563157704977735 0.6515896266608003 -0.04670498447027312 2.571576780516161 
0.9600639280054289 0.6402909054953126 -0.06951353252396064 2.577328883151926 
0.9916799718095979 0.61106570096526 -0.005678548277799991 2.65921389690046 
0.9877280409706596 0.6186930666629505 -0.01003555783050204 2.650982041466544 
0.9789569619003977 0.6308550136101848 -0.01880225823932099 2.63004833168643 
0.9901977672942301 0.6137696893655664 -0.01173012847253757 2.656038558354909 
0.9850668199112674 0.6211320446611938 -0.02266740887776043 2.64399932795133 
0.9896595980457058 0.6130242032910397 -0.02210814247191438 2.654004924267828 
0.9844163882072099 0.6224274080743969 0.005288342232419536 2.64245541090106 
0.9779592046827963 0.6324510325878309 0.007877186960482199 2.627725533819806 
0.9672189869563507 0.6457300033170972 0.01004971770105305 2.601625711617733 
0.9813074797902386 0.6288401206928422 -0.004021978021156019 2.636297647500089 
0.973113849211138 0.6398674845277806 -0.007907530452116391 2.616851100828904 
0.9785690826778956 0.6313696441605269 -0.01900752134445685 2.629176535032637 
0.9162394613260488 0.695968428849896 -0.0062863687779153 2.476255005039613 
0.9276849670098432 0.6843193196669619 0.01023955922954317 2.502993448677439 
0.9390622515629935 0.6715760705894369 0.02154850600726966 2.529866419318727 
0.9050811564772746 0.6991287157165663 0.03092795940332052 2.444864685699005 
0.9229788762038014 0.6833475604193918 0.04211126163966986 2.488457651389707 
0.9051723718691336 0.6922952674342775 0.07158169216036485 2.442122868331289 
0.956472518578209 0.6564408033918062 -0.02342496698416212 2.574764544572962 
0.9477252716025776 0.6657302696974503 -0.005091407956978679 2.552947612807826 
0.9389707704451637 0.6716181354450574 0.0214549308315461 2.529568931735133 
0.9394642059951664 0.6733331846370514 -0.01948330961642829 2.53222013636181 
0.9271781202447981 0.6847177785218619 0.01035654544029539 2.501648200752117 
0.9143503112638051 0.6973079137155007 -0.006146033591258011 2.471152393236649 
0.9842307294181906 0.6125339280378858 -0.05201106931488777 2.636966745435386 
0.978761187007839 0.6271991847535452 -0.03685261408534888 2.627617321234761 
0.9789366094174951 0.6307262623501885 -0.01842135533730564 2.630050674838611 
0.9746932427337476 0.6233786878124215 -0.06204249578285335 2.613244762764867 
0.9695562469094924 0.6388565480932871 -0.03730081627044007 2.605290520160595 
0.9603529623493381 0.6402302893421387 -0.06954688210763756 2.5781881347297 
0.9669660676603811 0.6454617988177688 0.009891817009180575 2.600683792299049 
0.9557957995195806 0.6575011025590433 0.01511456022238115 2.572918249982447 
0.9391995651576475 0.6714158661832352 0.02150426511949376 2.53007093570963 
0.961448730964672 0.653090511108523 -0.003625430965525905 2.587904599303166 
0.9478009573543351 0.6660115784870624 -0.00499016653055544 2.553315834317519 
0.9565660120637255 0.6563747779161437 -0.02416836186098608 2.574809721082964 
1.013651895038516 0.5567600857093558 -0.03100400580312544 2.701456257885598 
1.012397844394037 0.5601135878693063 -0.04626284930784761 2.699592601463059 
1.005760888415544 0.5704463527295576 -0.06584792359297827 2.684035263185136 
1.020800033291451 0.5421600082497554 -0.04296921123622059 2.717980205050897 
1.018438809687192 0.5416701754091602 -0.06885273487742807 2.711171689502318 
1.032138173272262 0.509911205449849 -0.05911608985772217 2.740865066293084 
1.001751716083987 0.5943255388875263 -0.01045981634457434 2.682565608580924 
1.001555442003991 0.5936722567556341 -0.01717660394128683 2.681576396139232 
0.9992065896182836 0.5944037828689821 -0.03033765473907397 2.674482056215853 
1.005528230170955 0.5838353727516102 -0.01904898304506318 2.689048610108435 
1.006518501604945 0.5783040694522024 -0.03443916900146282 2.689567021334314 
1.013761979703419 0.5607460567410746 -0.03217328213091263 2.70385263775998 
0.9838350511474594 0.6002658311562012 -0.09500799672357116 2.6310800998477 
0.9992474632293925 0.5655803531988918 -0.1116547944001154 2.663741481386312 
1.018850586992063 0.5261829740395341 -0.1152218216739487 2.708637404678532 
0.9978477382694511 0.5810332809850193 -0.0808785719393479 2.66491567860563 
1.010691954746503 0.5535839341533931 -0.08720454991516932 2.692883711536683 
1.006094661953651 0.5693320493828031 -0.0664373388469213 2.684710718128912 
0.9990850608413343 0.593826273551721 -0.0313238015959011 2.673840897797345 
0.9942893582921689 0.6011703238883838 -0.04117957882710518 2.662682789456246 
0.9846194054902181 0.6132797258289948 -0.05235197052263967 2.638644068741814 
1.001510026477523 0.5865718574061551 -0.0455382008830318 2.678097836299111 
0.9940662057031082 0.592600122480343 -0.06315612166937105 2.657915225006998 
1.00623254760497 0.5690629713808203 -0.06581350123936025 2.684925908340107 
0.9606725723637044 0.6391166717046158 -0.06909387680413634 2.578851585204103 
0.9599899764160674 0.6286315754270431 -0.1106832492368515 2.573206276309327 
0.9728983096811019 0.5942311844447864 -0.1591336800611675 2.600088353438002 
0.9709068376879668 0.6210272796017366 -0.08732681030129623 2.601228335964882 
0.9794223479405598 0.5964507233073507 -0.1214079514143097 2.617488755892395 
0.9844344451306465 0.599061938126681 -0.09539537523314097 2.632543992618767 
0.9311862293984979 0.6755205587992579 -0.0609426490923033 2.509564751403671 
0.9245700808085836 0.6737135439787348 -0.09945743936716039 2.490783772497779 
0.9271276186488059 0.6578935590276157 -0.1465326136164641 2.493554351480327 
0.9477342120679985 0.6553172569054623 -0.06908272582284956 2.548109258043033 
0.946497419785591 0.6493028529935749 -0.09922568350978016 2.542705197000181 
0.9604758778907361 0.6390713209548449 -0.07005714269148104 2.578081883087499 
0.9933793989757426 0.6058328124653237 0.003376858621341383 2.661623444848074 
0.9923930305026392 0.6089985899466777 -0.0002567410012465792 2.660295220984172 
0.9918961719747968 0.6106386010252985 -0.00516801345934802 2.659660972557985 
0.9946464043506562 0.6032919775142189 -0.0002986962353147691 2.664235738551504 
0.9944238399592257 0.6046896926405777 -0.00215889616641321 2.664358793404122 
0.9948293229108619 0.6031706882298263 0.0002348676530964797 2.664780749645707 
0.997867123228467 0.5947872948070744 0.009996091043808239 2.669853671365492 
0.99510084347369 0.6010085486994488 0.007943402970954873 2.664409757650484 
0.9933960066873141 0.6054388055611095 0.003697004115562482 2.661433374246781 
0.997329737463903 0.5961849516259159 0.003698936676942884 2.668856083440976 
0.9957197589987996 0.6005492983797357 0.002308888059908858 2.666135570868806 
0.9968094801429959 0.5975892888423359 3.873107026107971e-05 2.667980245143445 
0.9979253931194307 0.5942523528010362 0.01013470849165298 2.669756784879756 
0.9950714940074152 0.5996249727034197 0.01573250439333166 2.663536750289112 
0.9900134994235346 0.6077709355720962 0.0218489467590274 2.651923841529411 
0.9950091097050741 0.6012395794131891 0.008139522749714237 2.664261267070299 
0.991577214846041 0.6081801399153397 0.01010882777003947 2.65712428634854 
0.9934123070535965 0.605370824057252 0.003357770958810355 2.661457616348225 
1.00347251549547 0.5842596477746146 0.0001154585457348984 2.68225859325751 
1.003386171816449 0.5839534156452071 0.004138797235688395 2.681795273947154 
1.004021995278774 0.5820141093213852 0.009210794114475096 2.682822455566109 
1.001033332807888 0.5887466958767654 0.004085679898309668 2.676757865862251 
1.001101356723484 0.5877677177480878 0.01084614599963601 2.676462600577345 
0.9980044003745928 0.5942215652258087 0.01023408549560156 2.669973038547091 
0.9670435627042677 0.6455617384563836 0.00985459392261359 2.60096937065613 
0.9615714402350024 0.6534376474431512 -0.004140397158332554 2.588501091901159 
0.956411627410199 0.656710209236239 -0.02396322557932868 2.574445075618106 
0.9730419151308828 0.6394802417444904 -0.008214106448445127 2.61638515711273 
0.9701473245968405 0.6418858911787659 -0.02217626861294737 2.608765739877007 
0.97873885686567 0.6314792644694259 -0.0184677189010292 2.629846529497248 
0.9567487474282826 0.6558897804557813 -0.02352205741416419 2.575232095198437 
0.9450304956571475 0.6654279939816837 -0.03839093807907457 2.544762541470961 
0.9314563286821927 0.6752353622869082 -0.06100048286867919 2.510170719280513 
0.9560086745232637 0.6520856995758602 -0.04711798507168605 2.570957492720309 
0.9472352745290957 0.656090055581671 -0.0684385298039174 2.546987589698698 
0.9600529668356452 0.6398305883091362 -0.06940790658739196 2.576976876451012 
0.9561500914015212 0.6562725735906025 -0.02418364387904825 2.573603747989293 
0.9395070543262434 0.6733722244986466 -0.01932816382431822 2.532407702903826 
0.913907888665232 0.6975224551771924 -0.00633165180482455 2.469878129906572 
0.9450622037385293 0.6654114900277469 -0.03842423867166543 2.544856183609808 
0.921790751891197 0.6882899118938586 -0.03619424489658749 2.48827306986885 
0.9312271052246226 0.6752384039558204 -0.06056678199600594 2.509460840307066 
0.93107854038465 0.6753906575916983 -0.06034260476756955 2.509072655100665 
0.9217128511958799 0.6887573797377776 -0.0365408031714313 2.488302644239198 
0.9144285761746692 0.6965577647357906 -0.007022724204901052 2.471018985203711 
0.9107133507541979 0.6930307090517701 -0.07201775944731474 2.459827696543333 
0.8986472021712398 0.7097101647576762 -0.03782590880511666 2.433769733494982 
0.8821509528958259 0.7148897103378101 -0.08514127226421321 2.390972964096397 
0.9433607138124729 0.6537553850685711 0.07919951453757097 2.533805403373201 
0.9363542723923481 0.6676894054133599 0.05174635938351749 2.519595639411015 
0.9389167538489326 0.6715386049038625 0.02191022378924884 2.529293003521923 
0.9526019707551402 0.6552979806879339 0.03546423770291887 2.561732959784513 
0.9566094617947694 0.6571048333131979 0.01464404525607198 2.575247961701699 
0.9685171673385412 0.6446636976574601 0.01005941707612457 2.605174463014976 
0.9845541962508633 0.6220619458107071 0.004787905703438821 2.642643214046134 
0.985939985302829 0.6170339143755534 0.01621743373182937 2.644174218644592 
0.9898304617376487 0.6073495492387403 0.02255816571872613 2.65113752898274 
0.9785229648307718 0.6283006460029229 0.01882270889967953 2.62705042866803 
0.9839863294847265 0.6155833323766449 0.03118404626663527 2.637144323676715 
0.9738820837006201 0.6288814940596071 0.04102474153316125 2.612974534943806 
0.9755189774549017 0.6088300386193912 0.09364061032777024 2.609427257643099 
0.9716178700352072 0.6053645713270064 0.1219084471454098 2.59740977310762 
0.9680132987108845 0.5999116402901171 0.1617244146104572 2.587791814049453 
0.9604372724494685 0.6297050536284529 0.09179238658747413 2.573368487529651 
0.948333642846262 0.6366620815598866 0.1220810636741139 2.542703892646603 
0.9433678004996755 0.6533088267253883 0.07843525803677961 2.533571078550168 
0.9734280688546001 0.6295118714625234 0.04134066177584342 2.611917104060857 
0.9684507099577807 0.6405132454866904 0.02832896763896498 2.602520371029146 
0.9669890170300511 0.6458371220277109 0.01042212131393514 2.600966265103202 
0.978455428176739 0.6279080325361379 0.01823440931145857 2.626553189733469 
0.9783701337595077 0.632239625617514 0.00734518354257743 2.62893251583627 
0.9849034350866748 0.6221975074637356 0.005421483698134774 2.643907596554466 
0.9917380424647054 0.5964852799557009 0.05156858680864088 2.651786157753017 
0.9820302351955934 0.6131752756737734 0.05130354830385696 2.630104316120581 
0.9734458589813894 0.6287606812028 0.04195816444011016 2.611492600794325 
0.9888388472347852 0.6053346400575566 0.0352984087957685 2.646953987247795 
0.9840268203745989 0.6159982577702546 0.03031652849405685 2.63754698952792 
0.9902147844313526 0.6070880933424744 0.02263456746109606 2.652231125431506 
0.9436834335577109 0.6530739233135567 0.07867254940220504 2.534323975166676 
0.9528317466740011 0.6555533621242613 0.03610624674649222 2.562700522251301 
0.9677943288164187 0.6444540561625738 0.008947029840675877 2.60260067669582 
0.9621464516234143 0.6385901513337214 0.05801288184806642 2.582099613787114 
0.968303526175574 0.6406523313161363 0.02862208222529401 2.602186987116195 
0.9735529074956768 0.629121552331864 0.04193503325894823 2.612255773919034 
0.9060147476789907 0.6913605138199924 0.07154425171838578 2.444060249598111 
0.8874174159117579 0.702163006987201 0.08365627033391683 2.396774323094074 
0.865160264450677 0.7165590010966282 0.09739867488208373 2.343083079743922 
0.9045726077023967 0.7011479134700005 0.03122842434557707 2.444915873407054 
0.8855749030239422 0.7142165261612936 0.03531582677367101 2.397765112918301 
0.9184679501550737 0.6943500283289562 -0.007762743537601621 2.481663265077855 
0.9443886627577446 0.6525341442642417 0.07942833938344586 2.536319530397462 
0.926683646751441 0.6706606587006624 0.07869186151099973 2.493138440323596 
0.9058765112181397 0.6914399615319711 0.07013073979327963 2.443590637112373 
0.9363414212306044 0.6690183340181736 0.05248292839175292 2.520685165034545 
0.9222510674224456 0.6833655125054049 0.04130064414910129 2.486216263618119 
0.9389666870153364 0.6715918498577781 0.02150379803174442 2.529570697607006 
0.9439284148751131 0.6534357070175284 0.07859397363208029 2.535559209260048 
0.9300901988504675 0.6595410575672198 0.1102461980596329 2.499171937900317 
0.9174332819068619 0.6632446330430308 0.1529026197009979 2.46810009564288 
0.9271851465080596 0.670782691543886 0.07824172688230671 2.494779033943819 
0.904823760549847 0.683035056189511 0.1127980493825106 2.438251922469985 
0.9057468933842159 0.6916479745857163 0.07060876564630522 2.443390715272244 
0.9981115156586943 0.5940552340710104 0.01018992923231423 2.670255652202588 
0.9981294055533 0.5929456328599039 0.01703849347935953 2.669724651840738 
1.000132025757867 0.5865038857982905 0.02671632098358989 2.672770426945847 
0.9951651759584754 0.5999344194254701 0.0151826530502731 2.664039305757188 
0.9945767759626583 0.5971973190936859 0.0274669766615634 2.660721216896907 
0.989691234247264 0.6074934326117134 0.02266909174423036 2.650697955163794 
1.001623010374709 0.5709222440856712 0.07408359927404619 2.671114621902142 
0.9903345526084001 0.5872115912936064 0.08674734419530135 2.644130833076723 
0.9758309870361935 0.607730811836288 0.0937851381466964 2.609538865285736 
0.9948418868025158 0.5865326051851917 0.06337010973627299 2.656944600153111 
0.9855056730713155 0.6006425621183993 0.06922611731667125 2.634897935086107 
0.9917579606508009 0.5960173720800881 0.05236655996219691 2.651746213495342 
1.011323332301975 0.5714880203063392 0.0007123649533250842 2.701192519982997 
1.011472871454482 0.5713378696212676 0.0003267419691028037 2.701609429026909 
1.010811341019191 0.5716552932213889 -2.821569281950973e-05 2.699568331445837 
1.011683257750602 0.5708576171522047 0.0001803774922834299 2.702044369510375 
1.011066646227659 0.5711469815977513 4.941715416729751e-05 2.700137884151619 
1.01120586819948 0.5708979173339837 -4.870694898777342e-05 2.700464540842048 
1.009865833475182 0.5745969400117333 6.790454496046855e-05 2.698067339280364 
1.011405322205602 0.5720853736842049 -4.002212044027454e-05 2.70180465925999 
1.010828885580251 0.5716116498110373 -1.17019745584939e-05 2.699604178002908 
1.010623705068135 0.57282734161826 0.0008269449493208374 2.699603435615147 
1.011509857177837 0.5713885805677986 0.0002589640597378078 2.701762865464651 
1.011269830184284 0.5714025336231071 0.0008197133696915657 2.700965043823552 
0.9965783719478121 0.597659012822064 -0.0002030952210502365 2.667251652520399 
0.9998991181328223 0.5912705040901978 0.0001769148457989085 2.674473809228109 
1.003430411608803 0.584342626085352 3.968490821279998e-05 2.682167624537716 
0.9973674144540886 0.5963121187089658 0.00402577970748213 2.669060262857347 
1.000962442668884 0.588505548980705 0.004330951665747609 2.676375362976662 
0.9981978857820367 0.5944989488580612 0.009855328816691095 2.670783525240852 
1.009857730019314 0.5744638520104597 -2.856238445540379e-05 2.697971903917087 
1.008750074119532 0.5754787740227731 0.001672328527762634 2.694835682905618 
1.008188479970021 0.57465617351508 0.004476039808843011 2.69249077802274 
1.007068526897017 0.5782405074638141 -0.0001526271116117202 2.690781267266468 
1.005750157395892 0.5798033800688077 0.00374494786409594 2.687281824754119 
1.003520053790466 0.5843253460680441 0.0001624712815834564 2.682448163934535 
1.001239937924817 0.5931787263782438 -0.001192461618262518 2.680059384580957 
1.000630878739674 0.5924049823410845 -0.0003951625316976452 2.677574624000412 
0.9999225840417524 0.5913817085298094 2.064981911300536e-05 2.674606536266802 
1.002351636849006 0.5945988232327863 -0.0008378705715257893 2.684597845984455 
1.002067523046271 0.5927797523724783 -2.440246698334602e-05 2.682570971948004 
1.00270058924794 0.5954677779557547 3.339825700457425e-05 2.686276127831339 
1.001492108475357 0.5925817856027606 -0.001796817897552381 2.680596061455129 
1.000724986568556 0.5872567753861747 -0.001988961942174307 2.67484469710358 
0.9998402458281264 0.5728279877437825 -0.0006167857368589796 2.663640525556032 
1.000681760415961 0.592196710811206 -0.0009759352131352699 2.677675850567601 
1.000005760467704 0.5887900180886679 -0.001935742296271909 2.673349145244188 
0.9999548191499608 0.591325850722673 -0.0002381804870281763 2.674745596217595 
1.002196762064018 0.5957309519641645 9.052805885219623e-05 2.68475619546097 
1.002961168149102 0.5942458086986722 -0.0013553228775655 2.686418524720606 
1.003456936600198 0.5872900944174057 -0.002256578728058646 2.683980638731726 
1.002754725421799 0.5953314302949629 0.0001805441004747584 2.686375521917212 
1.002825952864297 0.5935004028407743 -0.001086206615990951 2.685527509419992 
1.002706910322895 0.5950536586953933 2.531733786352529e-06 2.686051430206088 
0.9982656646273133 0.5999814328098252 -0.0001859037051765907 2.674235870924247 
0.9994476704701346 0.5994182657978269 -0.004431222980645306 2.677827464757514 
1.001765213020408 0.5947873211752913 -0.009387225057006468 2.682798700233716 
1.00080644551954 0.5971047005238563 -0.00027157460812648 2.680950818734338 
1.001812135673606 0.5965220264424262 -0.002683376553963601 2.683948133494293 
1.002229044541184 0.5957089539295504 -0.000233359403761131 2.684851116986696 
0.9984077683772558 0.6002862175274771 0.0001752271765880807 2.674896461534789 
0.9961137248977892 0.6021945974697755 -0.0001771602959787897 2.668442779441776 
0.9950458726088519 0.6029401642578002 -3.176811097659e-05 2.665362247679756 
0.9971299546162716 0.6016540181722085 -0.003538075092882108 2.671479478630432 
0.9951016602542644 0.6039901448010722 -0.002655361177530794 2.666174012926275 
0.9953583616114396 0.6044252600248297 -0.007705549958897034 2.667325957876411 
0.9967748520781242 0.5975914144333616 -6.14424486845952e-06 2.667862567495034 
0.9956090988517954 0.6006412501016852 0.0023710781340016 2.665823252543553 
0.9936303543540725 0.6056221762695769 0.003344336083541296 2.662321747833468 
0.9952177540748722 0.601538919614287 0.000118923938449324 2.665084835065437 
0.9945581381818471 0.6034834539759201 -0.0001629011421130509 2.664061469722974 
0.994983430957516 0.6030329968854479 0.0002626569462233582 2.665213845064416 
1.010840724551607 0.5712981509950795 9.796895554987391e-05 2.699465176353949 
1.011184746173383 0.57144666597855 0.0007756826183715086 2.700704733404384 
1.011362789101802 0.5714422702494284 0.0007020151255710521 2.701298932056531 
1.01174646216449 0.5710287875325776 -1.079421953609323e-05 2.70235288711439 
1.011676149629027 0.5707308214805035 6.794536182175043e-05 2.701948783438623 
1.011184271279351 0.5709470152472151 -3.727119662179767e-05 2.70041978161297 
1.010317763905626 0.5697322023132508 6.525937680036132e-05 2.696828408392756 
1.010075101705644 0.5691854152868733 0.003244189317166429 2.695708168260151 
1.009487988116817 0.5720015997037341 0.006148155432471364 2.695348776755491 
1.010144309112876 0.5716953611930375 -0.0001217324366577614 2.697356331494111 
1.009966954041031 0.5711372692153767 0.001562821282952567 2.696441727360936 
1.011141471617241 0.5711919863291249 0.0001574332540106635 2.700422494431199 
1.010771773718561 0.5620058973441315 0.03884875146138457 2.694806063457326 
1.016535693262737 0.55374676102497 0.01977027594259536 2.709087533087958 
1.016214570817894 0.5580879925587867 0.001614314823313457 2.710224402314193 
1.018231793824213 0.5492351450716456 0.0341433163507231 2.712757466972366 
1.020294483425625 0.54685448420801 0.00809667284681909 2.717874660919084 
1.024749966111981 0.5340550361262784 0.0217459368519309 2.726404009106694 
1.008069727474 0.5443907177564409 0.1248381811206673 2.682893857015752 
1.003045461302972 0.5614369678234934 0.09597335188748765 2.672419723170944 
1.001514900557983 0.5722758240338857 0.07469890367488091 2.671587083217291 
1.019001790235992 0.5295563531656062 0.09881144156820293 2.708986540233815 
1.012208265561786 0.5504044289526432 0.07854044443262924 2.69559526582348 
1.02531945228057 0.5222670340059757 0.07386929769004813 2.724671184396094 
1.010474324295596 0.5700713734123601 -0.0002735507555926386 2.697573147974258 
1.012341403580642 0.5660950301914233 -4.745923865406012e-05 2.701567555981891 
1.015745463196467 0.5574919329897234 0.002968804196067849 2.708269894211675 
1.011107395400141 0.5660044705369744 0.006094588569821919 2.697403679960319 
1.013470618735942 0.5616771318985987 0.01246675704143293 2.702999180322946 
1.009769259323483 0.5698119939475519 0.01738471110781138 2.695178094974228 
1.025126692007066 0.5335476133941754 0.02163941186988479 2.727451138611412 
1.027116636596812 0.5252475805960506 0.04280385555138329 2.730503329814407 
1.025883101620501 0.5231606769191678 0.0725334691566807 2.72687780410773 
1.017799371046103 0.5500128956985765 0.03467094160487117 2.711757435213702 
1.015556936853865 0.5495131365186166 0.05293495560950495 2.704681646395589 
1.010652222820347 0.5619481342662649 0.03861348300732035 2.694433821030378 
1.003693046424228 0.5677071326645788 0.0003650212365197894 2.673599233211291 
1.001692429937549 0.5696535800564249 8.408102259850348e-05 2.668057213975363 
0.9997047655906872 0.5717129942691813 -0.0004044224615249499 2.662622626385243 
1.003706553952949 0.5796716029657963 -0.001393279577363026 2.680382891907798 
1.001866760760241 0.58154597825637 -0.001054262709939756 2.675330843854586 
1.003121382564856 0.5857387252093517 -0.002348373831284075 2.681971726205675 
1.008148952442995 0.5642281533959214 0.0005093115516721692 2.686553506781415 
1.005487286791088 0.5672774772239807 0.0004922206201412782 2.679357644281053 
1.003765697801277 0.5689541597031824 -0.0002327789875310854 2.674564318881655 
1.007323829301034 0.57212593182103 -0.003873102931489378 2.688177873791989 
1.005166262393366 0.5751481363579781 -0.001626283129510097 2.682671726081953 
1.00499611191322 0.5832345417325201 -0.005840074483956677 2.686764977377075 
1.01020571996795 0.5656382530489963 -0.01098777488614414 2.694299380753923 
1.013957461978222 0.5573680200972555 -0.008623219925058436 2.702198259339924 
1.017677850518855 0.5494035284444948 -0.002391164970408537 2.710597884292917 
1.010159553223025 0.5640452160261527 -0.003471774706921011 2.693094893231515 
1.011386128458867 0.5599831428784385 0.0001901170358609009 2.695204468366234 
1.008257140948339 0.5655583066642244 -0.0007731140441012205 2.687791597357414 
1.028435789119273 0.5239825633370261 -0.02098516976251876 2.733903993626685 
1.022875736370896 0.5365137006157671 -0.007521140888695574 2.721370520899895 
1.017112228411175 0.5481300658841057 -0.001732209039324264 2.708019102488859 
1.020603843971935 0.5431962746477158 -0.03073039121547184 2.717413796010915 
1.018380165059617 0.5490966651950904 -0.017910146476333 2.712755812439957 
1.013438345943104 0.557078317576848 -0.03130809133980014 2.700807539486401 
1.014537122533985 0.5570539408045535 -0.03042870617742981 2.704529869724627 
1.020534479706237 0.5421888638599427 -0.04314832169887802 2.717105472598888 
1.032057212343742 0.5097575906067767 -0.05923352216524527 2.740470596912327 
1.020332983791339 0.5435172351974764 -0.03053540541869731 2.716664527997682 
1.031666439572035 0.5151746574905122 -0.03789215045083871 2.740947650330975 
1.028493875623401 0.5238299345194737 -0.02119656645207559 2.734062180455263 
0.9845035470868582 0.5996679991127699 -0.0946748671722646 2.633087902860994 
0.9792825632661903 0.596727679277502 -0.1211542919074022 2.617102547981374 
0.9744176336212265 0.5934112701134237 -0.1589715447344226 2.604265496721166 
0.9988488616004235 0.5661505770687403 -0.1122366083745863 2.662794257184894 
1.00065699587925 0.5543377750852335 -0.1431901192031009 2.666161518347817 
1.019370940524373 0.5264676546633977 -0.1159231911444843 2.710585146732905 
0.8818837170792502 0.7159563101356732 -0.08628963934457289 2.390983300415624 
0.898193822785895 0.7090780141515513 -0.03664735111330571 2.431911585846128 
0.9145818414178893 0.6976178184892105 -0.008633253655281848 2.472323396264675 
0.873669379053177 0.7293312593712157 -0.04086116196107299 2.374306046690612 
0.8952168420495384 0.7130366932646188 -0.0006607463053685916 2.425368933602321 
0.866904008048324 0.7342272536463924 0.009264171192901434 2.357244308722859 
1.006607743137813 0.5697466395652275 -0.06565391543939714 2.686599888260847 
1.010465984348598 0.5538513277326811 -0.08721232947858899 2.692211860237171 
1.018339918290676 0.5258223168842627 -0.1157048749546066 2.706716658064992 
1.017947594086078 0.5423755871995224 -0.06986368496694975 2.709934832015542 
1.02849876335808 0.5128840772168123 -0.0873052327717644 2.731961648415192 
1.032230658260597 0.5097165934480529 -0.05910238837478462 2.741145820155219 
0.9284625742568038 0.6572362832142942 -0.1464848363557419 2.497111195669125 
0.9515288794589893 0.6253106076750118 -0.1587251875569503 2.550683654213784 
0.9740187249283193 0.5943424163288614 -0.1613842999856344 2.60387958833015 
0.9460966453490688 0.649843907426103 -0.09904008896201648 2.541829589657349 
0.9593478795001324 0.6286612954966966 -0.1098017541494497 2.57119508985433 
0.9612315204542369 0.6391179884257668 -0.06989271330005369 2.580547677529832 
0.9183243485613717 0.6627713111445116 0.1534332601976346 2.470395350989822 
0.8900376132374583 0.6927061734756537 0.1310509767800618 2.402903405283623 
0.865098072469215 0.7174012820841518 0.09682336988026452 2.343628807419534 
0.9042956146930319 0.6831458131073939 0.1127193984994512 2.436817207935594 
0.886424169673813 0.703126006337949 0.08233024746798281 2.394497761514509 
0.9059660241853996 0.6917688104952114 0.07059621745947431 2.444152808179815 
0.9311807676965405 0.6755057395373758 -0.06071296504860287 2.509473137205485 
0.9116817963008114 0.693136076088297 -0.0715481456005732 2.462940623977653 
0.8838445057767556 0.7142633312433344 -0.08453891083791222 2.395371253500463 
0.9239568903403853 0.6738093489256064 -0.09910018302195375 2.48906201398142 
0.903363238742614 0.6892045634259545 -0.1228779556983375 2.439629691863713 
0.9282130394129845 0.6584127502343816 -0.1494527211214728 2.497687934150961 
0.864897170658147 0.7163432741971139 0.09647999360762323 2.342320982735532 
0.8602159050020027 0.7310439115244378 0.05412199744141603 2.336748565965773 
0.8670748366382772 0.7341859702208516 0.009314573757964668 2.357896218757953 
0.8854532068368405 0.7138672050562055 0.03571543029305378 2.397026647788102 
0.8957860165536706 0.7127398131641532 -0.0007115317881191653 2.426781584448217 
0.9191966717325911 0.6955691339249289 -0.007612826787325512 2.484976498468385 
0.9687743936698795 0.599890856760777 0.1602705411917231 2.5902649193612 
0.9707921267414925 0.6058238430167409 0.1217692893421864 2.595086371454613 
0.9757728926989553 0.6086042571620033 0.09412363579089132 2.609952704187166 
0.9913616108810462 0.567905151125302 0.1463419332925248 2.643054895225966 
0.9882762535490341 0.5825381415210187 0.1144893889297486 2.637526513358194 
1.007608207560561 0.5432983746056826 0.1260648340051934 2.680874599855709 
0.9684845700484292 0.5991493609400508 0.1620153027333152 2.588797423906099 
0.945092464187586 0.6304425485551208 0.1620430448050455 2.53388546889851 
0.9181269567509716 0.6628899109009719 0.1521869361164345 2.469992521837981 
0.9478811846946741 0.6369594993100556 0.1218821506083805 2.541576951975779 
0.9291204794439983 0.6599217685520797 0.1102830928215258 2.496466104877223 
0.9440778999877253 0.6534738472534117 0.07895118341800064 2.53588381896666 
