0.9997882281418712 0.5919275810393457 0.004099619338332972 2.674492989773029 
1.00097300047176 0.5899020541243675 0.002200229233909482 2.677232442628871 
1.000822878240582 0.5902122188164262 -6.269180260133785e-07 2.676914832728003 
1.000952724346239 0.5900755586939938 0.005386192410714576 2.677279033613739 
1.00174155306927 0.5883799478568371 0.001504291041466216 2.678892057136182 
1.002617851420077 0.5873222096779811 0.005888162775802198 2.681208195248973 
0.9999119586229263 0.5916928822093062 0.004263186037265113 2.674770363449227 
0.9991134335249063 0.5932204104870828 0.006727051619924511 2.673028971922961 
0.9975031376998227 0.5960919756161007 0.009431454678567966 2.66941665514466 
0.9977186179940797 0.5956445750336042 0.00386843019521267 2.669827999131887 
0.9960129644284708 0.5984572800559613 0.004699141204863877 2.665860499437031 
0.9956872396761604 0.5991216100229758 -5.213144544475566e-05 2.665168705916246 
1.003801263536279 0.585202843156271 -0.000308190863284241 2.68389804375352 
1.005357623829468 0.5816479425702361 0.006387956034288564 2.687047592324172 
1.004432358892372 0.5836442918317712 0.01674492623897918 2.68522745395419 
1.003535561097082 0.584947798301627 0.003567789720789809 2.682871351573438 
1.003276932682309 0.5861158340538324 0.009878763388159397 2.682727111680586 
1.002458067086893 0.5877291632823477 0.006031129773524806 2.680920706743832 
0.9973319269244671 0.596075306483188 0.009163193644676534 2.668839142628581 
1.000364839815165 0.5909407584699644 0.009544514185793567 2.675864840438315 
1.002439771000467 0.5874324747180112 0.006002457087938587 2.680688260787121 
0.9997440055224358 0.5918709573342934 0.01394073083677919 2.674402994425053 
1.003510604963843 0.5853547947459115 0.009970510843962523 2.683062042634984 
1.004252885845386 0.5842343960732296 0.01671352070717618 2.684969101866272 
1.007734353708946 0.5752463698754722 0.03810841614735588 2.692005948930109 
1.005637884390266 0.5805475099267908 0.02473501740859924 2.687616845372594 
1.004101873850895 0.5842747527338312 0.01700453670363143 2.684529501126335 
1.01244046420845 0.5681702489146414 0.01944579023247113 2.703269130633923 
1.00812511747685 0.5763634716723595 0.0125722214507517 2.693326899651286 
1.011403628251946 0.5709423565042679 0.001667528353539478 2.701141450298485 
0.9695497794003766 0.6384621762834534 0.04378902820397228 2.60531457369244 
0.9802911943246692 0.6224848477125515 0.05220626706654219 2.63032879789314 
0.9897371186785316 0.607236210137081 0.05162587405732403 2.65196643955247 
0.9713302116223447 0.6343926924991202 0.06714801321415105 2.609734461844111 
0.9859525322007383 0.6108618735602883 0.06921307286964712 2.642565155475953 
0.9783754733208965 0.6198213392042774 0.09371326077597446 2.625396793101898 
1.001873780331812 0.5842791941301427 0.07400180893596107 2.679627930455467 
1.006457953877976 0.5768868545594081 0.05332029112707996 2.689372057946278 
1.007587378688949 0.5752662355817023 0.03790090769382257 2.691721362861758 
1.01240404500905 0.5632423086800052 0.07876962591992749 2.703299683974917 
1.014341612510654 0.5627521651682311 0.05234627764080792 2.707788320934022 
1.025030182516989 0.5369239644824985 0.07592434931066734 2.731362443304378 
0.9895520403081619 0.6067518639512911 0.05153325201712569 2.65089836709075 
1.000208956627072 0.5898784798872608 0.04925517164143412 2.675869265316888 
1.007597647296602 0.5756281861999694 0.03774828808819782 2.691876082387929 
0.9945097651315704 0.5978997583441945 0.06288153568688817 2.662533811351523 
1.006344883798899 0.5759443943954378 0.0538244545957909 2.688459378706832 
1.001888988934291 0.5831720525436753 0.07392122616637975 2.679026975791496 
0.9460893990314222 0.6658367412958032 0.08108005128290029 2.551066329037999 
0.9606254884918404 0.6497291690831687 0.05845727036264282 2.584785673257568 
0.9701912200137531 0.6385718002598598 0.04496770191296892 2.607583794934138 
0.9629993631794478 0.642807132189231 0.09223471451617923 2.590411348829595 
0.970896785121115 0.6343571652831952 0.06657256702061203 2.608322293331344 
0.9783861453909245 0.6197363100680894 0.09349947750929284 2.625318775336195 
0.9958845108626256 0.5973426988322231 0.02686771070526171 2.665175195143154 
1.000092299832275 0.5908882702487822 0.03343862379237918 2.675452813167883 
1.00778148052044 0.5755547090781661 0.03779501590665415 2.692295405746056 
0.9938431538997674 0.6014916082223084 0.03676264444621041 2.661160596584267 
0.9999722051823502 0.5895364447901679 0.04878501387303986 2.674888637041537 
0.9897474292224037 0.6067836444322006 0.05191602175605168 2.651537735096015 
0.9835112215320306 0.6177542607909032 0.02467463068222682 2.636816342186905 
0.9900281563591004 0.6076806629932784 0.02864008307150408 2.65209685390116 
0.9955531164074167 0.5979767656597178 0.0266403581219172 2.66447565608747 
0.9853454702713488 0.615438240991838 0.03734688786009863 2.641768736905541 
0.9939442592513734 0.6007975602360867 0.03730562242270973 2.661073082510031 
0.9900576117237421 0.6071902937197904 0.05142686781326333 2.6527616314762 
0.9825006896842169 0.6204389185615309 -0.007013112293078009 2.634874837658635 
0.9828115742914793 0.6200696947969108 0.0002917614074136193 2.635652007919207 
0.9846305915030107 0.6169971955486393 0.00514518620822457 2.639739982057061 
0.9782278697521467 0.6276800549070702 -0.002570889952430817 2.62550913661351 
0.9807074640189978 0.6237270645049051 0.00673854182458842 2.631088644379096 
0.9735919280236672 0.6340735232180831 0.007336311497271213 2.614583547261534 
0.9910439963551883 0.6063266824144312 0.01094609127398314 2.654260140268464 
0.9947259080971418 0.6006838219541967 0.01150246234749377 2.663002422036547 
0.9973204495563197 0.5962947038176251 0.009568581154326797 2.668965905570535 
0.992544739410209 0.6045442961034483 0.01840314251742127 2.658222297184099 
0.9970392913071385 0.5964435872590452 0.01609954436656629 2.66815850597426 
0.99576733134787 0.5982750274793822 0.02658865954529228 2.665271717065361 
0.9732107387425404 0.6341151083658703 0.00809530326873332 2.613366493855976 
0.980836962498283 0.6237239793296722 0.006422052386929393 2.631513902515544 
0.9848358781865215 0.6168719257058762 0.005172828437940745 2.640332605807684 
0.9777536316439085 0.6277940100957957 0.01914794655353 2.624241101547407 
0.9833506617509584 0.6192147551797424 0.01214855701640646 2.636947534709185 
0.9836793980106464 0.6185455986857309 0.02481797533552011 2.637847733444395 
0.9976005451294931 0.5958511841652174 0.009706752281852155 2.669618696470959 
0.9996915608118253 0.5919250477056371 0.01370773876342733 2.674258361638965 
1.004133062989281 0.5843180949904833 0.01656079668158096 2.684620282444415 
0.9969532582705798 0.5968337300980953 0.01583519773593634 2.668109603909313 
1.000675640249448 0.5897730550889523 0.02336186213937027 2.676442399950552 
0.9956451537575606 0.5980407417373856 0.02688778644585969 2.664742449773103 
0.9954955903985286 0.5975498881339729 0.02618915555565642 2.663965334253163 
1.000920501751625 0.5896791253453599 0.02360640024660972 2.677210998551998 
1.003982315951882 0.5846298497061867 0.01674357049855293 2.684337126563344 
1.000310302194494 0.5907900181305765 0.03382009916410987 2.676121078672468 
1.006034569641911 0.5800025550691217 0.02479767073708507 2.68862080415905 
1.007776637640819 0.5755825170034798 0.03804397356992891 2.692300344862838 
0.9998450896107709 0.591927257278126 0.004190879922298509 2.674680939768586 
0.9999466685448568 0.5917972233820964 0.001832454345020795 2.674935628368567 
1.000055546553108 0.5915380868914927 0.0008204055045477568 2.675145102630109 
1.000908040301153 0.5899302386702702 0.002159299416491534 2.6770324316288 
1.000401855862644 0.590922011282541 0.0007887926641872486 2.675931119852578 
1.000971886416832 0.5899949268494635 -0.0002788753988657651 2.677279820410512 
0.9974814425035936 0.5962411192492278 0.009665740315195865 2.669432080404373 
0.9990790394882957 0.593131121092448 0.006631683284818823 2.672862538664664 
0.999840314433963 0.5918256363125516 0.004158437401716461 2.674610212369821 
1.000316958060568 0.5908608617669003 0.009325837029469673 2.675656113355482 
1.000792694429684 0.5902740463690913 0.00526099242712218 2.676864163935495 
1.002443807718119 0.5874101435802177 0.005968776112509191 2.680682415659206 
0.9992518182763975 0.5929196995406993 -9.027595865564908e-05 2.673290415835647 
0.9996456047448132 0.5922603665204877 0.0008128246834068784 2.674208649170033 
1.000015372919769 0.5915432327856206 0.0008305094941476048 2.675014183504484 
0.9991621437220687 0.5930661111149698 0.001695501784954744 2.67308068984166 
1.000024226190228 0.591492432272574 0.001822253598275239 2.675013343542098 
0.9998361434339175 0.5919912451774659 0.004078593988726444 2.674689562440582 
0.9782425478287797 0.620483523426492 0.09372115882304181 2.625459716081638 
0.9922099872186205 0.5988703316911674 0.08632243975248832 2.657215027541963 
1.00142609712049 0.5847437773754308 0.07371866644416997 2.678548690377581 
0.9913642100828175 0.5955677578122025 0.1158605261590262 2.655536604787423 
1.005092737879969 0.5743348569810711 0.09663934347687476 2.686612179185036 
1.010085941075119 0.5580880480025235 0.1295228397620976 2.697637093198658 
0.9999552433803754 0.5917440497725205 -0.001420637978665418 2.674928292743975 
0.9998437748115619 0.5918617700673712 -0.0004950531389986165 2.674632521098308 
0.9999601150066135 0.5917031335824716 -0.0001834555573211637 2.674924776261943 
0.999575365081918 0.5923217912176711 -0.0008198102476420403 2.674013486463194 
0.9997959242499922 0.5919940425553263 -0.0001115442156036558 2.674549194845649 
0.9994634711074974 0.592629619427928 -3.341735627254326e-05 2.673817880227865 
0.9999676827751198 0.5916402417123113 -0.001458518260494427 2.674910995020781 
1.000155834021665 0.591408787349223 -0.0004054992640084658 2.675400084434012 
0.9999183306799978 0.5915766988252723 -3.606657555758975e-05 2.674743533511081 
0.9998423352608439 0.5917867308114522 -0.000584980869726001 2.674586534219385 
1.000010155083503 0.5916115811675356 -0.0002831182738577634 2.675031718818136 
0.9999554491465936 0.5916746918995539 -0.0001415715223745614 2.674901698673154 
1.000026205876418 0.5915987149715179 -0.001427077486767658 2.675079093685221 
0.9991101426132565 0.5932253150764888 -0.001733934897798608 2.673004498426171 
0.9977934801451608 0.5954759456127314 -6.475441780855246e-05 2.66996394251834 
1.000131423586426 0.591255739911419 -0.002851312322911511 2.675225345858149 
0.9984711679574398 0.5942672808933332 -0.003546798449188658 2.671505796190029 
1.000302232904595 0.5910090062802398 -0.005528300630555778 2.675653132715441 
1.000516202839886 0.5908236815545009 -0.005599337346840354 2.676274629964948 
1.001043796087375 0.5898551555527241 -0.001836430398335286 2.677442293852279 
1.000454343701242 0.5903793724498583 0.0001324667346004113 2.67582765477633 
1.00011341180666 0.5914255531900111 -0.002951403497258704 2.675276015571081 
1.000385734268213 0.590908062503255 -0.001077488565097417 2.675869785427251 
0.9999814524660161 0.5915894156068562 -0.001427241402093936 2.674929091819915 
0.9964879928006335 0.5977372258947283 -0.01193811908123302 2.667052671054791 
0.9990662335688973 0.5933079356486892 -0.009192166857938191 2.672940306508228 
1.000359026505308 0.590938379181952 -0.005731382416298154 2.675800853564726 
0.9968495458357346 0.597175268802023 -0.00392441597513129 2.66786069279722 
0.9983217407410457 0.5943605333994593 -0.003522477566310256 2.671065255948014 
0.997963299691824 0.5954045142257982 0.0001046551360683274 2.670486673518625 
1.000475737917086 0.5911984255574184 -0.005455335335555121 2.676368760752688 
1.001673146115723 0.5883192282731765 -0.008158611350635663 2.67870764043039 
1.004151559965051 0.5835644213729354 -0.01079070396820111 2.684219501441369 
1.002127962056186 0.5877474090831308 -0.004077016993585656 2.679815735836697 
1.004125848310365 0.5842869845568998 -0.003823177348920001 2.684431603023528 
1.002733489598866 0.5863809565096773 0.0001270150754807173 2.681077453280139 
1.00397585743122 0.5840557635753694 -0.01046021819392399 2.683960381179697 
1.005680048989729 0.5813319248807408 -0.01803447063874053 2.688161438310266 
1.006837907240268 0.5774387243759922 -0.03118616679356133 2.690078674269158 
1.007187236312015 0.5782058904267476 -0.008999864301075891 2.691157292838756 
1.011168942190569 0.5706873387983643 -0.01737884468676094 2.700321505547674 
1.011249023568462 0.5707918522228685 -0.002864616230573215 2.700710685699908 
0.9890809407196769 0.6102520346940381 -0.01026257312864811 2.650206250416792 
0.9859610460166984 0.6149084184127057 -0.01010965097447532 2.642814316993271 
0.9826346921462791 0.6206439950634225 -0.006845717302377674 2.635466431432813 
0.9867720952073317 0.6139217601987972 -0.0159909793051568 2.644921348120731 
0.981826269135726 0.6219538979918283 -0.01443438565020688 2.633699211432329 
0.9823772842349413 0.6200758955859691 -0.0242792817164883 2.63452428263895 
0.9926482235777643 0.6044293739168597 2.455003497682698e-05 2.658327842832513 
0.9912696064841289 0.6067620006075228 -0.004488442416825832 2.655203685186304 
0.9891184051698645 0.609964706974699 -0.01012337119599756 2.650132132557854 
0.9938575259059987 0.6020689472103261 -0.006049330236123051 2.660911248305368 
0.9927552736899716 0.6039096753685614 -0.01259636793047779 2.658455355661718 
0.9964620450948469 0.5982739592371953 -0.0122419139874029 2.667298401295159 
1.000447993427197 0.591017495906652 -0.005658253178973977 2.676148567961291 
0.9991062638285682 0.5927964227012367 -0.008860256021990155 2.672766310413428 
0.9961138083756562 0.5979945456870602 -0.01206697459922117 2.665968354115567 
1.001828057965056 0.5886812919159811 -0.007629278011923511 2.679394427483707 
1.00012105596083 0.5913354134601934 -0.01403952067249689 2.675335064195404 
1.004291375354056 0.5834243789717504 -0.01064758819088266 2.684577855947637 
0.9966179435524641 0.5975581506962612 -0.01158759877338852 2.667387119915924 
0.9989225772757443 0.5929621038782892 -0.02076052063525534 2.672434110447114 
1.006147803585018 0.5800266459067296 -0.03141689250919873 2.689193361144306 
1.000251325902455 0.5913293311532127 -0.01434900170613345 2.675766532384761 
1.005578351713506 0.5809644776922854 -0.01849068969359728 2.687561359597771 
1.004147602931702 0.5834211454800781 -0.01028069166770558 2.684098995874259 
0.9926880790746099 0.603231805207831 -0.03163502122125991 2.658269806007709 
0.9941490156961716 0.6001501432182871 -0.04667430947828123 2.661762371174873 
0.9988181574718403 0.5891569566528901 -0.06691203436738753 2.671836673930221 
0.9991775995615655 0.5923491003504167 -0.03599546753569993 2.673336832973462 
1.004839738939961 0.5803491135914539 -0.04705377767747504 2.685696544574166 
1.006226553856322 0.5783790888532403 -0.03028606390757277 2.688549862301236 
0.989176936734579 0.6100927501655359 -0.01031974911633992 2.650427146124735 
0.9894957792335553 0.6093193513533111 -0.01957697712278239 2.651091128738467 
0.9922307013653944 0.6041887939621573 -0.03191355031833683 2.657318347918423 
0.9928679820216405 0.6041431205944572 -0.0129127784324471 2.658957974541438 
0.9952474870864949 0.5992944044731768 -0.01986275392377036 2.664013147087364 
0.9964519334955029 0.5981530254459163 -0.01176606010277729 2.667186107492424 
0.9778046197232958 0.6251411702684773 -0.05352513113170299 2.623929201914346 
0.9684768219458564 0.6390175612421898 -0.06273921475246362 2.603274400379588 
0.9524749207032936 0.6591949364707221 -0.071780734953623 2.565969222832698 
0.9773243109718632 0.6244293627300269 -0.07211794298257657 2.623176285132454 
0.9644023921585539 0.64010533576333 -0.08886096308952171 2.592800087504485 
0.9785372008102543 0.6192899452107025 -0.09797848155936854 2.625941452372517 
0.9988110158548972 0.5889580112507248 -0.06625438901559838 2.671711157438065 
0.9874400609924404 0.6093021467547757 -0.06458547626901943 2.646266436479562 
0.9782221085673898 0.6249931824157904 -0.05281863028112345 2.625170235263325 
0.9912291333666841 0.6005462173996237 -0.08287293258101974 2.654730427109735 
0.9772114473279915 0.6244550703102113 -0.07255706865573108 2.622822073861799 
0.9783468781096702 0.619382864544195 -0.09834884829440597 2.625353301800783 
0.9823723189333978 0.6203670837488968 -0.02485535564439967 2.634757079762843 
0.976032432065657 0.6297754976984753 -0.02508201420130599 2.62003647403938 
0.9667670748349834 0.643355281944479 -0.01999297666265062 2.59871687810986 
0.9805275200403566 0.6232251784574263 -0.03575006203730053 2.630827158023969 
0.9703673707318707 0.6381631545781873 -0.03823240117632655 2.607481861376531 
0.9781298520467356 0.6261536542347331 -0.0535111419203531 2.625658368736952 
0.9890291001494876 0.610221137597566 -0.01055854236277445 2.650021387004081 
0.9867116636362635 0.6140747548113838 -0.01570710780894192 2.644813234079374 
0.9825920427020999 0.6199758718821716 -0.02424198545835367 2.635166705205068 
0.9894637931652448 0.6092471107051441 -0.01907906834283396 2.650943600271831 
0.987103253649231 0.612559975427392 -0.03011650155049204 2.645517648787738 
0.9924106527502828 0.6042111199904593 -0.03270733416465502 2.657949281752945 
0.9826418066755743 0.6208556659907426 -0.006521832036181458 2.635625858134354 
0.9782756940539935 0.6272018206496408 -0.003098834374949366 2.625367922717221 
0.9731986420935228 0.63454742437037 0.00748948373505042 2.613620884119712 
0.9775177275803326 0.6286010763764445 -0.01158131010151084 2.623857269907736 
0.9690555556947238 0.6406405473352642 -0.003616859357282708 2.604104728104533 
0.9670872706099283 0.6427322441008245 -0.01932314706389751 2.599261799680304 
0.9923487939481287 0.6038062675995761 -0.03192225022873666 2.657482188513538 
0.9870256820655248 0.6129872148303193 -0.03048717497792355 2.645529602289087 
0.9827016957177408 0.6201764858530794 -0.02450620401749238 2.635706524641969 
0.9874766963901028 0.6114124500345089 -0.04251399079891983 2.646488507897738 
0.9801573043701164 0.6234420238039792 -0.0361216225763142 2.629756813147047 
0.9782266308188737 0.6261340897196013 -0.05359450436524126 2.625923425721775 
0.9828541977105812 0.619993154931351 -0.006786092499004834 2.635762849662618 
0.98595783808059 0.6152876427109936 -0.009870050706562493 2.643032713047582 
0.9890034231881892 0.6103198502870173 -0.01046232535412526 2.649972331870414 
0.9865885585425112 0.6143305871237632 -0.002786430923756709 2.644456669049621 
0.9881890318122699 0.6115495525959168 -0.003587546105553137 2.647994204079225 
0.9876929248294632 0.612499330046732 -0.0001020721627938767 2.646955240832428 
0.9669262355844318 0.6435282486225326 -0.02123533357723351 2.599508826812997 
0.9578379312909041 0.6561207048606775 -0.02244202529039613 2.578671364598613 
0.9432333329415146 0.6745597256852625 -0.02309996492200631 2.54503088932412 
0.959735568976033 0.6530171236366407 -0.03857527352235401 2.583145512975669 
0.9454411545808824 0.6703057755013009 -0.04797716200356878 2.549966515514868 
0.9524415474199278 0.6593554663194848 -0.07202454279390649 2.566031596889424 
0.9825031569858695 0.6209059128911054 -0.006784095534470611 2.635203510952302 
0.9773034335403459 0.6287408511069582 -0.01134110838378996 2.623245511038018 
0.9675714222075658 0.6424013983356709 -0.02010647180484515 2.600619716928378 
0.9815411055876627 0.621839415554139 -0.01401482117872168 2.63269655901067 
0.9760169853780337 0.6304499753380255 -0.02477895270516417 2.620416975604412 
0.9823074344184676 0.6202940419247007 -0.02466344174040567 2.634456200996957 
0.9732474314635573 0.6342935044867174 0.00803117998402433 2.613643597007052 
0.9664574826413918 0.6446714338170497 0.01066671853583018 2.598437839897781 
0.9557266063719899 0.6592686464548015 0.01373037169698954 2.573915224844173 
0.9690430491916427 0.6406827490006168 -0.003366039146771245 2.604095210709866 
0.9600811495334494 0.653811611578182 -0.00689901399842844 2.584088970689669 
0.9672077317425307 0.6434984538712561 -0.02062822481653269 2.600257495835097 
0.898065286297678 0.7214326537766236 -0.002789890141786629 2.440458823842296 
0.915969745785243 0.7047421945928471 0.0153793875362949 2.482066733333201 
0.9302678523096658 0.6878433841855605 0.02613813743323405 2.514269679514939 
0.8987867426224242 0.7193772384128848 0.03691532409076403 2.441800223669398 
0.9197773999923547 0.699359018223529 0.04621120854283916 2.49073130378248 
0.908909414493848 0.7077961121817017 0.07447104595633269 2.465787293650978 
0.943508784089568 0.6747513864283784 -0.02293977520315455 2.546346960434507 
0.9343276785852441 0.6843577180871505 -0.002155585794377918 2.524018610583594 
0.930531809910129 0.6876800744693513 0.02638794986569194 2.514896834173258 
0.924841303524858 0.6944321160382237 -0.01803790746065957 2.501837961256399 
0.9155688990645231 0.7050908146346759 0.01511290895634253 2.48109988902774 
0.8981904553351575 0.7223190238842588 -0.003558728257097776 2.441266283552093 
0.9778781021022558 0.6252702485098087 -0.05310904028526889 2.624260225745257 
0.9702333571692374 0.639007467217639 -0.03866193736203143 2.607622519133712 
0.9675145877136586 0.642958001214387 -0.02005591794105187 2.601008489390928 
0.9678859513048063 0.6387031954650441 -0.06347312423737354 2.601179598946863 
0.9595443831904771 0.6532053171889807 -0.03896228447473428 2.582662471648366 
0.9524511941416443 0.6593799909025813 -0.07191428054174005 2.56601547146876 
0.9554306048953929 0.6591960665971176 0.01368843202153796 2.572996390662845 
0.9453167206491996 0.6722213670769487 0.01905468161504214 2.549874686487294 
0.9304935728059265 0.6881310870523023 0.02665376740704955 2.515005517046678 
0.9483823002970584 0.6685743563339107 -0.001515063110031022 2.556829505749127 
0.9346552686900277 0.6846244457982886 -0.00194077175950988 2.525111821282714 
0.9433580632540266 0.6745606976637389 -0.02394712652577379 2.545488778646093 
1.006423943406167 0.5771577842658733 -0.03126577521658192 2.68867044817339 
1.004999774889528 0.5801752011463608 -0.04667403554832728 2.686154810506133 
0.9985963786046662 0.5902432514096906 -0.06660531450036146 2.671680471316345 
1.013707215868138 0.5650026349382544 -0.04324537166453556 2.706445268577165 
1.011516091213858 0.5655013325011458 -0.07033283328534842 2.700902869857781 
1.026171242714023 0.5363913960525524 -0.06213849601138934 2.734165689584763 
0.9962448175804816 0.5973492900536769 -0.01269257906169032 2.666061191555559 
0.9951797184160377 0.5997283205107484 -0.0192556034339573 2.664056327014494 
0.9924767137888537 0.6037980097173616 -0.03173090327935217 2.657876874916434 
0.9989310583510876 0.5932027615515786 -0.0201453681277133 2.672595560534793 
0.9992915478539011 0.5918646566126159 -0.0350987794822624 2.673403536155708 
1.006500541186973 0.5794635560816345 -0.03221596568352831 2.69006832021679 
0.978042769774419 0.621570668959019 -0.09777485251985639 2.625653188582203 
0.993472744505783 0.5909080627016626 -0.1161776930291688 2.659766685108257 
1.013396344415944 0.5534154621475689 -0.1216396589682637 2.705385388941214 
0.9914678582950325 0.6011117000599395 -0.08247912472828826 2.655826537907713 
1.004148233221782 0.5777266189467813 -0.08986395306251979 2.684746619635371 
0.9988016817793171 0.5887540414408031 -0.06700524765501735 2.67163087613128 
0.9922009223512541 0.6031988570438728 -0.03269194388317041 2.656687234869895 
0.9875921003078195 0.6117747004896821 -0.04214940386708186 2.647102661581243 
0.9780832614273735 0.6259926148204673 -0.05345429068139617 2.625311099765947 
0.9943303990431009 0.6001985239671175 -0.04611877758248454 2.662389729801859 
0.9875671473642168 0.6086978973889678 -0.0639016233791561 2.646246702527888 
0.9989962415823961 0.5890690038945892 -0.06677181582052194 2.672402089029952 
0.9526407875527019 0.6578048448442342 -0.07152252253967048 2.56591132440405 
0.9537726330903875 0.6522177944488063 -0.1149454094403791 2.569538857925978 
0.9669870404693715 0.6209787658206259 -0.1662331515928268 2.598804083053261 
0.9648113337362599 0.6408635858617033 -0.08991046213793095 2.59465106658004 
0.9738044132761575 0.6212021916505885 -0.1263607276213403 2.615198743271856 
0.9786193099641166 0.6204323366228127 -0.09812945137015187 2.627026080695742 
0.9187958779938321 0.6994227772013603 -0.06335518856560914 2.488897628879251 
0.9143774472047917 0.6984409729404539 -0.1037895346143278 2.478074518882188 
0.9187058862931157 0.6841833902901998 -0.1522353886109448 2.487312560609299 
0.9380928327958775 0.6767553077894025 -0.07138272344734677 2.532900424241626 
0.9389020886781929 0.6725429197964381 -0.1032204637384553 2.535376798385071 
0.9523701818058389 0.6579787811541771 -0.07234487916360316 2.565083607036624 
0.9845681561516377 0.6175475140023999 0.004717209474167163 2.639853830272381 
0.9829333400784784 0.6200732554458009 7.610250400699677e-05 2.636064046484717 
0.9826296546114025 0.6201784002944221 -0.006502943547924039 2.635140305427889 
0.9864207748811544 0.6143735266354845 -0.0004922239440364734 2.643920132708339 
0.986715133494642 0.6142212658610088 -0.002971606825004859 2.644805375985774 
0.9877305426454633 0.612508278737206 4.119508913968016e-05 2.647082332683113 
0.9910983090233246 0.6068732182821863 0.01108908654557767 2.654761704068553 
0.9874603521223166 0.6128190919322128 0.009584719779232908 2.646436682104385 
0.9845609890940042 0.6171703895385253 0.005119322066349049 2.639587836923762 
0.9897520890266197 0.6089362557275909 0.004488967553867735 2.651534695522505 
0.9876076956978314 0.612734727982099 0.00301647020513885 2.646812625412835 
0.9890485733047909 0.6104509796314969 9.130795274147725e-05 2.650152376136964 
0.9910817817928234 0.60654421996946 0.01124123365818637 2.654546198328088 
0.9886194968141953 0.6106777369119026 0.01738571858613764 2.648997761570761 
0.9838924890771563 0.6182843161505318 0.02464859724088813 2.638382550760752 
0.9874457860226428 0.6126664544728837 0.009750340841853899 2.646305150462037 
0.9834654946940103 0.6194577154151681 0.0126768169275003 2.637484548648515 
0.9845214219203618 0.6168712982667338 0.004705199957021428 2.639279466056228 
0.9958135524127579 0.5990549398646247 6.550761666621295e-05 2.665552874705099 
0.9960395672189679 0.598422056672621 0.004473323163619766 2.665927858841596 
0.9974272981640834 0.5961326283552731 0.009409127874110711 2.669190279820337 
0.9938580172107084 0.60225936806821 0.004474908075524458 2.661017464387862 
0.9946613145419589 0.6007495226156455 0.01139421364679365 2.662820156380743 
0.9911822515353201 0.6064579559619256 0.01134057815405013 2.654787213835545 
0.9556220340443229 0.6591688888354975 0.01357680650294204 2.57355148737365 
0.9483701637203443 0.6689981988660667 -0.002001109633239343 2.557079615556751 
0.9430516092303252 0.6745970303386174 -0.02338492082484534 2.544409715467683 
0.9599374632364398 0.6535005917574415 -0.007248096962615775 2.583438781780724 
0.9577381092127363 0.6561318815624776 -0.02266470534704223 2.578379385349875 
0.9675647990258919 0.6439224406627889 -0.01975514045192924 2.6017588170111 
0.9435030136702881 0.6742895841813179 -0.0231683344113975 2.545953494192073 
0.9321203625580917 0.685964588425611 -0.03908635413020982 2.518872194807485 
0.9190944436404526 0.699176412562178 -0.06340617472770531 2.489604908211984 
0.9450254495270243 0.670774931282515 -0.04850417782735537 2.549027168629063 
0.9375248122381938 0.677167219892578 -0.0708742616509048 2.531352834588171 
0.9523158342541832 0.6585665113885989 -0.07182109957692821 2.565064948279414 
0.9428290263208152 0.6747118639978844 -0.02375224683571313 2.544154572490975 
0.9252537820112782 0.6943631765833556 -0.01775631135778871 2.503075263924402 
0.897821128375769 0.7226813041085179 -0.003240089084835906 2.440370734549172 
0.9324607482908754 0.6858231288256961 -0.03912807067353834 2.51982830871963 
0.9059391247607989 0.713598913608669 -0.03641953722351315 2.458812447883032 
0.9193301213995696 0.6989857889192016 -0.06315929436288369 2.490233029340277 
0.9192725326246582 0.699263423143146 -0.06261144510136646 2.490241176784759 
0.9057522368506928 0.7137098472284423 -0.03699816434495366 2.458288806323136 
0.8982898317713558 0.7211206715152684 -0.003417501064725506 2.440871890419791 
0.8971905499620809 0.7175057642605434 -0.0748986240558451 2.43785498754764 
0.8793154328531019 0.735291371024491 -0.03877545570730279 2.396443649604759 
0.8654115321119414 0.7410067578912446 -0.08831931324585941 2.363316905464886 
0.9461891985501094 0.6663241727961471 0.08102115001734037 2.551684708418199 
0.9350993661969226 0.6811980947454015 0.05557557784196211 2.525646918786849 
0.93015003820484 0.6882876224380182 0.02656061093711914 2.514047157557267 
0.9475909612748797 0.6678724800763165 0.04006183686376345 2.554722354735517 
0.945550844898334 0.6720743499047649 0.01850307084297993 2.550527160722906 
0.9563798879317305 0.6587648526676282 0.0140562818587214 2.575731735656196 
0.973172129336525 0.6339008578424236 0.007412501438061365 2.613092574336965 
0.9777569465911624 0.6273825671220443 0.01942333791609944 2.623985699014855 
0.9836728030086048 0.6180006123535997 0.02513941325360072 2.637585456789872 
0.9699947521572601 0.6394918226623204 0.0225958281595996 2.606676132854961 
0.9786514113920166 0.6256119306731931 0.03350051936884151 2.626090075414895 
0.9698986511480556 0.6387688958019001 0.04392842479081989 2.606611706875591 
0.9780163246217156 0.6208739328735927 0.09364429685167278 2.625133777572556 
0.9757161452568477 0.6189005307232083 0.1236260199650903 2.619482477772948 
0.9725260243490487 0.6141100182840906 0.1657010332662578 2.611960896220084 
0.9635242706895136 0.6422801175147855 0.09235386743377785 2.591667512006829 
0.9533412418052941 0.6508953482935105 0.1236558015916702 2.568529572520865 
0.9463140679445802 0.6659610998317136 0.08017566632504528 2.551883661951762 
0.969692790165299 0.6390768833866016 0.04407625437655112 2.606145020732153 
0.9612839308720488 0.6515388756835847 0.03188404344767141 2.58690974140766 
0.9553632586041096 0.6594486703611454 0.01393552294864725 2.572878609728463 
0.9698034732267333 0.6392192459152205 0.02205551791475193 2.605861921831316 
0.9665320762427893 0.6446352768616014 0.01003418164375315 2.598664959846255 
0.9736734210861193 0.634074718662508 0.008236324508391509 2.61488339265916 
0.990030256188758 0.6071988215945249 0.05138863066094529 2.652658922302322 
0.9801496585828025 0.6229425200592767 0.05203205704682098 2.63013889894785 
0.9695684370646726 0.6387006357186059 0.04451868485123359 2.60550300905116 
0.9850931995374275 0.6153752901492533 0.0368237180574694 2.640900335417582 
0.9786226626245353 0.6259473849201731 0.03279376926187356 2.626229397277148 
0.9839801302117703 0.6177065341596777 0.02537546480614981 2.638376674178792 
0.9463534926312746 0.6658827494926861 0.08060711107904539 2.551914522821022 
0.9478827504358058 0.6680425224971661 0.04062975912125738 2.555797564305835 
0.9556828165650006 0.658601989009989 0.01299195557903016 2.573305544495432 
0.9608448300399666 0.6492848241909053 0.05941305774246328 2.585147818572898 
0.9612516331159423 0.6513170705091559 0.03223850890009936 2.586675206246199 
0.9695438924702858 0.6390629566828518 0.04452694460419646 2.605874102702963 
0.9093451039360102 0.7076025996559401 0.07462493863322632 2.467047225763496 
0.8931130470600785 0.7195574806806427 0.08629892037027616 2.428014148287654 
0.871801011083184 0.7358082843819139 0.09982615888440281 2.379007367367981 
0.8984806638748972 0.7205264175459292 0.03711170220292617 2.441825076580425 
0.8789863314629601 0.7351034754781662 0.03992707387424939 2.395373723591504 
0.8987323806178473 0.720365092498332 -0.003698005964285834 2.441543176959875 
0.94672011980858 0.6656067781883802 0.08111330894999767 2.553026949547892 
0.9303365827196212 0.6848761878986408 0.0807614565992139 2.515050455371429 
0.9093624749747177 0.707282971001273 0.07387606189302658 2.46678221540862 
0.9351847257740532 0.6820850093401184 0.0561378608146543 2.526698511628196 
0.9193531105804996 0.6994992079973408 0.04608917294593363 2.489549318861234 
0.9299893353357224 0.6880982742670707 0.02622146376257483 2.513519229432589 
0.9463648801256234 0.6663317670982131 0.08047835217999237 2.552459418148961 
0.9360631476615947 0.673851734521914 0.1118616132486662 2.528362319709232 
0.9237442546932801 0.6793275750150062 0.1566451981298612 2.499974112450598 
0.9307755407253977 0.684852544986753 0.08034885968450828 2.516433355255093 
0.9119262815364246 0.6988101068049234 0.1150680373116197 2.472365962476915 
0.9096194481679518 0.7074139894414944 0.07392327782701147 2.46766419822297 
0.9912807773355639 0.6062811580255294 0.01139927558786404 2.65503269251289 
0.9923745118584298 0.6045472260358487 0.01800115540473932 2.657660247669551 
0.9956707518046377 0.5983382850354152 0.02660138007080603 2.664984584293446 
0.9886281795825074 0.6109949812106057 0.01687792759302167 2.649230362328152 
0.989915555765471 0.6079848729839873 0.02849899441365458 2.651897265839732 
0.9836395434420798 0.6180595536372755 0.02526796601741609 2.637419422811629 
1.001713826933124 0.5831862767073456 0.07352298090082625 2.678438436101662 
0.9918660473975126 0.5990785228661931 0.08636296667741683 2.656238699622347 
0.9782899184759619 0.6197218182167435 0.09383366270598667 2.625080952009343 
0.9943310888685571 0.5979216928785911 0.06264967007488577 2.661981133215729 
0.9858114409995509 0.6114749805356893 0.06850137268690241 2.642507390919349 
0.9900026519559091 0.6066383005956505 0.05225074296258353 2.652393291719858 
1.000018428859378 0.5915809555041245 0.0006936353512069163 2.675045557297045 
0.9998656231461226 0.5918054110458838 0.0002282133615585902 2.674670063691796 
0.9998394590148802 0.5918923664898931 -3.270070820393229e-05 2.674634567092379 
1.000150902167302 0.5913818319599321 0.0002241141591951008 2.675368035923555 
1.00000367605552 0.5916019173151456 4.668923440109386e-05 2.675008662951039 
1.000170986437229 0.5913039843498437 -2.897039392883935e-05 2.675388814734201 
0.9993404344028548 0.5929182240976194 6.84561431611638e-05 2.673583818572607 
0.9997547059773882 0.5920302871372907 -2.866932269925543e-05 2.674434358624734 
0.9998574475463159 0.5918526659777865 -2.592227312230707e-05 2.674671192645836 
0.9996163767002589 0.5922351613127542 0.0007028707497439675 2.674096207690112 
0.9998901567934727 0.5918643367526727 0.0001682007759641374 2.674786575738584 
0.9999679515873147 0.591547510576618 0.0007630778794832047 2.674858021511576 
0.9886606786817465 0.6105450154926729 -0.0002768179062218073 2.648928305344708 
0.9925612734353938 0.6047758346973604 0.0001501431092808611 2.658255000671061 
0.9957758531159071 0.5991288827845545 4.728591172754001e-05 2.665479439895612 
0.9898285613097804 0.6090609341230809 0.00483838310397773 2.651865716785359 
0.9938071643123514 0.6019993669522687 0.004701062965276983 2.660687557387818 
0.9913480105071426 0.6066681316610377 0.0110392226616413 2.655465361804901 
0.9992917122097708 0.5928362970340059 -6.508532418043379e-05 2.673379589034821 
0.9991837695770504 0.5932061703439705 0.001561016669506883 2.673237287550058 
0.9997360233515477 0.5918465766168641 0.00428789246053609 2.67427313468508 
0.9981706642733 0.5947401458223082 -0.0001257061649560856 2.670780514570003 
0.9976884567853945 0.5955963300828091 0.003746443391500875 2.669698917246334 
0.9958677646867972 0.5991207392210458 0.0001810652459901097 2.665765187160307 
0.999926029756606 0.5916905464115346 -0.0001428130768809386 2.674803948645562 
0.9999497452797059 0.5916730865897617 -8.107059037492315e-05 2.674870609467868 
0.9999765536479173 0.5916801474113803 -5.590812110173372e-06 2.674961166457445 
0.9997844751442462 0.5919799087397372 -9.322116545753113e-05 2.674502786793353 
0.9998432932204214 0.592013739087641 3.056012272266206e-06 2.674715585142593 
0.9994803469308267 0.5925387668839689 -7.308574038307402e-06 2.673820067138837 
0.999925985973103 0.591692073047657 -0.0001367416301290467 2.674812780247148 
1.000006943011744 0.5916145934295683 -0.0002810702874422206 2.675023370870685 
0.9999923014893694 0.5915498681915335 -5.907322819631316e-05 2.674969167739291 
0.9999531599828486 0.5916457936365719 -6.71416531401209e-05 2.674875436408716 
1.000001327900018 0.5916150276140877 -0.000270468580949617 2.675005058730538 
0.99999648131334 0.5915931104688231 -4.87932131247665e-06 2.674987291843263 
0.9978443536441167 0.5954042433732168 -7.453205632873495e-05 2.670088825977843 
0.9990472984844316 0.5932369185282019 -0.001686887277902612 2.672802803009989 
1.000067125356487 0.591678129661703 -0.001496509981464866 2.67526131358956 
0.998952264552464 0.5936113007246675 8.696248018570799e-05 2.672702280868207 
0.9995219795182921 0.5923519605579977 -0.0008591653173505736 2.673853963716841 
0.9994560825764898 0.5926342128969619 -6.508417900111242e-06 2.673796180494314 
0.9927269696106248 0.6043932020382844 5.043733419948023e-06 2.65855928903268 
0.9939194697360559 0.6020587249534268 -0.006089102495062794 2.661107553703372 
0.9961776879713978 0.5981143350033969 -0.01181323601950077 2.666254668764697 
0.9958499755783603 0.5988886454303813 -0.0001885951938897672 2.665568846693994 
0.9969392973001516 0.5970056369166531 -0.003976937313795881 2.668057734372292 
0.9978806792393302 0.5953780842924015 -0.0001625565346112376 2.670202540954787 
0.9928498927363135 0.6043397566284558 0.0002494178364573831 2.658947479275962 
0.9898873741318466 0.6087931280603249 -0.0001887972263379071 2.651891995754754 
0.9877571598181705 0.612398051194549 -8.169049794967046e-05 2.647107894728881 
0.9912367289885822 0.6065984230070404 -0.004810043001514419 2.654997750084999 
0.988326785408715 0.6116810448007102 -0.003813867191165982 2.648528509954145 
0.988846542635146 0.6101294926776645 -0.01016932928765544 2.649337914946896 
0.9889620155318471 0.6105554292776383 6.954116885186222e-05 2.64992882505018 
0.9875101543701752 0.6126870227051463 0.00315582030115395 2.646460439680807 
0.9848637304776934 0.6173132523895346 0.004698822202817265 2.640671372740162 
0.9872254908130532 0.613472047064659 0.0001491478352906343 2.646023260784408 
0.9863877929885444 0.6145831159840841 -0.0002594173037011917 2.643944707591728 
0.9877152417341388 0.6124854701954974 -1.719350205905895e-05 2.647021664415407 
1.000815085054019 0.5899220949317439 0.0001046244008746068 2.676715493378713 
1.000452140572711 0.5908856785941853 0.0007785380295791082 2.676076987551419 
1.000064379212483 0.5915764983130951 0.0007366129360715889 2.675195810601105 
1.000278598104545 0.5911256031991774 -2.333717688559786e-05 2.67564103530279 
1.000123116087432 0.5912910196607208 0.000133689559965526 2.675222116919393 
1.000153248784362 0.5913420482596504 -2.015040442507107e-05 2.67535285731008 
1.003672547376349 0.585250358689926 7.877920999493157e-05 2.683496319934429 
1.003432365955747 0.5850321915393621 0.003336914780033819 2.682572305039296 
1.002723152897474 0.5875787762629059 0.00606651668053619 2.681710340243665 
1.00183834079223 0.5889364336573613 -0.0001185143468718845 2.679539605999905 
1.00165795326807 0.5883063294736218 0.001398648491774316 2.678569158704843 
1.000967009585611 0.5900374835512024 0.0001012320904547923 2.677300791122681 
1.007744797214731 0.5753010330842405 0.03811132925862367 2.692109735664102 
1.012420704463937 0.5676705023991199 0.01937479023092638 2.702922034976952 
1.011183746491005 0.5719234828752977 0.001667989250544863 2.701008529543825 
1.015373480280109 0.5627450306518258 0.03387347064792655 2.71048967476636 
1.016216694440265 0.5606307575706476 0.0082842254447613 2.711593484580046 
1.021997677944645 0.5478218038585372 0.02228482483893324 2.724356407320565 
1.010780869789972 0.5583909985252854 0.1281017110263821 2.700035788390329 
1.00464035024199 0.5745269846918862 0.09686878323098767 2.68523771497544 
1.001674461397796 0.5845243705491121 0.07399085409744081 2.679135233170056 
1.020440968560289 0.5435030081458987 0.1014669928530605 2.721458077973063 
1.012368805538858 0.5635769963973264 0.07901995824512804 2.703416779811726 
1.025392744482654 0.5362344012750031 0.07582298953232557 2.732275207928941 
1.003784161692974 0.5855363079696656 -0.000225993293312173 2.684061176518193 
1.006493898686557 0.5805091577020688 -2.648219521967633e-05 2.690154757719998 
1.010707959458965 0.5713317431535985 0.002958870624479503 2.699037912473794 
1.005251721603173 0.5811738432655927 0.006167365563289114 2.686422004387125 
1.008384176796906 0.5762180883945093 0.01227488184886963 2.694103659144689 
1.004566052131568 0.5840164936462879 0.01696470039429405 2.685896163817618 
1.022389642952813 0.5473236975322193 0.02219742859486393 2.725445597278548 
1.025766654606992 0.5390441356482569 0.04391242571201721 2.733116488768183 
1.025999916850488 0.5371032813395542 0.07444598296163164 2.734615078034853 
1.014931080986154 0.5635183473815253 0.0344000329957035 2.709473634956453 
1.013987245151441 0.5626642193621684 0.05290950588604056 2.706591972487966 
1.007605489893176 0.5752803601538917 0.03793470216284709 2.691708643021721 
1.000637072614418 0.5902430612428395 5.379832909112189e-05 2.676354952519687 
1.000151374022706 0.5911166760257361 4.38806236614483e-05 2.675255423332198 
1.000000540636865 0.5915943965738774 -0.0001992569248464839 2.675036392707386 
1.000460908259261 0.5909270113743357 -0.000961127571507119 2.676130964489335 
1.00012290399373 0.5913659542259306 -0.0003210920637971328 2.675265780695953 
0.9999488553866676 0.5916004260007667 -0.001439694662333016 2.674826994781174 
1.002990702999559 0.586195504737296 6.184038257375054e-05 2.681824667351671 
1.001255135987029 0.5891792109451182 0.0002423639484414075 2.677795284701545 
1.000669179544617 0.590727554193775 -0.0003950535392876943 2.676758319108214 
1.002160017069906 0.5878807068109656 -0.003845440859872492 2.67999950944647 
1.001014059702372 0.5896751582306501 -0.001639987828035422 2.677233500744348 
1.000349882376735 0.5911092352887565 -0.005705447312171636 2.675896753587678 
1.003979807451911 0.5838255840055026 -0.01079269988690378 2.683832394691283 
1.007495054706787 0.578283648132221 -0.008540069273834015 2.692225589558118 
1.011079619381117 0.571305499114179 -0.002362301714208854 2.700410235464973 
1.004261428419024 0.5841533464953195 -0.003698950901811241 2.684785790356105 
1.005319888682119 0.5811632722856284 0.0001813850699085714 2.686790749625938 
1.003024188510034 0.5865140936285274 -0.0007441205537923067 2.682237267167796 
1.021930775640743 0.5485844809868987 -0.02205524726695813 2.724707689138014 
1.016291569638319 0.5599323050848174 -0.007920882076504595 2.711685085328643 
1.010641308769634 0.5704388955014085 -0.001756631246327368 2.698506933943605 
1.01351877921026 0.5655086895672322 -0.03070008268958074 2.705613031751185 
1.011541413512897 0.5707220821299809 -0.01777046866392411 2.701595683849344 
1.006234796727312 0.5778266943888922 -0.0312639974054879 2.688318034541735 
1.007351736487712 0.5776438819558729 -0.03054244537340594 2.69198330629358 
1.013395067788167 0.5650686319566097 -0.04344386510689455 2.705443576092564 
1.026152519585055 0.5362086460419637 -0.06217037030591683 2.733954040318155 
1.013191467509332 0.565916981375291 -0.03045638647580974 2.704740160243559 
1.025448208694388 0.5406208773518675 -0.03981923507897406 2.732909318555187 
1.022031622603425 0.5483255900800904 -0.0223550052244465 2.724944257138819 
0.9787369983838943 0.6210546136162026 -0.09751204182921365 2.627768026533517 
0.9736761644222893 0.6215034970814955 -0.126137555592796 2.614879624017173 
0.9686783683733852 0.6201170399011687 -0.1661049755185347 2.603422409496695 
0.9930035657664487 0.5913974807273135 -0.1166409338372691 2.658563860980793 
0.9954848822668191 0.5811889707578392 -0.1501310375182755 2.665216384485026 
1.013862353119106 0.5535706006145772 -0.1220787437361417 2.707037244603593 
0.8662481664492133 0.7416032353266111 -0.08988218971248567 2.366486369496002 
0.8788781074263515 0.7348457561419123 -0.0378669465751618 2.394755086355316 
0.8984066926642256 0.7214741546064444 -0.004010292595947449 2.441498538157468 
0.8502883954657786 0.7552592189674889 -0.04217099939623536 2.328292424897112 
0.8760548329493504 0.7385790434240538 0.001761534852304566 2.388715557115758 
0.8454370500031486 0.7589655693756047 0.009731228995244702 2.316612947859516 
0.9996189496799368 0.5893527309846873 -0.06621601696289474 2.674653658546248 
1.00387097670668 0.5778995025323983 -0.0898982468295963 2.683870733430679 
1.013078463515702 0.5531435015469208 -0.1220508186523743 2.704152657322275 
1.011011293640985 0.5662639882348414 -0.07141031264398605 2.699704071701431 
1.022885477996277 0.5400282081369365 -0.09207864587998185 2.72719640736601 
1.026291405901202 0.5362425382114945 -0.06231801354207513 2.734550210413263 
0.919954202644481 0.6835570607423747 -0.1521875557150336 2.490507387514354 
0.944968814675415 0.6517354854526684 -0.1652932073452194 2.548673180820859 
0.9681100332296559 0.6211346795558587 -0.1684471268855373 2.602629294898452 
0.9385105531218473 0.6731018709188016 -0.1030442945537832 2.53457499931857 
0.953098457170683 0.6522308197533943 -0.1140572475890553 2.567428655927531 
0.9530006152554172 0.6579142335360094 -0.07221319524559146 2.56705411196777 
0.9244581638278453 0.6789250001032348 0.1571045043760292 2.501804795839162 
0.897554974083927 0.7102942147428793 0.1342942973705009 2.439851093156725 
0.8715024101488468 0.7361169120477543 0.09966379930320161 2.378424961490633 
0.9113848736398804 0.6987647818024785 0.1149053726320422 2.47076906796873 
0.892463596861317 0.7199404745383671 0.08534834508039239 2.426448837194183 
0.909858765455392 0.7075913016828935 0.07400365749966049 2.468560328880802 
0.9187169486706129 0.6994321499881667 -0.06312249513696226 2.488617742619223 
0.8976055218820577 0.7177647619114338 -0.07454633554309337 2.43941842056187 
0.866862796139665 0.7405720568760682 -0.08772266646910107 2.366951216837698 
0.9137564036826232 0.698347736375204 -0.103299256757017 2.47623431706912 
0.8914085251722733 0.7155987175607369 -0.127527393896317 2.424597319699151 
0.919883046042871 0.6849452007058173 -0.1550781484167826 2.491914493931864 
0.8718735608251856 0.7356355609933658 0.09955183867625343 2.379010780770925 
0.8543890065194922 0.7521969783563235 0.0563331755806628 2.338403315738482 
0.845144948561104 0.7592686358834816 0.00939046586587664 2.316066010285764 
0.8786819916938924 0.7350209497257405 0.04010679587472267 2.394391093748837 
0.8753290441749607 0.7384964845286878 0.001419817482820736 2.386472851261592 
0.899892773372848 0.7207843393263155 -0.003120461836505265 2.445519626784696 
0.9734428658270992 0.6141892255984447 0.1640531245578855 2.614974117347127 
0.9748899873369971 0.61945965275808 0.1233358678870649 2.617208975423809 
0.978375499968101 0.6206658806881011 0.09398594238691026 2.626002875861318 
0.9950655119179141 0.5818627996270723 0.1500245708331538 2.663924313223447 
0.9912183198845682 0.5959669937116687 0.1159481680507537 2.655402810336969 
1.010180159182213 0.557219981184996 0.1292967630493368 2.697503884308995 
0.9728805907822218 0.6133382241621624 0.1658547182450668 2.612563981577861 
0.9506819687960705 0.6454611679153297 0.1658868644793347 2.562406734469424 
0.9246171930969543 0.6789517883962756 0.1558409911140353 2.502407958382337 
0.9529324489392103 0.6512008401282656 0.1235060719541973 2.567559313126625 
0.9350515426011304 0.6742615235395908 0.1118406476964365 2.525528676242121 
0.9470396289779514 0.6661406614114214 0.08078714752134879 2.554284854671433 
