0.9997939423276944 0.5919187107179601 0.00409348901137915 2.674506716817382 
1.000975567097839 0.5899010487168221 0.002194250520631034 2.677240386909734 
1.000820391927271 0.5902153733803867 -5.292374004788857e-07 2.67690840757541 
1.000967692513165 0.5900647950489074 0.005379460622876259 2.677322458433919 
1.001749940459167 0.5883787101213354 0.001500251505837319 2.678919264065295 
1.002644182371411 0.587309508223871 0.005881837392882241 2.68128843856492 
0.9999171143235666 0.5916861569531924 0.004257704027625252 2.674783535288164 
0.9991255956707308 0.5932045375027833 0.006723276289453072 2.67305991403059 
0.9975185853422538 0.5960702080142795 0.009433773423909711 2.66945490638538 
0.9977214041266828 0.5956321169652645 0.003868125588087431 2.669829799509469 
0.9960142635821577 0.5984423019934545 0.004701202829668929 2.665855818643043 
0.9956831452691137 0.5991138628842891 -5.106121050780335e-05 2.66515048301837 
1.003829601630074 0.5851943149939677 -0.0003068672521784317 2.683987572513115 
1.005406733896198 0.5816321398608582 0.006385681510842169 2.687202468211066 
1.004493045367471 0.5836166011044294 0.01674768456469927 2.68541396539885 
1.003563984033911 0.5849397784879579 0.00356517163866233 2.682961478577609 
1.003320179567536 0.5860958499074399 0.009873653189521606 2.682859561982767 
1.002483799738379 0.5877159420822411 0.006024245907434536 2.680998655845062 
0.9973459652449868 0.5960540897309102 0.009165938364505003 2.668873082991966 
1.000390472094103 0.5909214432855815 0.009541122284064785 2.675938664514995 
1.002465433869167 0.5874205366644544 0.005995699162656608 2.680766724591069 
0.9997792900917221 0.5918451740542628 0.01394364353730016 2.674505073214551 
1.003554002099561 0.585332291207755 0.00996585851362862 2.683193581012295 
1.004312566064823 0.5842032436085683 0.01671762082750987 2.685150130121714 
1.007824723258806 0.5752064416380666 0.03812744830184706 2.69228636768137 
1.005713702281071 0.5805158996540675 0.02474566318034193 2.687852148939885 
1.004160690710871 0.5842493676949357 0.01700753130130288 2.684711011235083 
1.012527907690184 0.5681357657691184 0.01944736275604899 2.703543584826293 
1.008195028823987 0.5763376266244716 0.01257382034295634 2.693546207801439 
1.011474302549568 0.570916833898532 0.001666925619669679 2.701364285039373 
0.9695448853659155 0.6384692670205045 0.04385503678184063 2.605306433165068 
0.9803134080619209 0.6224776344343934 0.05226773027717013 2.630400049567485 
0.9897853717865699 0.6072164456713407 0.0516835322891675 2.652116713099204 
0.9713497575676897 0.6343914815804914 0.06720685205035266 2.609801180280959 
0.9860004800250816 0.6108439559685059 0.06926414652201401 2.642715076920738 
0.9784215452227044 0.6198186650750538 0.09376085154200346 2.625549899238074 
1.001961257485193 0.5842479343395683 0.07403403719448842 2.679903298519561 
1.006551160873593 0.5768479583413642 0.053344653077184 2.68966263701962 
1.007677076615718 0.5752244768772039 0.03791893246793433 2.691998275676661 
1.012504877208921 0.5632061477433306 0.07878440793821093 2.703619462338329 
1.014444578157443 0.5627120837158444 0.05235842005295552 2.708113261633193 
1.02513488148398 0.5368896137897331 0.07592059793138557 2.731699793476801 
0.9895997516045374 0.6067326916273559 0.05159284519045668 2.651047076955258 
1.000286255650798 0.5898442043500824 0.04929310573926862 2.676107884877704 
1.007686682426483 0.5755902200133856 0.03776620518614111 2.692153450763887 
0.9945794370341307 0.5978686252537216 0.06292655191726558 2.662748531392523 
1.006438215193932 0.5759050453224974 0.05384861845792324 2.688750203129331 
1.001976672698042 0.5831420832834984 0.07395339316287732 2.679303942928349 
0.9460990945389245 0.6658559925010324 0.08112271935713022 2.551114268058521 
0.9606275996601256 0.6497387476272932 0.0585129813190212 2.584802362920186 
0.9701871054223098 0.63857738050873 0.04503313005504578 2.607577139308729 
0.9630239293437768 0.6428176080649959 0.09228036753083249 2.590501821005797 
0.9709164260187048 0.6343559248845868 0.06663127816580464 2.608389326791396 
0.9784330387828049 0.6197330202928504 0.09354673786153801 2.625473820797933 
0.9959247820009832 0.5973144214265019 0.02690219227416136 2.665292749181827 
1.00015892638235 0.5908535524487049 0.033468055605723 2.675654865059529 
1.007871310759452 0.5755175697050678 0.03781366572018828 2.692575692960307 
0.9938899552819324 0.6014652307773517 0.03680733209542146 2.661301062850755 
1.000049329467447 0.5895025024632283 0.04882324786935612 2.675126960763235 
0.9897954914627662 0.6067639341654514 0.05197495508316865 2.65168712224638 
0.9835029388966442 0.6177551271350682 0.02473473865771355 2.636791317843265 
0.9900490611071692 0.6076635734196641 0.02868956285749813 2.652156697812636 
0.9955933833929762 0.5979494837203843 0.02667422282150154 2.664593873632361 
0.9853636531649083 0.6154276066196882 0.03740833756383174 2.641824110095958 
0.9939916715354769 0.6007707850617304 0.03735015334055684 2.661215346425473 
0.9901061126553796 0.6071722933715439 0.05148480530801981 2.652913443452948 
0.9824809468148846 0.6204455217918726 -0.006995531742133924 2.634814196226368 
0.9827787513552594 0.620081426328873 0.0003160010119837707 2.635551871628952 
0.9845954914207449 0.6170063086639508 0.005172666718443237 2.639630571793157 
0.9781973563166927 0.6276976964815211 -0.002537137381035935 2.625420808084577 
0.9806724073276648 0.6237439545329537 0.006778978847688975 2.630985043384452 
0.973558257100882 0.6340935882258677 0.007386955376506276 2.614487558398595 
0.9910362039399304 0.6063152591899403 0.01097213281539922 2.654227756687557 
0.9947345717436533 0.6006622182003782 0.01151644856608403 2.663018220480519 
0.9973346917578058 0.5962743232121509 0.009570443742937629 2.669001136741829 
0.9925581842650446 0.6045246068769828 0.01843649465957361 2.658255339074722 
0.9970668446904919 0.5964181541967184 0.01611227938615536 2.668234856100066 
0.9958081157261983 0.5982488716170169 0.02662347776840428 2.665392027065732 
0.9731760879691017 0.634135717584561 0.008145714444856983 2.613267740741771 
0.9808016484138163 0.6237411224169903 0.006462628878440979 2.631409582304975 
0.9848010568827384 0.6168808792755613 0.00519955922425235 2.640224023033226 
0.9777286032322137 0.6278081637364127 0.01920634159288037 2.62416972924854 
0.9833228716014715 0.6192249533820064 0.01219401985774944 2.636863432272205 
0.9836730460433027 0.6185472638870004 0.02487808160968517 2.637829357811805 
0.9976149086753175 0.5958297388953429 0.009709595017730997 2.669653655995035 
0.999726466181344 0.5918993866981154 0.01371101917993532 2.674359247086614 
1.004192474917781 0.5842871738370358 0.01656366762458696 2.684800560221303 
0.9969801691012985 0.5968085910198965 0.01584821926490975 2.668183974298133 
1.000732072913465 0.5897404324949151 0.02337869410381568 2.676611327972437 
0.9956858834538683 0.5980136533076394 0.02692268212843645 2.664862064521854 
0.995535670835703 0.5975219198820922 0.02622328109107997 2.664082336481243 
1.000976998157016 0.5896449010552994 0.02362237807003692 2.67737921656442 
1.004040601110042 0.5846015764194504 0.0167470456177208 2.684515208010283 
1.000377451297208 0.5907549727788181 0.03384943669055768 2.67632466044933 
1.006110607677984 0.5799706387300216 0.0248085802780939 2.688856814503027 
1.007866550005398 0.5755455673193134 0.03806341896986822 2.692580958994209 
0.9998508154436618 0.5919184210100028 0.004184495949053125 2.674694725165812 
0.9999453202855745 0.5917952970085413 0.001827962655356065 2.674929994601821 
1.000052312393727 0.5915387232466036 0.0008183418281673289 2.675134726503046 
1.000910378780559 0.5899293553018019 0.002153446310218384 2.677039678429087 
1.000398884643297 0.5909232345353782 0.0007865201152764791 2.675921955306782 
1.000969826304833 0.5899978440431362 -0.0002789668293060163 2.677274685730105 
0.99749667370819 0.5962196218525193 0.009668878658649877 2.669469757356649 
0.9990907253319113 0.5931157125172386 0.006627740184983843 2.672892191441814 
0.9998455783805414 0.5918171323253998 0.004152607713937979 2.674622678746481 
1.00034222012086 0.5908415678813806 0.009322235632084097 2.675728712660661 
1.000806837633216 0.590263799396082 0.005254194508836502 2.676905132101857 
1.002470009767132 0.5873979877375684 0.00596191277280703 2.680762538548095 
0.9992488576664273 0.5929156842673586 -9.013360539581803e-05 2.673278196882742 
0.9996425150930656 0.592258466748291 0.000810842067379981 2.674197252035886 
1.000012024784544 0.5915444878321804 0.0008283209653776549 2.675003785101335 
0.9991613263031909 0.5930600756106881 0.001692768527990162 2.673074386850597 
1.000023041375267 0.5914907415733679 0.001817717729563837 2.675008397151093 
0.99984128805491 0.5919833485655454 0.004072471877726106 2.674701962371103 
0.9782873081459176 0.6204811961693101 0.09376818749603158 2.625608821730848 
0.9922798428411388 0.5988516135959918 0.08635967640218609 2.657437573444502 
1.001514094630039 0.5847110650380787 0.07375030164163214 2.678824885788905 
0.9914357686125858 0.5955512751208604 0.1158832706281686 2.655765548814568 
1.005182358429069 0.5743076281404622 0.09665694507171828 2.686897729767642 
1.010173274148468 0.5580600086283225 0.1295173435181175 2.697913821839675 
0.9999547025452556 0.5917067499777348 -0.001414952686866137 2.674904422555592 
0.9998455741701008 0.5918262260765302 -0.0004932463827655555 2.674617469351686 
0.9999629704466872 0.5916760131944357 -0.0001856363083542144 2.674918218631203 
0.9995768884127183 0.5922934533352309 -0.0008150438270519891 2.674001761854951 
0.9997986872012415 0.5919749276057098 -0.0001109398030676047 2.674547053213923 
0.9994657944076841 0.5926168516496302 -3.280074593929076e-05 2.67381801021114 
0.9999663611506311 0.591597282538079 -0.001455870374744586 2.674881208563591 
1.000156428474223 0.5913700312603872 -0.0004031974513893011 2.675379100189803 
0.999918322522961 0.5915395016311661 -3.690550068905927e-05 2.674721390017011 
0.9998438502183997 0.5917453981948609 -0.0005862817770526273 2.674567129763532 
1.000011079608495 0.5915698798500831 -0.0002830134952916231 2.675010125418074 
0.999958028577502 0.5916420267947831 -0.0001478352496694645 2.674890940362909 
1.000025536956289 0.5915616543959565 -0.00142158734204713 2.675054937077484 
0.9991120255409436 0.5931990591276814 -0.00172568941819333 2.672995162984257 
0.9977988238687854 0.5954561248168543 -6.410616579456312e-05 2.669969834636623 
1.00012948072098 0.5912243127326448 -0.002842332896304083 2.675200263224502 
0.9984747262871185 0.5942411608962963 -0.003534602167868798 2.671502038058737 
1.000299823008712 0.5909836079932598 -0.005513604796497406 2.67563000018208 
1.000513507472917 0.5908007336139907 -0.005585065633106377 2.676252068367643 
1.001038358636072 0.5898294033377079 -0.001833658484237368 2.67740898103719 
1.000452249995951 0.5903555107936448 0.0001346236918557562 2.675806677363629 
1.000111604544545 0.5913918133303072 -0.00294282738685795 2.675250063919038 
1.00038334148755 0.5908744894439114 -0.001075326017749871 2.675841939490808 
0.9999811199095977 0.591547114526716 -0.001423299319587621 2.674903011739207 
0.9964991875192825 0.5977094344211686 -0.01191701882261743 2.66707285394723 
0.999069922362936 0.5932820747094144 -0.009171519693805703 2.672936978165577 
1.000355912870355 0.5909133857076841 -0.005715529258550408 2.675775619331368 
0.9968571720965266 0.5971504649603617 -0.003912880548147062 2.66787109517781 
0.9983254192860453 0.5943343885206444 -0.003510652223067116 2.671061875412442 
0.9979692486070832 0.5953840390715247 0.0001056648980113376 2.6704941850763 
1.000473791099771 0.5911784853024477 -0.005437689897170901 2.676350419045514 
1.001670760536055 0.5883100043466603 -0.008141695822881151 2.678694093642394 
1.004149878867584 0.5835611604773904 -0.01077756688733237 2.684211815316219 
1.002120207499839 0.5877287170223152 -0.004072344587619306 2.679778926382359 
1.004117621086551 0.5842725460184911 -0.003820377422269399 2.684395879903802 
1.002723708331271 0.5863732252623968 0.0001308690455820896 2.681040488591912 
1.003974015187766 0.5840565264387918 -0.0104446294142605 2.683954312437955 
1.005686224086488 0.5813385226338934 -0.01801116577928824 2.688185373971437 
1.006856974089352 0.577448482258441 -0.03115235100471977 2.690147125128107 
1.007184643751406 0.5781919776322832 -0.008993169267327534 2.691140776954464 
1.01117565798872 0.570676408331744 -0.01736499886786395 2.700337720507611 
1.011247308672254 0.5708035289380291 -0.002862903163167524 2.700711328381506 
0.989088749072742 0.6102337805299004 -0.01025282118243197 2.650220576539801 
0.9859572897828414 0.6148998617892178 -0.01009505325143996 2.642796481432447 
0.9826141857787426 0.6206514021100545 -0.006826544003211144 2.635403842135856 
0.9867830798371834 0.6139068210246049 -0.0159707682248171 2.644947861647315 
0.9818233582041116 0.6219538720997375 -0.01441341694247297 2.633689328715583 
0.9823939361456009 0.6200649740689854 -0.02425577045032368 2.634571316215788 
0.9926588991123815 0.6043986486846488 2.425039759725033e-05 2.658344401400485 
0.9912772460003783 0.6067396123652815 -0.004481182628036426 2.655215163735111 
0.9891265605694433 0.6099465562424904 -0.01011241588672486 2.650147627592351 
0.9938694502238319 0.6020427070612422 -0.006037533478667844 2.660934733828749 
0.9927705922695476 0.6038839103778638 -0.01257724262549576 2.658490058639931 
0.9964736677033231 0.5982460181556613 -0.01221858655311361 2.667319841283364 
1.000445142210693 0.5909945039841584 -0.005643714945779661 2.676125417139484 
0.9991102684769401 0.5927718774528175 -0.008839596323423633 2.672764854327766 
0.9961256533031421 0.5979627085995957 -0.01204457070547625 2.665988245580811 
1.001824475664327 0.5886694326631647 -0.007613952369532859 2.679375410064782 
1.000127210874401 0.5913209405517751 -0.01401461009975287 2.675346628080648 
1.004289190176447 0.583423771439911 -0.01063184152187652 2.68457005557363 
0.9966294233690343 0.5975272121365165 -0.01156654496232145 2.667406347848083 
0.9989372761563041 0.5929472558655657 -0.02073242473226277 2.672473577116456 
1.006166830463842 0.5800272708172126 -0.03138459868789635 2.689256316784684 
1.000257652219443 0.591314574686594 -0.01432391064154037 2.675778500216837 
1.005584824910865 0.5809670536120775 -0.01846713053837069 2.687584061088935 
1.004145299084899 0.5834209067017058 -0.01026537707316428 2.684091019419016 
0.9927182742162645 0.603212732547481 -0.03160665558267291 2.658356965058075 
0.9941885619032629 0.600132122465758 -0.04664160175753324 2.661880883208508 
0.9988664721047693 0.5891534834998423 -0.0668830517985395 2.671993054729909 
0.999205729345868 0.5923352586144667 -0.03596110452966847 2.673420900342643 
1.004874463050415 0.5803472282844147 -0.04702119165026727 2.685809869716723 
1.006245305003524 0.5783807047717512 -0.03025406821822546 2.688612571045317 
0.989184797725241 0.6100768418296217 -0.01030855734977019 2.650443015245551 
0.9895159231393951 0.6092953996782912 -0.01955719180262565 2.651142390864101 
0.992261232207861 0.604172102268582 -0.03188505352312792 2.657408098622008 
0.9928834784104245 0.6041164823405737 -0.01289347415624076 2.658992731827072 
0.995266550009928 0.5992713289696783 -0.01983639627334302 2.664061861111241 
0.9964634834461897 0.5981246454091028 -0.01174331171945756 2.667207078901259 
0.9778435780175916 0.6251337954087938 -0.05349938855711451 2.62405016351022 
0.9685117489169474 0.6390159396475866 -0.06271687852847138 2.603384888832194 
0.9524951716587147 0.6592073988051905 -0.07176678155516798 2.566040907911682 
0.9773743494331866 0.6244194665186817 -0.07209578453797245 2.623331486217918 
0.9644476634201132 0.6401105183190727 -0.08884677134178535 2.592948184173407 
0.97859683775482 0.6192968784047063 -0.09796199228069798 2.626138715458404 
0.9988590952892527 0.588954310659535 -0.06622481878643928 2.671866769809146 
0.9874899640988302 0.6092887085979475 -0.06455722728829229 2.64642045974896 
0.9782611455581303 0.6249852338934604 -0.05279470718800958 2.625291104878238 
0.9912868679402917 0.6005442846924668 -0.08284831363619713 2.654917689987329 
0.9772613916501792 0.6244453714878828 -0.07253478407227634 2.622977005894417 
0.9784063864874631 0.6193898772776825 -0.09833316700062918 2.625550090769186 
0.9823885549427962 0.6203571655498019 -0.02483188256402366 2.634803369417997 
0.9760392941267778 0.6297707578627615 -0.0250521959474605 2.620055117875665 
0.9667571847869242 0.6433652110526055 -0.0199571361459227 2.59869079158345 
0.9805553225949611 0.6232097966730294 -0.0357207025744564 2.630907243723847 
0.9703846453691592 0.6381640548807376 -0.03820285099710415 2.607537251583552 
0.9781699167166122 0.6261450688401946 -0.05348533982392783 2.625782200187996 
0.9890371009239219 0.6102043078666675 -0.01054670061671041 2.650037202615675 
0.9867221083235794 0.614059949202041 -0.01568708450900323 2.644838053644562 
0.9826081935793068 0.619965603613056 -0.02421830478126573 2.635212455714185 
0.9894838314780927 0.6092234635588686 -0.01905956519768017 2.650994715990123 
0.9871317015958985 0.6125421547914398 -0.03009048857449708 2.645599336475231 
0.9924412045685178 0.6041937695504637 -0.03267950518939218 2.658038701808003 
0.9826222410295988 0.6208640473849738 -0.006503190226699772 2.635566969278967 
0.9782456594691145 0.6272196586952394 -0.003065018838297463 2.625281216822303 
0.9731643947585547 0.6345667213789903 0.007539461532518261 2.613522616934594 
0.977502557697436 0.6286100013581133 -0.01155043814701029 2.623813151351459 
0.9690289699624649 0.6406566742162807 -0.003571922731708634 2.604029102092392 
0.9670784340324515 0.6427407707966087 -0.01928544582094746 2.599238211557905 
0.9923790089735236 0.6037874051197011 -0.03189316124930363 2.657569612500173 
0.9870544622540227 0.6129686592516844 -0.03046060952975781 2.645611866462764 
0.9827181331137591 0.6201662221546789 -0.02448244309190148 2.635753253192909 
0.987515018008742 0.6113920943990374 -0.04248226864661886 2.646600645478325 
0.9801846485586049 0.6234270862422636 -0.0360928531216794 2.629835589454234 
0.9782660432404098 0.6261257046886379 -0.05356835487763489 2.626045174702599 
0.9828347392220748 0.619995607129465 -0.006767199823408176 2.635700489972404 
0.9859537255565787 0.6152792240094295 -0.009855998815688737 2.64301381681964 
0.9890117205513356 0.6103011553504335 -0.01045218729183356 2.649987996313688 
0.9865678470857261 0.6143327608382931 -0.002777898973691543 2.644389929194518 
0.9881825083297897 0.6115397453102073 -0.003583294581882764 2.647966651934544 
0.9876745647635968 0.6124930936878884 -0.0001040113745688362 2.646890955723145 
0.9669170995190545 0.6435407575902125 -0.0212038085943116 2.599487112830743 
0.9578274245010553 0.6561397811689114 -0.02239551082800351 2.578649724458034 
0.9432229810465416 0.6745906509295592 -0.0230432270812735 2.545018856592381 
0.9597430925926378 0.6530311381255934 -0.03854197257588438 2.583177829286992 
0.9454408191705022 0.6703327037412904 -0.04794147819496151 2.549982559653639 
0.9524622752720059 0.6593692382521295 -0.07201049336186881 2.566105933622997 
0.9824829206264761 0.6209147091388761 -0.006765404592128704 2.635142710055223 
0.9772877608722292 0.6287500077621037 -0.01131012155552586 2.623199933328537 
0.9675632290117716 0.6424094567054462 -0.02006996583749544 2.600597811167821 
0.9815374925245185 0.6218392393033005 -0.01399356067344108 2.632684332019342 
0.9760238584264773 0.6304470386302148 -0.02474862719254979 2.62043670933711 
0.9823242638509553 0.6202825632584902 -0.02463927482427944 2.634503404014854 
0.9732128623160691 0.6343107590415785 0.008081985662613924 2.613542884869246 
0.9664279264246111 0.6446915362700884 0.01072306571795759 2.598356414344203 
0.9557054431720293 0.6592855812146144 0.0137912297228188 2.573860231718624 
0.9690169866980404 0.6407000276408257 -0.00332157568770806 2.604022100282586 
0.9600600501457602 0.6538314193616696 -0.006848407614734846 2.584034332573331 
0.9671991448590498 0.6435120467130281 -0.02059402640895478 2.600237987719493 
0.8981100335344047 0.721443400523506 -0.002731463379135254 2.440602622614411 
0.9160058606594375 0.7047462582173275 0.01543149944661045 2.482182144691435 
0.9302869290993249 0.6878553924275226 0.02619338521775786 2.51434012569514 
0.8988582451996874 0.7193770074795552 0.03694542378521774 2.442018114382036 
0.9198184582651574 0.6993610964002047 0.04624747583761558 2.490862014282813 
0.9089563693123039 0.7078057967342207 0.07448417425599171 2.465939261863757 
0.943494994815667 0.6747837774713246 -0.02288473531478407 2.546324396990497 
0.9343293584325076 0.6843804870639583 -0.002089470269544132 2.524040565720378 
0.9305508284522503 0.6876926740605928 0.02644289426659313 2.514967829189942 
0.9248422464770354 0.6944540933018865 -0.01797739867178035 2.50185637978133 
0.9156066275411707 0.7050932834072878 0.01516633577210241 2.481219158542632 
0.8982307974741299 0.722330822439561 -0.003501084542707204 2.441398169933221 
0.9779178587096267 0.6252604589840288 -0.05308317163886819 2.624382363849074 
0.970250515179127 0.6390106041438324 -0.0386332816107135 2.607678978577067 
0.9675058977769901 0.6429697931033901 -0.02002188869881751 2.60098784281288 
0.9679199751134879 0.6387019806560418 -0.06345141503792756 2.601287412343592 
0.959551245747011 0.6532198082022591 -0.03892996666832015 2.582692927991227 
0.9524715230216027 0.6593939193429686 -0.07189932345939626 2.566088515551612 
0.9554090831429771 0.6592111400242541 0.01374761324654881 2.572938882481024 
0.9453109319931178 0.6722370477466163 0.01911307984660481 2.54986867516116 
0.9305129639703762 0.6881419688807607 0.02670692779427515 2.515076002987656 
0.9483684542060985 0.6685950373148948 -0.001455275351127581 2.556799955041003 
0.9346574552596334 0.6846447316428658 -0.001876011173442965 2.525133250567825 
0.943345625945841 0.6745921916674126 -0.02388985882589581 2.545470390211778 
1.006441946345169 0.5771616464356037 -0.03123236242703926 2.688731954927806 
1.005034165298169 0.5801748450138368 -0.04664111079240543 2.686267866822972 
0.9986443843785912 0.5902431940994403 -0.06657503151371817 2.671837775209071 
1.013739346507875 0.5650008065971964 -0.04322406504355714 2.706551405939914 
1.011562235742065 0.5655052597407624 -0.07031654777432278 2.701058805503559 
1.026212536204675 0.5363900585509112 -0.06214250667534307 2.734305396823851 
0.9962568682835976 0.5973188148849211 -0.01266971200563552 2.666082538764057 
0.9951985309221421 0.5997063381137393 -0.01922926534449247 2.664104819815217 
0.9925076715116062 0.6037796512883135 -0.03170317033246486 2.657967043210371 
0.9989453211508327 0.593188070456663 -0.02011771996035339 2.67263366497263 
0.9993198348336292 0.5918525199946818 -0.03506607191580749 2.673489194998246 
1.006519439963052 0.5794640778738461 -0.03218375444367541 2.690130799117093 
0.9781023091985558 0.6215807299673906 -0.09775896388305083 2.625851909069346 
0.9935368102381188 0.5909190766144814 -0.1161689888489444 2.6599841727208 
1.013455864281088 0.5534072217233466 -0.1216409607840083 2.705581060149779 
0.9915249829497702 0.6011117983881678 -0.08245407596864318 2.656013009651854 
1.004204656345736 0.5777345649707366 -0.089847634718228 2.68493795439653 
0.9988488929131407 0.5887490883357823 -0.06697512049755776 2.671782806299562 
0.9922308577503242 0.6031798689762999 -0.03266290265740553 2.656773583118152 
0.9876303396562389 0.6117552836919101 -0.04211718070132195 2.647215089701039 
0.9781229746313342 0.6259832851799685 -0.05342916111722231 2.625433064649886 
0.9943694180314017 0.6001809691717371 -0.04608592200073092 2.662506770590735 
0.9876170485129498 0.6086857159191287 -0.06387427430816085 2.646401613168028 
0.9990444967490204 0.5890651817201882 -0.06674297195586176 2.672558121827038 
0.9526600272415253 0.65781494397522 -0.07150816661037346 2.565978861999406 
0.9538172537420779 0.6522404994328752 -0.1149397076681062 2.569696073065861 
0.9670513924643517 0.6209827472925615 -0.1662326466995215 2.599014504475446 
0.964856966845444 0.6408725319499226 -0.08989740500571651 2.594802832552161 
0.9738676639058704 0.6212170299156442 -0.1263527719728278 2.615412918475733 
0.9786790241039385 0.6204420591762242 -0.09811459416182068 2.627225465437804 
0.9187755110106054 0.6994616012812788 -0.06332539660453847 2.488862094520846 
0.9143662071091659 0.6984835663073837 -0.1037836791309478 2.478071658127077 
0.9187278356744079 0.6842098731169087 -0.1522429554339079 2.487401278183039 
0.9380924837133309 0.6767816980761856 -0.07136176487351149 2.532916482305126 
0.938922490368177 0.6725731481143603 -0.103212121147194 2.5354618978566 
0.9523925740628667 0.6579881068670713 -0.07233166856788166 2.565160422341473 
0.9845329912183759 0.6175592490131347 0.004743964140424503 2.639745925113154 
0.9829007607096247 0.6200842973157769 0.0001007313119430863 2.635964206039279 
0.9826096872693605 0.6201813985277186 -0.00648286713659253 2.635076653754569 
0.9863889168099041 0.6143826803414141 -0.0004850182287978537 2.643821103680879 
0.9866950970071998 0.6142230765041073 -0.002963312377061668 2.644740602030276 
0.9877120308148173 0.6125021324122505 3.922644242685487e-05 2.647017616885739 
0.9910914744779421 0.6068620583793578 0.01111489566971631 2.654732541915642 
0.9874368007545921 0.6128213678593577 0.009615282939748816 2.646360930926598 
0.9845250821314553 0.6171831780020686 0.005147002797274214 2.639478148772201 
0.9897293557036556 0.608936955187247 0.004502742059984963 2.651460251439321 
0.9875747521244677 0.6127429035242162 0.0030293374563255 2.646709345966894 
0.9890195312365172 0.6104577042443088 9.190536330603368e-05 2.650060875263561 
0.9910744526174849 0.6065331448138338 0.01126740617010284 2.654515628420609 
0.9886134122229949 0.6106691072474967 0.01742654347966047 2.648973023560614 
0.9838859842877199 0.6182864720190366 0.02470955171221999 2.638364066802726 
0.9874225908561817 0.6126658209241935 0.009780889055504147 2.646228744997295 
0.9834380505877721 0.6194675795014061 0.01272227005078701 2.637401393697822 
0.984485143464087 0.6168817285229936 0.004731742141814756 2.639167044673556 
0.9958106911139596 0.5990466932245807 6.719062778407624e-05 2.665538465081463 
0.9960403801017716 0.5984072603907943 0.004475302515433248 2.665921690821684 
0.9974424046300455 0.5961110530697847 0.009410636637708933 2.669227524393049 
0.993851457424775 0.6022473403012993 0.004481100535879471 2.660988498704246 
0.9946695043287413 0.6007297917951678 0.01140859781851846 2.662835513714356 
0.9911751330385958 0.6064473627973237 0.01136705201322391 2.654757520211767 
0.9556013280786669 0.6591835980745294 0.01363690000051162 2.573496501175633 
0.9483556867321452 0.6690177486935651 -0.001940652798568835 2.557047330455985 
0.9430417016238553 0.674627213661156 -0.02332905682473837 2.54439848987873 
0.9599161017236993 0.6535210017243548 -0.007197210098474966 2.583383714390107 
0.9577267710942405 0.6561506175444497 -0.02261955508480017 2.578354821233861 
0.9675564694119991 0.6439374326677515 -0.01972116093854098 2.60174120632159 
0.9434934272848186 0.674320176123026 -0.02311077375305568 2.545943513623266 
0.9321090548406589 0.6859935015596805 -0.03903873088092513 2.51885627826131 
0.9190752214397899 0.6992150088051461 -0.06337715150555329 2.489572713170065 
0.945023479097603 0.6708000908475553 -0.048469259265319 2.549036885337508 
0.9375233044385312 0.6771942712847469 -0.0708540250069627 2.531366306372006 
0.9523379389753093 0.6585782841539797 -0.07180670052900985 2.565142385481466 
0.9428183091675486 0.6747426205408305 -0.02369605513759122 2.544141200523286 
0.9252549854235758 0.6943853256565187 -0.01769574390050341 2.503094299027109 
0.8978568133055503 0.7226945167866042 -0.003184215108698351 2.440490287940622 
0.932450278096949 0.6858521102027428 -0.0390807748371038 2.519814965047542 
0.9059326312124244 0.7136306753707846 -0.03637233879334002 2.45881533096682 
0.9193079446117727 0.6990254740019527 -0.06312935455913057 2.490192350034135 
0.9192515637539906 0.6992993097950447 -0.06258237965308566 2.490201401808128 
0.9057447376187621 0.7137382408261831 -0.03695260348440529 2.458286698374099 
0.8983292347070407 0.7211296762788415 -0.003363837303929455 2.440998195949336 
0.8971525466042165 0.7175568138828468 -0.07488200361595174 2.437779457224675 
0.8793086943285885 0.735332458359372 -0.03874321561239731 2.396457014429977 
0.8653543412687005 0.7410513064468049 -0.08833111578148302 2.363188278680356 
0.9461997349733221 0.6663442208061933 0.08106324318280352 2.551735916679286 
0.9351155865214864 0.6812109694392512 0.05561862886993905 2.525709938221159 
0.9301738711677684 0.688296546862622 0.02661437509579276 2.514129950327303 
0.9475893693395181 0.6678860645068089 0.04012037345388643 2.554729281159317 
0.9455469434266246 0.672089103412454 0.01856317105550214 2.550526410419526 
0.956356463034154 0.6587813515887687 0.01411641198464637 2.575668929964744 
0.9731369208987122 0.6339187267010818 0.00746294774441392 2.61299015668114 
0.9777320155303406 0.6273915337227033 0.01948170245163481 2.623911252002047 
0.9836660080831521 0.6180003994168526 0.02519953107598428 2.637564654202335 
0.9699695197365127 0.6395087728118334 0.02265932169634479 2.606607012789522 
0.9786456279625608 0.6256151384835225 0.03356366231209953 2.626075285940646 
0.9698947995389373 0.6387793731412432 0.04399562979855612 2.606609180168372 
0.978062688296962 0.6208704734235353 0.09369164290892261 2.625287357157335 
0.9757651334698904 0.6188974052344931 0.1236507138858821 2.619643024213213 
0.9725781385698958 0.6141010358593907 0.1657010522455774 2.612124286155636 
0.9635488488911397 0.6422875792400483 0.09239852277754487 2.591755835877841 
0.9533683838362862 0.6509035944840035 0.1236826223332704 2.568625285184323 
0.9463227171688035 0.6659783892220021 0.08021766181083916 2.551927053955816 
0.9696893516333046 0.6390866130184556 0.04414301273949479 2.606143246751833 
0.9612679363024564 0.65155274061839 0.03194612817696458 2.586869897050576 
0.9553429405995367 0.6594652063936162 0.01399511490689197 2.572826045415404 
0.9697784065235856 0.6392369835361819 0.02212011026040516 2.605793857124889 
0.966501932782448 0.644655711509428 0.01009105646370726 2.598581790190435 
0.9736387000145412 0.6340919698936778 0.008286783398048624 2.614782130423073 
0.9900788105287435 0.6071808267442953 0.0514462847881061 2.652810791772628 
0.9801719343380288 0.6229390834053162 0.05209472760417096 2.63021292597438 
0.9695636673621065 0.6387119613168912 0.04458517625727877 2.605498079707838 
0.9851111942945064 0.6153648592946538 0.03688535312841286 2.64095526798727 
0.9786165044414263 0.6259503768900823 0.03285771391464198 2.626213315547485 
0.9839727885827733 0.6177065009492968 0.02543540002572309 2.63835418944795 
0.9463653285130291 0.6659014583915367 0.08064782915265305 2.551968854678565 
0.9478799826963199 0.6680559466715312 0.04068716613568183 2.555800647439764 
0.9556616490202799 0.6586185572977203 0.01305386192274757 2.573250163770648 
0.9608469665228021 0.6492948958287348 0.05946730199718953 2.585164906294347 
0.9612352416932117 0.6513275801521129 0.0323006017663147 2.586631716235301 
0.9695402663543348 0.6390679931256702 0.04459303851657304 2.605868512350094 
0.9093909550372856 0.7076124003136038 0.0746365365741488 2.467196679872445 
0.8931740872026853 0.7195719010614373 0.08630208824688902 2.428210633183084 
0.8718698023543467 0.7358282826369185 0.0998248731721714 2.379227224383066 
0.8985523379776363 0.7205284700638515 0.03714314528188382 2.442045378469851 
0.8790835169035788 0.7351120154033522 0.03994741610443128 2.395670413524879 
0.898773256080613 0.7203767314615258 -0.003637410358646911 2.441677920389881 
0.9467315496140554 0.6656248485186173 0.08115574784260078 2.553078926846852 
0.9303561325399918 0.684892044144466 0.08078609998551749 2.515125572025509 
0.9094088714094268 0.7072932743169034 0.07388866439485799 2.466933117140629 
0.9351999155739714 0.6820984848010057 0.05617971241096295 2.526758684670126 
0.9193949182783685 0.6995011556726085 0.04612469502768846 2.489681889511102 
0.9300135768106704 0.6881081807848304 0.02627814224540122 2.513604375061225 
0.94637654975761 0.6663476299134004 0.08052247932697604 2.552511087723925 
0.9360784575608571 0.6738682005105457 0.1118836968572076 2.528424633978363 
0.923759630347185 0.6793413675600993 0.1566494660071161 2.500032749026937 
0.930796726243584 0.6848672346809787 0.08037369008789703 2.516512494530581 
0.911948217161769 0.6988281436512132 0.1150755979801203 2.472448111519599 
0.909668489865508 0.7074237464315938 0.07393345626660078 2.467822932270983 
0.9912735538280656 0.6062694890544307 0.01142572112522949 2.655002076340058 
0.99238713635096 0.6045278583375379 0.01803417350552839 2.657690795807635 
0.9957117192873305 0.5983120245556338 0.02663540704517015 2.665105391664328 
0.9886215045814279 0.6109869257490335 0.01691843410164664 2.649204085364261 
0.9899362862734642 0.6079700490541818 0.02854904801449379 2.651957976760994 
0.9836321221902011 0.618062305760702 0.02532879290217136 2.63739835611818 
1.001801852983678 0.5831560305005898 0.07355498147423263 2.678716420502462 
0.9919362124143888 0.5990608682786992 0.08640068265184164 2.656462964768227 
0.9783352742781367 0.6197202080058967 0.09388024353574734 2.625232293316399 
0.994400601642929 0.5978906986961577 0.06269487796631273 2.662195510856238 
0.9858593392812089 0.6114568529250783 0.06855266845122808 2.642657098839776 
0.990050152449135 0.6066186520672301 0.05230883010722914 2.652541018160723 
1.00001503961561 0.5915816943843647 0.00069146867348784 2.675034723342908 
0.9998638234063945 0.5918050819477201 0.0002271901270904632 2.674663885203896 
0.9998405194631806 0.5918905049465171 -3.26031423476551e-05 2.674636990442723 
1.000148437592426 0.591383043770577 0.0002234085281938324 2.675360556637155 
1.000003836544004 0.5916016474513881 4.65666862082786e-05 2.675009036756533 
1.000170611198175 0.5913046486165023 -2.872331221605087e-05 2.675387959630348 
0.9993373727171995 0.5929141524348801 6.854662165306006e-05 2.673571228212532 
0.9997521279989489 0.5920288229107135 -2.857253454306883e-05 2.674424921219451 
0.9998585090300891 0.591850873400155 -2.588630859873485e-05 2.674673658650273 
0.99961314388852 0.5922333309874708 0.0007009570122238066 2.674084376724065 
0.9998882338274696 0.5918639471753129 0.0001673676328385206 2.674779951792322 
0.9999647260310458 0.5915485757396854 0.0007606183499165549 2.67484792378822 
0.9886299682704762 0.6105523705869853 -0.0002774433287544629 2.648831721408507 
0.9925477765318171 0.6047721673329747 0.0001498355201044978 2.658208176974677 
0.9957731611033125 0.5991219855764218 4.850112541236139e-05 2.665466501085102 
0.9898067132765788 0.609061514727759 0.004853041623005325 2.651794124008631 
0.9938008711580363 0.6019866148206651 0.004707480986832446 2.660659016312007 
0.9913410516801942 0.6066571457736483 0.01106568529326739 2.65543596039671 
0.9992888419650826 0.5928320961683636 -6.54804355818042e-05 2.673367564805673 
0.9991829309029753 0.5932008492812593 0.001557837411796425 2.673231342954362 
0.9997415120300401 0.5918394005079889 0.00428167930999853 2.674287109255012 
0.9981695634897929 0.5947318052034424 -0.0001256571418612386 2.670771887946358 
0.9976905524143868 0.5955841444770948 0.00374586042622245 2.669698597654392 
0.9958660832028784 0.5991119363270081 0.0001833286029067108 2.665754311344973 
0.9999289902690892 0.5916622843842116 -0.0001446753244823234 2.674797062097694 
0.9999519818893287 0.5916461042536211 -8.222334096162062e-05 2.674862084299947 
0.9999772238649217 0.5916512029735301 -5.443477914029767e-06 2.674946280262183 
0.9997871496257362 0.5919616828003237 -9.302436793258538e-05 2.674500875555179 
0.9998461952317046 0.5919961123627921 2.975060481860064e-06 2.674714796062236 
0.9994822300686023 0.5925275618137409 -7.30687096175358e-06 2.673819657712053 
0.9999292630510836 0.5916589695010519 -0.0001428196418291556 2.674804079055067 
1.000007362883299 0.591572988985126 -0.0002808587177066148 2.675000157707229 
0.9999923984266635 0.5915113171784213 -5.747069334743321e-05 2.67494657934494 
0.9999556717622835 0.5916144644738663 -7.43185336982141e-05 2.674865236789481 
1.000001344406768 0.5915746397237479 -0.0002725122348904169 2.674981230445937 
0.9999965559488194 0.5915632446833972 -1.119552251483364e-05 2.674969854765763 
0.9978498823210145 0.5953846093856686 -7.430880871289654e-05 2.670095450382646 
0.9990493456966716 0.5932104474784005 -0.001678581497166948 2.672793885221247 
1.000066397394007 0.5916410778620746 -0.001490975156487512 2.675236968647839 
0.9989550767844649 0.5935962206432561 8.680991575871945e-05 2.672702640057718 
0.9995236704797211 0.5923236114158849 -0.0008538748580010683 2.673842787752819 
0.9994583624287776 0.5926213308715219 -6.611621931240902e-06 2.673796099116112 
0.9927373557150377 0.6043628813436305 5.298782560270939e-06 2.658575140567877 
0.9939313968385199 0.6020319503972783 -0.006076955863021838 2.661130722060753 
0.9961897008484902 0.5980869208407615 -0.01179111636404314 2.666277738894029 
0.995859592807731 0.5988612994158927 -0.0001881079441309769 2.665584248758522 
0.9969469425619215 0.5969810766119239 -0.003964967299566223 2.668068349591557 
0.9978850626533464 0.5953561559784817 -0.0001638146482466432 2.670203971371898 
0.9928604402473556 0.604308777424706 0.0002488301741934116 2.658963470246978 
0.9898877967254049 0.6087703922864162 -0.0001887770852502743 2.651879399808081 
0.9877381824410802 0.6123911107759299 -8.293423282347884e-05 2.647041132834666 
0.9912446174136413 0.6065763653141772 -0.004802459849233351 2.655010257077505 
0.9883208972616297 0.6116712441519662 -0.003810057681356184 2.648503034157298 
0.988853977940512 0.6101107493957838 -0.01015888275178837 2.649350723283976 
0.9889325221835695 0.610562941184788 7.01401194249272e-05 2.649836311659626 
0.9874773794309754 0.6126943268040573 0.003169164369003944 2.646357182902301 
0.9848288842673921 0.6173253179927332 0.004725965308244794 2.64056466713311 
0.987192342475092 0.6134810485502409 0.0001492709534205077 2.645919839827822 
0.9863563823811492 0.6145920310576024 -0.0002517490098293231 2.643847025552843 
0.9876956128030877 0.6124803106161754 -1.897793871290007e-05 2.646953872452405 
1.000812836054941 0.5899252605486285 0.000104488356292547 2.676709877465044 
1.00044897833937 0.5908872403641796 0.0007761292477839382 2.676067389654478 
1.00006107461774 0.5915770995914753 0.0007345108492500542 2.675185176317552 
1.000275317129377 0.5911273825752611 -2.325257108337661e-05 2.675631175958676 
1.000120655498703 0.5912924900229833 0.0001331961818861696 2.675214803452683 
1.000153145711341 0.5913424404821478 -2.018195654887626e-05 2.675352745459473 
1.003701276689855 0.5852424699589905 7.900407949204387e-05 2.683587525072939 
1.003460812596986 0.5850243165123592 0.003333767220152982 2.682662580685015 
1.002749529761026 0.5875653104944287 0.006059656207042626 2.681790286600116 
1.001846656782618 0.5889367270583902 -0.0001186087046934932 2.679567426633119 
1.001666132341723 0.588305322941969 0.001394742858535046 2.678595801024051 
1.000964872846773 0.5900402838780301 0.0001011735617066895 2.67729539193989 
1.007835376871451 0.5752609587108189 0.03813007893187109 2.692390703028094 
1.012507949117833 0.5676356411951216 0.0193761356470244 2.703195671847161 
1.011254486775361 0.5718982971685164 0.001667300545164025 2.701231591263951 
1.015472894652804 0.5627053303464001 0.03388008787754062 2.710802665442897 
1.016304536593948 0.5606029968164818 0.008283577532273444 2.7118742503214 
1.02209745369043 0.5477918731057358 0.02228378378605055 2.724678346067563 
1.010867095631169 0.5583636334716992 0.1280964124392268 2.700309349315837 
1.0047303379951 0.5744994640992794 0.09688655605503231 2.685524127944379 
1.001761460645592 0.5844923606629505 0.07402256896829652 2.679408397176152 
1.020539288424976 0.5434703957309638 0.1014613581044109 2.721772669559326 
1.012470109409576 0.5635406696190809 0.07903491125909894 2.703738008437489 
1.025496750679572 0.5361998851431214 0.07581860150945129 2.732610368111678 
1.003812258617828 0.5855270968311103 -0.0002255513337499496 2.68414950559501 
1.00654441333836 0.5804912190757977 -2.719470949952211e-05 2.690313222560368 
1.010779785536408 0.5713057102928375 0.002958098803077565 2.699264170731369 
1.005300800248374 0.5811584084085827 0.006165454966626529 2.686577034605481 
1.008453580602629 0.5761926148174509 0.01227594270487436 2.694321527839789 
1.004626897518497 0.5839898400629095 0.0169677363251198 2.686083739523 
1.022489173274915 0.5472938410312133 0.02219612555301832 2.725766845324699 
1.025871011505158 0.5390123353128866 0.04391027435544841 2.733454283679972 
1.026103982991507 0.5370696060267631 0.07444265565389734 2.734950901250053 
1.015030217590826 0.5634786730763764 0.03440653329453643 2.709785518066558 
1.014090561806577 0.5626237587347037 0.05292163772586307 2.706917750876444 
1.007694796049461 0.5752397852003559 0.03795215298896773 2.691984913154698 
1.000634196936766 0.5902187599814454 5.488440409527352e-05 2.676331120576503 
1.000151431814907 0.591081453276142 4.462202375725499e-05 2.675234782086999 
0.9999997721571371 0.5915519320677205 -0.0001986250753140036 2.675008645919351 
1.000458660724131 0.5908937577291994 -0.0009581684779232909 2.676103794668254 
1.000123456427888 0.5913290428843474 -0.0003195045484320885 2.675245736481961 
0.9999471381877815 0.5915552859059191 -0.001436239843510015 2.674794618254219 
1.002980777025987 0.5861869459438585 6.375400797397502e-05 2.681786761775909 
1.001248775896622 0.5891642599706347 0.000243012493418082 2.677765460477858 
1.000666809664834 0.5907048891656436 -0.000392894439378165 2.676737149096636 
1.002152741250678 0.5878617297209211 -0.003840278227468445 2.679964115871749 
1.001008531692976 0.5896489091125372 -0.001637026791335877 2.677199596659888 
1.00034615248215 0.5910878975502057 -0.005690884036656506 2.675871693208678 
1.003976985370374 0.5838234164026843 -0.01078015480854935 2.683821465390495 
1.007492334914463 0.5782699480615888 -0.008533520435802102 2.692208746100692 
1.011077915147077 0.5713162096190211 -0.002361563340781501 2.700410359059622 
1.004253182797776 0.5841370107337726 -0.003694503841427682 2.684748957065054 
1.005312123652963 0.5811698963340034 0.0001818424586279523 2.686768514707257 
1.003015595686338 0.5865140194691877 -0.0007431361381929779 2.682208533871215 
1.021950257512807 0.5485948733349056 -0.02205695636619334 2.724779151222958 
1.016299072706629 0.5599452578425278 -0.007921449224117114 2.711717395415699 
1.010639271823374 0.570452963151839 -0.001756459949712173 2.698507735113528 
1.013537603414634 0.5655019325141057 -0.03068466583467719 2.70567214853051 
1.011548393109759 0.5707110088730716 -0.01775707004613553 2.701612753393851 
1.006253369485196 0.5778364783736214 -0.03122886456938183 2.688384703871495 
1.007370767147446 0.5776518388140763 -0.03050645207357661 2.692050438735008 
1.013426888191471 0.5650659832826349 -0.04342305466537035 2.705548266189369 
1.026194904562247 0.5362086708361933 -0.0621731204225794 2.734098110945788 
1.013210557822514 0.5659107913021094 -0.03044051890625881 2.704800435813593 
1.025479577440645 0.5406244816154236 -0.0398213872008121 2.733017749365967 
1.0220506401989 0.5483350478406784 -0.02235709815038793 2.725013714803114 
0.9787964764178395 0.6210650217107408 -0.09749651944671074 2.627967117719211 
0.9737388920290441 0.6215190044853796 -0.1261299233705185 2.615092345113192 
0.9687406913888236 0.6201213247874281 -0.1661055854701776 2.603626732483214 
0.9930674545593199 0.591407800742293 -0.1166313594882258 2.658780158465723 
0.9955506856231777 0.5811832595603892 -0.1501297583759962 2.665430776143935 
1.013921051337851 0.5535607076358473 -0.1220768193645785 2.707229017291718 
0.8661872499847474 0.7416512872834294 -0.08989523850683556 2.366349718816286 
0.8788717092322499 0.7348858520743465 -0.03783350600898092 2.394768082699871 
0.8984424639112221 0.721486769487642 -0.003957250390095487 2.441617152447853 
0.8502872398575649 0.7552962094859446 -0.04217147226043578 2.328321477288959 
0.8761192660859471 0.7386013007449478 0.001789977683343157 2.388924546345563 
0.8455241795054991 0.7589891026183053 0.009730602338021539 2.316884852239135 
0.9996675942562639 0.5893510201609826 -0.06618411912026394 2.674812168063227 
1.003927503991511 0.5779067338840852 -0.08988221871319999 2.684061959699656 
1.013138294101127 0.5531364400181753 -0.1220516920960154 2.704350085453692 
1.011057738891649 0.5662680139881303 -0.07139406754376536 2.69986098611838 
1.022936401568455 0.5400220281092722 -0.09207926032024442 2.727365689356529 
1.026331473217138 0.5362388129558828 -0.0623190513299604 2.734684460749714 
0.9199753015492732 0.6835842834245878 -0.152195182623722 2.490593658279972 
0.9450180599181182 0.6517498206050257 -0.165298118971103 2.548839909986065 
0.968175407620375 0.6211386641382116 -0.1684465003422128 2.602842752676077 
0.9385293768746961 0.6731324898640373 -0.1030356812674255 2.534655337929029 
0.9531426102455939 0.6522535511370031 -0.1140516561884494 2.567584550535639 
0.953022438665969 0.657923544902774 -0.07219961836452816 2.567129382048436 
0.9244750803157927 0.6789380067590071 0.1571078159114713 2.501866350862354 
0.8975776974435901 0.7103161012977495 0.1342978381598451 2.439938286890709 
0.87156992198383 0.7361365037035446 0.09966714307833341 2.378641193605864 
0.9114063961570037 0.6987830447293086 0.1149130767664689 2.470849810374496 
0.89252485872802 0.7199544316847797 0.08535394568945448 2.426645277647945 
0.9099094987017222 0.7076005817165879 0.07401455818008827 2.468724050645673 
0.9187002507852297 0.6994691403455888 -0.06309251784271352 2.488591656710015 
0.8975716844972499 0.7178137480247022 -0.07452914851317173 2.439354142087704 
0.8668210466422729 0.7406136063960741 -0.08773010604262914 2.366865300773894 
0.9137445715838526 0.6983908694642461 -0.1032946102748325 2.476230642209027 
0.8913867499907594 0.7156367506902961 -0.1275359687408762 2.424563023509328 
0.9199098256468302 0.6849696282923317 -0.1550861787747573 2.492015927273407 
0.8719399893169216 0.7356588069301679 0.09955179998792384 2.379225885768954 
0.8544988058482065 0.752214870181153 0.05633464219705862 2.33873695578462 
0.8452353555203284 0.7592911739558286 0.00939206302792121 2.316345734879047 
0.8787799862153639 0.7350278535241058 0.04012669491828119 2.394689678062194 
0.8753991719523245 0.7385150015306979 0.001450314083628577 2.386696113341269 
0.8999273029583341 0.7207974425252981 -0.003063511689742426 2.445635006793717 
0.9734933078751595 0.6141812774539404 0.164052185878989 2.615132959915368 
0.9749388966016485 0.6194562991579617 0.1233609380632594 2.617369202618065 
0.9784202545150033 0.620663023000015 0.09403328700914967 2.626151541748755 
0.9951370179297507 0.5818434614210994 0.1500196162920434 2.664148909093178 
0.9912901116368731 0.5959504109435239 0.1159708927672648 2.655632499384916 
1.010267314504428 0.5571911848589568 0.1292910020351252 2.697779821392166 
0.972933384299385 0.6133280120794916 0.1658545593408214 2.612728260710608 
0.9507138036974635 0.6454633185916167 0.1658875841141932 2.562509737998107 
0.9246331666814992 0.678965773484803 0.1558431178918796 2.502468406153012 
0.9529595006518889 0.6512096826224213 0.123533237006289 2.56765543582604 
0.9350646566609601 0.6742787621328528 0.1118627136886204 2.525584890177802 
0.9470497383811998 0.6661571051724144 0.0808300093757016 2.554332086523248 
