0.9994388536877982 0.5907509780535407 0.003879578574066395 2.672634913518529 
1.000602381809827 0.5888792921665779 0.002081912544910853 2.675396556164795 
1.000589892558226 0.5890863989697892 1.872396194467419e-05 2.675476328061697 
1.0005663719499 0.5889212219757413 0.005085654296054102 2.675311836847341 
1.001288166817464 0.5873555046969666 0.001421584134831196 2.676781103581913 
1.002248585120877 0.5861726326989735 0.005575996311371162 2.679302807950406 
0.999545746019375 0.5905600802486896 0.004047196305929091 2.672881874593151 
0.9987883491463162 0.591864498513491 0.006397536936687212 2.671142481265427 
0.9973145441505354 0.5944548542399923 0.009063303034576498 2.667810173348026 
0.9973917720167175 0.5942748571744781 0.003713406286165889 2.6679258522381 
0.9957170206487007 0.5968895088482087 0.004525200124842264 2.66393810450514 
0.9953466139398655 0.5976757590763669 -3.723560124407018e-05 2.663171088104784 
1.003388388679634 0.5839239353173086 -0.0002882540369218329 2.681776508130711 
1.005274269134649 0.5803353451316091 0.006142263719005878 2.686008655398943 
1.004777869097758 0.5819927177621015 0.01623889981546632 2.685416055722652 
1.003146065602016 0.5838338680703552 0.003406181910134521 2.680922949635542 
1.003192265762692 0.5847477197913574 0.009437394018985983 2.681642559209432 
1.002098450578388 0.5865548218436871 0.00570743155937644 2.679033563601109 
0.9971318538101862 0.5944441213544367 0.008806896585062727 2.66719905429424 
1.000141709047278 0.589535545958177 0.009111033494932539 2.674289934609447 
1.002075479302975 0.5862963845373069 0.005674526237199932 2.67880653039217 
0.99977787541203 0.5901926179036006 0.01344820710084751 2.673516625732288 
1.00342535939636 0.5839852597804717 0.009533998992052407 2.681976211729512 
1.004573133280501 0.5825672695590056 0.01622874136565062 2.685061532455926 
1.009117626570641 0.5729366568268625 0.03768723211340025 2.695308609754846 
1.006447872331371 0.5786224921627319 0.02426808092610312 2.689203294386873 
1.00440844032679 0.5826776449506255 0.01650552017639843 2.684617024598059 
1.013334277405733 0.5662612047394036 0.01908524138531081 2.705196413016047 
1.008515217257682 0.5747518992427272 0.01225508275185792 2.693708479376756 
1.011721261758098 0.5693528022105174 0.001646757501869462 2.701312853752956 
0.9711343127515021 0.6356770785201793 0.04408494054803255 2.608635163169845 
0.9817849713709901 0.6197738909245434 0.05232852124988877 2.633505393434534 
0.9912133711650301 0.6046149822458119 0.05158611488580633 2.655229684540964 
0.9731200424655045 0.6318089744825927 0.06737768874441627 2.613879317629992 
0.9877522027086921 0.6082305844969591 0.06922688334849593 2.646858640067467 
0.9804277111818207 0.6174132524943048 0.09380259931306444 2.630586600292316 
1.003973432657889 0.5817855737265846 0.07383358791657098 2.685159865101711 
1.008261615316086 0.5744436351136295 0.05301089536100414 2.693991758156404 
1.008928019760042 0.5729358763413402 0.03745628816570689 2.694862022181826 
1.0146001212426 0.560752454795537 0.07851061644320885 2.709282047846729 
1.01619894605676 0.560391197554056 0.05210886909708586 2.712724095090064 
1.027089875826797 0.5344776406441053 0.07561919535287503 2.737064865506903 
0.9910080602424396 0.6041700736180481 0.05153428874095509 2.654123404878125 
1.001771718646761 0.5873389107043485 0.04895770961366894 2.679560903032914 
1.008930294255264 0.5733512436005168 0.03730386372156698 2.695027408529254 
0.9963421265144392 0.5952303955049095 0.06276924255409101 2.666996001161753 
1.008152607591633 0.5734777018972952 0.05351057905212479 2.69308487707858 
1.00399485428967 0.5807018714073591 0.07376092663022728 2.684600072712299 
0.9484430346161152 0.6633687666133673 0.0811975916151086 2.556820143911077 
0.9626299533150775 0.647088775423489 0.05877131711965263 2.58947247430273 
0.9718028053617918 0.635749566156681 0.04524919805616053 2.610968822424621 
0.9650635909863792 0.6404381083175725 0.09235718387679479 2.595500052974024 
0.9726972783814495 0.6317717758795959 0.06680527064762515 2.61249680244025 
0.9804497317833549 0.6173185041498881 0.09357110677359139 2.630532784202979 
0.9964925259173344 0.5950783182999515 0.02652746462679768 2.665827645853575 
1.001126421366498 0.5886348982407517 0.03306585536541145 2.677551770887914 
1.009133700886392 0.5732849555459715 0.03736559541643113 2.695518138720219 
0.9948923213464197 0.59905747482023 0.03654846610656836 2.663154662703341 
1.001533328413361 0.587020515856215 0.04850578813627631 2.67859049216908 
0.9912159655816909 0.6041966322331305 0.05191617948137137 2.654801199446595 
0.9842053373585987 0.6151075823772247 0.02474276252482255 2.637437927153063 
0.9907433907856715 0.6051613631817953 0.02850562952423632 2.652909495843983 
0.9961665502905331 0.5957238974795053 0.02629604561759395 2.665150223139617 
0.9864092791256508 0.6128505871546274 0.0374162194599073 2.643653862709713 
0.9950072856663547 0.5983556723671812 0.03708404471816808 2.663111322649212 
0.9915344750830728 0.6046206891101431 0.05141915628374993 2.656062203194425 
0.9831851989341618 0.6175998277325638 -0.006310430386334045 2.63532672312019 
0.9833133920398537 0.6173237457596663 0.0006663777133679878 2.635569390044677 
0.9848763263206821 0.6145079982302983 0.005301597986001828 2.638988584589235 
0.9792428179766518 0.6246900223667552 -0.001833228963366622 2.626908704976328 
0.9813856719549456 0.6209167517552904 0.007065340069693427 2.631528747648443 
0.9749025698882053 0.6310195661974483 0.007940558237933314 2.616868832412476 
0.9910188786786418 0.604268274267752 0.01084335389943059 2.652918951126856 
0.9946549138764933 0.5987829895007475 0.01123025617990349 2.661618555021945 
0.9971169131941453 0.5946847876245387 0.009190834437907431 2.667325431594422 
0.9928059507200603 0.6023208598943494 0.01822364014514125 2.657730769842546 
0.9971629065721789 0.594525638073947 0.01567348050036283 2.667417037991573 
0.996387171996257 0.5960327472708619 0.0262640285687476 2.665972925980618 
0.9745312175107459 0.6310553235555368 0.008691556089261431 2.615679804134207 
0.9815210318389311 0.6209089163111482 0.006761767361015311 2.631969835293251 
0.9850793880917723 0.6143810819076279 0.005335052794593107 2.639573789931516 
0.9787338233147889 0.6249390475808817 0.01942404097434384 2.625617461314739 
0.9838044978629894 0.6166160269749158 0.01232165243814461 2.636805414661353 
0.9843941359958261 0.6159323958560595 0.02489442187533646 2.638555430226688 
0.9973957622454763 0.594224245679008 0.009350002406687619 2.66796644793777 
0.9997163623655756 0.5902492258736181 0.01322674875296766 2.673342643609039 
1.004449654000071 0.5826550258953556 0.01605836536677601 2.684703118810457 
0.9970658374563469 0.594920112339376 0.01541503359096115 2.667332202274261 
1.001229990866686 0.5877873204543957 0.02286578041774655 2.677107635272749 
0.9962744421742109 0.5957935502324272 0.02655202739172868 2.665472920304091 
0.9961154763314993 0.5952829535967031 0.02584851850785355 2.664654259381549 
1.001477224643048 0.5876797205407749 0.02310494183275582 2.677878009832144 
1.004281472847964 0.583004032776587 0.0162479872751671 2.684380950001812 
1.00135187228556 0.5885310092697439 0.03344253433435242 2.678242727472905 
1.00684216688949 0.578089973504561 0.02433376081667393 2.690210947862888 
1.00913876463091 0.5733115344291995 0.03764206956446806 2.695554460868739 
0.9994839955905765 0.5907555566783718 0.003962209978798757 2.672786809812803 
0.9997365797554618 0.5906806141113392 0.001725674633801086 2.673576834749769 
1.000164038889164 0.5903909411059327 0.0007681675654411603 2.674827870991909 
1.000540169625368 0.5889062929793893 0.002043824346811707 2.675204897880384 
1.000315152446566 0.5898128774747741 0.0007278353625703727 2.674988176921704 
1.000725779782739 0.5888802229018202 -0.0002499746648320644 2.675804637584884 
0.9972953968554099 0.5945975538863005 0.009297921578025206 2.66782996102834 
0.9987481958378097 0.591782196908839 0.006305503348648124 2.670961217281985 
0.9994821195606751 0.5906574384916494 0.003942033882179917 2.672727665944351 
1.000087605502013 0.5894585536200631 0.00889281454620266 2.674061996291545 
1.000403404323599 0.5891166874618234 0.00496385646012998 2.674884971941045 
1.002087814380798 0.5862662442383467 0.005635005410439865 2.678824305117258 
0.9991451902456737 0.5916778239809501 -7.814893352103536e-05 2.672199772626627 
0.999638746107004 0.5910588084486447 0.000779015908189375 2.673474643645306 
1.000122473967862 0.590409339443685 0.0007748089732092806 2.674700103239381 
0.9989052260744068 0.5918622350559231 0.001621606891286838 2.671513002815685 
0.9998078134689046 0.5904069353303212 0.001718324293447366 2.673652035465949 
0.9994667825919341 0.5908342880936974 0.003864872455265814 2.672776381457272 
0.9802587832956455 0.6180985678102306 0.09379537413483832 2.630543160439752 
0.9943341513127665 0.5963842042055937 0.08623165725338076 2.66273113868812 
1.0035367167415 0.5822301621360831 0.07354481809182094 2.684101417720395 
0.9936500659216436 0.5931101697851707 0.1155861893146871 2.661583615029678 
1.007382971788638 0.5718375354936708 0.09633484218995947 2.69281655305794 
1.012382806274929 0.5555108021762313 0.1289249744129993 2.703852888331221 
0.9998158425286404 0.5899671143076232 -0.0009611316967067104 2.673414010292922 
0.9998208481970915 0.5898254549388028 -0.0001051529012218862 2.673352885910348 
0.999960466043852 0.5896132314152281 0.0001437041170793766 2.67369146127892 
0.9994828547853423 0.5901012724519084 -0.0005987751923518832 2.672392657015975 
0.9997677156605953 0.5897249678587722 5.408067236278557e-05 2.673114387217913 
0.9993852174059863 0.5902389558842723 -5.488664821293085e-05 2.672142798932104 
0.9998577048565207 0.5901575564582326 -0.0008598534834715934 2.673667813214936 
1.000130354488733 0.5883862896844149 -0.000232725833874131 2.673533464990404 
0.9999623570854859 0.5854645534370626 -0.0001413425110156452 2.671291180330387 
0.9998176174956429 0.5899570156411147 -4.20484003773298e-05 2.673422696337567 
1.000038296535666 0.589243296355873 0.0001512289385820612 2.673727461927915 
0.9998955257812242 0.5895444387586245 0.0002412782306472925 2.67344464141146 
0.9998916043493217 0.5898739415473424 -0.0009676403222793794 2.673611389712891 
0.9989113436763962 0.5909512585535375 -0.001536220208683264 2.670996401807129 
0.9975745563944887 0.5932368631639706 -9.400215382721088e-05 2.667902480664546 
0.9998330156254804 0.5896798351623596 -0.00235194279584722 2.673300262758587 
0.9981706631647356 0.5920455967124639 -0.003301374994469751 2.669187384739899 
0.9998432015877695 0.5895734798812544 -0.004931298612176652 2.673275553410577 
1.00002898561766 0.5897591469195607 -0.004864377720759814 2.674022525448131 
1.000680559734469 0.5872291220617586 -0.001573758724336932 2.674688947484044 
1.000310879532031 0.5846888668783898 8.033078249319699e-06 2.672006978118485 
0.9998029647029451 0.5901609750968951 -0.002349677820558056 2.673494705880954 
1.000242067331455 0.5882576558277877 -0.0007781960669097011 2.673829752725756 
0.999835513424892 0.5901394319509273 -0.0008791749839869329 2.673586293698885 
0.9961061038807302 0.5955574790442434 -0.01133970585449503 2.664476125954589 
0.9985611554646052 0.591505126456125 -0.008583746696760326 2.670187835472869 
0.9998739237304617 0.5895171664576082 -0.005129200338388032 2.673345246659875 
0.996565852996086 0.5948804859460731 -0.003742195082505729 2.665547409752356 
0.9980367605212754 0.5921312625219479 -0.003283066066519306 2.668793617564755 
0.9977418940877799 0.5931739432523123 0.0001002094841420244 2.668422161956207 
0.9999825747515203 0.5899160001361095 -0.004723536329551868 2.673970034325377 
1.000996866560665 0.5874541377301488 -0.007241129502572762 2.675941413229153 
1.00326764484437 0.5827435207531447 -0.009979544187463765 2.680787954308287 
1.001485834354976 0.585772370953783 -0.003672895978496426 2.67651884816808 
1.003258908366267 0.5813583157453113 -0.003690180433721684 2.679837900311706 
1.002069078436327 0.5810816528937227 0.000138028788700805 2.675779061973191 
1.003067233590257 0.5833715570893074 -0.009665845209303369 2.680523731919657 
1.004718907435194 0.5808269529151464 -0.01701003228715546 2.684640971697588 
1.006022169477515 0.5769792633532863 -0.02983715461545742 2.687046801699156 
1.006115476064454 0.5756546351212058 -0.008550604926209366 2.686108668804152 
1.010038265124176 0.5683731260538786 -0.01670810218533359 2.695213488685833 
1.010045900790903 0.566766485870539 -0.00284523899500266 2.694409627462866 
0.9892790289396051 0.607639469327709 -0.009624352596234644 2.649242461332102 
0.9864251415757581 0.6121506352336521 -0.00936783764748284 2.642616957283907 
0.9833067117498098 0.617787766297525 -0.006162327464700842 2.635865424387101 
0.9872272939361119 0.6112364034576129 -0.0149970593235146 2.644736851395224 
0.9826900659646316 0.6190848534266756 -0.01340293268095661 2.63470273146108 
0.9832241857793881 0.617450496485777 -0.02293217701647448 2.635615219577702 
0.9926030831206759 0.6021593685993639 1.534055125241843e-05 2.656798474907781 
0.9913012823861229 0.6043193575715557 -0.004201330450297032 2.653814960067526 
0.9893250543629658 0.6073782589208067 -0.009494666380800978 2.649214667598526 
0.9937135892769743 0.599687197419021 -0.005718970170161705 2.658993058215773 
0.9926789717281652 0.601508345920863 -0.01190592713341373 2.656735753898219 
0.9960892089541935 0.5961222854149482 -0.01156357507794965 2.664765248397627 
0.999965332208456 0.5896297853594683 -0.005116256198821598 2.673720241133938 
0.9986106189852922 0.5911010658106978 -0.008285479974344721 2.670108527808198 
0.9957659140858061 0.5956672890887904 -0.01146586229549579 2.663418369020185 
1.001101715620787 0.5875461268469586 -0.006922170419642192 2.676304480366964 
0.9994627206114376 0.5899736486686982 -0.01314531842825771 2.672328371237876 
1.003367938836774 0.5825673779876644 -0.009831733116280378 2.680993275593783 
0.9962791678027482 0.5952798210279195 -0.01106581682996514 2.664895844275 
0.9983379967705269 0.5914922434411517 -0.01971685567777909 2.669599366941705 
1.005347820740664 0.5793796719467125 -0.03010189786730406 2.686110851496359 
0.9995902931036578 0.5899535793208333 -0.01344169353556553 2.672742908560725 
1.004629000148432 0.5803128031448621 -0.01746054097299836 2.683998161359876 
1.003240961756015 0.5825863451619423 -0.009500702135017254 2.680582797320219 
0.9926726737382461 0.6011314740483151 -0.03033117656356587 2.656905667819001 
0.9941309217574578 0.5986581932928414 -0.04526953370961992 2.660739941634747 
0.998762178102051 0.5881093685408409 -0.06553920129247819 2.670944510983224 
0.9987601576357266 0.5910946173831523 -0.03462557777062963 2.671158243915166 
1.004354609491414 0.5795151826008371 -0.04571888392350337 2.683536636813141 
1.005385207424067 0.5777061797163171 -0.02899152435309401 2.685314715262993 
0.9893859017112099 0.6074549807246288 -0.009665350270733777 2.649482874171022 
0.9896809040568377 0.6068505772230055 -0.01855024597089411 2.650166910213642 
0.9922201725272083 0.6022243539441012 -0.03058319561614941 2.656047470329494 
0.9927889232978638 0.601726249649339 -0.01221742105379719 2.657220897684244 
0.9949600168728853 0.5972896767883286 -0.0189203406006063 2.661837474800154 
0.9960850445112798 0.5959989671123268 -0.01110966766562154 2.664671077366945 
0.9786987703002396 0.6230832588824183 -0.05201973618453546 2.625454784088331 
0.9696317067051107 0.6370046677591453 -0.061256153660804 2.605589909889904 
0.9538159331503013 0.6571213231388431 -0.07022374598652846 2.568704846434441 
0.9780865908742031 0.622710965549376 -0.07072489907184905 2.624465546336237 
0.9652971040450061 0.6383828396920678 -0.08748521193047913 2.594419605833444 
0.979111076812472 0.61790405573788 -0.09669221256977537 2.626811554025851 
0.9987419473866329 0.5878731570279386 -0.06484286534175647 2.670750286095546 
0.9878349840608756 0.6077634706994519 -0.06314530263539267 2.646525531776366 
0.9791067695006005 0.6229166722911058 -0.05134125198980921 2.62665623371767 
0.9915186889163111 0.5992951422695637 -0.08155885108412625 2.65482114149189 
0.9779579186327778 0.6227444457426352 -0.0711626221722198 2.624065036058447 
0.9789243998762546 0.6179928556901597 -0.09708313775272538 2.626233212633489 
0.983213947590861 0.6177413610753189 -0.02350249731783733 2.635826573945232 
0.9773264680396155 0.6270417986540572 -0.02362994617289996 2.622457639393744 
0.968583770986247 0.6405028353716805 -0.01847066152883083 2.602668802897551 
0.9814524578807619 0.6207771290140666 -0.03429247549352998 2.632249471582573 
0.9718096221400305 0.6356667867468527 -0.03663603830569108 2.610462908114622 
0.97897851186694 0.6241437279134016 -0.05201798660080412 2.627062125333373 
0.9892271238551438 0.6075817275178704 -0.009935814500883424 2.649040908593796 
0.987174471846231 0.611393048689019 -0.01469826481203238 2.64465456490567 
0.9834308368794652 0.6173597149788702 -0.02289503755320324 2.636237396868445 
0.9896525034184047 0.6067802445599225 -0.0180513804520538 2.650031245701824 
0.9875582513965353 0.6102303720037499 -0.02877307787411676 2.645530926125728 
0.9923870290081148 0.6022499521369483 -0.03139825850512044 2.6566369430603 
0.9833039228949265 0.6180391552463781 -0.005838604750547693 2.636016067972484 
0.9792840222746183 0.6242019116820376 -0.002363294268697921 2.626741574688156 
0.9745124720949164 0.6314909919339895 0.008087575158838721 2.615911129035514 
0.9787143202518022 0.6256032401711421 -0.01049120936958015 2.625827969421924 
0.9707966237318063 0.6375864057451546 -0.002531766607600555 2.607732012418686 
0.9689591951061031 0.6399213942955682 -0.01776197482738106 2.603428092873851 
0.9923203724523336 0.6017983677977151 -0.03059435498465494 2.656125549403166 
0.9874634085712326 0.6106227545113155 -0.0291451932633437 2.645463636424619 
0.983538272954828 0.6175634591122593 -0.02314713960642964 2.636767051399053 
0.9878847726846378 0.6093635155399842 -0.04111990191368364 2.646507019843721 
0.9810822296199485 0.6209918648847355 -0.03466208291167697 2.631176361748361 
0.9791064316924567 0.6241155014966414 -0.05211023310932777 2.627425083609085 
0.983520420637951 0.6171239337814122 -0.006098496159454175 2.636138743027247 
0.9864265557828426 0.6125333457170548 -0.009127988715331603 2.642851238520539 
0.9892244436280772 0.6077197328512443 -0.009793331866530301 2.649092452586061 
0.9868254073366846 0.6117849500470042 -0.002485303207671486 2.643652947581203 
0.9883777964543474 0.6090230651546743 -0.003328763252574347 2.647055078819973 
0.9878102351597244 0.6102486132562271 -0.000100030246274171 2.645947324621276 
0.9687459683534819 0.6405548249347525 -0.0197606273998988 2.603392609554284 
0.960136652851267 0.653279020396329 -0.02070333692042061 2.584067462676426 
0.9461072976160947 0.6718654001906076 -0.02127367986032444 2.552166486431227 
0.9615940523733513 0.6505543084346146 -0.03682241751430711 2.587378086917687 
0.9476101411896478 0.6679327159017502 -0.04620438414751947 2.555077375772424 
0.9537423198382319 0.6573422037885923 -0.07043995375307154 2.568665384141057 
0.9831614095933777 0.6180803243978233 -0.006129303192178893 2.635576356274911 
0.9785143036774258 0.6257406513748746 -0.0102395878359128 2.625259265979101 
0.9694018166915982 0.6396052971183898 -0.01855367879157184 2.60466478806027 
0.9824136130991391 0.6189606831880202 -0.01297993095600205 2.63372142875755 
0.9773342803214312 0.6277206958132079 -0.02329547616844341 2.622914962800943 
0.9831519563612925 0.617666796903556 -0.02331963496331544 2.635536538525753 
0.9745564693435376 0.6312751751884306 0.008589257126785736 2.615943490422215 
0.968316913679815 0.6416257219969164 0.01145077161742373 2.602434757206701 
0.9582464386481185 0.6560510290945665 0.01468083116639094 2.579792244334789 
0.9707928620339907 0.637663535158428 -0.002298096393617919 2.607773227864529 
0.962406301570807 0.6507016564824494 -0.005505053896247686 2.589444024818764 
0.9690491034335239 0.6406694527400296 -0.01903932801116621 2.604305408316535 
0.9028090767875752 0.7184205628726363 -0.001662293612554725 2.452446861494852 
0.9203428769590258 0.7014927165485565 0.01637110194487268 2.493107452946436 
0.9340641108094008 0.6846717383571823 0.02706335534068031 2.523854916663887 
0.9037819712878 0.7162823074905322 0.0373299362197836 2.454533372199711 
0.9238735694498247 0.6962397710991898 0.04666108273668246 2.501100697081287 
0.9129667232829167 0.7050321526930577 0.07435461762412852 2.476076270265005 
0.9463165575978938 0.6720121417762497 -0.02108607870960945 2.553228370710304 
0.9379001848570813 0.6812682319991945 -0.0006272002965072695 2.532990522969683 
0.9343164167255857 0.6845270674403838 0.02730202618901782 2.524466428379405 
0.9284842283220041 0.6913728146343584 -0.01645091807257478 2.510873893252802 
0.9199739659775903 0.7018245183169504 0.01610971667612516 2.49221637250304 
0.9028901434363107 0.719334690818937 -0.002455748266432572 2.453145628156566 
0.9787362323537742 0.6232124717524149 -0.05162008267569414 2.625667241432267 
0.9716673787364524 0.6365247450406405 -0.03705575147246088 2.610579938627289 
0.9693387200675214 0.6399843434125392 -0.01849030080469718 2.604904260535266 
0.9689960668607701 0.6367121448611093 -0.06200939867756552 2.603367220945261 
0.9613900904921197 0.6507435058381001 -0.03721727321921169 2.586853700989025 
0.9538002117648222 0.6573516885736752 -0.07033720842453732 2.56879716874417 
0.9579466086863269 0.6559948575808834 0.01459787626737364 2.578868552145511 
0.9484297554639253 0.6691105872751832 0.02006737755126645 2.557572240861402 
0.9342963049424337 0.6849525644163963 0.02754312857707661 2.524603320162051 
0.9513284643442957 0.665528629662605 -7.316278043562773e-05 2.564064617888412 
0.938225045148926 0.6815193038023998 -0.0004250615894604854 2.534062448666619 
0.9462038554131569 0.6718064470228344 -0.02204943352122978 2.55249096416545 
1.005575155842647 0.5765569954112029 -0.0299236088751003 2.685456647912656 
1.004517547864551 0.579407385317651 -0.04533415565128997 2.68404500058061 
0.9985316353907399 0.5892987959851409 -0.06520102230730272 2.670818622765916 
1.013006639351915 0.5632912099094227 -0.04227851084696792 2.703094910401026 
1.011148390722386 0.5638446586824222 -0.06934878479037937 2.698673969582135 
1.025530371457888 0.533510650734441 -0.0618197336163031 2.730462499406912 
0.9959095868505281 0.5951258418250049 -0.01207899203979821 2.663609972663143 
0.9948904283292457 0.5976675506867876 -0.01834703347213921 2.661841134045139 
0.9924602973978012 0.6017519628594564 -0.03044469167054065 2.656543426265984 
0.9983500773117576 0.5917262467317439 -0.01911165281454298 2.669768749497998 
0.9988773722955308 0.5905720830936187 -0.03370678523829055 2.671213520012759 
1.005679372264437 0.5788354943597026 -0.0308959799212363 2.68692574173271 
0.9786144883000623 0.6202392057060296 -0.0964881234617298 2.626541612530922 
0.9937507014369243 0.5892242050793307 -0.1152014179921668 2.659575885502402 
1.013351067236942 0.5508952690091977 -0.1210938447705091 2.703799717555027 
0.991756542043757 0.5999302117250943 -0.08114715881308859 2.655952813640154 
1.00413429168505 0.5761832694024767 -0.08882069820769471 2.683718687107917 
0.9987196874822201 0.5877539431896575 -0.06557995573410914 2.670680422702786 
0.9921762300802707 0.6011168268047912 -0.03138931625508372 2.655300874197307 
0.9880030050129649 0.6097051853536326 -0.04076791265253394 2.647115990442938 
0.9789601075519482 0.623939135609793 -0.05198605168969962 2.626785665023523 
0.9943173155410641 0.5987031513406161 -0.04472344311994064 2.66138103080087 
0.9879709185128541 0.607174482475108 -0.0624714878798391 2.646546038416164 
0.9989304330191232 0.5880249607143193 -0.06539090734296685 2.671478874435841 
0.9540020215844826 0.6556241731586412 -0.06996420287887434 2.568653463705536 
0.9545531885602108 0.6507636655182182 -0.1138077688748347 2.570902360406843 
0.9674983937301586 0.6190273235850364 -0.1657416106347548 2.599125432325683 
0.9657192347729137 0.6392000935348188 -0.0885612978178906 2.596352144314554 
0.9743420908821016 0.619678590302725 -0.1253629379740437 2.615851230828413 
0.979204055461364 0.6190557770711049 -0.09686069546679378 2.627931772997903 
0.9212348040683171 0.6971505439905786 -0.06187123421963169 2.49461511968819 
0.9158341104655776 0.6968942684465014 -0.1027758776185919 2.481282543238248 
0.919492700782861 0.6826375059800256 -0.1519404721649764 2.488546470610338 
0.9398236573614667 0.6745606896592582 -0.06988297346367157 2.536656565731595 
0.9399375356279362 0.6710282054712132 -0.1020188636591565 2.537427467301924 
0.9537809246078888 0.6557520026452197 -0.07081367208341301 2.567947437887925 
0.9848225244798566 0.6150483969690438 0.004885872522741113 2.639124592854806 
0.9834342625241346 0.6173206997808666 0.0004599172359349654 2.635973841995724 
0.983316003436571 0.6172977428977564 -0.005812080547866197 2.63557433788602 
0.9865418031497633 0.6120107757019345 -0.0003132105222113878 2.642849888212578 
0.9869497734973519 0.611678491236439 -0.002663404756449848 2.643996612634455 
0.9878401561594603 0.6102608747821605 3.869201468015456e-05 2.646051200183594 
0.9910853537028481 0.6047781466052502 0.01098377126790173 2.653436745742398 
0.987562514798378 0.6105201343492525 0.00960672880436716 2.645348450566867 
0.9848114402690215 0.6146786548533499 0.005278049529531964 2.638852168389185 
0.9896099589000518 0.6069352165552956 0.00447892025678403 2.649837091933642 
0.9875769406234594 0.6105435548164134 0.003060720226800085 2.645354767173945 
0.9889000300411269 0.6085022424774582 0.0001014310064990227 2.648461183470277 
0.9910606964077429 0.6045000074845993 0.011141339540948 2.653225128009518 
0.9889076307928024 0.6082926157035444 0.01730966418367038 2.64847624599892 
0.9846146599917365 0.615669760018572 0.02472636369706783 2.63911506427021 
0.9875501051955669 0.6103675932889528 0.009772165157468562 2.64522455806959 
0.9839164595366172 0.6168541286351785 0.01284508148334888 2.637330008553774 
0.9847715540506355 0.6143807299979001 0.004869350737169468 2.638543674683496 
0.995483717685669 0.5976052668240754 8.96964986712808e-05 2.663588603380599 
0.9957317757111231 0.596859828354388 0.004301925790149258 2.663969453154533 
0.9972372314128524 0.5944951080804379 0.009025705379029466 2.66757856331507 
0.9935918870065319 0.6005158479214115 0.004361249098862442 2.659081448977243 
0.9945788140939724 0.5988683037715381 0.01112308805869766 2.661409328666372 
0.9911612385761149 0.6043824845000415 0.01122520909918235 2.65344906269625 
0.9581392487453194 0.6559460259444041 0.01452234798783287 2.579414888223323 
0.9513144886792281 0.6659265871289328 -0.0005397547203086785 2.564288354735606 
0.9459482340345625 0.6719021194857516 -0.02154770446239652 2.551616642948296 
0.9622583265548387 0.6503589791727091 -0.005860093259509483 2.588761385308217 
0.9600264339486611 0.6532659836806959 -0.02094750141664724 2.583726992649094 
0.9693659481667185 0.6410411214609975 -0.01825133656784937 2.605639885308822 
0.9463731955057019 0.6715246343954927 -0.02129244610174288 2.553019932066086 
0.9349090697353152 0.6832463184441319 -0.03731652231638351 2.525553585949478 
0.9215152949778893 0.6969547650858497 -0.06189081992797651 2.495309904103551 
0.9471701858170691 0.6682902144264866 -0.04671711142554614 2.553979387015753 
0.9392507529092103 0.6750420947256867 -0.06932811197704193 2.535148520644114 
0.9536381628701085 0.6564945037845681 -0.07022372028577867 2.567739271498077 
0.9456856980014136 0.6719469148119983 -0.02189940965772976 2.551177361416825 
0.928880188827594 0.6913102222373083 -0.01616896424078132 2.512064427348734 
0.9024982131706795 0.719707413775426 -0.002158603844500683 2.45218426861986 
0.9352346585162583 0.6831117836020614 -0.03737383179177928 2.526472771686513 
0.9095890436539956 0.7109537277500008 -0.03505611273523258 2.467842736006306 
0.9217039351127537 0.6967885395482315 -0.06164310259410895 2.495806229581244 
0.921652944949058 0.6969893008065018 -0.06111504916717254 2.495770274074279 
0.9094002229774457 0.7110162769007561 -0.03564948226527054 2.467289785328429 
0.9029848568548663 0.7181002663155197 -0.002349931106763228 2.452704920389296 
0.8997789864494768 0.7156678750302345 -0.07389069470761429 2.444161328067113 
0.883484023865225 0.7331302011509684 -0.03791175856415372 2.407035389149045 
0.8683435709366877 0.739371123047555 -0.08810435366456662 2.370497164718367 
0.9485419030045821 0.6638735020862833 0.08110269448256134 2.557452934714201 
0.9382652199299544 0.6783248650739806 0.05595985053207283 2.533539666702103 
0.9340609341254393 0.6850628246507091 0.02747504139269404 2.523947044112015 
0.950288345226004 0.6649615304723883 0.04066475261177978 2.561278076566324 
0.9487270456494591 0.6689334529063355 0.01953814563409138 2.558404913037022 
0.9588815112562032 0.655574625891878 0.01497229199675174 2.581570790163681 
0.974500683918645 0.6308886560637522 0.008007545708284521 2.615462011493105 
0.9787287602325101 0.6245353994350782 0.01969404596243223 2.6253424866963 
0.9843937305918119 0.6153262204105548 0.02521512257572311 2.638272580188375 
0.9714893837715221 0.6366162671668666 0.02308991431356552 2.609643406334178 
0.9797846432079903 0.6229184386128156 0.03368466223349379 2.628082609637558 
0.9715128448723324 0.6360194373737654 0.0442295486960466 2.61005514773452 
0.980070110527983 0.61848409119335 0.09372959144576862 2.630331442660673 
0.9779065768657083 0.6165447210860172 0.123377088705326 2.625097301807363 
0.9748134842982632 0.6117730874561198 0.1650889232167772 2.617822529361637 
0.9655844274230195 0.6398679386789026 0.09246088677249091 2.596718115601466 
0.9555699231081478 0.6485986285584069 0.1234793949830415 2.57406310405435 
0.9486317800127897 0.663499241564544 0.08029826114545398 2.557528676955437 
0.9712910253185969 0.6363410996563004 0.04438413579823035 2.609545039896418 
0.9633268767355362 0.6485339660913915 0.03243478365816024 2.591473244457614 
0.9579251098188151 0.6562085265389342 0.01489458173762349 2.578872387031486 
0.9713157183030273 0.6363483826614835 0.02256874788386904 2.608888764315614 
0.9684150485855549 0.6415790507305813 0.0108427973202092 2.602729783538642 
0.9749807240969474 0.6310593431657658 0.008807911153254119 2.617180887242258 
0.9915047892129438 0.6046274079278231 0.05136055451651313 2.655948378904552 
0.9816457747963501 0.6202859709776841 0.05217575067858601 2.633358002690498 
0.9711553496612323 0.6359634511352633 0.0448340361790999 2.60886613627854 
0.9861561059552277 0.6127906047257839 0.03689282217549374 2.642783114687341 
0.9797539989979602 0.6232559336271032 0.03298874101328321 2.628214281955375 
0.9846919291427847 0.6150391214459267 0.02543516110643665 2.639043195941817 
0.9487517627366945 0.6633972380582713 0.08067424639237811 2.557799134353639 
0.9505443142677376 0.6651316203625749 0.04120166440730735 2.562241260728483 
0.9582548433227113 0.6554122134302223 0.0139738670162372 2.579369941794454 
0.9628458753867147 0.6466446820111936 0.05970602483964356 2.589830883582092 
0.963274585866886 0.6483388043555713 0.03278329441971117 2.591194838872709 
0.9711672047127203 0.6362303872722695 0.04483019303782899 2.609278182859683 
0.9133788200898038 0.704879304859763 0.07449328568756078 2.477318987406222 
0.8976006605638739 0.7170712021925993 0.08601449885563313 2.439569294314742 
0.8766981694240218 0.733755653985919 0.09947536617069311 2.391720116006971 
0.9034851565174509 0.7175072981288664 0.03755715402006939 2.454638481489459 
0.8846067217889272 0.73242777794623 0.04014126566557107 2.409908037822393 
0.9034016917781427 0.7174013445354855 -0.002511822801018155 2.453394657889936 
0.9491035212821247 0.6631733783533443 0.08122931985188869 2.558895674997911 
0.9333401405835899 0.6823077798263559 0.08072540345840133 2.522573961540538 
0.9134104205987786 0.7045276525514849 0.0737568562135486 2.477055635334778 
0.9383289500637489 0.6792382087247598 0.05649887413760593 2.534536021288857 
0.9234830606364764 0.6963778768486052 0.04654231102595399 2.500008839620964 
0.9339114726463971 0.6848732064251558 0.02718513896459039 2.523457359694578 
0.948752003890778 0.6638650001319837 0.08064527790355987 2.558314103649901 
0.9385172516004049 0.6715491190462795 0.1116923435497718 2.534404583984352 
0.9262030177457766 0.677289015856228 0.1561727162662215 2.506047523221986 
0.9338001615023032 0.6822467978219557 0.08033028321856724 2.523991911244826 
0.9150231260512061 0.6965428896462209 0.1147100289077048 2.480114272677663 
0.9137348587977328 0.7046555112059891 0.07374958402310851 2.478147899048091 
0.9912574936990554 0.6042256849870212 0.01130866347417068 2.653699294913539 
0.9926225240838115 0.6023302591559961 0.01781602894950591 2.65712836647137 
0.9962958061666422 0.5960917666416233 0.02625994516492734 2.665700094381441 
0.9889085076735785 0.60861523324125 0.01680701996294983 2.648684942700397 
0.9906268707012768 0.6055056723782277 0.02837479034932932 2.652720643015056 
0.9843459744191694 0.6154496230613177 0.02535301942805868 2.638104307530817 
1.003828119030126 0.5807088645730759 0.07335208169744342 2.684035177484762 
0.9940039506924816 0.5966068276190282 0.08628149250617961 2.661806857846048 
0.9803287170200226 0.6173482535477985 0.093898519658402 2.630245477989499 
0.9961557109105059 0.595259948361195 0.06254276605231454 2.666422230262543 
0.9876091657152201 0.6088402931323573 0.0685207798034765 2.646790866896192 
0.9914590509348494 0.604032612065125 0.05219944798189578 2.655603921015042 
1.000119699145728 0.5904402449700034 0.0006481934085819437 2.674708191241307 
1.000321233996549 0.5905010969949658 0.0001859156453107538 2.675414201246504 
1.000671824629145 0.5904125800735047 -3.378776291466403e-05 2.676528183108612 
1.000582927330979 0.5901041780187803 0.0002371452275972796 2.676050545755131 
1.000797975696942 0.5901885784307485 4.353279878613438e-05 2.676815797524373 
1.000980373102792 0.5898618676796844 -2.456539405567095e-05 2.677230143978286 
0.9992231538616708 0.591677601018967 6.739299828440662e-05 2.672458654446127 
1.000065386311349 0.5906894215573251 -2.698106069428786e-05 2.674674237739083 
1.000693007573596 0.5903710961932335 -2.410648817905608e-05 2.676574584007314 
0.9996050118059455 0.591040198780248 0.0006781991640616663 2.673351220233475 
1.000341746607976 0.5905599976614802 0.0001292596705118788 2.675517346778894 
1.000076843164657 0.5904103561911456 0.0007075437741936029 2.674547983176265 
0.9885147579345055 0.6085927109112347 -0.0002686566955216626 2.647243509221859 
0.9922961612827255 0.6030550236353527 0.0001401894801311684 2.656331602499094 
0.9954426676183562 0.5976958188765646 5.727226025032557e-05 2.663513509485027 
0.9896978198509698 0.6070531583801737 0.004830411463930599 2.650201401068394 
0.9935512852989429 0.600255180951602 0.004584321907647924 2.658785767719847 
0.9913200088081672 0.6045819601287945 0.0109316455059076 2.654096785005827 
0.9991822857549951 0.5916007026902699 -6.270961652802289e-05 2.672282888399026 
0.9989253422195852 0.5920046015419523 0.001487333683372564 2.671665762634472 
0.9993813722798167 0.5907006745151014 0.004059927681240745 2.672415241915374 
0.9978611025263271 0.5934700584004057 -0.0001203493956171774 2.668996662187155 
0.9973557342410555 0.5942316222342366 0.00359489715130286 2.667780397541812 
0.9955511844017906 0.5976615488963501 0.0002007545384336976 2.663839178942488 
0.999932384605479 0.589651748991783 0.0001439142956506138 2.673620702126024 
0.9999940717124315 0.5898610479070162 2.31494251710307e-05 2.673947714709509 
1.000058643853508 0.5901953903680475 -1.110672910211587e-05 2.674357943647416 
0.9997591148481385 0.5896524530385038 9.745332419508471e-05 2.673042963670408 
0.9998412262492817 0.5900849559485205 8.125207629347901e-06 2.673569206177226 
0.9993972834127174 0.5900858675497724 -1.315007764198093e-05 2.672092532533472 
0.9998159406957866 0.5896260793100302 0.0002247117915501322 2.673226654479342 
1.00007375036716 0.5892062689173222 0.0001733397568736002 2.673824282935466 
0.9999951161255568 0.5856373466234699 -0.0002770252062452819 2.671497700979542 
0.9998863497975246 0.5896356508855195 0.0001099997752990038 2.67346637433041 
1.000005640615658 0.5893913709591065 0.0002582120483188219 2.673706559283356 
0.9999851525168146 0.5897151156813885 -8.748508471482945e-05 2.673841339427781 
0.9976123375118831 0.5931517646849314 -9.822137247132296e-05 2.667976154540362 
0.9988573917288576 0.5909745286247202 -0.001496228440046467 2.670831026467633 
0.9999065929534188 0.5899205747877241 -0.001019490027884922 2.673688200652914 
0.9987973976796016 0.5912587706274488 6.664512504089906e-05 2.670791980772131 
0.9994284352921399 0.5901289048098822 -0.00062699429655537 2.672228144109347 
0.9993878357484663 0.5902495509096403 -6.227797549501187e-06 2.672157744873431 
0.9926697395019447 0.6021363294822368 1.142337220571589e-05 2.65699846161149 
0.9937717042061648 0.5996728360025095 -0.005765297077242842 2.659174844955816 
0.9958282179153771 0.5959721270736045 -0.01116097444619039 2.663804934059421 
0.9956327913291374 0.5966992863096036 -0.000179033166215341 2.66353429923605 
0.9966481590103429 0.5947310354075418 -0.003778934460834902 2.665731854596288 
0.997651521213997 0.5931232507833218 -0.0001642555255948542 2.668098153734972 
0.992781178402168 0.602083470543626 0.0002171427363296064 2.657348516687325 
0.989984926471666 0.6065113343953064 -0.0001776653157437674 2.650812286125396 
0.9878775990802657 0.6101553793920769 -6.973156866675427e-05 2.646115014919138 
0.9912730642920369 0.6041532043299835 -0.004517065780018456 2.653623410501418 
0.9885094248175832 0.6091413820318362 -0.003548046475190834 2.647561028056784 
0.9890803061728094 0.6075373605859754 -0.009519334768146002 2.648505208567445 
0.9888153565367741 0.6086078816630026 7.001663522287219e-05 2.648244663427204 
0.9874846195487578 0.6104925276254083 0.003198851354227549 2.645018021119259 
0.985111166066294 0.6148204238501935 0.00486631266914684 2.639924619646532 
0.9872307415116356 0.6113318274575789 0.0001475022863767274 2.644711985018162 
0.9865131085570203 0.6122066148366652 -8.976507621803916e-05 2.642879250530158 
0.9878300288876125 0.6102298690244033 -1.910735652952129e-05 2.646002867050774 
1.000562150264846 0.5888306414874415 0.0001011599051183565 2.675231138900411 
1.000360065886585 0.589780896109707 0.0007186332042973496 2.675118719246506 
1.000166040420092 0.5904307488561995 0.0006870033335563445 2.674856894708553 
1.000517314146486 0.5898432949435257 -2.104931567510963e-05 2.675678429258509 
1.000554691338754 0.5900169618979554 0.0001483388654568176 2.675905207236771 
1.0009688313503 0.589894143544765 -2.03498067112962e-05 2.677210955659399 
1.003262907452547 0.5839783669617684 7.880936563211731e-05 2.681389785511958 
1.003034176884473 0.5839280892340158 0.003167777422230422 2.680600560098578 
1.002352220387308 0.5864101628664353 0.005742127024291404 2.679788407217348 
1.00137616956302 0.5877597489987686 -0.000116503142283685 2.677309728006925 
1.001205208803373 0.5872958465488687 0.001325455475456357 2.676468515863492 
1.000731905884731 0.5888964169632085 0.0001071983398591131 2.675847059535214 
1.009133062064784 0.5729870422056712 0.03767148725848402 2.695421622021952 
1.013307497766172 0.5657524338181736 0.01901048938428487 2.704824470350754 
1.011505747742554 0.5703445774914913 0.001643747427313912 2.701194270602731 
1.016825202689658 0.5605729169983866 0.03358557556442314 2.714170229126208 
1.017049616333773 0.5589109484462581 0.008249361563887961 2.713455672981001 
1.023357073643825 0.5458762483299399 0.02221315836798512 2.727924446230582 
1.013052552516323 0.5558147977093273 0.127520937211794 2.706172356916441 
1.006938516847927 0.5720263164495265 0.09656572096297829 2.691461676601839 
1.003761336670813 0.582018821552318 0.07382344703505365 2.684615408708623 
1.022661776046741 0.5409292509008499 0.1009940619907702 2.727562720613979 
1.014570219041175 0.5610907896449162 0.07876326163372063 2.709416672098476 
1.027420360835903 0.5337909881293097 0.07549830488856218 2.737874865409467 
1.003369535984655 0.584248603940666 -0.0002222574764311738 2.681928555452056 
1.006395407541466 0.5790616088199505 -3.65634918452554e-05 2.688991420666835 
1.011065437071733 0.5697225879824288 0.002922928638762283 2.69933073946516 
1.005169038676848 0.5798725214039812 0.005932625953732311 2.685393370942146 
1.008760898328015 0.5746157515755614 0.01195013429074578 2.694447057031929 
1.004917336962908 0.5823905055388859 0.01646493913007159 2.686116380909528 
1.023733984556147 0.5453852544509541 0.02212137187282254 2.728967041054615 
1.027506247420583 0.536861706013087 0.04374030223349694 2.737883312583091 
1.028045339758293 0.5346680858526911 0.07415300316344818 2.740279759859818 
1.016375423019565 0.5613460463511352 0.03411025633690078 2.713124172315088 
1.0158525601109 0.5602995088939995 0.05266644906129393 2.711550082931037 
1.008945977871526 0.5729646870281635 0.03747827249019488 2.694858885897239 
1.000460782172402 0.5846461971509952 -1.923045755619854e-05 2.672480481062131 
1.000133836308074 0.5852220145019406 1.144102318520533e-05 2.671728764447204 
1.000041342928522 0.585419009629488 -0.000162340440532629 2.671536651571454 
1.000286392752302 0.5882449539734966 -0.0006979406098322059 2.673970102328131 
1.000097782228632 0.5882006135147787 -9.70521623546979e-05 2.673316265470289 
0.999852888837656 0.5902705757479823 -0.000902896041491872 2.673720599644428 
1.002278414679686 0.5809461548439571 6.400841580803129e-05 2.676395227823742 
1.000878390051577 0.5836051642833422 0.000173980356325056 2.673278178567441 
1.000507104411812 0.5849193616984629 -0.0003959229360663664 2.672808220559573 
1.00154405516541 0.5858611864346817 -0.003457210426951609 2.676764879020821 
1.000644744649032 0.5870799748435989 -0.001402108119341391 2.674478329513031 
0.9998736434716194 0.5899774448757826 -0.004916750121922095 2.673641241113312 
1.003065963096785 0.583132047872291 -0.01004244307062784 2.680373499010407 
1.006407580746094 0.575722143590284 -0.008126974830127195 2.687119813771045 
1.009877960727865 0.5672714385673576 -0.002338077052910958 2.694106690557563 
1.003388310088424 0.5810295007859209 -0.003460833681181788 2.680059650272403 
1.004361968258569 0.5765982681310796 0.0001803213629863948 2.680966473447081 
1.002407105498099 0.5814497794417053 -0.0006842780641094922 2.677236772929671 
1.020821223088855 0.5453358497441811 -0.02195376255144492 2.719205282955994 
1.015078952525922 0.5563253858548688 -0.007886830448667073 2.705616100100035 
1.009436115956144 0.5664357231908926 -0.001756573466970102 2.692214855380926 
1.012527316233716 0.563580360004854 -0.02988754378196072 2.701182785493661 
1.010410725853469 0.5684181296179099 -0.01711254335873674 2.69649333761395 
1.005424690452001 0.5773269851114882 -0.02986527895422849 2.685280760744472 
1.006521121374935 0.5770991546519131 -0.02916134699516433 2.688855138574537 
1.012689515447939 0.5633584643976361 -0.04248004736221987 2.702077749023936 
1.025523529715356 0.533326121314653 -0.06184341687861539 2.730288947510402 
1.012191145667044 0.5640013442528509 -0.02963883426893305 2.700285121787728 
1.024569649685687 0.5375432125620976 -0.03962451428987009 2.728295037596955 
1.020917628101323 0.5450634095068032 -0.02225566385835725 2.7194215737176 
0.9793188433332989 0.6197060586265235 -0.09621360445056916 2.628677658597721 
0.9742068310282236 0.6199753667128035 -0.125149607133636 2.615505151935176 
0.9692138906455499 0.6181608049934487 -0.1656026308036241 2.603823729536199 
0.9932953845213202 0.589714899127339 -0.115682335021994 2.658420030025006 
0.9957747944604922 0.5789229504244507 -0.1495534647534656 2.664774054021572 
1.013800499709838 0.5510487986228917 -0.1214980983497496 2.705390065565345 
0.8691314856199645 0.7400140477486201 -0.08967939067078048 2.373557780574606 
0.8830694412878826 0.732671128762433 -0.03699992717955742 2.405395688052949 
0.9030206084766332 0.7184829371308711 -0.002928096184734199 2.453131345639474 
0.8549996986194885 0.7535093179047693 -0.04204429870018711 2.340350619387204 
0.8813489844944449 0.7360778039563733 0.002319678104097311 2.402340437919704 
0.8514417194791261 0.7570670935565119 0.009707917505871475 2.332188236215809 
0.9995477857313791 0.5883888313445848 -0.06476698380221767 2.673757136041202 
1.003856725483451 0.5763510855902395 -0.08886036934661593 2.682837738970605 
1.013020402497001 0.5506303402026155 -0.1215109847969541 2.702531837129494 
1.010647970924627 0.5646025128474716 -0.0704208206153336 2.697483779736352 
1.022523169647103 0.5373410388109657 -0.09164241792812049 2.724517043930843 
1.02562162286254 0.5333496478288674 -0.06196973793638024 2.730746178160373 
0.9208478535324958 0.6819751900411919 -0.1518983729752948 2.492057392954101 
0.9456235792463579 0.6500077362445363 -0.1649404057442955 2.549493705652275 
0.9686794168722141 0.6191808936076728 -0.1679992221838381 2.603131682139507 
0.9395232967106367 0.6715902308788422 -0.1018367845198504 2.536553309055118 
0.9538586662761103 0.650777513056864 -0.1129077824402644 2.568729263824845 
0.9544743552585659 0.655710929540799 -0.07071133675811951 2.570135026509281 
0.9269434060670431 0.676878920873315 0.1566207344033496 2.507945290998809 
0.9008162497015386 0.7083466749914977 0.1339086839910728 2.448151159510148 
0.8764023745772689 0.7340532659707349 0.0993910839770881 2.391139686429016 
0.9144792145442163 0.6965010529231005 0.1145468024318799 2.47849600678989 
0.8969924418493886 0.7174353678556714 0.0851004658676691 2.438092826626316 
0.9140083571872336 0.7048431950476577 0.07385809302629294 2.47916492319534 
0.9211825687157396 0.69715325460936 -0.06164277466362739 2.494399365070081 
0.9002350272220868 0.7159321215400742 -0.07354244275992836 2.445849506152703 
0.8698575364547264 0.7388857464793076 -0.08750486195397883 2.37431526250051 
0.9152000539486465 0.6968169565005554 -0.1022983500448316 2.479411326829034 
0.89297534608645 0.7140542471220404 -0.1272726883375527 2.428016463729632 
0.9206807531277746 0.6833979072133733 -0.1548394717033302 2.493170400585181 
0.8767374797151748 0.7336338614289278 0.09923448477089865 2.391666503814607 
0.8604514079059692 0.7501652297611674 0.05617201873187866 2.354207865174708 
0.8511869968229927 0.7573652156749006 0.009382069449756138 2.331742918074716 
0.8843151032181596 0.732317578424255 0.04030712819826088 2.408952193582872 
0.8806885748920118 0.7359654699566184 0.001984887754168008 2.400267412183058 
0.9044670644766192 0.7178552602645051 -0.001983698704113566 2.457094113625741 
0.9756916481266177 0.6118630405737593 0.1634392465716897 2.620723370847899 
0.9770851411030643 0.6170973717518936 0.1230926105225737 2.622831821854411 
0.9803976681702726 0.6182788777682658 0.0940807127121175 2.631106490745801 
0.9973566835581352 0.5793861270171535 0.1493814337495368 2.66997822678928 
0.9935105461268378 0.5935049791588237 0.1156704439535785 2.661465165755423 
1.012473480846378 0.5546390192966433 0.128699649030061 2.703711415651451 
0.9751857564861802 0.6109860880273839 0.1652459002684604 2.618467611317527 
0.9529509032845183 0.6432806306317636 0.1653113725068679 2.568068350421101 
0.9270800977194668 0.6769179267241112 0.1553247848152095 2.50849760558952 
0.9551607480661568 0.6489151736908944 0.1233346850140924 2.573097525144872 
0.9374704222697313 0.6719773196328509 0.1116660652428411 2.531468369429083 
0.949394786185535 0.6636783961252793 0.08094193685281016 2.560054393260422 
