0.9997423470507385 0.5918914625251138 0.004064201278593263 2.674318957508214 
1.000916405536151 0.5898766166937719 0.002188387547871466 2.677029076807794 
1.000783570521603 0.5901706901734103 6.986944366868123e-07 2.676759556096834 
1.000880013850473 0.5900551530360041 0.005345767776902511 2.677024832039224 
1.001663798925517 0.5883604400721621 0.001497553749676575 2.678621687026339 
1.00251674520189 0.5873160603491785 0.005849142272474314 2.680867482331767 
0.9998651424255817 0.5916556102092342 0.004225905365277049 2.674592345530902 
0.9990712420836728 0.5931730100990298 0.006666190016953127 2.672860330218395 
0.9974868019789692 0.5960163196194161 0.009343270174540617 2.669316450276743 
0.997705909101642 0.5955689607538683 0.003826033629602021 2.669740546381016 
0.9960291373330246 0.5983494191494557 0.004648432664127978 2.665849042036424 
0.9957123982759915 0.5989948403412141 -5.469787699646869e-05 2.665175795926874 
1.003684772952244 0.585182400002369 -0.0003107065813412806 2.683497637771818 
1.005226978816042 0.5816432476609116 0.006354740250418907 2.686608277608485 
1.004324446624351 0.583634859726089 0.01664815559879718 2.684860399310004 
1.003422463990985 0.5849410757255085 0.003545634239026187 2.682490109315492 
1.003168109366649 0.5861094333880398 0.009818708670477671 2.682360056939235 
1.002359316486841 0.587722157429079 0.005992018768579858 2.680587404209794 
0.9973189765150924 0.59599892563712 0.009074251752963367 2.668749733568128 
1.000297311165744 0.590911474635482 0.009469701085142196 2.675622255580786 
1.002341265414749 0.5874239259876001 0.005963113944984571 2.680354661147907 
0.9996880876926217 0.5918283619682538 0.01383482200063981 2.674190388517393 
1.003401015260811 0.5853534456013184 0.0099092362040527 2.682695313798817 
1.00414538778409 0.5842300417994015 0.01661434359855232 2.684606439329998 
1.007638082548428 0.57522186229182 0.03796169825043501 2.691664278729421 
1.005532087728426 0.5805282151519935 0.02461567809000454 2.687249364367208 
1.003995766168556 0.5842643182090042 0.01690730906418634 2.684167809037884 
1.012299486920113 0.5681690442064188 0.019386740705499 2.702793658203396 
1.007986937603989 0.5763608970469987 0.01251469730317738 2.692861970888529 
1.011253535963132 0.5709436944678646 0.001666486712064661 2.700638398067683 
0.969752498588929 0.6381983449291404 0.04352701702434028 2.605785712137354 
0.9804387434010196 0.6222742317570219 0.0519301367017875 2.630662935879909 
0.9898069297651363 0.6070837605101358 0.05134771662820046 2.652087889055751 
0.9715178901457594 0.634189546464923 0.0668890457967828 2.610192740916828 
0.9860622274859286 0.6107118850243606 0.06895822949408503 2.642815334965446 
0.9785254744195443 0.6196594024587755 0.09349162594754307 2.625762964454104 
1.001870758701603 0.58421299102128 0.07382130640377431 2.67956583617412 
1.006399107349319 0.5768471879216379 0.05315865929300377 2.689143894339967 
1.007490261257925 0.5752424946408525 0.03775387839725865 2.691377330944043 
1.01235747984597 0.5632004914358341 0.07867250129788236 2.703112508709742 
1.014249048935817 0.56273331682991 0.05225891345694347 2.707461603932613 
1.024953468500099 0.5368758234005971 0.07591859258230457 2.73107614206952 
0.9896245480736945 0.6066008935004344 0.0512528301625608 2.651029973196981 
1.000184184677282 0.5898037686878632 0.04903434234558429 2.67573227928133 
1.007501875563502 0.5755996102491642 0.03760186685298664 2.691532588304301 
0.9945443558479868 0.5977982268090656 0.06264314870056352 2.662572247640951 
1.006285690230213 0.5759035046726978 0.05366360296363794 2.688229682152914 
1.001885238192805 0.5831031584858685 0.07374228256398944 2.678961007695639 
0.9463298759435185 0.6656118246241955 0.08087880066028626 2.551653972691819 
0.9608474883790791 0.6494935625438233 0.05821137027244831 2.585324825729133 
0.970391538793355 0.638309629144135 0.04470553988957511 2.608048390508922 
0.9632113715063368 0.6426038781408333 0.09201939848558553 2.590937784679022 
0.9710849377414117 0.6341542250202739 0.06631430902926386 2.608782037478941 
0.9785339476092912 0.6195750534326092 0.09327828977540546 2.625679438628903 
0.9958904392935318 0.5972392481778809 0.02666174353412201 2.665126862965875 
1.000049852460057 0.5908323622342562 0.03324716262322413 2.675272046160794 
1.007684098211398 0.5755269288321094 0.03764920260348546 2.691948200183629 
0.9938747111309069 0.6013747080087523 0.0365251594938201 2.661185516288713 
0.9999480012972196 0.589461674842915 0.04856397589066499 2.674753232874973 
0.9898187135000142 0.6066365386553193 0.05163854661113059 2.651668306702319 
0.9836524287722102 0.6175026605183871 0.02444833800771678 2.637115633786267 
0.9901042018568393 0.6075037384634936 0.02840938322428165 2.652232341708696 
0.9955587079092887 0.5978711262767322 0.02643625558837465 2.664424519994351 
0.9854619754145025 0.6152391971356698 0.037085030154546 2.642017125338088 
0.9939743769290871 0.6006821899387224 0.03706804659075028 2.661094493246811 
0.9901265155395242 0.6070423624843274 0.05115168549190297 2.652884126007889 
0.98249784654067 0.6202196928714301 -0.007066197838351045 2.634727583977146 
0.982877931964554 0.6198279518190707 0.0002261734655518706 2.635716888958611 
0.9847370075897434 0.6167615789214036 0.005072769848998026 2.639941371605308 
0.9782888116811546 0.6274195499872365 -0.002667137930350134 2.625541110625563 
0.9808248673517435 0.6234555439416294 0.006616066491005202 2.631299059423569 
0.9737243720068969 0.633779720208826 0.007188203225655871 2.614821731363432 
0.9911280366102396 0.6061495067121685 0.01082714104751341 2.654427674295685 
0.9947555336560105 0.600563899297444 0.01139032065818068 2.663026759433186 
0.997305989402571 0.5962166923771455 0.009478572540772083 2.668869923860159 
0.9925989285424429 0.6043964443334839 0.01823436154811094 2.658308216217082 
0.9970289050372947 0.5963609382410977 0.0159659471441238 2.668072703049281 
0.9957721997224769 0.5981697534297407 0.02638491817330817 2.665219279072608 
0.9733464334409269 0.6338196078910918 0.007945785880432196 2.613613779189181 
0.9809526540834128 0.6234530608549727 0.006299314754167647 2.631719311840067 
0.9849414592073374 0.6166356757834177 0.005104447313684173 2.640530814631325 
0.9779143880851752 0.627502178981043 0.01894644870218148 2.624574243837707 
0.9834872667207414 0.6189590365445448 0.01200440333806603 2.637232812388027 
0.9838157530043817 0.6182976554940832 0.02459248944738282 2.638133486514918 
0.9975852011936581 0.5957763631051748 0.009615441678394489 2.66952205290417 
0.9996362227643339 0.591882160489152 0.01360215730821126 2.674047459433641 
1.004025462934774 0.5843136245859308 0.01646424265144085 2.68425722919328 
0.9969441349344501 0.5967495331804781 0.01570167566733414 2.668026909835444 
1.000614393870464 0.5897300914079324 0.02320586859373996 2.676209625964591 
0.9956519344910815 0.5979376634761306 0.02668247899093252 2.664697533898953 
0.9955037465514766 0.597445253528665 0.02598365931227315 2.663923866936788 
1.000858421001263 0.5896402503468057 0.02345253979318666 2.67697800172313 
1.003877139433385 0.5846218359011476 0.01664620292962215 2.683979654435536 
1.000266455559599 0.5907347322213462 0.03362848559048027 2.675936218620172 
1.005927907198895 0.579985979520227 0.02467811114456573 2.688252013234467 
1.007680677703865 0.57555385623206 0.03789565057132086 2.691957279104469 
0.9997980043069051 0.5918916202922161 0.004155567008503135 2.674503204601934 
0.9999168345106978 0.5917559261706906 0.00181981494581496 2.674812003107511 
1.000047865573868 0.5914932983710763 0.000814314195370162 2.675093036966822 
1.000852550628252 0.5899042954745672 0.002147445698486273 2.676832459040103 
1.000376974942064 0.5908827270200593 0.0007831643775337143 2.675825161363838 
1.000929796885859 0.589955565011549 -0.00027535648423977 2.677116582453313 
0.997466372433181 0.5961640072969467 0.00957439305794296 2.669335258927358 
0.9990377390088926 0.5930840582192731 0.006571729890867157 2.672697010796748 
0.9997945658323832 0.5917894478841603 0.004122510956896562 2.674436473321155 
1.000250083777707 0.5908316656963554 0.009251459523657394 2.675415742015231 
1.000722316392999 0.590251662589494 0.005221253593515471 2.676616550463437 
1.002344440316547 0.5874018828882829 0.005930105261267912 2.680346255291686 
0.9992395661844993 0.592864051885354 -8.90006461615261e-05 2.673216670371628 
0.9996347751175814 0.5922104279555803 0.0008079181353948951 2.67414305763119 
1.000008104297616 0.59149822772617 0.0008243221380800604 2.67496336949298 
0.9991390410486942 0.593014465643789 0.001681949182553333 2.672973251465044 
0.9999929229373499 0.5914547687891678 0.00180998227325997 2.674886967947595 
0.9997898740601748 0.5919532560326081 0.004044302733962085 2.674513132222439 
0.9783963607626597 0.6203195081090973 0.09349762291114451 2.625836102501795 
0.9922811449625594 0.5987569737037494 0.08612471635650373 2.657364797080611 
1.001422101204539 0.5846795133881927 0.07354010380423973 2.678484356522463 
0.9914513560859832 0.5954542488467952 0.1157250105348071 2.65574025418096 
1.005106007343212 0.5742561132851759 0.09652467563733487 2.686600231651821 
1.010112205991892 0.5579918807778912 0.1294988603704418 2.697668900407665 
0.9999380780143616 0.5916574645234536 -0.001430307967092514 2.674819976734769 
0.9998189226458277 0.5917986960591226 -0.0005030347949618015 2.674512564464262 
0.9999374592187649 0.5916326820990072 -0.000191313841730652 2.674807796157192 
0.9995494945450341 0.5922317567063955 -0.0008352702013301216 2.67387415665366 
0.9997686177301449 0.5919039423579163 -0.0001185466414620044 2.674405106271879 
0.9994355567875433 0.5925304486625348 -3.517840205215376e-05 2.673666353148449 
0.9999474549456318 0.5915484583229874 -0.001465039150538693 2.674789422577299 
1.000139229307803 0.5913531785434962 -0.0003930885726306056 2.675312062066279 
0.9999135815497527 0.5912767716735696 -7.272327283502129e-05 2.674550434150158 
0.9998131914762426 0.5916990168072085 -0.0006031433881757921 2.67443769446458 
1.000001523997751 0.5916008332525706 -0.0002587360255289877 2.674996664502337 
0.9999263825392318 0.591567592121222 -0.0001636356879264927 2.674741699031501 
1.000007143936541 0.5915119927464418 -0.001438463383067877 2.674964458525048 
0.9990842137326761 0.593118150743426 -0.001751927462766325 2.672854730499394 
0.9977553930001974 0.5953746258566573 -6.479593710957148e-05 2.66977709673464 
1.000118793484314 0.5911366471028195 -0.002864218436736122 2.675113069831287 
0.998442312253682 0.5941425659839156 -0.003570668540149596 2.671335813656186 
1.000295467537673 0.590857812743205 -0.005551852329876245 2.67554154111615 
1.000508568219529 0.5906275428175477 -0.005633368337144068 2.676133603660304 
1.00104260723834 0.5897431392375952 -0.001818536106273179 2.677372265206548 
1.000435646115238 0.5900177907848704 0.0001158217063857507 2.675551919842909 
1.000099084584026 0.5912675912792117 -0.002973993830942986 2.675135114039292 
1.000370929073575 0.5908427263818133 -0.001055940516429561 2.675781950874678 
0.9999601204366547 0.5914699091509275 -0.001446552725647154 2.674787565953622 
0.9964386613399987 0.597590423777732 -0.0119924325540308 2.666801705119242 
0.999045150740141 0.5931522077058522 -0.009236209745428572 2.672778316162638 
1.000355391500137 0.5907859472098661 -0.005756775100777108 2.675698954723555 
0.9968048050623902 0.5970483175289609 -0.003947318899622729 2.667636285693907 
0.9982916495640149 0.5942362318642848 -0.003545168478671411 2.670891398219262 
0.9979248636227612 0.5953038868690009 0.0001026983428230092 2.670299140261001 
1.000467954078343 0.5909918953873293 -0.005513621982456342 2.676221419743102 
1.001673272808727 0.5881035009383545 -0.008200338320250449 2.678581899121867 
1.004162870520571 0.5833412016040874 -0.01081442546241972 2.684127870328535 
1.002140477738419 0.5876063773705246 -0.004060018255538692 2.67977454269793 
1.004152741830125 0.5840903241436447 -0.003810105233265422 2.684406434517573 
1.002751711084434 0.586017193361984 0.0001008340410542981 2.680925450404221 
1.00398925116597 0.5838212369974738 -0.01048996666337616 2.683869695487878 
1.005678456479228 0.5810737531970246 -0.01809432143336176 2.688008221480418 
1.006803668716368 0.5771645537024696 -0.03128380783433925 2.689809443475021 
1.007207929223304 0.5780023545957661 -0.009005433559098041 2.691109298151159 
1.011171932525127 0.5704588520099344 -0.01740489176362653 2.70020306291607 
1.0112684706474 0.5703915335484298 -0.002860763139827578 2.700550366598608 
0.9890028045293718 0.6101112008699899 -0.01030309918072992 2.649862462189426 
0.9859039168877939 0.6147417654266251 -0.01016462499622488 2.642523180050344 
0.9826347537688171 0.6204249766128128 -0.006904320817671949 2.635328730070542 
0.9866784337907758 0.6137535570790014 -0.01606847449816186 2.644509972966367 
0.9817650676872114 0.6217500744733001 -0.01450844596348069 2.633371028513453 
0.9822628793391206 0.6199117108415594 -0.02436411835276128 2.63404812138535 
0.9925745489896164 0.6043417521354617 2.523790861505199e-05 2.658031062016549 
0.9911959299341222 0.6066330845642871 -0.004512455867741505 2.654881770300303 
0.9890378645988648 0.609817753855692 -0.01016970346658515 2.6497768070087 
0.9937897227781429 0.6019402458111769 -0.006082339737007215 2.660609201723227 
0.9926759679740491 0.6037693759012338 -0.01265640923120875 2.658108700342304 
0.9964128747358192 0.5981292441059548 -0.01230378685037925 2.667049325661139 
1.000445042506278 0.5908591188450795 -0.005680072641630927 2.676045313445266 
0.9990843141248729 0.5926363626236884 -0.008903340438097393 2.672598880393306 
0.9960610638177748 0.5978547429553998 -0.01212254334428841 2.665710189823423 
1.001835244524365 0.5884874427232343 -0.007657897202808791 2.679304663610381 
1.000102268227 0.5911415899992025 -0.01409797568551609 2.675158828575743 
1.004304673613384 0.5831960511975012 -0.01067785853797384 2.684489930984322 
0.9965653748642065 0.5974149303597021 -0.01163878244125902 2.667127680180502 
0.9988807257855936 0.5927704194054448 -0.02083477045745228 2.672182751189113 
1.006111909901103 0.5797909730804256 -0.03150861200449917 2.688940360067444 
1.00023203043738 0.5911370495735493 -0.01440973954185842 2.675589527496532 
1.005575629900717 0.5807208972289928 -0.01855005467329543 2.687412607251325 
1.004161084626503 0.5831912503383795 -0.01030987427017342 2.684010769100998 
0.9925821748282432 0.6030788550842676 -0.03173541068708898 2.657830371499276 
0.9940264011224755 0.5999797366400419 -0.04677388110000224 2.661258178788627 
0.998680600639308 0.5889499184883645 -0.06698860526824396 2.671263169936839 
0.9991013525465785 0.5921599774045786 -0.03609865562261973 2.672974934690066 
1.004755347330432 0.580121575820197 -0.04713962830720881 2.685287482153476 
1.006193174971562 0.5781355816078684 -0.03037209448849683 2.688300895610237 
0.9890972439210464 0.60994393700251 -0.0103693862569862 2.650073609827562 
0.9893950277575853 0.6091661121926881 -0.01965065274611164 2.650666111136538 
0.9921244084925104 0.6040304646661614 -0.03201141363035064 2.656874065927197 
0.9927882709195075 0.6040031211960241 -0.01297240552922074 2.658610092132951 
0.9951759793826913 0.5991268555676287 -0.01993681383964847 2.663676946856297 
0.9964025346292007 0.5980054789100512 -0.01182457241682592 2.666934554021886 
0.9776307383814237 0.6249802789707047 -0.05360662049976758 2.623263735789124 
0.9682898967999184 0.6388641245787394 -0.06278551672357013 2.602571335627791 
0.9523098667875551 0.6590155396591374 -0.07176365675218274 2.565319195621862 
0.9771207704446483 0.6242780947332174 -0.07217420878160859 2.622420025390088 
0.9641720162894152 0.6399330120885373 -0.08887036139560542 2.591943782607941 
0.9783119470176215 0.6190791930220889 -0.09800100643727933 2.625075623856588 
0.9986758351077862 0.5887468197406965 -0.06633165897692674 2.671142656533851 
0.9872659766040676 0.6091436528665224 -0.06467202794510983 2.645601527277484 
0.978047488360771 0.6248328518412174 -0.05289470238522637 2.624502961564412 
0.9910410289048096 0.6003412886989644 -0.08292555511291565 2.653990053786747 
0.9770057819318663 0.6243045828613655 -0.07261415545448138 2.622059448334852 
0.9781183580789109 0.6191733770068135 -0.09836917295822059 2.624477747085664 
0.9822624863276047 0.6202007902906548 -0.02494102960199295 2.634294762150856 
0.9759436282753441 0.6296107449982511 -0.02517142059396787 2.619642842083474 
0.9667520899202535 0.6431362880822622 -0.02007299672561287 2.598525083180222 
0.9803853319759669 0.6230897154662987 -0.03584453516336326 2.630279409941446 
0.9702454129456297 0.6379835064164687 -0.03830146283019131 2.606971254078831 
0.9779494178525021 0.6259860018824307 -0.05358626053049256 2.624966782771152 
0.9889488532344655 0.610076087054652 -0.0106080357399962 2.64966814336983 
0.9866191291921419 0.613905689631714 -0.01578433751189682 2.644405042505234 
0.9824793707267845 0.619809899890813 -0.02432662593059901 2.634695313312872 
0.9893633341837719 0.6090925893501336 -0.0191518431480777 2.650518777516111 
0.9869760001189963 0.6124126676015323 -0.03020872123815002 2.645010707455011 
0.9923061168241253 0.6040542294866375 -0.03280379939344575 2.65751179543487 
0.9826402293999329 0.6206322169189673 -0.006574649290980866 2.635479882302323 
0.9783339770144057 0.6269418196870895 -0.00319504189736299 2.625391840576803 
0.9733346050513144 0.6342531254734477 0.007342293878057597 2.613869604229844 
0.9775049846599825 0.6283742610728906 -0.01167639987333543 2.623671029614675 
0.9691316145624881 0.6403737793954 -0.003738573593804631 2.604175649215051 
0.967071939741493 0.6425235312123447 -0.01940653373524495 2.599075244745221 
0.9922442775759122 0.6036511868706028 -0.0320215300550144 2.657045689449178 
0.9868967559492507 0.6128455084531753 -0.03058206026459566 2.645020644749466 
0.9825886831183873 0.6200119684069414 -0.02459223128729387 2.635235099557242 
0.987330335707274 0.6112701910358607 -0.04261770615922687 2.645923231319814 
0.9800148915567151 0.623306100925094 -0.03621539988914924 2.629208241029286 
0.9780506366377327 0.6259637777696075 -0.05367383279875296 2.625244982713436 
0.9828501891494927 0.6197912363299651 -0.00684431439539293 2.635622773064531 
0.9859016125042809 0.6151192169280857 -0.009923718518966566 2.642743336212083 
0.9889223421769996 0.6101738211130001 -0.01050734939472938 2.649615657039496 
0.9865896969408581 0.6141406884970187 -0.002811483186297566 2.644342243774109 
0.9881441261592048 0.6113949120458411 -0.00360344287476178 2.647750758538574 
0.9876868582885741 0.6123390267388628 -9.263500670209436e-05 2.646835850427874 
0.9669103969422285 0.6432903482449545 -0.02130381526863924 2.599300248425142 
0.9578621563661395 0.6558655689197761 -0.02253396809589647 2.578576175288663 
0.9433384673912917 0.6742617570370179 -0.02319864020950222 2.545153647080797 
0.9596546217658075 0.6528080955274651 -0.03862505387639034 2.582745576012336 
0.945414771358942 0.6700597839329538 -0.04799865280669773 2.549709704776065 
0.9522711923065135 0.6591710837604007 -0.07200311656210431 2.565359129840844 
0.982501443487374 0.6206818776672034 -0.006838773497922144 2.635056677855592 
0.9772944178665174 0.6285123646166572 -0.01143567003741575 2.623070223524412 
0.9675523546497132 0.6421946062479373 -0.02018551599741617 2.600422823977765 
0.9814830340378543 0.621636546659732 -0.01409064899647424 2.63237904046057 
0.9759284739667262 0.6302792730088428 -0.02486816573117691 2.6200206169165 
0.9821950191595146 0.6201326168244441 -0.02475287639893633 2.633988534225061 
0.9733823824909698 0.63400414153417 0.007881354640491585 2.613892497555911 
0.9666107239107558 0.6443769092811096 0.01048676987378055 2.598734356183048 
0.9559089934882824 0.6589731321584884 0.01353397809933348 2.574292259278102 
0.9691189906066309 0.64041168526016 -0.003485619077746912 2.604162415940827 
0.9601759900698689 0.6535352549519162 -0.007022531124891045 2.584206124492184 
0.9671875703835062 0.6432736602252253 -0.02069456528733304 2.600044588525393 
0.8984107055922487 0.7211590742521569 -0.002972563581185641 2.441287655983899 
0.9162100294955553 0.7044826138821444 0.01515934715569852 2.482604471939144 
0.9304741786024723 0.6875753232758617 0.02590608639339528 2.514708672554697 
0.8989577845612873 0.7191914920288337 0.03673324746874448 2.442162874213569 
0.9199531840500889 0.6991568549068029 0.04601430980851715 2.491110645209359 
0.909062704875483 0.7076339530437467 0.07435465112927585 2.466120680895409 
0.9436101865303056 0.6744509763830995 -0.02302421773635954 2.54645522293605 
0.934530328039381 0.6840417914577291 -0.002342952023427929 2.524422408784275 
0.930732090970075 0.6874181392701072 0.02614720888151511 2.515320906033678 
0.9250780769867598 0.6941143762824908 -0.01816871411005997 2.502338461676167 
0.9158033962512842 0.7048352488664557 0.01489449015276823 2.481621592848513 
0.8985163779822104 0.7220523406645805 -0.003722475273711093 2.442039382980429 
0.9777007306674325 0.6251133580456566 -0.05319196038689092 2.623585363038713 
0.9701102449206866 0.6388228957138545 -0.03872707846217243 2.607104940460195 
0.9674967036763809 0.6427225520517893 -0.02012627747616113 2.600794598843887 
0.9676980561981495 0.6385494211149321 -0.06352045162597618 2.600473525939568 
0.9594640826245514 0.6529947508890624 -0.03900872245490262 2.582263946434423 
0.952290476961325 0.6591918124569307 -0.07190029569321825 2.565372038297191 
0.9556136093103282 0.6589043049535037 0.01350025608140073 2.573377652453053 
0.9455156742328845 0.6719424938429439 0.01883532606857117 2.550302541697181 
0.9307003550293185 0.6878675902230795 0.0264156558779006 2.515450206779566 
0.9485333187548028 0.6682776787291627 -0.00167543691508481 2.557100852682864 
0.9348524452202296 0.6843225714033762 -0.002122694536930525 2.525510195336704 
0.9434673262840338 0.6742586501153871 -0.02403341357596844 2.545621026408933 
1.006392275518028 0.5769162716069233 -0.031355506268742 2.688428655450927 
1.00491563802104 0.5799486544708867 -0.04676128665136887 2.685747508724761 
0.9984600347910625 0.5900222928393726 -0.06668582042907124 2.671102340092049 
1.013636336664494 0.5647459097174715 -0.04329127029353223 2.706065755591596 
1.011395253240011 0.5652352944022054 -0.07035502722028897 2.700350229911176 
1.026061199351727 0.5361174435847442 -0.0620926253254451 2.733646671798175 
0.9961907511120299 0.5972032123803586 -0.01275161572995821 2.665795309041191 
0.9951083275347262 0.5995611284560791 -0.01932822232765712 2.663720813602095 
0.9923692558341599 0.6036428976043442 -0.03182767731343801 2.657430566530029 
0.9988896691095268 0.5930110978285957 -0.02021863448200392 2.672345742292362 
0.9992157037421823 0.5916756969940726 -0.03520172079200004 2.673043184282363 
1.006466311601183 0.579226547258373 -0.03230828053042335 2.689820241090969 
0.9778141114153902 0.6213629297581758 -0.09779452553332543 2.624777428787992 
0.993260325124939 0.5906682786745604 -0.1161668507120753 2.658920156348123 
1.013214364748241 0.5532056797177157 -0.1215857646010211 2.704653232047828 
0.9912808317001898 0.6009029352152941 -0.08253163590291693 2.655087336842009 
1.003983743268663 0.5774676711714428 -0.08987898034596177 2.684050315341024 
0.9986670253023298 0.5885464185181678 -0.0670862471576214 2.671066442169181 
0.9920955153355955 0.6030473657567821 -0.032793487410466 2.656250242236081 
0.9874460637425218 0.611625303844473 -0.04225510415626847 2.646534283499717 
0.977904852082045 0.625831152216049 -0.05352992335417358 2.624630651609803 
0.9942101555091846 0.6000258865135736 -0.04621875945910287 2.661892190859395 
0.9873930859021418 0.6085311871346227 -0.06398197691120711 2.645576573450625 
0.9988606166216177 0.5888620258551822 -0.06684869294379797 2.671835013496144 
0.9524787434524709 0.6576373000795687 -0.07150692005072744 2.565278672629209 
0.9535199961501379 0.6520332881234782 -0.1149285945903127 2.56860360457276 
0.9667248978843838 0.6208016529268583 -0.1661957272304867 2.59783700079074 
0.9645804315861737 0.6406873311644944 -0.08992145899102011 2.593790403235326 
0.973555920999426 0.6209918338907425 -0.1263464914830566 2.6142545183951 
0.9783950398224739 0.6202221116592112 -0.09814923693153778 2.626163492367195 
0.9188960747761306 0.6991780899067997 -0.06333247013464544 2.489020899792636 
0.9142955563480668 0.6982444601188783 -0.1037373466399415 2.477667657987844 
0.9184545020486091 0.684019398214964 -0.1522057354808606 2.486408740776563 
0.9380173283503871 0.6765561066492577 -0.07136326369740623 2.532517412592574 
0.9386982697731262 0.6723706870504103 -0.1031914969002017 2.534607649271571 
0.9522068130373771 0.6577989742353374 -0.07232978698795516 2.564438235035695 
0.9846761998801431 0.6173025484079848 0.004645588377244098 2.640054313497881 
0.9829974297353151 0.6198398231454173 6.590655442841271e-06 2.636126953910352 
0.9826271796860619 0.6199744587169032 -0.006565895063207036 2.635003833936131 
0.9864745152640373 0.614158945535991 -0.0005065743183553025 2.643963274433544 
0.98671281982403 0.6140333260377986 -0.002996257017359552 2.644680913989309 
0.9877269403847512 0.6123459956961557 5.000460289223018e-05 2.646969762624771 
0.9911790904614256 0.6066918131165409 0.01096987210081256 2.654916061141005 
0.9875746451494161 0.6125897505023731 0.009474629819655994 2.646669208420299 
0.9846697630836516 0.6169236195208734 0.005045083712594475 2.639789714936714 
0.9898530524575605 0.6087215408917639 0.004435772761531153 2.651735290663134 
0.9877078495509184 0.6125025209079522 0.002976655649866868 2.646998070598822 
0.9891481499202561 0.6102165536732724 9.13381440136458e-05 2.650335612098031 
0.9911630010833787 0.6063664866621432 0.01112064164681795 2.654703848358336 
0.9887227189779609 0.6104797003797118 0.01721570309908988 2.649212751712064 
0.9840281944855568 0.61803756135513 0.02442338035725714 2.638667006321293 
0.9875601423538006 0.612444630223942 0.009640317417017015 2.646542496240042 
0.9836018644836647 0.6192013148756014 0.01253118312483616 2.637768344317252 
0.9846301488490448 0.6166304322294832 0.004634753537616943 2.639485075450581 
0.9958353857543444 0.5989294448085242 6.215342958247273e-05 2.665549630827681 
0.9960551400314255 0.5983147797420252 0.004424156605215446 2.665914746563828 
0.9974116663342046 0.5960561764422921 0.00932117699668351 2.669091912101614 
0.9939097157245679 0.6021096573274558 0.004425012941334256 2.661097565613155 
0.99469124306463 0.6006262585693662 0.01128091496271027 2.662843456772709 
0.9912643046721205 0.6062778844105609 0.01121843478766933 2.654946530477492 
0.9558032192642084 0.658880937401218 0.01338499733241586 2.573929056843474 
0.9485249380843773 0.6686986658151525 -0.002159989513626861 2.557361121764199 
0.9431603880842407 0.6743015772561395 -0.02347628923963411 2.544545460097231 
0.9600327616452206 0.6532209998644006 -0.007372401300980218 2.583555506801746 
0.9577651160607381 0.6558769055410973 -0.02274988712660997 2.57829340110413 
0.9675417671084509 0.643690161746707 -0.01982814159967098 2.601530530095273 
0.9436035889073957 0.6739868729523123 -0.02326482235686059 2.546057135825333 
0.9322312353057911 0.6856772873180356 -0.03913049293475795 2.519009820387873 
0.9191927125537108 0.6989357137739866 -0.06337387033770309 2.489724409140432 
0.9450020119354046 0.6705218412515173 -0.04852038475612464 2.548774254241778 
0.9374518728821968 0.6769681500432084 -0.07084667288728143 2.530977071698125 
0.9521402009742036 0.6583882316650671 -0.07181214880493671 2.564380472614818 
0.9429273301735167 0.6744097863956888 -0.02384299510631328 2.544251272529943 
0.9254798581479876 0.6940477400266091 -0.01789165265263266 2.503545175290423 
0.8981617562360494 0.7224059135774155 -0.003408729015489614 2.441179318562921 
0.9325601949988097 0.6855395988043241 -0.03917301885628056 2.519933186514395 
0.9062403851228362 0.7133069937064004 -0.03647585799049042 2.459506291103899 
0.9194200296219927 0.6987500570087058 -0.06312420972370307 2.490329020379714 
0.919351318823816 0.6990288000402073 -0.06258586381840511 2.490303745002879 
0.9060552713846295 0.7134216322516101 -0.03704758775243331 2.458991413975102 
0.8986162867360502 0.7208505889854502 -0.003590116209451152 2.441644421140932 
0.8973738019418518 0.7172564225351402 -0.07486629913483829 2.438208171804894 
0.8797530389205112 0.7350034590302738 -0.03880979595048898 2.39750568522714 
0.865706660218062 0.7407821864412126 -0.08826490038969209 2.363984738743679 
0.9464245006442252 0.666102215292658 0.08082353451034774 2.552257178611932 
0.9353086140021 0.6809684148513613 0.05535891142574564 2.526124006592267 
0.9303435602573938 0.6880301978058139 0.02633077061360491 2.514455252183577 
0.9478087113257107 0.6676232294969862 0.03982800019124649 2.555228611933216 
0.9457516087715357 0.6717953917970366 0.01828286149210185 2.550960973586085 
0.9565705438957415 0.6584681830828001 0.01386697494806296 2.576135385431193 
0.9733081535492273 0.6336102942850571 0.007266968163723374 2.613344660876919 
0.9779181514333084 0.6270978400452599 0.01922285907791498 2.624325031814514 
0.9838089214637216 0.6177500291083754 0.02491222758026367 2.637868558527568 
0.9701817807234665 0.6392023126703315 0.02238353151240353 2.607086438567166 
0.9788173979138309 0.6253616134285557 0.03324901939047969 2.626463854563108 
0.9700981307741844 0.6385046292307304 0.04366306249228351 2.607072112344919 
0.9781649641017723 0.6207135182251938 0.09342214541694259 2.625496152666755 
0.9758805399902726 0.6187459380085903 0.1234799557006058 2.619901870854735 
0.9726934880379637 0.6139686372590953 0.1656568335905971 2.6124087247237 
0.9637352029877801 0.642081854655723 0.0921406709086461 2.592195106787277 
0.9535729869126515 0.6507148199685684 0.1235097022774377 2.569127233634982 
0.9465561092868646 0.6657372174089506 0.07997637779831589 2.552476886274412 
0.9698906938202569 0.6388149810160262 0.04381270314587268 2.606601626358384 
0.9614938652504896 0.6512483225737907 0.03164779363667312 2.587380045178612 
0.9555447926580186 0.6591529063804288 0.01374392768322862 2.573252441538418 
0.9699908982312423 0.638928010672231 0.02184131597404701 2.606272609786839 
0.9666866171792493 0.6443397493254904 0.009856188206638968 2.598965345811088 
0.973806481441676 0.6337864823886766 0.008090224343947053 2.615127162269535 
0.9900989358093173 0.6070501216995227 0.05111344844649923 2.65278072269749 
0.9802973116278868 0.6227270549419945 0.05175367699536549 2.630469790290893 
0.9697706106133227 0.6384333954378668 0.04425716060689742 2.605970104077038 
0.985210252191794 0.6151759509030053 0.03656136469545282 2.641150204723006 
0.9787891141968501 0.6256965422424278 0.0325419497288572 2.626604109758242 
0.9841175368963979 0.6174564643703916 0.02514827947164459 2.638664377311457 
0.9465880678507099 0.6656592322074213 0.08040824097328844 2.552484302826948 
0.9481019247237638 0.6677953952366529 0.04040055740047242 2.556309951311352 
0.9558683090822817 0.6583039036425827 0.01279527465380591 2.573691431147308 
0.9610668533166881 0.6490474187100352 0.05917296358229417 2.585686111562724 
0.9614613008189449 0.6510373531456144 0.03200272067635385 2.58715210944493 
0.969743233080235 0.6388010187086899 0.04426412249195459 2.606335476382839 
0.9095075545102853 0.7074250312785806 0.07450922236168034 2.467394445352656 
0.8932397201416172 0.7193945257342647 0.08623738889365093 2.42825816031409 
0.8719121859772843 0.735659277039127 0.09982039759095609 2.379207297446101 
0.8986474716940648 0.7203425301911598 0.03692698706582983 2.442175686171069 
0.8791339732086469 0.7349330918115369 0.03980355798500716 2.395666074340534 
0.899110428839173 0.72006999224374 -0.003896398809384745 2.442448532573442 
0.9469591595798783 0.6653776845801425 0.08091546965222404 2.553608556012739 
0.9305544495363405 0.6846633572260281 0.08060211188120392 2.515560343228811 
0.9095203900073299 0.7071140499067998 0.07374709169351773 2.467124407119298 
0.9353946821200434 0.6818572239431024 0.05592513586797863 2.527179409386915 
0.9195212193178536 0.6992960320818755 0.04588463131654706 2.48990475501568 
0.930182946248176 0.6878339213727408 0.02598208618316871 2.513921869015958 
0.9466005376884383 0.6661101919917725 0.08027315596693953 2.553035087860995 
0.9363192205173322 0.6736527494170071 0.1117246514963421 2.529008087304145 
0.92402850329553 0.6791532175014073 0.1566050149912743 2.500721877598149 
0.93099014241571 0.6846437452165016 0.08018829506903108 2.516936841104492 
0.9121641691254369 0.6986325822156013 0.114992875180658 2.472951380259518 
0.9097645206428518 0.7072439710446013 0.07380752824556415 2.467966887292977 
0.9913614887832376 0.6061052079771497 0.01127851650606159 2.655189827416361 
0.9924300888398551 0.6043991565298092 0.01783396733561108 2.657750566279266 
0.9956753501902584 0.5982326789095015 0.02639868523339244 2.664931284865907 
0.9887318524940062 0.6107949461035661 0.01670990402599342 2.649445381297825 
0.9899920197480043 0.6078067665850984 0.02826804851650916 2.65203323993467 
0.9837790717279044 0.6178118525134089 0.02504114499467948 2.637715697619407 
1.001709639417136 0.5831173552322449 0.07334424952183327 2.678371043231435 
0.9919374541853846 0.598963110700459 0.08616427031059698 2.656387449200218 
0.9784419451837143 0.6195586546351461 0.09361319508111152 2.625452933629668 
0.9943659118016839 0.5978200543837777 0.06241038577156315 2.662019811545084 
0.9859216859633901 0.6113257582459387 0.06824497170413026 2.642759259712864 
0.9900742806453907 0.6064871934986614 0.05197050926800433 2.652521940955471 
1.000010745795589 0.5915362805583821 0.0006894459162560657 2.674993580247847 
0.999880869302604 0.5917502453120208 0.0002255588399975696 2.674688102376106 
0.9998761744374283 0.5918272198386838 -3.278307322656253e-05 2.67471806543456 
1.000163035419511 0.5913284751896655 0.0002250244514139221 2.675376836759833 
1.000038412428713 0.5915402719039002 4.636089630404679e-05 2.675087696287061 
1.000206992448454 0.5912400315084924 -2.897069883026311e-05 2.675470748231347 
0.9993264255728603 0.5928630649168545 6.729479909721587e-05 2.673504536020765 
0.9997626495141164 0.5919727518839241 -2.848353783599271e-05 2.674426688674648 
0.9998943486449011 0.5917875213223432 -2.55605510171935e-05 2.674755320065987 
0.9996057882104159 0.5921856896709116 0.0006991534725223425 2.674031702689399 
0.9999050961407046 0.5918087515941484 0.0001659100629566276 2.674803347140013 
0.9999609234405783 0.5915025742552007 0.00075812874615204 2.674808061425527 
0.9887688511087703 0.6103068217244295 -0.0002722720615127418 2.649137384936086 
0.9926324467652715 0.6045839741426742 0.0001495559265713924 2.658373138861873 
0.9957964321188094 0.5990002886545984 4.388397874769779e-05 2.665470107731357 
0.9899277175797211 0.6088462982323541 0.004782765137893181 2.65206032605199 
0.9938597460093624 0.6018534806833598 0.004648570131580396 2.66077305521467 
0.991427149681693 0.6064878916219463 0.01091923545063718 2.655614908186048 
0.9992785641001535 0.592782241459578 -6.361878557070735e-05 2.673303642538026 
0.999160364313065 0.5931517294344714 0.001549565430462783 2.673127121415779 
0.9996906157260669 0.591808405226684 0.004251454383319888 2.674099412425578 
0.9981585075989264 0.5946711186667375 -0.0001242885657895967 2.670699060067044 
0.9976772037437519 0.5955205499189977 0.003705627536006442 2.669616183914004 
0.9958882141181381 0.5989958816069515 0.000174998822311774 2.665757873305294 
0.9999049299047149 0.591623043126418 -0.0001524235590129879 2.674693895699893 
0.9999365210891905 0.5915911544216125 -8.734078732457977e-05 2.67477817065914 
0.9999746550491716 0.5915829283324118 -5.987194195226791e-06 2.674897290755279 
0.9997565172708408 0.5918895487038955 -9.938651054644358e-05 2.674356388321092 
0.9998162717482483 0.5919188571333118 3.232332273990421e-06 2.674569560751346 
0.9994550774336645 0.5924362855026931 -7.09472206196346e-06 2.673675395298499 
0.9998968080064006 0.5915895860574121 -0.000159577649309912 2.674655151196502 
0.999997108300796 0.5916025919556318 -0.0002564718092007157 2.674983566797954 
0.9999894845983303 0.5912600077568345 -9.438374606148205e-05 2.674788476095627 
0.9999354145311077 0.5915298064423684 -8.952330450072348e-05 2.674747845868849 
1.000001889682085 0.5916143737118321 -0.0002443402962244602 2.67500652803659 
0.9999954540543495 0.5914549604616821 -2.484276716964984e-05 2.674902176581324 
0.9978071956782107 0.5953028609615526 -7.362681595517916e-05 2.669905015887001 
0.9990203083702838 0.5931298256902924 -0.001704918561148749 2.672649556275232 
1.000050023675816 0.591591198444301 -0.001507346477937693 2.675153030925253 
0.9989223662841774 0.5935103729505102 8.762680872479413e-05 2.67254303680192 
0.999495844776689 0.59226200473019 -0.0008741878006720652 2.673713794296843 
0.9994273660441658 0.5925351802495308 -6.828173082934124e-06 2.673642077033383 
0.9926542230821754 0.604303900811754 3.745111742084628e-06 2.658264509298847 
0.9938518364842897 0.6019309183120467 -0.006122226500931974 2.660806603739833 
0.9961255559383643 0.5979680719978631 -0.01187027645587234 2.665994805139606 
0.9957950671698367 0.598793716477819 -0.0001899356988191298 2.665329901140476 
0.996894949404138 0.5968766204298526 -0.004001792530098447 2.66783346160936 
0.9978455418106953 0.5952809803956779 -0.0001612733066186991 2.67002811540683 
0.9927789303767793 0.6042523413555491 0.0002526629630998519 2.658659758411016 
0.9898257654241358 0.6086852007699993 -0.0001894515989605726 2.651622458326937 
0.9877533271233447 0.6122410981092787 -7.66672199967445e-05 2.646998056346115 
0.9911635176057011 0.6064684389132929 -0.004834457330918982 2.654676710178923 
0.9882797407447501 0.6115266166617952 -0.003828410023988291 2.648278188208018 
0.9887670965123235 0.609984579985753 -0.01021420145828849 2.648987309901201 
0.9890629836877481 0.6103200983485931 6.983969968640417e-05 2.650116002871386 
0.9876112074347831 0.6124558399054615 0.003115660872721182 2.646649395705071 
0.9849693958115181 0.6170672765699229 0.004625646105761718 2.640863684479232 
0.9872968598325652 0.6132457657146605 0.0001480491459353589 2.646117284315533 
0.9864420343315042 0.6143687751844369 -0.0002741768710914883 2.643989531527573 
0.9877098271904216 0.6123203882304242 -1.479913891795561e-05 2.646901357852718 
1.000774148927241 0.5898840718395972 0.0001037787476693766 2.676556875920088 
1.000426790985103 0.5908461030841712 0.0007735926211897939 2.675969288849439 
1.000056209195421 0.5915316966355968 0.000731466290687312 2.675142146670342 
1.000277264639609 0.5910714506089727 -2.316636652507876e-05 2.675604614949259 
1.000135396628662 0.5912380045405612 0.0001348643750977102 2.675231602362827 
1.000189251436804 0.5912779410225362 -1.989154950587082e-05 2.675434660165026 
1.00355555361127 0.5852282082027588 7.793212461245254e-05 2.68309331191803 
1.003318897539127 0.5850256968489274 0.003315917384008896 2.682190027449627 
1.002621413233263 0.5875731096543382 0.006027633754035479 2.681367837582991 
1.001758905223104 0.5888995586241415 -0.0001177851025123863 2.67925353031274 
1.001581062672209 0.5882875131585189 0.001392607742281319 2.678302086218412 
1.00092607574811 0.5899962258489737 0.000101577740451012 2.677140138145421 
1.007648017485415 0.5752757344957753 0.03796307147320449 2.691765540114618 
1.012279733299628 0.5676692763585679 0.0193159592736111 2.702446767844194 
1.011034102400327 0.5719256357299743 0.001667371134615497 2.700507348682768 
1.015250665359135 0.5627391706841621 0.03380295951663215 2.710070501728326 
1.016067415120405 0.5606285800876341 0.008284819285755881 2.711089210765513 
1.021863735056535 0.5478066080810017 0.02228485274821332 2.723894732809882 
1.010809510171915 0.5582932977399675 0.1280766739983644 2.70007435181913 
1.004653106186003 0.5744495242764955 0.09675324551460758 2.685224857422988 
1.001672030098996 0.5844588349039186 0.07381184207653504 2.679075948722243 
1.020411068144208 0.5434299576616338 0.1014531226459047 2.721316675603388 
1.012321631166359 0.5635362347971619 0.07892299442868052 2.703228085664715 
1.025315835879581 0.5361865167902128 0.07581743821133337 2.731987887630588 
1.003668139715058 0.5855175687695477 -0.0002272649895181064 2.683663238308375 
1.006355551633248 0.5804986053309227 -2.489155182105742e-05 2.689686320395711 
1.010558571148645 0.5713319556901711 0.002957413303896347 2.698536998019324 
1.005121347020903 0.5811691610256707 0.006134138028539299 2.685983625849067 
1.008246599576561 0.5762151034299803 0.01221907976953555 2.693640558922233 
1.004457835691061 0.5840070349829065 0.01686759054934251 2.685527973602251 
1.022255694876575 0.5473085482017948 0.02219771331712208 2.724983597063722 
1.025656832289281 0.5390124301438809 0.04390975408221227 2.732726780228545 
1.025924321302049 0.5370551466817707 0.07443813508308637 2.734332059028429 
1.014808171757079 0.5635130342839344 0.03432989932353697 2.709054613407049 
1.013894120987173 0.5626459232173207 0.05282215104536323 2.706263936961148 
1.007509367950662 0.5752549232693576 0.03778804887147571 2.691367040439372 
1.000625124368626 0.5898809961883253 4.607820013150826e-05 2.676101353624427 
1.000133652786306 0.5907535662416092 3.86195839523433e-05 2.674981801984541 
0.9999904018344002 0.591234278650783 -0.0002081548892513981 2.674789687381794 
1.000445527956386 0.5908613161257428 -0.000943208980973384 2.676041044814915 
1.000106153110161 0.5913164871847429 -0.0003120394029807663 2.675180900713731 
0.9999353922097491 0.5914904000343559 -0.001442159117225012 2.674717153137899 
1.003011387165275 0.5858358639660103 4.799708618666353e-05 2.681683186630277 
1.001254514119832 0.5888060948546798 0.0002386886162897667 2.677573655202651 
1.000651137476562 0.5903472281919211 -0.0004054932861320552 2.676473865575945 
1.002169430394297 0.5877409555354295 -0.003832237176340528 2.679948806105641 
1.001013360215217 0.5895664728617532 -0.001623722184703164 2.67716705808237 
1.00035237525558 0.590904276001638 -0.005745786446536743 2.675784289444783 
1.003995211208944 0.5835964206288964 -0.01081399942084699 2.683751120831396 
1.007517062160139 0.578081606506223 -0.008541826485839633 2.692183057890149 
1.011099245063017 0.5709038660532438 -0.002360233702026986 2.700249485951076 
1.004285107638097 0.5839633915907584 -0.003692241955129947 2.684753759486046 
1.005346818037384 0.5807447832344695 0.0001804382324705514 2.686639497892449 
1.003032329223152 0.586092944526837 -0.0007492439268791483 2.682019053798525 
1.021895600314604 0.5482352803437095 -0.02203514928425023 2.724400841739461 
1.01629114722037 0.5595545298395849 -0.007911242797755274 2.711475527570795 
1.010662472090478 0.5700377310885745 -0.001753484313681194 2.698352579174405 
1.013489954900007 0.5652633588452909 -0.03073140056507842 2.705380178678794 
1.011543448131275 0.5704925287787167 -0.01779385355541893 2.701473249769794 
1.006200081758406 0.5775563213373751 -0.03136684715359404 2.688049721569313 
1.007314142190854 0.5773862019887764 -0.03064234831224378 2.691713009961564 
1.013326162205189 0.5648141134296909 -0.04348810562657746 2.705071618555268 
1.026037996148527 0.5359304919849539 -0.0621287345220123 2.733417964159971 
1.013162853922362 0.5656684276223941 -0.03048976126763271 2.704506157303666 
1.025373738816665 0.540311776432859 -0.03978789066803186 2.732492475289419 
1.021997079167063 0.5479815452875187 -0.02233217585645111 2.724642215104122 
0.978509964182117 0.6208463213062965 -0.09753270925631818 2.62689720341863 
0.9734251535100213 0.6212915301568492 -0.1261240708250759 2.613926589232633 
0.968421578479438 0.6199422484379734 -0.1660630843497286 2.602472456948215 
0.9927928658257484 0.5911594150896521 -0.1166342678668485 2.657724592645623 
0.9952587168795772 0.581001987349131 -0.15008281996496 2.664351461002576 
1.013681649900974 0.5533635063747716 -0.1220293347115342 2.706311055690215 
0.866523619788788 0.7413711032619197 -0.08980883253303211 2.36708559789809 
0.8793182176253644 0.7345599975770334 -0.03790324329668342 2.395827302475793 
0.8987339334996939 0.7212014811707474 -0.004193501239718929 2.442274448873159 
0.8508162794258708 0.7550271267853177 -0.04216224297859843 2.329609261182236 
0.8764363016152754 0.738314079701002 0.001661068430302309 2.389626120542273 
0.8458238229122084 0.7587781575897944 0.009732077503755177 2.317544201990516 
0.9994795909384523 0.5891363249888505 -0.06630132016963862 2.674068604202864 
1.003706311974157 0.5776421758002266 -0.0899127149120582 2.683174706831408 
1.012893246201042 0.5529327409633576 -0.1219984914548786 2.703408920484692 
1.010890635799341 0.5659975877091866 -0.07143259420974998 2.699151722028922 
1.022738956295711 0.5397898092744819 -0.09203307011683347 2.726570650347117 
1.026184521071598 0.5359771104444007 -0.06228170763381839 2.734046636621189 
0.9197267610783105 0.6833856975441626 -0.1521559462108624 2.489672959013286 
0.9446938636096842 0.6515696110328459 -0.1652605268768974 2.547682452697506 
0.9678542908968595 0.6209535337910971 -0.1684134192449197 2.601680047726844 
0.9383069684956638 0.6729279675086075 -0.1030161830430031 2.533806189901 
0.9528441515981891 0.6520472314783089 -0.1140393617514481 2.566488943235698 
0.9528459693267093 0.6577427963298003 -0.07219831800527314 2.56644085760938 
0.9247388167287153 0.6787499508813422 0.1570654634724182 2.502544400619588 
0.89780073438826 0.7101191681517108 0.1342645081110075 2.440450621730242 
0.8716178259309378 0.7359750244923876 0.09964032663470372 2.378642254574916 
0.9116237326355492 0.6985888891502061 0.1148306126788551 2.471359408240227 
0.8925841547389202 0.7197867589340191 0.08527254970329363 2.426681224108299 
0.9099995310667387 0.7074205334004928 0.0738850940275996 2.468848570910451 
0.9188097207271816 0.6991942108120734 -0.06309962832961072 2.488721681800791 
0.8977930191034705 0.7175205304595713 -0.07451531077274792 2.43978725290184 
0.8671153922511183 0.7403490662634616 -0.08768195367005924 2.367502598313654 
0.9136705537323518 0.6981502167014462 -0.1032414181200187 2.475812325344611 
0.8913543052993952 0.7154156194268501 -0.1274939139692625 2.42428092336342 
0.9196256466403616 0.6847928150260204 -0.1550640888823783 2.491003442480249 
0.8719867535002395 0.735476784630554 0.09953325120660358 2.3792115098697 
0.8545222112926794 0.75205904425551 0.0563124747273656 2.338663625333786 
0.8455251609559742 0.7590806558885562 0.009389457312991395 2.316985314339725 
0.8788293139789125 0.7348512718192699 0.03998680512828261 2.394679368081126 
0.8757128342828235 0.7382408963047895 0.001316677850154972 2.387395684760048 
0.9002845297651788 0.720497044530769 -0.003311773341351887 2.446477392783243 
0.9736133998877605 0.6140444351144397 0.1640110694402732 2.615429457827348 
0.9750560222828214 0.6193055744425263 0.1231888930182771 2.617632852670094 
0.9785287341626007 0.6205034882620285 0.09376317150097221 2.62637916190111 
0.9951581780395938 0.5817416913740767 0.1499937611765771 2.664155983302115 
0.9913057734844534 0.5958537250431134 0.1158129877627528 2.655607141009134 
1.010205554712055 0.5571261644125196 0.129272879140763 2.697534044226566 
0.9730448274784587 0.6132002226150884 0.1658111583343117 2.613006138097917 
0.9509169016191797 0.645299518015603 0.1658467634536764 2.563037831249967 
0.9248974016575623 0.678776926198003 0.1558053797519887 2.503144014274301 
0.9531654907372253 0.6510185619709938 0.1233590111815521 2.568158586210735 
0.9353155756594401 0.6740598664453106 0.1117050742507676 2.526196188900079 
0.9472760179105237 0.6659185602622044 0.08058619508952207 2.55486264802518 
