1.000505124318943 0.5908348560591954 0.00436831119996507 2.676231766929862 
1.001830179974976 0.5886620191483968 0.002334626733045947 2.67935640823387 
1.001674997562334 0.5889918362334103 -6.49789484544494e-06 2.67903261504847 
1.001706465666544 0.5889115634727173 0.005671611594665763 2.679104296110495 
1.002643902157928 0.5870954391565588 0.00158713323806239 2.681144496379928 
1.00339442033301 0.5861036605605905 0.006165633444662365 2.683085618598046 
1.000640178227513 0.5905897527948053 0.004539262325439219 2.676542036976014 
0.9996839123696292 0.5922646789139979 0.007082987372106604 2.674360087659832 
0.9978366186249094 0.5953491858551448 0.009834463223693841 2.670083675325577 
0.9982332830440287 0.5948153686476858 0.004114110758286124 2.671042681171943 
0.9963306876780172 0.597820339292806 0.004930274111040617 2.666532270096858 
0.9960262497697936 0.5985468958199195 -3.832820472168317e-05 2.665946272685146 
1.004655955150056 0.5839634518315918 -0.0003095991079013742 2.68602848991199 
1.005979627756396 0.5804684069011059 0.006584684635418846 2.688445643536353 
1.004695752434714 0.5826887785535979 0.01718628911328166 2.685558087128681 
1.004363181799762 0.5836695250863829 0.003715893112369122 2.684889082055401 
1.003836434883006 0.5850053644220413 0.01024260761058497 2.683948312992752 
1.003222587292207 0.5865232126528237 0.006314740447092447 2.682763835612589 
0.9976649931370607 0.5953242201032475 0.009566972289944463 2.669499111312926 
1.000906943730905 0.5899301793336145 0.009957715671211079 2.677075692479158 
1.003205974564873 0.5862212100256818 0.006289061797022644 2.682535767300074 
1.000053902089068 0.5910236657766779 0.01441283006157135 2.674939001103111 
1.004071251229091 0.5842578213302717 0.01033496552289595 2.68429612652197 
1.004531498886875 0.5833037820860824 0.01714981767224045 2.685365044832157 
1.007428659206943 0.5746247802203631 0.03851410960527597 2.690642904011816 
1.00564192225405 0.5797327605926512 0.02515958389807095 2.68717103189441 
1.004385060262796 0.5832915919230101 0.01744748882882782 2.684910323378397 
1.012469753720987 0.5672920654664132 0.01969761590786735 2.702880364041939 
1.008446254051185 0.5753408125009254 0.01283192738028871 2.693822033540601 
1.011780742629554 0.5698454912869216 0.001674157846467192 2.701789396994994 
0.9694167386796727 0.6380902951824219 0.04387176444497679 2.604642133045333 
0.9798704664104179 0.6222119227314157 0.05241224445562784 2.628793040288093 
0.9892200951672013 0.6069522419825218 0.05198285721025692 2.650102041887752 
0.9709568353873133 0.6339298098572909 0.06718347006621841 2.608223336539322 
0.9853332028630855 0.6105030380322942 0.06940523455266934 2.640321885245176 
0.9777371596938337 0.6193819718382019 0.09369498026900887 2.623034941168047 
1.00112829162739 0.583800378176677 0.07420180964654052 2.676883147598905 
1.005900471905104 0.5763406273836282 0.0536350381568789 2.687213095228715 
1.007304276778748 0.5746492186758356 0.03832257398276109 2.690438716375265 
1.011642025263455 0.562740933776683 0.07884494093618777 2.700466853117421 
1.01379695750154 0.5621368322981635 0.05247845154335385 2.705621678695695 
1.024312469235227 0.5364543676138859 0.07584454224910955 2.728673904810833 
0.9890260845381534 0.6064462276503144 0.05187235794569946 2.648995114052704 
0.999711265410712 0.5894522292844069 0.04969059374541007 2.6739849761935 
1.00731835902361 0.5749910121216022 0.03817115000059999 2.690591761768936 
0.9938559265068166 0.5975398218057039 0.06318095391932346 2.660172676472762 
1.005786568622923 0.5754052265873646 0.0541390776697471 2.686299837213774 
1.001144359631823 0.5826782155962422 0.07411494825370216 2.676274641106799 
0.9461540076491558 0.6651648103761841 0.08100164125005456 2.550791482841233 
0.9605604664700912 0.6491474574458381 0.05846825304211966 2.584184355054246 
0.9700449278613904 0.638214821746189 0.04505622652748228 2.60687832602682 
0.9626449389056293 0.6422831056205996 0.09216989686892445 2.588913670696682 
0.9705275927069289 0.6338911712367874 0.06660524109883158 2.60682024295982 
0.9777387524895852 0.6193114037326973 0.09349724751338061 2.622938109803298 
0.9957334126564674 0.5968787777463761 0.02738066889054899 2.664410097510572 
0.9998473966579291 0.5903157009595028 0.03391810621014614 2.6743169891922 
1.007495077623777 0.5749114404349955 0.03820753357241743 2.690982741052269 
0.9934868065386909 0.6010836617972919 0.03720278786093503 2.659751876514992 
0.9994764926703963 0.5890973474987954 0.04921349253381391 2.673002908205038 
0.9892193025302545 0.6064622379739067 0.05224393153614772 2.649617064502112 
0.9833579360004433 0.617513821591093 0.02490385856519842 2.636168043254271 
0.9897757247024107 0.6074009554104176 0.02902442488610864 2.651104852941101 
0.9954078728136314 0.5975115504386438 0.02715177877933064 2.663727236933406 
0.9850026512166002 0.6151256219450933 0.03762385505450162 2.640458677784577 
0.9935826727419788 0.6003897114591726 0.03774862220090498 2.659646819467514 
0.9895373638977764 0.6068600306206269 0.05174924940268318 2.650861010675346 
0.9830674646649032 0.6198829922595442 -0.006793949940270457 2.636379718146276 
0.9831999175324817 0.6195900014553565 0.0004089742224093422 2.636622646458554 
0.9848390721610789 0.6165742118475404 0.005196514136177824 2.640159128767073 
0.9787155953618617 0.6271058033394145 -0.00236927810739495 2.626732320552233 
0.980949671475504 0.6232839899843036 0.006877041613386325 2.631600611089453 
0.9739174868990661 0.6335702426860976 0.007456136029013928 2.615315466912497 
0.9910557420923255 0.6059440192812253 0.0111908282736012 2.654067874781985 
0.9948489707989456 0.6001586340796458 0.01186140103925783 2.66309715380541 
0.9976613154051976 0.5955384480444709 0.009987813361423495 2.669649644455949 
0.9924703704526088 0.6041222998350485 0.01876355469637413 2.657726273348488 
0.9971577872243952 0.5957914443219919 0.01656903657562117 2.668168607947211 
0.9956149356424049 0.5978088562622035 0.02708205126409148 2.664500254717157 
0.973543766388267 0.6336102191251562 0.008214565964821962 2.614121970377891 
0.9810860158112272 0.6232750960933106 0.006567083480999617 2.632044127020432 
0.9850390093410206 0.6164573508146111 0.005212629473827269 2.64074001288204 
0.9777914492811456 0.62745466173222 0.01930523941762464 2.624149409780248 
0.9833977636283918 0.6188369246822306 0.01228306387356375 2.636864930137786 
0.9835225461694503 0.6182808371729227 0.02504276049670252 2.637173455373137 
0.9979408968285968 0.5950947907373807 0.01011962975709566 2.67030053362316 
1.000005276858557 0.5910771269500785 0.01417118009872933 2.674806881672472 
1.004416869967078 0.5833837574596242 0.01700579206942782 2.685030865851353 
0.9970753973101721 0.5961845064920434 0.01630004178997145 2.668133897906745 
1.000698297384754 0.589075988937985 0.02389058067960614 2.676119935561715 
0.9954815468950948 0.5975683563641361 0.02739362038772276 2.663930264085541 
0.9953345267568808 0.5970896974491275 0.0267022974683655 2.663169212713706 
1.000943318850742 0.588985050359239 0.02413475894920153 2.676890147871007 
1.004271260200025 0.5836722405598351 0.01718201708797149 2.684752364815581 
1.000061798300643 0.5902197322638647 0.03430386197474427 2.674974587512123 
1.006039668347699 0.579176105161864 0.02522155480249295 2.688171127040833 
1.007480712799656 0.5749418945400294 0.0384483860475135 2.690958715321571 
1.000571081438014 0.5908310462043946 0.004462424160670045 2.676447904738506 
1.000709374137028 0.5906586450230197 0.00194841935625665 2.676799393703302 
1.000793086773545 0.5903804436820186 0.0008735149031347576 2.676914606184797 
1.001761033524856 0.5886911188338635 0.002290896830617424 2.679142893380854 
1.00119973628647 0.5897270628071994 0.0008386907266493267 2.677880998057154 
1.001835403380104 0.5887661301655709 -0.0002940890544722447 2.67943098757516 
0.9978103181315917 0.595498673578607 0.01007561026443591 2.670083611622718 
0.9996522446918624 0.5921600910422252 0.006985742296891006 2.674193877554935 
1.000560098082471 0.590730317278869 0.004428812023391899 2.67635772155571 
1.000861160485615 0.5898488525156999 0.00973973420785503 2.67687338888211 
1.001542436578729 0.589114331303942 0.005545299813925199 2.678678304948176 
1.003207748855957 0.5862021778944794 0.00625479578311735 2.682523645000101 
0.9999380810145115 0.5918671047953026 -9.459071850763584e-05 2.674947666959306 
1.000360790384648 0.5911544578065381 0.0008636665009409413 2.675932301907937 
1.00075130574697 0.5903850205762926 0.0008854720881113602 2.676777973721057 
0.9998437840683515 0.5920250334344869 0.001803410021562446 2.674729172480927 
1.000793161602547 0.5903354983710547 0.001936382996120465 2.676887661403077 
1.000562286738607 0.5909028641222505 0.004342117571266415 2.676461727899049 
0.9776050455828041 0.6200459789235748 0.09372718813887848 2.623102557506835 
0.9914419244561128 0.5984408510459134 0.08644243064989571 2.654430102799898 
1.00068338703839 0.5842617261076221 0.07391705473165297 2.675809185864176 
0.9905301096965363 0.5951624760990871 0.1158694882066025 2.652541969762172 
1.004238526737276 0.573910678187553 0.09670733350832272 2.683523199106706 
1.009187120509805 0.5577466709391338 0.1294555352581166 2.694425486679382 
1.000019538946983 0.5915180170192452 -0.001309385951284565 2.675008353875089 
0.9999093432044246 0.5917393600770798 -0.000415127237557079 2.674778090511433 
1.000004247824902 0.5916851167475342 -0.000112646212831624 2.675060730466492 
0.9996658871154687 0.5922221658364227 -0.0007220115968306771 2.674255306768608 
0.9998566603682824 0.5919357808433329 -7.251409435058345e-05 2.674716553891588 
0.9995531448868648 0.5924442955667927 -3.289364242273931e-05 2.674006115903552 
1.000058683588668 0.591556816329325 -0.001307759032076564 2.675163487183991 
1.000191194246771 0.5903421815526374 -0.0004644587605194363 2.674887678089832 
0.9999476415922527 0.590291031546908 0.0001271339960253384 2.674082130632909 
0.9999308669625634 0.5918703690164013 -0.0003995182553889826 2.674930058235894 
1.000021522163685 0.5909282127200969 -0.0003531209987225456 2.674665542977304 
1.000020895248938 0.5918514903682034 2.969371608691116e-05 2.675223903446364 
1.000099348520357 0.5913934937663494 -0.001309015369995427 2.675200623524844 
0.9992410892365398 0.5930753433635274 -0.001628690687420566 2.673350488402424 
0.9980064471352003 0.5951391086204917 -9.361896539729262e-05 2.670470040803825 
1.000218731990863 0.5910810252214422 -0.0027257664488454 2.675411717478487 
0.9986445784741997 0.5940892266684852 -0.003414247591057342 2.671975380472857 
1.000402019708562 0.5908724168241826 -0.005366664760107078 2.675902944303065 
1.000618709670788 0.5908970698500728 -0.005367356906339901 2.676656507536298 
1.00108683927068 0.588734294904916 -0.001883372900757313 2.676927132790455 
1.000524622723522 0.5892057807154856 0.0001763458771614424 2.675371755504836 
1.000207323831583 0.5915183316884572 -0.002759405835195782 2.675640858814927 
1.000447065707584 0.5898513029911424 -0.001146375917322256 2.675451073622353 
1.000063610775821 0.5916565031624217 -0.001233130289815233 2.67524026336738 
0.9967598981717696 0.5974944017170511 -0.01163221745629013 2.667805587886997 
0.9992207768717577 0.593184340152544 -0.008936116223730341 2.673378016964051 
1.000449364770225 0.5908054480430207 -0.005573751614432632 2.676021441920854 
0.9971124459796705 0.5968825308842896 -0.003829790409952174 2.668557236406686 
0.9985031414634783 0.5941779173373811 -0.003392735473750085 2.671558581270259 
0.9981675938004745 0.5950781183642653 7.959074843136022e-05 2.670970035316441 
1.000566282936319 0.5912589405360199 -0.005112304444483362 2.676701653950506 
1.001739667483504 0.5881109863466306 -0.007878805261784198 2.678804168345212 
1.004128949639349 0.5830033486099135 -0.0106044086161301 2.683816617294195 
1.002143836076498 0.5867588649107496 -0.004104151760088468 2.679290719962235 
1.004075077255788 0.5829489139405827 -0.003864826468576562 2.683484930457441 
1.002734040067604 0.5850295046840273 0.0002426517099666719 2.680289407058588 
1.003942738482157 0.5835393194972061 -0.01026577741433176 2.683546345112784 
1.005610023082245 0.5809094275799445 -0.01769825311419354 2.687676356276554 
1.006780028386695 0.5771200424667223 -0.03064130849347315 2.689686243882358 
1.007081716221998 0.5769597607315388 -0.008931138538022765 2.690088582774033 
1.010991350000117 0.5695813685626852 -0.01722260633022903 2.699097552218644 
1.011086230005688 0.569670714349318 -0.002887968011431226 2.69953284002856 
0.9896450139064541 0.6096981910747498 -0.009999574444283328 2.651720227823776 
0.9865699646501498 0.6143303908212943 -0.009823295944752564 2.644452652332789 
0.9831982625772653 0.6200865225820876 -0.006617229585112459 2.636958936206208 
0.9873981082942552 0.6133771922949489 -0.01556641496672141 2.646634822668029 
0.9825160012599279 0.6213183519498824 -0.01406048234652321 2.63555019499659 
0.9831330162876203 0.6193694743308167 -0.02372284342576952 2.636542159735826 
0.9931152424231601 0.6039087929263781 3.074431438029995e-05 2.659554297261912 
0.9917831560160286 0.6062783532020449 -0.004364012687936686 2.656602477192387 
0.9896808985881055 0.6094413299813195 -0.009850998687575895 2.651660183201218 
0.9942615064141237 0.6016796480692874 -0.005889096141736759 2.66201112472435 
0.9931913847317545 0.6035040335873407 -0.01227229619085388 2.659645875560706 
0.9967285080799549 0.5980159334550093 -0.01191309549657529 2.668022981673856 
1.000524018726543 0.5908451074106359 -0.005497422971018088 2.676298155755715 
0.9992605954555841 0.592690144190287 -0.008617262085190034 2.673213485186456 
0.9964008868803654 0.5977411294155782 -0.01176245222973762 2.666766446457069 
1.00186117770232 0.5883398678504727 -0.007433823670340959 2.679303209213042 
1.000227310430691 0.5911781348352103 -0.01369245226006656 2.67559034050218 
1.00425308826787 0.5828668909421615 -0.0104487946571811 2.684124642178067 
0.9969062726456268 0.597314816596997 -0.01130259081788059 2.668195376071164 
0.9990709368742288 0.5927724168864564 -0.02028379396607816 2.672804608152626 
1.006104819870089 0.5795879861926974 -0.03089096395338514 2.688780724651731 
1.00035845925647 0.5911665409974051 -0.01398825706874608 2.67602142237512 
1.005510155567463 0.5804979785071493 -0.01815877448177542 2.687057664456456 
1.004113690365434 0.5828675400307057 -0.01009521887658244 2.683662501703393 
0.993101440257237 0.60277803360291 -0.03088818138531704 2.659337781041988 
0.994545818378776 0.5997324316263649 -0.04587375635616405 2.662787435608961 
0.9991754630304038 0.5886046252398554 -0.06614809143325411 2.672647701969994 
0.9993573360319326 0.5920224683158568 -0.03530549051861333 2.673716123674304 
1.004923743582097 0.5799026102136446 -0.0464329501287935 2.685689955396346 
1.006166464575979 0.5779521568526866 -0.02978881617904465 2.688088894236917 
0.9897418612757758 0.6095466962234628 -0.01003473136222683 2.651948408205755 
0.9900331879329098 0.6088521205168494 -0.01908217274653735 2.652566118769325 
0.9926510798002759 0.6037431128366562 -0.03117735946394701 2.658412797428293 
0.993304638132687 0.6037485773517345 -0.01258823343320975 2.660157436841614 
0.9955599388169246 0.599043498260314 -0.01939279485355452 2.664887717838286 
0.9967253823606742 0.5979164995019701 -0.01146062281279305 2.667946838603219 
0.9788052908611586 0.6243722531206641 -0.05270744331329266 2.626660208097299 
0.9698363355867385 0.6380752820386201 -0.06205036277232071 2.607009094134084 
0.9542012695575436 0.6581583691971454 -0.07137233922705227 2.570732341211429 
0.978454371384115 0.6236101082461308 -0.07131039606804246 2.626281677384509 
0.9660309162455831 0.6391039531417135 -0.08820936536463928 2.59733537628831 
0.9797417858316386 0.618438356779778 -0.09725432621042723 2.629264873141383 
0.9991443535300789 0.5884065449369865 -0.06549426062188406 2.672443664634427 
0.9881778432250864 0.6086503720433483 -0.0636938672464772 2.648235445452886 
0.9792235999574129 0.624227758928237 -0.05200803427762356 2.627906174235721 
0.9919589009862774 0.5998590110487541 -0.08210877265301567 2.656660013289345 
0.9783547879837476 0.6236305875695255 -0.07174646876679688 2.62596782328654 
0.9795658787108554 0.6185245567346513 -0.09762455102219002 2.628720685560594 
0.9831104738862997 0.6196681019677506 -0.02430033264364554 2.636719128372508 
0.9769015232123719 0.6289256602966385 -0.02460117794286499 2.622308828354248 
0.967657363232545 0.6425017019773566 -0.01972456031250836 2.601020184332931 
0.9813798948387787 0.6224371299846956 -0.03506685784814157 2.63309087139416 
0.9714548787551421 0.6372884417366865 -0.0377078340988353 2.610414047289793 
0.9791604679318197 0.6254327917638701 -0.05271451777344299 2.628516637503802 
0.9896021854051416 0.6096682620123792 -0.01028409838501022 2.651565301373001 
0.9873363149411156 0.613527164869098 -0.01528949579865676 2.646520166875264 
0.9833399666296271 0.6192716363091655 -0.02369454525206872 2.637160663991582 
0.9899999898170506 0.6087830127422489 -0.01859326539013757 2.652416308222325 
0.9877321147925049 0.6119556097516443 -0.02943245604540356 2.647190590009835 
0.9928228715636571 0.603768532217239 -0.03196370272765311 2.659017598661196 
0.9832002947605389 0.6203094295560175 -0.006312757731197748 2.637108431700536 
0.9787701839962207 0.6266312598603655 -0.002891303719071155 2.626616017604523 
0.9735209091564777 0.6340429615056414 0.007607933058773093 2.614340812553155 
0.9781971732213417 0.6279130239697498 -0.01126008213922672 2.625628006031547 
0.96965526987213 0.6399492611271915 -0.003446657393886266 2.605589157699471 
0.9679683027906996 0.6418549899492534 -0.01905229084340081 2.601524339945545 
0.9927582576633278 0.6033674615149344 -0.03119607569516913 2.658544939931856 
0.9876614931299942 0.6123720358292267 -0.02979616499034446 2.647218024670099 
0.9834478944410517 0.6194712733314344 -0.02395733680362916 2.637691611392162 
0.9881250646099669 0.6108334918881173 -0.04169515556802544 2.648229228617186 
0.9810208717231534 0.6226504827980907 -0.03543168813274482 2.632053666185423 
0.9792353927882755 0.6254251059074747 -0.0527824809413482 2.628718692357913 
0.9834206339283368 0.6194019825848452 -0.006563641660981313 2.637245849156659 
0.9865653075119981 0.6147054452089081 -0.009589184590341649 2.64466345415208 
0.9895723621515418 0.6097926436590571 -0.01017788696203828 2.65151877634811 
0.9870857652649304 0.6138111707764061 -0.002684964126843987 2.645767842060847 
0.9887460550181969 0.6110099879234564 -0.003487115388133807 2.649494211104134 
0.9881917948198782 0.6119546380042938 -0.0001321771019511188 2.648259484587443 
0.9678113008940951 0.642736242647762 -0.02097531874766534 2.601837453507319 
0.9587960755045321 0.6552913585503696 -0.02224398067142803 2.58117302195024 
0.9441934698046534 0.6737595574359239 -0.02300495597012917 2.547493062385526 
0.9609685638056391 0.6520815337571474 -0.03825646466718349 2.586457340249269 
0.9468421361686761 0.6693757513032863 -0.04778316894199139 2.553742917974119 
0.9541825249107033 0.6583362834813841 -0.0716284054377665 2.570856996913119 
0.9830727602440524 0.6203568146857813 -0.006567723047755923 2.636720519857402 
0.9779764844630012 0.6280551483950787 -0.01102456238222596 2.624996430222478 
0.9684571242763897 0.6415227361874067 -0.019843684367404 2.602897193771575 
0.9822259021816537 0.6212034769884045 -0.01364187959601681 2.63453115610272 
0.9768849869536382 0.6296087936852541 -0.02430493289189133 2.622690158959799 
0.9830540914916313 0.6195894665644663 -0.02409438057281601 2.636443772655389 
0.9735729279970347 0.6337823631516477 0.008148526630244304 2.614369271509339 
0.9668346480803184 0.6440732580896259 0.01079368289937149 2.599259748035779 
0.9561568189146274 0.6586749034098898 0.0138202140434911 2.574883011469707 
0.9696399159389724 0.6400027423970874 -0.003202313878329551 2.60557848428409 
0.9607757156574552 0.6530798109796121 -0.006763580506554508 2.585821722535636 
0.9681013171491955 0.6426562458250789 -0.02038489251760136 2.602581044581628 
0.8984770624307202 0.7208275863511663 -0.002698749193467001 2.44121868154177 
0.9164472198013089 0.7041381151731591 0.01558625898853455 2.483077556667997 
0.9307262592193722 0.6871765895634028 0.02630705494228213 2.515214521692227 
0.8992876423485118 0.7187055147905985 0.03710230010724865 2.442788953636556 
0.92026193478381 0.6986671307817116 0.04636537348858471 2.491714337152582 
0.9095120179332679 0.707019457178106 0.07452366447259726 2.467037655977391 
0.9444989671942773 0.6739576926538603 -0.02287718128412645 2.548914096563261 
0.9349654016254616 0.6836845747084299 -0.002043928942838828 2.525527158845991 
0.9310071942576024 0.6869927305647331 0.02657445791651859 2.515881121747458 
0.9256057256380578 0.6937823772551188 -0.01794347318268406 2.503726638344175 
0.9160478419232743 0.7044919470565438 0.01530534422454316 2.482118791465187 
0.8986892530750469 0.721675159601482 -0.003494792862740826 2.442259379790656 
0.9788979840057912 0.6245151041652756 -0.05227795250335326 2.627062992089563 
0.9713282844190093 0.6381354911356137 -0.03814540791720127 2.61057726137701 
0.9684007975157525 0.6421598360223556 -0.01981647324521325 2.603340687903911 
0.969265627407308 0.6377591252867988 -0.06276893813646661 2.604976254667108 
0.9607802477158511 0.6522737064894889 -0.03864973123166278 2.585983763595016 
0.9541607214846396 0.6583706449956044 -0.07149744735697831 2.570746354750849 
0.9558581431928997 0.6586034942380244 0.01376794260617783 2.573956572299957 
0.945766642412864 0.6715332228723779 0.01919180590689197 2.550815617939991 
0.9309534831411762 0.6874598635672508 0.02684979698607736 2.515952994553984 
0.9490475765920694 0.6678757172816654 -0.001422158130177721 2.558452283111392 
0.9352995670140365 0.6839387800832244 -0.001827201671329867 2.526633164071241 
0.9443213649620995 0.6737739754969228 -0.02389387267965687 2.547973324185588 
1.006367699144132 0.5767079414764462 -0.0307471545404822 2.688209486264601 
1.005084702931338 0.5797147043788609 -0.04605305948362422 2.686142758635043 
0.9989499417617297 0.5897258891855086 -0.06582977631841375 2.672499305930748 
1.013638589298897 0.5641869483616839 -0.04286651052345726 2.705744461525165 
1.011635740073343 0.5647104658461124 -0.06985790460252754 2.700831094806272 
1.026106844366002 0.5351465472711811 -0.06201968092892035 2.733287904462276 
0.9965397941024168 0.5971108467689802 -0.0123900408263979 2.666893008304437 
0.995491791549587 0.5994583979199334 -0.01879609645463861 2.664918616247791 
0.9928903352424742 0.6033511597227758 -0.03100103925343097 2.658950764185684 
0.9990817346833479 0.5930102074994027 -0.01967096808002722 2.67297215001945 
0.999466816379931 0.5915202184500363 -0.03439458215703031 2.673757734945521 
1.006445263836985 0.5790353566918409 -0.03168798895274521 2.689620298989879 
0.9792632378619019 0.6206641988721243 -0.09705970036659971 2.628994030734738 
0.9943214908889142 0.5899130440736442 -0.1156150937548721 2.661919249061219 
1.013818299991998 0.5521174335095856 -0.1213699457677367 2.706060715554649 
0.9921947895643481 0.6004214059446348 -0.081722874883946 2.65774437098104 
1.004564511107935 0.5769342536972635 -0.08931682145355321 2.685631993115346 
0.9991433393264278 0.588207740662501 -0.06621850381180092 2.67239328826185 
0.992618771600434 0.6027333158195958 -0.03195333144357576 2.657762147628603 
0.9882347083232546 0.6112108318204227 -0.04133294325175875 2.648832633348897 
0.9791003841827636 0.6252433946486207 -0.05265648242378502 2.6281104634892 
0.9947169383840735 0.5997869157788044 -0.04532338225517689 2.663384104944014 
0.9883024655681895 0.6080751005302419 -0.06303494527077885 2.648228039772996 
0.9993389167419912 0.5885214949455978 -0.06601245148470819 2.673166676394106 
0.9543506463545691 0.6567390130389729 -0.07110263726766594 2.570598727735349 
0.955751270839746 0.6509797499359982 -0.1143981534584262 2.574954336180541 
0.9685942344892817 0.6195538752237262 -0.165796695444329 2.603013092622172 
0.9664348892867407 0.6398328254506915 -0.08923061754133867 2.599147472935119 
0.9752354285185946 0.6200716113611132 -0.1257967558022084 2.619061207006953 
0.979810212120716 0.6195323555285331 -0.09739873192591035 2.630269629281365 
0.9203147641628958 0.6984096162397663 -0.06329488589572702 2.49282039346567 
0.9165972220644597 0.6971992142827433 -0.1035924337550099 2.483942613795318 
0.9213212972375654 0.6827385592468392 -0.151868648333411 2.494277000891537 
0.9398581866916605 0.6756475237397338 -0.07113507757684966 2.537651653745177 
0.9410972644229577 0.6712408063655323 -0.1028189675924275 2.541322881701668 
0.9540705770319817 0.6569608034637539 -0.07193299646517599 2.569779122936143 
0.9847728676723808 0.617138416844499 0.004780371240882255 2.64026994586978 
0.9833267137603399 0.6195656021817328 0.0002100762321285732 2.637033382485908 
0.9831989362294447 0.6195876519418929 -0.006273232134366893 2.636632704267698 
0.98679091530227 0.6139132583437997 -0.0004657621288565699 2.644850239805794 
0.9872173854100759 0.6136988205500133 -0.002869096952054203 2.646131434074145 
0.9882192072598336 0.6119713878397686 1.067806863602468e-05 2.648358035415992 
0.9911166158969795 0.606512990531975 0.01133665224980079 2.654604382226158 
0.9875007034831473 0.6124924078195898 0.009731923078227294 2.646368579538647 
0.984771929255027 0.6167710570717986 0.005178263379350839 2.640030792800549 
0.9898304020851318 0.6086138806098658 0.004578054195242429 2.65159461400473 
0.987782515302621 0.6123789897406799 0.003060043013048824 2.647167143684257 
0.9891825896905824 0.6101949531700648 8.28788180822418e-05 2.650436274343641 
0.9911045070889005 0.6061526757506718 0.01148621324659646 2.654383714331488 
0.988535937106291 0.6103289598526426 0.01764494357382114 2.648511772065026 
0.9837359334472603 0.618011092408886 0.0248602727336797 2.637703139193613 
0.9874818332136273 0.6123251073135131 0.009894447664755928 2.646214323646329 
0.9835075078118469 0.6190826356998365 0.01280912585526675 2.637387621145361 
0.9847348307046153 0.6164629415399634 0.004768025010177756 2.639724765863706 
0.996152838316968 0.5984821134684775 7.685184845743014e-05 2.666332830170338 
0.9963687581232896 0.597778550917439 0.00469753045659612 2.666633704274362 
0.9977603412875806 0.5953931514749484 0.009825367523330715 2.669857636231603 
0.9940380286323586 0.6017923391481705 0.004639894954759939 2.661330810827104 
0.9947913698094912 0.6002209089830417 0.0117562039004856 2.662936001991742 
0.9911950803831736 0.6060865258567713 0.01159479624299044 2.654605382249346 
0.9560502664232342 0.6585685695278867 0.01365709130424752 2.574510159846204 
0.949030414717477 0.6683165439210692 -0.001917418972438841 2.558695901900794 
0.9439993194010725 0.6737924049597228 -0.02330818626740628 2.546830954726517 
0.9606349626459182 0.6527794961455213 -0.007108379304377158 2.585187430963378 
0.9586966056761468 0.6553089763879625 -0.02247319139445384 2.580884945282388 
0.9684600135546423 0.6430985614541006 -0.01949316300573149 2.604101051194841 
0.9444730467479547 0.6735069312196814 -0.02308558747662398 2.548464096308061 
0.9333122428998222 0.6851634461752327 -0.0390138066284674 2.522013565464517 
0.9206259578437932 0.6981592781811848 -0.06337058428629214 2.493565028457397 
0.9464285407419502 0.6698939527316357 -0.04832423761064473 2.552842092688177 
0.9392935216842545 0.6760788527821762 -0.07064288870450028 2.536120446164633 
0.9540646798731852 0.6575335857279647 -0.07139687085399904 2.569906560569762 
0.9438126196780682 0.6739300853032669 -0.02368181080866633 2.546704057062594 
0.9260328401454428 0.6937084538258105 -0.01765587717544278 2.505008127854722 
0.8983360993147281 0.7220418200513116 -0.003147927131605763 2.441416207095767 
0.9336719463903774 0.6850137407908115 -0.03904914283138523 2.523026350485483 
0.9068688470441062 0.7128186952829617 -0.03639236195528688 2.461036269470867 
0.9208849708518454 0.6979546551409224 -0.06312563484527119 2.494260688663683 
0.9208433005828657 0.6982337308239994 -0.06255761440516337 2.494320582993279 
0.9066827745011943 0.712931056241249 -0.03697677708406826 2.460512379917375 
0.898812120984317 0.720486615307308 -0.003308475708624332 2.441956089293393 
0.8987995546557107 0.7165125197119923 -0.07482703014063408 2.441928541256768 
0.8801406905235916 0.7345655200561805 -0.03877188435010751 2.398287882180264 
0.8670853207636555 0.7400545819984323 -0.08822394736196031 2.367414364664387 
0.9462482303828523 0.6656423328565317 0.0809212897952899 2.551388436468824 
0.9354542913563461 0.6804788743432595 0.05566765257372171 2.526241159976651 
0.9306014941021757 0.6876218287386878 0.02673526333211635 2.514970646093477 
0.9478477111550418 0.6671694199273086 0.04012513812155612 2.55504622399355 
0.9459694873389047 0.6713984559991777 0.01862897418808782 2.551377650993533 
0.9567802945857548 0.6581848700988103 0.01413744793505264 2.576614666531821 
0.9735054075208815 0.6333935275916208 0.007531386344639011 2.613845975173049 
0.9777901451326113 0.6270568783944251 0.01957371960581259 2.623888745366123 
0.9835205534693584 0.6177703899172338 0.02536815420707716 2.636945402870554 
0.9701097069873394 0.6389894806224923 0.02268617332643744 2.606719738757694 
0.9784711366520058 0.6252592315590957 0.03367914753947034 2.625283381943041 
0.9697547945042099 0.6383576804267703 0.04400444006024402 2.605878574182321 
0.9773832328386939 0.6204320052596166 0.09364961605798927 2.622780897689449 
0.9750374378472634 0.618460208815732 0.1235986064063442 2.616989203068561 
0.9718103616506516 0.6136421853833038 0.1655845730134406 2.609320724935663 
0.9631683769263233 0.6417824892489536 0.09228997389552122 2.590183597945674 
0.9530060299502942 0.6503555179816481 0.1235139994936343 2.567074138701905 
0.9464086328105035 0.665291727908337 0.08007618964615958 2.551699504527439 
0.9695519357024835 0.6386649915213397 0.04415427144405573 2.605423012452202 
0.9614236364590264 0.6510530372581179 0.03197979415434712 2.587031388090865 
0.9557931508340207 0.6588582543966739 0.01402517289446768 2.573847364688235 
0.9699178676102707 0.6387157856610272 0.02214440563454302 2.605902341941844 
0.9669090230299683 0.6440373489671458 0.01015448679800073 2.599485546893367 
0.9739979597576933 0.6335656504979009 0.008344574684978782 2.615607832627993 
0.9895097307847572 0.6068762323348267 0.05172810684474857 2.65076216508021 
0.9797336934061046 0.6226293728801651 0.05223022886551404 2.62859057426584 
0.9694317073370882 0.6382861842276043 0.04458650897992317 2.604790509677593 
0.984756596588848 0.6150598413120869 0.03710321024997638 2.639607974612231 
0.9784496399131144 0.6255925900203637 0.03297228816707266 2.625443789552141 
0.9838237250894823 0.6174737002831816 0.02560888547416536 2.637723146386205 
0.9464070484048758 0.6652210354149095 0.0805287465107602 2.551612971796585 
0.9481426325816169 0.6673345627122362 0.04068755173746594 2.556127471076722 
0.9560943487848066 0.6580264271170659 0.01309222983193975 2.574226781226438 
0.960767388609411 0.6487119480395988 0.05941588104100417 2.584515287453724 
0.9613938614558388 0.6508265096323222 0.03233230471277235 2.586803471649243 
0.9693992150395183 0.6387101677643442 0.04460696599204052 2.605175286963209 
0.9099363856446822 0.706853426938574 0.07469246259743662 2.468287101073035 
0.8938263368812901 0.7187761751907592 0.08629020801441079 2.429537422800482 
0.8726360376500908 0.7350670678252104 0.09972613126662255 2.380835696703881 
0.8989883118539435 0.7198465881512857 0.03729555514635909 2.442825777429103 
0.8794972197548598 0.7344123789497424 0.04002523490178858 2.396321251492185 
0.8991045001071477 0.7198005579552234 -0.003585823532187051 2.442217447299156 
0.9467500235366202 0.664971411716778 0.08100844006967184 2.552672001212266 
0.9307012333129534 0.6841731435266413 0.08075432655641379 2.515673953734591 
0.9099658478671941 0.7065104576746547 0.07396279768305281 2.46803939536686 
0.9355462857731959 0.6813543310245997 0.05622810070644547 2.527300917300387 
0.9198554314876165 0.6988112587316124 0.04627315243754605 2.490589532417717 
0.930431275074637 0.6874400076481288 0.02639504366024495 2.514416025969191 
0.946405627979088 0.665694313720513 0.08038042768494903 2.552125879268993 
0.9361701845674 0.67318618790032 0.1117517571531469 2.528211050367024 
0.9237710934090606 0.6786631797624996 0.1564755614322079 2.499539690401345 
0.9311279766400639 0.6841475824594141 0.08034674675849043 2.517018406395173 
0.9124192629075591 0.6980353801068753 0.1149543713490552 2.473274752448811 
0.9102413079413632 0.7066356664126857 0.07400071404858448 2.468971022230219 
0.9913004078395611 0.6058937050867927 0.0116402504222635 2.654863801395552 
0.9923077060297489 0.604121172982731 0.01836143529859097 2.65718637582137 
0.9955177038052048 0.5978765385256503 0.02710757345058938 2.664212941267279 
0.9885510327099915 0.6106423528555103 0.0171382677032888 2.648762792365009 
0.9896679118313336 0.6076804439770005 0.028879676281768 2.650905162710955 
0.9834810205584845 0.6177822237604302 0.02548376457673692 2.636730972097691 
1.000968558023485 0.582696616501953 0.07371965555438542 2.675684622450492 
0.9910920759587984 0.5986426674450558 0.08648157559011166 2.653431235274689 
0.9776469819929662 0.6192664326072294 0.09383614038128461 2.622695340255122 
0.9936843002350929 0.5975571822263276 0.06294855314420876 2.659640163785733 
0.9851939200359735 0.611119975850608 0.06869191238299885 2.640271777609714 
0.9894832071262337 0.6063423744283485 0.05261691882922916 2.650518445330316 
1.000756161133121 0.5904240857813461 0.0007363515039979056 2.676815866057762 
1.000537625488172 0.5906834029423108 0.0002448511810739345 2.676241606024611 
1.00045461645303 0.5907995993810633 -3.349085171489634e-05 2.676034121412365 
1.000846987458439 0.590236324247068 0.0002308290128673593 2.677007015971252 
1.000629705758371 0.5904881776916542 4.963734590894443e-05 2.676432707476739 
1.000798676918748 0.5901857737263035 -3.051836071871753e-05 2.676816481427429 
1.000038235623395 0.5918613791267491 7.627025860849962e-05 2.675277060044025 
1.000437536001263 0.5909247658198893 -3.065580297728792e-05 2.676051117263889 
1.000472015627406 0.5907585230814779 -2.868062548869874e-05 2.676068088479047 
1.000330356279079 0.5911268604545333 0.0007461024190617822 2.675814373108226 
1.000564569020457 0.5907465179748642 0.0001808508755779505 2.676368565635096 
1.000701163720823 0.5903903184163735 0.0008119004844513721 2.676613080182018 
0.9887803284557147 0.6102990352867396 -0.0002858461253838943 2.649171024761183 
0.992701250049727 0.6044733139874366 0.0001531727126807427 2.658533979229776 
0.9961239879394471 0.5985655005360242 5.75138840423723e-05 2.666293212677401 
0.9899069065947355 0.6087363691832467 0.004924799798404183 2.651924565521786 
0.9939786472338279 0.6015237295762502 0.004874781586787135 2.660967213371068 
0.9913744118413803 0.6063018007096439 0.0112846144962222 2.655331530216274 
0.99998177566585 0.5917786554253366 -6.786397874555393e-05 2.675047706347821 
0.999867411545079 0.5921734234523331 0.001662236832093311 2.674897511871949 
1.000452871496766 0.5907532452019676 0.004566225079330764 2.676011741658238 
0.9987541574077787 0.5938288705756555 -0.0001344166329184944 2.672175529214549 
0.9982036307975792 0.5947652630674951 0.003987966370707729 2.670914203986409 
0.9962090665388914 0.598540107152525 0.000193468054567106 2.666546902293218 
0.9999650232204191 0.591681530356959 -7.3779868967393e-05 2.674928127046522 
0.9999684802982591 0.5917309151289112 -4.542590385702276e-05 2.674967111300761 
0.9999734651446707 0.5917640203480364 -4.659838561736534e-06 2.675000973811183 
0.9998493701386308 0.5919204286867317 -5.688430830259574e-05 2.674683210441993 
0.9998990781354337 0.5919703532024351 2.974300433813315e-06 2.674875633989486 
0.9995629281081007 0.5923553100825986 -6.967065533854272e-06 2.673985830572168 
0.9999824397066647 0.5918612898646978 3.375748685295068e-05 2.675100515422168 
1.000032693467165 0.5909277634977986 -0.0003507705293956847 2.674703039735243 
1.000001130975083 0.5902498625451824 8.848503279409759e-05 2.674231064035535 
0.9999842845482463 0.5918634890987821 8.682389019794469e-05 2.675107644325629 
0.9999998430108958 0.5910384528086714 -0.0003547818743933931 2.674659253815118 
0.9999993170290359 0.5918567656659992 0.0001271210777097545 2.675152766743506 
0.9980416366519556 0.5950578313692645 -9.445276803615481e-05 2.670537396030825 
0.9991838483143064 0.5930920727414101 -0.00158402579047405 2.673170364275792 
1.000125999360511 0.5914600277768132 -0.001372651861557619 2.675327978137181 
0.999089105519437 0.5933457262818883 8.177343731581883e-05 2.672999150844483 
0.9996089986199453 0.5922526590990409 -0.0007682766856471057 2.674084340727543 
0.9995482832561586 0.5924525183561155 -7.865121885748224e-06 2.673994881060592 
0.9931911983057629 0.6038800029559528 1.214040614603866e-05 2.659781450427132 
0.9943199576467372 0.6016691554763427 -0.005929019039719632 2.662195942835153 
0.9964616997032768 0.5978629790732533 -0.01150360174986076 2.667041450115276 
0.9961680881372419 0.5984974066169629 -0.0001829201416884842 2.666387495028609 
0.9972007982007243 0.5967293125063078 -0.003870408279786793 2.668759394132552 
0.998087563677565 0.5950720159896598 -0.0001552571070189484 2.67070622376914 
0.9933025378854986 0.6038123217486956 0.0002367004357324241 2.660122589315699 
0.9904339134959227 0.60820786871923 -0.0001823174229229134 2.653334611138686 
0.9882465130579782 0.6118452127653343 -9.499851787291016e-05 2.648375404047699 
0.9917455858848347 0.6061203933338658 -0.004680832344725367 2.656384598997986 
0.9888851249042321 0.6111398184507855 -0.00371357555385469 2.650031807445247 
0.9894163056096483 0.6096030343110128 -0.009893190405966878 2.650887534845602 
0.9890941713359794 0.6102941473915109 6.037680245325646e-05 2.650203641833842 
0.9876821646595736 0.6123364959339961 0.003193967834388728 2.646809209908363 
0.9850675030955723 0.6169129460218974 0.004766520209608453 2.641090151650431 
0.9875223900872538 0.6131008363524845 0.0001480517893286569 2.646769661607731 
0.9867538641554938 0.6141187791141326 -0.0002397479760425213 2.644858715616756 
0.9882204633446092 0.6119578347444454 -1.333455125941984e-05 2.648357954282164 
1.001670130948679 0.5886872684492063 0.000112741111059822 2.67883473443572 
1.001254770870021 0.5896888973394804 0.0008269282106543159 2.678041765474032 
1.00080453262872 0.5904198680669999 0.0007841609153154141 2.676974400076978 
1.001018236141513 0.5899739362698057 -2.493127074314593e-05 2.677421901910206 
1.000817938292931 0.5901404602655408 0.0001362243871390971 2.676854046408378 
1.000779497250273 0.5902266638295836 -2.175383955974606e-05 2.676777400640782 
1.004527771315109 0.5840115467961604 8.225664737683754e-05 2.685628049293169 
1.004265455038221 0.5837478012058925 0.003487756985991754 2.68460427489222 
1.003502319533981 0.5863651086165558 0.00634812574580996 2.683598818700636 
1.002755003228464 0.5877021329922286 -0.0001220045364163734 2.681868534866307 
1.002557615727595 0.5870145912414437 0.00147616835875253 2.680808426858821 
1.001821912079318 0.5888189795417694 9.890159914698873e-05 2.679429268311736 
1.007437972766464 0.5746836441274336 0.03853067099767871 2.690748373272824 
1.012453180662616 0.5667979052920706 0.01962749234585885 2.702545630002498 
1.011559296171954 0.5708172789037267 0.001677201864272157 2.701647047646446 
1.015070262577919 0.5620104281984399 0.0340587179192566 2.709067896228389 
1.016279792850287 0.5596352774683071 0.008271943982223683 2.711257612982577 
1.021728383130364 0.5470034738893933 0.02224666502911076 2.723004351394174 
1.009883765481894 0.5580588030312549 0.1280270849665189 2.696834499505965 
1.00378386770995 0.574100407734579 0.09693802120819818 2.682141836729246 
1.000933246703787 0.5840451659957271 0.07418494254565144 2.6764032671848 
1.019595861397909 0.5431382184200627 0.101397556074706 2.718399957853848 
1.011605890450329 0.5630722392085501 0.07909559831886186 2.700579675527034 
1.024684701019271 0.5357652244059469 0.07574677797147043 2.729618618403644 
1.004639066233662 0.5842947726597483 -0.000222657970676511 2.686190636874756 
1.007145436635858 0.5793396109887476 -2.48836668177391e-05 2.691660361177147 
1.011066211322765 0.5702474391024442 0.002971164643036919 2.699627482944089 
1.005873051914481 0.5799907476222016 0.006359309604677689 2.687815501856197 
1.008707202722062 0.5751933912312991 0.01253504163535998 2.694603803032799 
1.004827274555798 0.5830464798782564 0.01740533174583481 2.686212501128874 
1.022124461963219 0.5465037140632446 0.02216064351660918 2.724108026963842 
1.025247403682005 0.5384052396647852 0.04385789350987776 2.731013919927511 
1.025279528235416 0.5366305030074338 0.07437028264268579 2.7319163727287 
1.014634853140569 0.5627788214940191 0.03458544727181298 2.708072683367829 
1.013442709242792 0.5620478237220202 0.05304345861735426 2.704425411984994 
1.007318749676956 0.5746620526605152 0.03835978422279847 2.690412561746946 
1.000680169244347 0.5890878897940282 7.02868766999958e-05 2.675819973503388 
1.000197964180743 0.590092794744569 5.839958549053655e-05 2.674807726139034 
1.000058937996036 0.590629548017487 -0.0001536946500009855 2.674661351244993 
1.000520214925596 0.5898628570487904 -0.001026685144984611 2.675701091947294 
1.000158406381147 0.5902269650560074 -0.000351832679941037 2.674711492792541 
1.000012598575268 0.5916669176198525 -0.001331621658666065 2.675076864306728 
1.002970025865484 0.5848341613309525 0.0001234292659568035 2.680960472180911 
1.001301618770939 0.5879366133371795 0.0002471263099001203 2.677220481788826 
1.000731528567404 0.5896233189538993 -0.0003639683340346192 2.676315734346289 
1.002193864452666 0.5868835087192883 -0.003858279899959096 2.679529253072966 
1.001054532735052 0.5885480511495341 -0.001683542954960778 2.676706533841591 
1.000406261409864 0.5911928714056479 -0.005424683190421836 2.676130113159861 
1.003941463244419 0.5833061990498672 -0.01062695855043882 2.683399986793225 
1.007376418721739 0.5770265768361124 -0.008495808090631279 2.691106975954854 
1.010916033016799 0.5702014904657108 -0.002368743969936775 2.699238765687824 
1.004226385377546 0.5827660716213264 -0.00370570462418206 2.683863774779217 
1.005254787739332 0.5800775110344719 0.0001822512050648426 2.685944330909623 
1.003070725105998 0.5854422918976596 -0.0007125158420141329 2.681763150280827 
1.021690240260573 0.5474125908370189 -0.02202714837030217 2.723267205248511 
1.01606445643242 0.5587736479007572 -0.007923986178245756 2.71028453408943 
1.010477628865468 0.569295799606885 -0.001759843494365804 2.697313092836525 
1.013346382826609 0.5645761946698016 -0.03044374978953645 2.704505447779658 
1.011363625645099 0.5696249054397913 -0.01762467062918101 2.700376666021705 
1.006187831365967 0.5774769327012848 -0.03069034153875879 2.687942152033656 
1.007308954599051 0.5772445800126105 -0.02999274365194237 2.691594223350623 
1.013321548892146 0.5642511484310153 -0.04306846719604566 2.704725584959693 
1.026102442106098 0.534965568585837 -0.06203984632096542 2.73312528407165 
1.013015511448338 0.5649961596292244 -0.03019354163975612 2.703626235011485 
1.025275540230123 0.5394033112192144 -0.03976140308533316 2.731680994090321 
1.021793107535844 0.5471385941998107 -0.02233659740165223 2.723502873519176 
0.9799434975330387 0.6201475232045904 -0.09678206858721425 2.631057998784497 
0.9751209756561727 0.6203781759729764 -0.1255716409858172 2.618790062081712 
0.9702448422420459 0.6186788568016606 -0.1656927135582699 2.607511901491001 
0.9938459016511508 0.590403249564976 -0.1160670891310127 2.660691970700797 
0.9964205900269822 0.5798266217570054 -0.1497807205383375 2.66746528771986 
1.014277142409317 0.5522719874600919 -0.1218160302045457 2.707690312542745 
0.8679546836085905 0.7406511122540285 -0.0898038534998119 2.370687750611705 
0.8797051922945596 0.734118345412002 -0.03786876537358091 2.39660539627287 
0.8989317973330262 0.7208333212863783 -0.003871050159860539 2.442573238187119 
0.8510757288566607 0.7545156176432262 -0.04212110245849918 2.329911462169313 
0.8764396631223025 0.7379679142390474 0.001834499649319825 2.389342971028294 
0.845820570838453 0.7583165504874235 0.0097229211915316 2.317150357217082 
0.9999720736902588 0.5888256241181583 -0.06541670495402796 2.675463784706221 
1.004290710099122 0.5771047232857709 -0.08935296513597739 2.684766923814646 
1.013524028329309 0.5518330303740978 -0.1217707343114601 2.704900838404541 
1.011130177581988 0.5654735057968778 -0.07093362782674542 2.699628130963742 
1.023017900156989 0.5387638253212131 -0.0918771017548386 2.726957594333883 
1.026218934167337 0.5349788652818207 -0.06218651925222449 2.733635380747502 
0.9224646663784019 0.6821359127180052 -0.1518230596644666 2.497173205682611 
0.9471368595329362 0.6502567155950817 -0.1648608222477869 2.554453268229518 
0.9696685539547327 0.6197212696126695 -0.1679890508323391 2.60669510536031 
0.9407156807166493 0.6718061139736046 -0.1026421464112674 2.540548199947768 
0.9550968709205063 0.6509903449860283 -0.1135176122298555 2.572899611702769 
0.9546515156356151 0.6568642138950829 -0.07177981448445932 2.571575232054201 
0.924466731446374 0.6782726497817211 0.1569397731579586 2.501338829371495 
0.8981307301612474 0.7095542454375164 0.1341524654473045 2.440981573502746 
0.8723645425268116 0.735359092452293 0.09956537011752174 2.380315039734491 
0.911884499196291 0.6979823276935637 0.1147887460446877 2.471689075702573 
0.8932206995454752 0.7191348249600792 0.08534244131114685 2.428083469350756 
0.9104681047054377 0.7068238707987312 0.07408207810334817 2.469839969984256 
0.9202375287291913 0.6983956866372827 -0.06305480184576846 2.492537995410303 
0.8991878592887832 0.7167697692986809 -0.07446380779804929 2.443410756519871 
0.8685283570524678 0.7396279285250024 -0.08761750619306537 2.371023739803752 
0.9159893013318874 0.6971177978101659 -0.1031146294385057 2.482150218398411 
0.8937928484117913 0.7143409843540466 -0.1272964176740063 2.430757316175155 
0.9224972929298926 0.683442170468048 -0.1546652040854588 2.498833081515868 
0.8727203177268975 0.7348887208417565 0.09946941349210764 2.380868218087307 
0.8549772066521935 0.7515028738475605 0.05629977617109002 2.339500875544141 
0.8455053938444099 0.7586331057156631 0.009374374129633765 2.316535831784992 
0.8791896890156358 0.7343401419608062 0.04019966105701848 2.395337329549735 
0.8756661526529268 0.7378928307768581 0.001485656098745071 2.386962029988678 
0.9002904470746999 0.7201887624007314 -0.002985680848093515 2.446250556263842 
0.9727419128193548 0.6137324355100525 0.1639197274413316 2.612385736834857 
0.9742031687666761 0.6190292873497273 0.1233004883960275 2.614696763612878 
0.9777442462202673 0.6202224401444006 0.09398655159277984 2.623660421959083 
0.9942023135595063 0.5814855211714077 0.1499280474476964 2.660832295957023 
0.9903826143451707 0.5955669560046598 0.1159641961319062 2.652407348850671 
1.009286643035203 0.5568747933476631 0.1292233249112609 2.694301580844809 
0.972161699561965 0.6128711032438946 0.1657229725783783 2.609908012114033 
0.9502646821825148 0.6449166476442395 0.1657324816317871 2.560682736245071 
0.9246585997524266 0.6782848054398793 0.1556735589433906 2.502016450310521 
0.9525989166413783 0.6506633524256565 0.123371442830161 2.566109109098849 
0.9351605045332304 0.6735980754744377 0.1117283165373244 2.525380843884943 
0.9471357859781306 0.665477185724081 0.08068627571480196 2.554112560279821 
