0.9997910160898391 0.5919277014783202 0.004099554788809521 2.674502328263082 
1.00097529527023 0.5899013866869671 0.002200694358748397 2.677239685699834 
1.000825512999438 0.5902111101721514 -6.757209897372705e-07 2.676922945423585 
1.000953953715047 0.5900763709708334 0.005386439722789572 2.677283604613403 
1.001742905897773 0.588379607866897 0.001504684653604107 2.678896362088598 
1.002617092763766 0.5873236007198271 0.005888430217612997 2.681206486409672 
0.9999148026006432 0.5916925911521735 0.004262961934087679 2.674779638019924 
0.9991163053110819 0.593221320804413 0.006726476454705465 2.673039054737732 
0.9975069156434134 0.5960933329540579 0.009429905452704815 2.669429989530755 
0.9977233015369703 0.5956442311055625 0.003867388187875673 2.669843333882853 
0.9960192933885731 0.5984567861852367 0.004698008501773934 2.665881169830989 
0.9956943320905154 0.5991191281026758 -5.246763999683424e-05 2.665190709470421 
1.003799730820335 0.585204010606647 -0.0003084502307877633 2.683893611220238 
1.005353538290332 0.5816498700987413 0.00638786518254181 2.687035061672789 
1.004428038024558 0.5836474823533478 0.01674326756460121 2.68521486015019 
1.00353414292875 0.5849486934626186 0.0035678175929612 2.682867141046253 
1.003274314084194 0.5861182235418891 0.009878677754568363 2.68271977869311 
1.00245746810461 0.58773063119647 0.006031473881313862 2.680919573058393 
0.9973359696365046 0.5960766185663771 0.009161524470630586 2.668853321416085 
1.000365544599817 0.5909426603157136 0.009543873359130414 2.67586830103716 
1.002439183820997 0.5874336418795435 0.006002765021990767 2.680686986061487 
0.9997442795268924 0.5918735255898361 0.01393902149179274 2.67440540063957 
1.003507946710841 0.5853574611349477 0.009970333335149061 2.683054735642894 
1.004248703478066 0.5842379373502563 0.01671163432483451 2.684957185766135 
1.007727562755891 0.5752498463690039 0.03810391030613805 2.691985037631339 
1.005632147721865 0.5805506629183277 0.02473204290299383 2.687599429950499 
1.00409785848607 0.5842775849904419 0.01700279548233785 2.68451772399687 
1.012432166042082 0.5681740291086821 0.01944476729981631 2.703243356585779 
1.008118674862998 0.576366516682871 0.01257126643750333 2.69330705751791 
1.011396666747808 0.5709456558338377 0.001667592250014255 2.701119935885957 
0.9695566175103969 0.6384580882653115 0.04378208512467627 2.60533371724049 
0.9802969646817706 0.6224811272582261 0.05219813531298562 2.630344852956612 
0.9897395017512196 0.6072343846331627 0.05161648294361389 2.65197265835457 
0.9713357917149622 0.6343878538013472 0.06714147810938124 2.609748941927134 
0.9859555630853362 0.6108592666978916 0.06920542350034539 2.642572994909039 
0.978379205998428 0.6198145148412341 0.09370665656055438 2.625404045988801 
1.001870437437288 0.5842790066627437 0.07399566811839987 2.679616245221249 
1.006452168128186 0.5768893201089488 0.0533152506437618 2.689353869945413 
1.007580612308679 0.5752700673679965 0.03789656288685839 2.69170075299118 
1.012397930268043 0.5632429126985051 0.07876617363199476 2.703279212577724 
1.014333624533388 0.5627549298800308 0.05234363171482816 2.707762825833121 
1.025022526351218 0.5369238774308633 0.07592419503795884 2.73133636727237 
0.9895547065005722 0.6067499751766607 0.05152364822856565 2.65090547808155 
1.000205961174069 0.5898797426883055 0.0492477567813728 2.675859692732884 
1.007590975231244 0.5756314231763813 0.03774392542648954 2.691855370907909 
0.9945092549740225 0.5978996263192619 0.0628738254138041 2.662531555005667 
1.006339086348183 0.5759470218621247 0.05381940568390833 2.688441250838514 
1.001885583927484 0.5831717892215741 0.07391513621474489 2.679015038829482 
0.9460909749946943 0.6658285726956216 0.08107767911942615 2.551065392060125 
0.9606295239140981 0.6497243372167589 0.05845225390036272 2.584795057368164 
0.9701978649058275 0.6385679916796722 0.04496076098561098 2.607602501361588 
0.9630041140149586 0.6427983273684957 0.09222976135219053 2.590420298945754 
0.9709023058899563 0.6343524148214212 0.06656621209221197 2.608336671867074 
0.9783898396844808 0.6197294672022554 0.09349287749559419 2.625325978303784 
0.9958864015502148 0.597344259602924 0.02686102562996427 2.665182194319262 
1.000089818556457 0.590890867642636 0.03343261448105531 2.675445885579308 
1.007774696806404 0.5755577772902617 0.03779055138922188 2.692274281687829 
0.993844933246845 0.6014922127420491 0.03675484929417543 2.66116656216758 
0.9999692349843217 0.5895377427233387 0.04877760088054763 2.674879156880625 
0.9897500192733194 0.6067819372036563 0.05190655394685689 2.651544738943727 
0.9835206608003281 0.6177513953812217 0.02466676260631397 2.636845288840115 
0.9900338303323609 0.6076798754908466 0.02863226158067817 2.652114850458648 
0.995554960121885 0.5979781536338064 0.02663375598490793 2.664482384690354 
0.9853518172299592 0.6154362998825633 0.03733817622783195 2.641788038143337 
0.9939459631857047 0.6007982736116461 0.03729781302335754 2.661078874769502 
0.9900599874348964 0.6071883173211158 0.0514176933975467 2.652767782217671 
0.9825045017198962 0.6204412197529652 -0.007015298095472402 2.634888795169457 
0.9828197727770269 0.62006999727196 0.0002895963515044417 2.635679058931994 
0.9846415213022598 0.6169963154578072 0.005142880626337026 2.639775308541418 
0.978233829380172 0.6276800572159874 -0.00257527862031838 2.62552859584852 
0.9807172322344717 0.6237254267236187 0.006734071801649882 2.631119507901803 
0.9735994456514006 0.6340717995059687 0.007330326561097337 2.614606813153901 
0.9910533778845372 0.6063258815695457 0.01094200084818737 2.654290559372913 
0.9947320371604991 0.6006846305754601 0.01149942531909732 2.663023161569518 
0.9973244095763794 0.5962958728853472 0.009566985458611451 2.668979700197794 
0.9925509382544351 0.6045448739414492 0.01839750256664789 2.658243026226129 
0.997042068404802 0.5964455949770607 0.0160963664250535 2.668168876279584 
0.9957691132508752 0.5982761098076332 0.02658201240806726 2.665278098882335 
0.9732182931161616 0.6341133308685184 0.008089438599579066 2.613389827745547 
0.980846703897601 0.6237223606565637 0.006417479828829834 2.631544702848399 
0.9848468116148955 0.6168709960059382 0.005170720806504389 2.640367911830772 
0.9777632181070062 0.6277909270030502 0.01914103076652797 2.624270258954443 
0.9833616493263998 0.6192125413194194 0.0121432053704187 2.636982099326969 
0.9836884954518403 0.6185426661184237 0.02481008221772247 2.637875529436084 
0.9976044861312463 0.5958525604629036 0.009705012745453026 2.669632566315383 
0.9996918886652616 0.5919275939763344 0.01370602578448408 2.67426093262174 
1.00412892983059 0.5843215958458678 0.01655907284467621 2.684608504295601 
0.9969561336528519 0.596835639943182 0.01583201469195102 2.668120238559325 
1.000673571100227 0.5897760240913993 0.02335765582085293 2.676437165027073 
0.9956470337530893 0.5980420619543668 0.0268810026177954 2.664749290174782 
0.9954976144649087 0.5975513467006192 0.02618253522090152 2.66397272466786 
1.000918410555113 0.5896823466994267 0.02360232823888765 2.67720584384873 
1.003978366522637 0.584633014483643 0.0167417747507968 2.684325749868856 
1.000307737459474 0.5907926670162255 0.03381405198596678 2.67611391186927 
1.006028764715879 0.5800058281025553 0.02479465464019075 2.688603219859411 
1.007769877740041 0.5755855487566566 0.03803939423481456 2.692279279246893 
0.9998478438257551 0.5919273866111531 0.004190869360500461 2.674690172659967 
0.9999496929067506 0.5917963431157459 0.001832771050430484 2.67494516392177 
1.000057922225146 0.5915370018969361 0.0008205647230136153 2.67515235941462 
1.000910393261515 0.5899295513177508 0.002159758173586417 2.677039857323604 
1.000404440737749 0.5909209748167665 0.0007890372135629714 2.675939105632407 
1.000974413531702 0.5899938733731612 -0.0002788639746446518 2.677287608027147 
0.9974852764069485 0.596242452141995 0.009663995774104171 2.669445589232652 
0.9990819735730941 0.5931320654265775 0.006631132915508824 2.672872844525825 
0.9998431829950014 0.5918256809863709 0.004158310469863055 2.674619769904408 
1.000317722826605 0.5908627693757544 0.009325233522714697 2.675659776556168 
1.000794097079891 0.5902747567634243 0.005261244739588893 2.676869250798983 
1.002443132300017 0.5874113421706205 0.005969126456680271 2.680680870679773 
0.9992552764752908 0.5929190735006384 -9.031659198985709e-05 2.673301535838485 
0.9996485195864456 0.592259575483394 0.0008129256013752357 2.674217869394956 
1.00001778394032 0.5915420068457931 0.0008306883293513863 2.675021475434622 
0.9991658443893803 0.593065589497499 0.00169547635205403 2.673092676115254 
1.000027202265556 0.5914915250125582 0.001822582824478523 2.675022703767628 
0.9998390181136168 0.5919911195782702 0.00407855011235274 2.674699045591327 
0.9782466403703568 0.6204764391984534 0.09371445501452062 2.625467938303493 
0.9922102020215093 0.59886699843308 0.08631608406502714 2.657213204635535 
1.001422638563475 0.5847439285785838 0.07371270523908539 2.678536816406831 
0.991364794833033 0.5955627089712893 0.115855707398082 2.655534934795949 
1.005089565113907 0.5743327727222616 0.0966352074775598 2.68659997980193 
1.010083322282641 0.5580851604138947 0.1295218917472974 2.697626614637961 
0.9999589419672013 0.5917454289903979 -0.001424247619407478 2.674941408912308 
0.999845674170473 0.5918647547036375 -0.000498014440069584 2.674640604168412 
0.9999607059141347 0.5917053155053298 -0.0001854201587077292 2.674928034309719 
0.9995783553537811 0.5923248634124906 -0.0008225316577743531 2.674025248659857 
0.9997977811552047 0.5919965523261957 -0.000113125265018867 2.67455685570942 
0.9994663057572026 0.5926338014064083 -3.344388830309825e-05 2.673829781301144 
0.9999711623532185 0.5916402823343391 -0.001462366600635026 2.674922592584101 
1.000157706346876 0.5914161630565917 -0.0004060170907268458 2.675410678120252 
0.9999179736191595 0.5915820325208833 -3.812812057412939e-05 2.674745518151569 
0.999843956239085 0.5917879482065334 -0.0005888301732283807 2.674592645798981 
1.000010815193946 0.591619099972687 -0.0002840853738109539 2.675038361701922 
0.9999559688661829 0.5916750219757885 -0.0001443306716143684 2.674903625953114 
1.000029842432093 0.5915996130035516 -0.001430741439612326 2.675091725480917 
0.9991137697734306 0.5932291389468253 -0.001737186332458693 2.673018823652874 
0.997796389445424 0.5954836780472288 -6.420790012755432e-05 2.669978212184607 
1.00013623446449 0.5912542613160456 -0.002855693247190327 2.675240487710851 
0.9984748333222788 0.5942710616509802 -0.00355092489410931 2.671520231012714 
1.000307654736658 0.5910051103624259 -0.005534023518547414 2.675668897331265 
1.000521700184124 0.5908170453105458 -0.005605880315275244 2.676289030368288 
1.001049628220704 0.58985824234551 -0.001837394591529189 2.677463522917087 
1.000458007459363 0.5903775390521664 0.0001318031038814161 2.675838747520725 
1.000118161539259 0.5914211246780389 -0.002956528834105287 2.675289209475328 
1.000389624622496 0.5909136357848851 -0.001078161127383031 2.675886021197202 
0.999984910469265 0.5915874036245178 -0.001431676575581989 2.674939407789335 
0.9964896015635709 0.5977405646632569 -0.01194487519351704 2.667060080460149 
0.9990702877113333 0.5933067755835731 -0.009199375992491574 2.672953158135161 
1.000364702884184 0.5909343432539743 -0.00573722691070641 2.675817382723189 
0.9968520464251207 0.5971819068370401 -0.003927295232126274 2.667872963628136 
0.9983253058241224 0.5943643753682901 -0.003526491774173218 2.671079393479636 
0.9979661488216331 0.5954122020780572 0.0001050092557865861 2.670500723583725 
1.000481308495738 0.5911920041279131 -0.005463468880334598 2.676383550589358 
1.001679194354558 0.5883115416149873 -0.008166023978936057 2.678723334798191 
1.004158068076966 0.5835563011539684 -0.01079604479560822 2.684236556221532 
1.002135286925935 0.5877468146790888 -0.004078684717313372 2.679839784829311 
1.004134034451105 0.5842860412220805 -0.003823486347237834 2.68445834159055 
1.002741368248334 0.5863772881302958 0.0001258188952866844 2.68110155395976 
1.003982591407785 0.584046774877277 -0.01046598140983899 2.683977718274878 
1.005684876783749 0.5813204291639755 -0.01804277907922494 2.688171088526665 
1.006839296746081 0.5774253441299594 -0.03119780602893998 2.69007597116289 
1.007194415333373 0.5782038068728019 -0.009001976768054983 2.691180100905501 
1.011173985779724 0.5706837429080341 -0.01738296080209155 2.700336481654162 
1.011256133206271 0.5707856180182982 -0.002864505970717785 2.700731076345998 
0.9890803874308262 0.6102596298789484 -0.01026508602743151 2.65020914883317 
0.985961843990641 0.6149141320702876 -0.01011251692357038 2.642820529996284 
0.982638666457089 0.6206461892852017 -0.006848214969649794 2.635480852406339 
0.9867699141497375 0.6139274762807294 -0.0159962265660026 2.644917814077243 
0.9818256479083165 0.6219575016920429 -0.0144387180320652 2.633699528830479 
0.982372478400688 0.6200802853112494 -0.0242862578243109 2.634511487144357 
0.9926485078419558 0.6044396711306568 2.446511217790211e-05 2.658335058903312 
0.9912698887177057 0.6067705742903535 -0.00449002750099122 2.65520987468342 
0.9891178013631833 0.6099720658809757 -0.01012603964636064 2.650134723939985 
0.9938580630210672 0.6020770829189479 -0.006052370894684935 2.660917971459607 
0.9927545662904733 0.6039162227175139 -0.01260189501508978 2.658457073948476 
0.996463629718596 0.598277437018598 -0.01224939253049632 2.667305828226135 
1.000453855783487 0.5910138714613064 -0.005663887320117209 2.676165960090817 
0.9991102753434973 0.5927948746864679 -0.008867348346454116 2.672778794018357 
0.9961151140842786 0.5979987583062415 -0.01207392316513761 2.665975269455146 
1.001834630716854 0.5886754150912218 -0.007635465425648612 2.679412904941225 
1.000124977929563 0.5913308894141942 -0.01404851554889204 2.675345560003948 
1.004298095850989 0.5834158141157025 -0.01065347059274157 2.684595363903183 
0.9966193278761238 0.5975620180976945 -0.01159402112241 2.66739410501018 
0.998924138105125 0.5929585272253293 -0.02077064530609596 2.672437375213252 
1.006149059666619 0.5800165176263701 -0.03142805590679377 2.689192061897987 
1.00025521465548 0.5913249283574951 -0.01435817388020561 2.675776989807312 
1.005583050037254 0.5809542577120551 -0.01849903260918889 2.687571298026201 
1.00415433506059 0.5834124198464561 -0.01028637422627247 2.6841164488058 
0.9926838019149927 0.6032329863191394 -0.03164566558889496 2.658256750647557 
0.9941426804647757 0.6001473254907045 -0.04668605410253928 2.661740237988755 
0.9988098431811175 0.5891481702238015 -0.06692218331362983 2.671804563770694 
0.9991754097132324 0.5923444639007075 -0.03600780425209912 2.673327244929085 
1.004836281626663 0.5803393983841443 -0.04706475763113507 2.685679891565484 
1.006228017017456 0.5783684984367299 -0.0302968485209659 2.688548975708349 
0.9891763488590287 0.6101000330931734 -0.01032255118267794 2.650429761351003 
0.9894927962024334 0.6093248890337526 -0.01958342771626418 2.651084824800003 
0.9922263038415622 0.6041891989837199 -0.03192425015134692 2.657304410464818 
0.9928672155165702 0.6041496433244921 -0.01291834271102797 2.658959476375974 
0.9952468081894579 0.5992957695447668 -0.01987161464436705 2.66401189845034 
0.9964535151447895 0.5981563147298589 -0.01177319729564192 2.667193414801115 
0.9777942135108355 0.6251399060663266 -0.0535342238523155 2.623894959797215 
0.9684654693851139 0.6390140122608363 -0.06274673097220793 2.603235808117402 
0.9524654345517649 0.6591874700534105 -0.07178518397619402 2.565934245782969 
0.9773113902728351 0.624425491520323 -0.07212613796359019 2.623132275623958 
0.9643884421623606 0.6400986309457918 -0.08886625793829886 2.592751138734074 
0.9785222083379543 0.619281918399213 -0.09798471534107994 2.625888108084279 
0.9988029548099449 0.5889497479553959 -0.0662648656332287 2.671680194791334 
0.987429264670167 0.6092981139814385 -0.06459587206715106 2.646229103391165 
0.9782116711299466 0.6249920282318224 -0.05282740357272018 2.625135959291452 
0.9912167676726585 0.6005387553455686 -0.08288162075388278 2.654685841602263 
0.9771984717916076 0.6244511971037821 -0.07256527424231925 2.622777898429746 
0.978331881209636 0.6193748355889008 -0.09835492981193229 2.625299955744104 
0.9823676481782121 0.6203710408450637 -0.02486233163026659 2.634744464179926 
0.9760282234229419 0.629778936339972 -0.02508934274754268 2.620025155473453 
0.9667652231409839 0.6433555839885018 -0.02000011486662799 2.598711260813312 
0.980519885050972 0.623228631784927 -0.03575908514421824 2.630804710701475 
0.9703599800876441 0.6381630956004779 -0.03824045593899327 2.607458191810306 
0.9781192033385626 0.6261520659383901 -0.0535202514721107 2.625623117596488 
0.9890284693421788 0.6102285691654313 -0.01056133567986753 2.650023936392677 
0.9867095647865911 0.6140804925791425 -0.01571228489682988 2.644809987710183 
0.9825873858678494 0.6199800811678087 -0.02424895362703599 2.635154293091359 
0.989460832524625 0.609252593322584 -0.01908542745583787 2.650937338897258 
0.9870974397522656 0.61256336768942 -0.03012556531861066 2.645500913124071 
0.9924063006977177 0.6042116060225846 -0.03271797650032991 2.657935547498715 
0.9826456660641381 0.6208574459484901 -0.006524159660618614 2.635639639545223 
0.9782815644527597 0.6272018167066314 -0.003103255575288612 2.625387095322171 
0.9732062347148539 0.6345458774480711 0.007483683763106109 2.613644489633046 
0.9775190680395826 0.6286031405886144 -0.01158678030495854 2.623863036424123 
0.9690586409003508 0.6406401735745516 -0.003623623335468587 2.604114508762132 
0.9670850957761656 0.6427326063409859 -0.0193308481225183 2.599255155160329 
0.992344573904105 0.6038070276882678 -0.03193302298008777 2.657469059756374 
0.9870198193233214 0.6129907457476567 -0.03049630542591533 2.645512801349956 
0.9826969799896301 0.6201805082895607 -0.0245131593666025 2.63569380864163 
0.9874687987540035 0.6114137136197915 -0.04252496911656464 2.646463773408438 
0.9801497439907614 0.6234453950894113 -0.03613057453547584 2.629734575173565 
0.9782160875187286 0.6261324459343457 -0.05360366496720459 2.625888498731081 
0.9828579963283876 0.6199965557531827 -0.006788510293461639 2.635777457175406 
0.9859587022698881 0.615293421561141 -0.009872767891994922 2.643039182048387 
0.9890027173803865 0.6103273082271796 -0.01046508328999109 2.649974641999931 
0.9865939281820011 0.6143338875387735 -0.002787151601777732 2.644476376674163 
0.9881914356468321 0.6115557464198709 -0.003588010669974138 2.648005951200811 
0.9876981478453474 0.6125036386638762 -0.0001016347464132381 2.646975100369925 
0.9669241864210212 0.6435282900965484 -0.02124135230288112 2.599502316362913 
0.9578352158470007 0.6561176790651611 -0.0224518491875813 2.578660809143969 
0.943230009060912 0.6745515130446533 -0.02311274531956401 2.545014844490808 
0.9597290469829138 0.6530133752208639 -0.03858352562210016 2.583122366964969 
0.9454360015774259 0.6702964694223139 -0.04798590896026728 2.549944083678994 
0.9524320623852037 0.6593473738303498 -0.07202896564119775 2.565996121522423 
0.9825071088159375 0.6209076521216934 -0.006786336551673136 2.635217562815439 
0.9773048291849395 0.6287428863659911 -0.0113466198392057 2.623251436221389 
0.9675691856825595 0.6424018205821305 -0.02011387865065938 2.600612926503988 
0.9815406204651623 0.6218431240065594 -0.01401924444978822 2.632697380823895 
0.9760127185145524 0.630452994749355 -0.02478647171159841 2.620405215961118 
0.982302619023173 0.6202984295731448 -0.0246705349998793 2.63444338723242 
0.9732550849439232 0.6342920607894388 0.008025483543071862 2.613667486601616 
0.9664624589602694 0.6446694744109778 0.01065928822144806 2.598452515639556 
0.9557276757125278 0.6592669193366092 0.0137213727143412 2.573917282632475 
0.9690459710923726 0.6406819985565859 -0.003372636745947492 2.604104198831633 
0.9600812880665902 0.6538099596141047 -0.006907957417237495 2.584088354444606 
0.9672055660173442 0.643497799341338 -0.02063525142520076 2.600250228662175 
0.8980481193020583 0.7214266925467647 -0.002805918561022287 2.440402178210191 
0.9159524890646136 0.7047395685348441 0.01536668160534798 2.48201128926827 
0.9302555106171088 0.6878417400401525 0.02612778541801561 2.514229479998263 
0.8987578450142442 0.7193760413520034 0.03690826874723122 2.441711333485677 
0.9197585980690194 0.6993576681323379 0.04620541108456589 2.490671690639596 
0.9088893342000327 0.7077918723313484 0.07447162373335534 2.465722628548598 
0.9435063843004066 0.6747433523958402 -0.02295186556367645 2.546334137095316 
0.934320404412289 0.6843526099130439 -0.00217026926686256 2.523992009937588 
0.9305193491509158 0.6876782650604099 0.02637749964014858 2.514856040859801 
0.9248354071664961 0.6944240798080284 -0.01805274197995895 2.501813828012641 
0.9155510181012398 0.7050887692730008 0.01509988532251594 2.481042951492459 
0.8981737526017416 0.7223126422242224 -0.003574020694409471 2.441210516408931 
0.9778675207810882 0.6252691493912115 -0.05311826418874044 2.624225490836381 
0.9702259811757412 0.6390068154663731 -0.03866978609229898 2.607598514653805 
0.9675123843991492 0.6429583029181827 -0.02006269879507858 2.601001657630915 
0.967874880782486 0.638699659911779 -0.06348038481098472 2.601141930589136 
0.959538092447539 0.6532014055502143 -0.03897029864476436 2.58263996867918 
0.9524418450999703 0.6593718671206712 -0.07191903651125557 2.565980452942509 
0.9554317914405184 0.6591946203045534 0.01368029178892664 2.572999024889661 
0.9453124048630873 0.6722195333352218 0.0190452816017953 2.549859510753224 
0.9304811149841586 0.6881293753473473 0.02664374651354524 2.514964925180668 
0.9483795631474371 0.6685709918366869 -0.001526518285959595 2.556818469101735 
0.9346477123954168 0.6846198385503697 -0.001955191487042437 2.525084796738717 
0.9433554367289559 0.6745523238482175 -0.02396012553385999 2.545474838323714 
1.006425558897307 0.5771463893465034 -0.03127701169869156 2.688669599611859 
1.004996333123721 0.5801651266689269 -0.04668506411829611 2.686138009363234 
0.9985881456133993 0.5902339532904051 -0.0666158492093217 2.671648343039771 
1.013704946204248 0.5649957989030887 -0.04325234047470922 2.706434137666379 
1.011509284833704 0.5654936266412049 -0.07033872499644683 2.700876140661614 
1.026166089914986 0.5363896066611589 -0.0621376830289906 2.734147229336034 
0.9962460766391179 0.5973528658242989 -0.01269971883503138 2.666067614523552 
0.9951790790853348 0.5997297252962428 -0.01926430850734598 2.664055233249802 
0.9924723117564856 0.6037988970153675 -0.03174132383045766 2.657863195846304 
0.998932677191937 0.5931991997260392 -0.02015534901723919 2.672599025416554 
0.9992893883518222 0.5918599704071341 -0.03511098386035726 2.673394020364739 
1.006501925373436 0.579453316164655 -0.03222721886359742 2.690067395246091 
0.9780277703947025 0.6215623037155404 -0.09778095386269195 2.625599611308953 
0.9934583316174119 0.5908998279891949 -0.1161811606547795 2.659714500044365 
1.013384455375927 0.553413069630138 -0.1216386288388778 2.705343998059103 
0.9914555944947965 0.6011038649331264 -0.08248788059354484 2.655782069199611 
1.004137513810351 0.5777181071817437 -0.08986975125790804 2.684706492047254 
0.9987937156806271 0.5887457657107497 -0.06701593109345917 2.671600237076289 
0.9921967409739605 0.6032000406485267 -0.03270263683835489 2.656674497785219 
0.9875842560780409 0.6117758786030316 -0.04216039493562743 2.647078058376552 
0.9780726579712059 0.6259914644177255 -0.05346314779188092 2.625276301589267 
0.994324176500657 0.60019558929003 -0.04613055405535683 2.662367909865529 
0.9875563431230892 0.6086935209461344 -0.0639117522786362 2.646209118912445 
0.9989880269791686 0.5890602819670252 -0.06678186158336874 2.672370334304508 
0.9526316437399035 0.6577983527348201 -0.07152715657828689 2.565877977935021 
0.9537580228348964 0.6522077757673157 -0.1149477041484257 2.569485642059666 
0.9669698030370906 0.6209718942413034 -0.1662319207061408 2.598743767414242 
0.964797327959404 0.6408564721290163 -0.08991572390313116 2.594601681038709 
0.9737878716950638 0.6211933033587805 -0.1263634576260885 2.615139619039875 
0.9786043646509849 0.6204240216522844 -0.09813545192763914 2.626972686153125 
0.9187968999332076 0.6994096471358598 -0.06336191352835303 2.48889132636402 
0.9143752675785063 0.6984255340436556 -0.10379010716625 2.478056120502476 
0.9186949947650521 0.684171338830909 -0.1522322011776109 2.487269423587826 
0.9380880410507576 0.676745509886667 -0.07138788445476768 2.5328787532537 
0.9388919472443914 0.6725315637665938 -0.1032227465755352 2.535336946467225 
0.9523603000494114 0.6579723942335275 -0.07234922897298308 2.565047982335042 
0.9845791241637533 0.6175461158733399 0.004714920370577754 2.639888931372872 
0.9829414851017659 0.6200739264678029 7.372610604403147e-05 2.636091170840796 
0.9826334934847986 0.6201817232664578 -0.006505629657175196 2.635154989016881 
0.9864295564302485 0.6143739978349487 -0.0004923737147427209 2.643949293608273 
0.9867203471298598 0.6142246504333309 -0.002972298533815243 2.644824627685666 
0.9877358729263447 0.6125125172747862 4.165822829222112e-05 2.647102498327243 
0.9911074542348565 0.6068722349423514 0.01108499775076094 2.654791246506247 
0.9874714893538911 0.6128170695571229 0.009580967565165356 2.646472026681125 
0.9845720230609178 0.6171687685394955 0.005116918598265271 2.639623018883925 
0.9897633003192432 0.6089335700329814 0.004487146089101045 2.651569993398472 
0.9876191905754272 0.6127325630022675 0.003015306868227772 2.646849099990977 
0.9890601401748671 0.6104471821709554 9.124814435342353e-05 2.650188132091445 
0.9910909732262799 0.6065434518862066 0.01123710368827115 2.654576007975949 
0.988628732541407 0.6106769283618878 0.01737995541905006 2.649027586318605 
0.9839015838653083 0.6182813615514279 0.02464066792234958 2.638410324482068 
0.9874568996074654 0.6126650250551222 0.009746610379263314 2.646340784335389 
0.9834764883264552 0.6194555660123615 0.01267154458382818 2.637519165529075 
0.9845324964066827 0.6168700894176259 0.004702934897503144 2.639315048020051 
0.9958204328436661 0.5990525220575588 6.50826431404543e-05 2.665574212489549 
0.9960459155932745 0.5984215714960021 0.004472265340386419 2.665948597905122 
0.9974311497576964 0.5961339236033899 0.009407634448233655 2.669203819402713 
0.9938664865593159 0.6022580583600343 0.004473545007878199 2.661044680517655 
0.9946674918155863 0.6007500336375711 0.01139110883530727 2.662840875562723 
0.9911914839592654 0.606456959043448 0.01133633113419839 2.654817027896524 
0.9556229038609643 0.6591679053069253 0.01356812127879688 2.573553390487999 
0.948367657648033 0.6689949786981874 -0.002012699109158048 2.557069403365685 
0.9430481716142618 0.6745888898533543 -0.02339741096730151 2.544393368247905 
0.9599377300802482 0.6534987444206791 -0.007257115222852557 2.583438429312333 
0.9577357654263607 0.6561288903043614 -0.02267413803954258 2.578370043055812 
0.9675626186081577 0.6439216773637966 -0.01976195005479252 2.601751394210557 
0.9434993761010696 0.6742822213523323 -0.02318151419222824 2.545937105444581 
0.9321180315887354 0.6859542012607623 -0.03909788324395148 2.518857669648453 
0.9190950233610777 0.6991628248548165 -0.06341264199711998 2.489596888248299 
0.945020776461618 0.6707659358599972 -0.04851266791735646 2.549006423406126 
0.937520347570618 0.6771566932835492 -0.07087925228797626 2.531331495780521 
0.9523059519587153 0.6585593969319459 -0.07182584902049924 2.565028858967508 
0.9428255587325466 0.6747044209139553 -0.02376470227073414 2.544138622275343 
0.925247648546474 0.6943551196042361 -0.01777123655420345 2.503050477354395 
0.8978057378723338 0.7226744078959189 -0.003255136601965819 2.440318338094302 
0.9324579651484309 0.6858128332265114 -0.03913951290224406 2.519812455390321 
0.9059369210820479 0.7135865459857957 -0.03643137709766336 2.458796615955184 
0.9193313532661862 0.6989719423129236 -0.06316593197352621 2.490226850400667 
0.9192732555223789 0.6992515108508275 -0.06261793524106485 2.490234858801204 
0.9057503785313749 0.7136990818110782 -0.0370093105438444 2.458275030711134 
0.8982731675663835 0.7211156887668073 -0.003432063676102565 2.440817440624876 
0.8971970531106463 0.7174873523817559 -0.07490182979342903 2.437860196783686 
0.8793149372280054 0.7352750471744633 -0.03878372845762656 2.396428749935259 
0.8654244658905457 0.7409896516654362 -0.08831511821407151 2.363339809211645 
0.9461906931583531 0.6663156085538993 0.08101965317948615 2.551683160571047 
0.9350914222713118 0.681194785248728 0.05557125315411212 2.525619296098699 
0.9301360378633438 0.688286607291807 0.02655051404429571 2.514002303179571 
0.9475891421766575 0.6678700186453349 0.04005515886510336 2.55471458580532 
0.9455460461547497 0.6720727808190676 0.01849322600054104 2.550510655288228 
0.9563818968686465 0.6587628246754736 0.0140476941691047 2.575736662773919 
0.9731797680868406 0.6338992043948014 0.007406555930014786 2.613116284678841 
0.9777665888952433 0.6273800873646438 0.01941648940866427 2.624015424608931 
0.9836818973826288 0.6179980056019629 0.0251315154074058 2.637613458614744 
0.9700024015639265 0.6394889337010145 0.02258854579719659 2.606698849612387 
0.9786598042478245 0.625608831566946 0.03349286460957383 2.626115237799914 
0.969905353944519 0.6387643687532792 0.04392127981105107 2.606630103280783 
0.9780200105017235 0.6208671412808004 0.09363757040307559 2.62514092201725 
0.9757200478823836 0.6188926111764153 0.1236212672837528 2.619489626727362 
0.972530192880327 0.6141030299597885 0.1656984401586138 2.611969704159046 
0.9635289442205223 0.642271667347494 0.09234913572793807 2.591676509385283 
0.9533464348797557 0.6508852782623753 0.123652710060069 2.568538855529039 
0.9463155994293837 0.6659528732443856 0.08017390728330814 2.551882606372368 
0.9696994713950805 0.6390724017242274 0.04406906155372387 2.606163359423153 
0.9612881797946704 0.6515359958675835 0.03187687102753915 2.586921199005978 
0.9553638935615332 0.6594471467852705 0.01392687435651594 2.57287942151609 
0.9698110239136812 0.6392161916257632 0.02204794070897707 2.6058842143937 
0.9665370761836342 0.6446333134803331 0.01002661262500522 2.598679729000764 
0.973681182752508 0.6340731714803087 0.008230622677209637 2.614907585184339 
0.9900326440088312 0.607196764028493 0.05137935688561777 2.652665086979224 
0.98015533821071 0.6229384911268896 0.05202378257542929 2.630154452601547 
0.9695753538746432 0.6386959930924152 0.04451158241549354 2.605522021478877 
0.9850995118785572 0.6153733516491297 0.03681498740832424 2.640919524619644 
0.9786310067535225 0.6259443922035394 0.03278591797868256 2.626254467699988 
0.9839893700362909 0.6177038449169285 0.02536765027083742 2.63840508470762 
0.9463543821714719 0.6658745335121168 0.08060581416592728 2.551911378236187 
0.9478813372536917 0.6680401235499555 0.04062350774946558 2.555791137702436 
0.9556838286280129 0.6585999569968304 0.01298247880429547 2.573307211789089 
0.960849066984479 0.6492797849362641 0.05940844733040871 2.585157676474986 
0.9612561182665629 0.6513143765006483 0.03223127215288128 2.586687525279927 
0.9695505345871093 0.6390592164534576 0.04451986725388079 2.605892903471126 
0.9093255610122029 0.70759768093371 0.07462589660191628 2.466983330124322 
0.893087613099211 0.7195508076003999 0.08630007823986525 2.427931987032678 
0.8717723300256354 0.7357988400498784 0.09982627419404315 2.378914839803087 
0.8984516138216861 0.7205243024334742 0.03710416636614116 2.44173494868355 
0.8789494588217466 0.73509858164632 0.03992170151087353 2.395259849501234 
0.8987170635034971 0.7203584455511398 -0.003715041446649276 2.441490811444772 
0.9467215049412561 0.665598146185314 0.081111661319066 2.55302525044657 
0.9303297728526282 0.6848685054225369 0.08076146265199653 2.515023412349112 
0.9093425838781611 0.7072784142978215 0.07387638528059931 2.466717826452814 
0.9351770415343016 0.682081534741651 0.05613395378804883 2.526671658753984 
0.9193338148878313 0.6994978821284017 0.04608332816282903 2.489488343842805 
0.9299752847172499 0.6880972668118844 0.02621050555455825 2.513474146281389 
0.9463660279972076 0.6663236992777953 0.08047613787514406 2.552457356342794 
0.9360646437506194 0.6738414081614744 0.1118599426870083 2.528359422779488 
0.9237490108672805 0.6793165776190767 0.1566426656492069 2.499980429657785 
0.9307682856346899 0.6848454140603506 0.0803487184780616 2.516405413748048 
0.9119200254585453 0.698800676432671 0.1150684805969321 2.472339552909946 
0.909598292229555 0.7074094585700768 0.07392475477847524 2.467595944949354 
0.9912899875582496 0.6062804450785166 0.01139515141537004 2.655062597859781 
0.9923808158869782 0.6045477699882562 0.01799559382842521 2.657681300268122 
0.995672540111288 0.5983393288683111 0.02659476484742507 2.664990974158574 
0.9886374541934447 0.6109941163287218 0.01687219259390225 2.649260272700957 
0.9899212106884235 0.6079838467487536 0.02849109533551129 2.651915046007908 
0.9836488630575502 0.61805651427868 0.02525999803131523 2.63744787227751 
1.001710345613599 0.5831860543988622 0.07351696150253725 2.678426279680985 
0.9918662778562705 0.5990749939017622 0.08635650606697075 2.656236777376842 
0.9782938728892966 0.6197148349532147 0.09382707227407201 2.625088839376358 
0.994330561907399 0.5979215765033429 0.06264195586834276 2.661978810429166 
0.9858144795237376 0.6114722845890318 0.06849381383492656 2.642515171005035 
0.9900051922624128 0.6066365163878582 0.05224125056161166 2.652400048540962 
1.000020846368087 0.5915798375830884 0.0006938606186003638 2.675052934482566 
0.9998670122985057 0.5918047861921644 0.0002284205070622613 2.674674312340182 
0.9998394297887644 0.5918924143398941 -3.270983784359612e-05 2.67463449832801 
1.00015230876608 0.5913810111997274 0.0002241354504795846 2.675372228142301 
1.000003852170614 0.5916016013319086 4.670114741328802e-05 2.675009061624762 
1.000171180514027 0.5913036415671274 -2.901542023036235e-05 2.675389257383297 
0.9993438490709502 0.5929176448907653 6.838789313580104e-05 2.673594822397126 
0.9997566571225702 0.5920298971707748 -2.867718703235117e-05 2.67444061446409 
0.9998574146149898 0.5918527140416647 -2.591429971079615e-05 2.674671111344631 
0.999619335504207 0.5922343535059519 0.0007029793899535249 2.674105563910103 
0.9998915618108082 0.5918636913864035 0.0001683947687706194 2.674790864678611 
0.9999703517007377 0.5915463241031372 0.0007633446137948528 2.674865300600129 
0.9886726266201579 0.6105410503615751 -0.0002766573509024513 2.648965201034309 
0.9925710289047396 0.6047721292689525 0.0001501776295535472 2.658284968617325 
0.9957826405418588 0.5991261318141619 4.698908719101521e-05 2.665500264783677 
0.9898396021593309 0.6090583027201628 0.0048364350886313 2.651900484615461 
0.9938156388653171 0.6019982512422607 0.004699593903951274 2.660714914416034 
0.9913571110157632 0.6066671645807798 0.01103505034016919 2.655494759998504 
0.9992951400471274 0.5928357082936661 -6.50144743828534e-05 2.673390625208083 
0.9991874658249948 0.5932054792601739 0.001561094607761326 2.673249155378777 
0.9997388688544417 0.591846329543711 0.004287809737233831 2.674282447316147 
0.998175331529739 0.5947393794264351 -0.0001256707697659124 2.670795554937621 
0.9976932567071151 0.5955959423969642 0.003745458149965442 2.66971461020152 
0.9958743985396424 0.5991185179906956 0.0001805725434206431 2.665785833542208 
0.9999265464337729 0.5916925757908095 -0.0001445304935043972 2.674806870066835 
0.9999498114223161 0.5916724903979964 -8.155903967593178e-05 2.674870476120843 
0.9999763064138195 0.5916783602521793 -5.616382109500904e-06 2.674959282876475 
0.9997863289372801 0.5919823934911256 -9.477482365507094e-05 2.67451042289976 
0.9998446979686472 0.5920129765188221 3.049279387278115e-06 2.674719800952725 
0.9994833009649788 0.5925429373621255 -7.290765265632077e-06 2.673832357534975 
0.9999266445945078 0.5916924256288993 -0.000139420273994811 2.674815183075711 
1.000007500246085 0.5916222212767762 -0.0002821972929967873 2.675029735946869 
0.9999920904766205 0.5915552649259344 -6.102940672088724e-05 2.674971674267389 
0.9999532768006345 0.5916445665196639 -6.838711740535506e-05 2.674875103241421 
1.000001338193544 0.5916222170416234 -0.0002709372870662275 2.675009345134267 
0.9999964386864959 0.5915899956223495 -5.101840107290093e-06 2.674985310747263 
0.9978474901665187 0.5954121991636532 -7.411472579123588e-05 2.670103978785393 
0.9990508136988731 0.5932406264313801 -0.00169007830160611 2.672816688687339 
1.000071017769303 0.5916793013432868 -0.001500328775125275 2.675274953835307 
0.9989555192701413 0.5936173721794814 8.710521561093728e-05 2.672716702123972 
0.9995250450533768 0.592354995313864 -0.000862041888959102 2.673865953346126 
0.9994588333224961 0.5926383855453821 -6.526788031643359e-06 2.673807798416191 
0.9927273443236048 0.6044033190726478 4.881148962690973e-06 2.658566694080013 
0.9939200380728486 0.6020669993920661 -0.006092254867588871 2.661114461042808 
0.9961790213107869 0.5981176704062137 -0.01182025335645028 2.666261176246809 
0.9958516587813883 0.5988976485877298 -0.0001887425464418046 2.665579844798677 
0.9969417558551472 0.5970119845438407 -0.003980122579240985 2.668069699041715 
0.9978838447012635 0.5953855746606331 -0.0001622866260288375 2.670217524315424 
0.9928503515989048 0.6043502200357938 0.0002496262557207493 2.658955366150083 
0.9898887330891626 0.6088018866830714 -0.0001888444767329129 2.651901861703687 
0.9877625170545773 0.6124024796602553 -8.147171601503072e-05 2.647128278759467 
0.9912369806423235 0.6066068753689742 -0.004811787315942651 2.655003760969088 
0.9883290747733131 0.6116872712746168 -0.003814254456586648 2.648539904453566 
0.9888459557512651 0.610136934357939 -0.01017204974546514 2.649340605077809 
0.9889736674351816 0.6105515392828526 6.950900061331924e-05 2.649964796311072 
0.9875216393804387 0.6126849421084184 0.003154651909542382 2.646496927591416 
0.9848746403651848 0.6173117392882789 0.004696436801891079 2.64070622522693 
0.9872355464361575 0.613470760261802 0.0001491392960560677 2.646055532540236 
0.9863965451713482 0.6145836706326657 -0.0002595686182439748 2.643973820121454 
0.9877205548595996 0.6124895857144678 -1.699466125488015e-05 2.647041698046673 
1.000817717165094 0.5899209708253763 0.0001046029766945028 2.676723588441889 
1.000454737044774 0.5908845853237844 0.0007788133166181872 2.676084978630576 
1.0000667677594 0.5915754112772738 0.0007368060684811869 2.675203109740026 
1.000280509956598 0.5911247678875565 -2.334647687106679e-05 2.675646899563689 
1.000124532128147 0.5912901744797285 0.0001336947158980725 2.675226326401397 
1.000153391068407 0.5913417498234896 -2.013635741536095e-05 2.675353154384819 
1.003670942592296 0.5852514060009989 7.871813691791604e-05 2.683491578985894 
1.003430939982917 0.5850330717870369 0.003337026637186226 2.682568061666637 
1.002722370589144 0.5875803205258845 0.006066876895049284 2.681708643159454 
1.001839626117883 0.5889360139430946 -0.0001184795692247499 2.679543644189095 
1.001659356242272 0.5883059515200887 0.001399024930528965 2.678573608926897 
1.000969577158536 0.590036474988365 0.0001012285571337589 2.677308729345476 
1.007737976769178 0.5753044950851387 0.03810680256527912 2.692088715074669 
1.012412422718807 0.5676743432041527 0.01937380691354763 2.702896351677472 
1.011176794518757 0.5719267502979829 0.001668061584556677 2.700987041875384 
1.015364656053171 0.5627488179412615 0.03387177521905566 2.710462005319255 
1.016207977156555 0.5606336912266101 0.008284312397632786 2.711565712012054 
1.021988326651745 0.5478237935435633 0.02228488865371648 2.724325786386443 
1.010778399416764 0.5583878970549496 0.1281008508250437 2.700025672005333 
1.004637162030889 0.5745249889384673 0.09686456363415742 2.68522551831582 
1.001671200088646 0.5845243539818218 0.07398488629725623 2.679123953563395 
1.020435480870184 0.5435016384813809 0.1014666362208494 2.721438759990643 
1.012362605625216 0.5635776345210864 0.07901646404914468 2.70339603633137 
1.025385125814775 0.536234376323441 0.07582292040455142 2.732249260412707 
1.003782678850623 0.5855376208352152 -0.0002260966321513765 2.684056993292633 
1.006489362125224 0.5805116588291095 -2.634773401717539e-05 2.690141037388799 
1.010700878716493 0.5713350936827616 0.002958934833309582 2.699016050634991 
1.005247642731418 0.5811757111526242 0.006167217928524617 2.68640945730164 
1.008377811076612 0.5762210721662395 0.01227402127895188 2.694084037157157 
1.004561716794419 0.5840195279872661 0.0169629851339028 2.685883436193101 
1.022380294535086 0.5473256927842844 0.02219752862470685 2.72541497111308 
1.025757749405622 0.5390450909825586 0.04391241546455164 2.733086724474154 
1.025992349674915 0.5371030574430995 0.07444577927158748 2.734589199487039 
1.014922300560425 0.5635221372198396 0.03439836650306576 2.709446130009085 
1.013979205871364 0.5626670796343052 0.05290682576413146 2.706566373947008 
1.007598834263131 0.5752839424623427 0.03793044857487961 2.691688275090558 
1.000641165697942 0.5902410106797904 5.352602409652742e-05 2.676367343544766 
1.000152982902272 0.5911164783287294 4.3620316204893e-05 2.675260657611251 
0.9999999283273417 0.5915963159982989 -0.0001999816864412829 2.675035505572394 
1.000464861067945 0.5909326397725123 -0.000961922229071096 2.676147441537509 
1.000124756681513 0.5913741095826112 -0.0003219416494945385 2.675276769733676 
0.9999526934590821 0.5915987602852857 -0.001443050303265577 2.67483877686498 
1.002998716377383 0.586191871341696 6.126996606600994e-05 2.681849235492675 
1.00126109438002 0.58917594939178 0.0002423395916763765 2.677813183367335 
1.000672926025694 0.590724880920973 -0.0003956472417994702 2.676769198596113 
1.002167131400964 0.5878803435658688 -0.003847232304362411 2.680022994403806 
1.001019889394152 0.5896782751166532 -0.001640881873044861 2.67725473621115 
1.000355910086566 0.5911024927431362 -0.00571264157059124 2.675912862035136 
1.003986651510698 0.5838169460263318 -0.01079780172337192 2.683850282679276 
1.007502341401496 0.5782816705158225 -0.008541888407439639 2.692248824555237 
1.011086704132508 0.5712992190552363 -0.002362258338743037 2.700430521824181 
1.004269469525869 0.5841532457818384 -0.003699883972525868 2.684812527789032 
1.005328058471222 0.5811562116696849 0.0001813312063189083 2.686814003181544 
1.00303143092449 0.5865070232594025 -0.0007444963843413062 2.682257322044879 
1.021932452646018 0.5485803443645553 -0.02205470700659837 2.724711154658193 
1.016296489957538 0.5599269992868139 -0.007920550398842971 2.711698755402432 
1.010648550451055 0.5704324935031178 -0.001756517197327148 2.698527686726533 
1.013520542827792 0.5655032947662904 -0.03070515741305197 2.705616106067992 
1.01154640821452 0.5707184897258968 -0.0177744685157218 2.701610488783623 
1.006236200886197 0.5778135412723093 -0.03127609076511042 2.688315535902047 
1.007353132297177 0.5776314432798995 -0.03055438594817508 2.691981190121349 
1.013392861115281 0.5650618880428248 -0.0434507450114357 2.705432691621506 
1.026147114211798 0.5362067316801592 -0.06216983261939268 2.733934677652189 
1.013193273631547 0.5659113792054723 -0.03046161829878066 2.704743273634261 
1.025446236932753 0.5406184748644068 -0.03981856005038505 2.73290134390576 
1.022033355889164 0.5483217240433663 -0.02235429657243149 2.724948037704297 
0.9787220721026119 0.6210462020639569 -0.09751815103663027 2.627714622457899 
0.973659709067041 0.6214944413931209 -0.1261402278891313 2.614820704493742 
0.9686616890551587 0.6201101429063646 -0.1661033431559873 2.603363794957865 
0.9929892063601837 0.5913893298593005 -0.1166445703807916 2.658511937348235 
0.9954694969973753 0.5811849890035917 -0.1501299782994699 2.665162955008947 
1.013850685848739 0.5535683979585576 -0.1220781721491415 2.706996740022736 
0.8662618736766625 0.7415851263778765 -0.08987734957524959 2.366510596487977 
0.8788774705522819 0.7348297373487199 -0.03787553762953011 2.394740209254641 
0.8983912701944019 0.7214682504948638 -0.00402508720760539 2.441447000279365 
0.8502874158006211 0.755243867099479 -0.04217083979495467 2.328276060691633 
0.8760321231951688 0.7385684915425437 0.001753659842160267 2.388639615409422 
0.8454074339857487 0.7589544925096247 0.009731369184621041 2.316517648195107 
0.999610672595456 0.5893438355490104 -0.06622711232299013 2.674621653231511 
1.003860219303342 0.5778911005078985 -0.08990398936151144 2.683830546178925 
1.013066438993425 0.5531410128291255 -0.1220498776364599 2.704110746487574 
1.011004434145548 0.5662562671867639 -0.07141627997350013 2.699677168301362 
1.022876907637954 0.5400264098300166 -0.09207802518656506 2.727166368163335 
1.026286558030224 0.5362411473999716 -0.06231759071833755 2.734532979392112 
0.9199438398638015 0.6835446616473061 -0.1521843066853911 2.490465715617339 
0.9449530103676532 0.6517262543470596 -0.1652906944448467 2.548616324164431 
0.9680927318742504 0.6211277625152556 -0.168446051991078 2.602568786318213 
0.9385009073089865 0.6730903948628031 -0.103046655851352 2.534536651916409 
0.9530838783429842 0.6522208236737451 -0.1140594932571668 2.567375532511448 
0.9529909048779004 0.6579079301605559 -0.07221763047365284 2.567019044418962 
0.9244625311512846 0.6789140273912806 0.1571021586071689 2.501810150924727 
0.8975482959978689 0.7102825622940622 0.1342922716491976 2.439821311471654 
0.8714737758665912 0.7361078037866873 0.09966233826636173 2.378332697715192 
0.9113787468873822 0.6987553624016145 0.1149058270147592 2.470743228521049 
0.8924374991814414 0.7199343120747107 0.08534862339245103 2.426365211749341 
0.9098371409378254 0.7075867685889423 0.07400484747972783 2.468490512776363 
0.9187168228985043 0.6994199791282262 -0.06312937224497668 2.488608727172719 
0.8976109478352481 0.7177469256232788 -0.07454973387852587 2.43942075492112 
0.8668708100920965 0.7405558744319772 -0.08771988506523773 2.366960557844141 
0.9137542695018473 0.6983319100068403 -0.1032993079628758 2.47621557592195 
0.8914093319696407 0.715584160329455 -0.1275243666926544 2.424587720866396 
0.9198709277661078 0.6849346302311579 -0.1550753645112417 2.491868904626512 
0.8718455860420337 0.7356250277725145 0.09955127222344945 2.37891961095452 
0.8543478948550272 0.7521883513703106 0.0563321733912232 2.338276686407151 
0.8451144268259604 0.7592577403694165 0.009389960218741887 2.315968608393806 
0.8786448862849121 0.7350165048324993 0.04010163124603976 2.394276577991096 
0.8753049656679801 0.738487129427296 0.001411399338019378 2.386393668559664 
0.8998793713525324 0.7207775742687133 -0.003136477244484786 2.445473430207028 
0.9734470601327312 0.6141818668392627 0.1640511653479113 2.614982780995404 
0.9748940812288438 0.619451660472945 0.1233311383944711 2.617216614062417 
0.9783795196119942 0.6206589721912551 0.09397923943872559 2.62601100740078 
0.9950662083580353 0.5818578955461811 0.1500232480541425 2.663923597001099 
0.9912188847566027 0.5959618821386817 0.1159432832534533 2.655400997353463 
1.010177495886271 0.5572173044696754 0.1292958870435987 2.697493387689051 
0.9728844948508425 0.6133315757477855 0.1658523096989252 2.612572383916 
0.9506878942028778 0.6454519344679734 0.1658844791376664 2.562418927208449 
0.9246213650847687 0.6789408191702613 0.1558391283175083 2.502412599691628 
0.9529377208312769 0.6511905195111073 0.1235028042867448 2.567568602228263 
0.9350537487186593 0.6742509353890885 0.111839064519858 2.525527757890909 
0.9470405999217084 0.666132709779806 0.08078522547016503 2.554282234035552 
