0.9997810972804498 0.591855594029152 0.004080402261364985 2.674426599524034 
1.000965454491973 0.5898380289967157 0.002190956292949244 2.677169571540436 
1.000827056169409 0.5901405334103808 6.438180849960446e-07 2.676886468390008 
1.00093552447057 0.5900147405385707 0.005360346670977106 2.677185806450317 
1.001724050320792 0.5883245929434728 0.001497639235925282 2.678801257688639 
1.002592432743098 0.587273965815158 0.005862253922976937 2.681095081463082 
0.9999036120944491 0.5916228507558595 0.004243987560082107 2.674701090509545 
0.9991025143961206 0.5931460088955633 0.006694723890073989 2.672948313921539 
0.9974956145529836 0.5960097195621561 0.00939078095037822 2.669342158574199 
0.9977149802246288 0.5955618201621272 0.003851777988393563 2.66976646051455 
0.9960073268422304 0.5983688662683988 0.004677269763964421 2.665788590322442 
0.9956824420794095 0.5990366538466477 -5.086106258322813e-05 2.66510170716951 
1.003771044148671 0.5851587776893564 -0.0003079105804091078 2.683771590946485 
1.005334291852095 0.5816095369736727 0.006367540532225535 2.686947286653949 
1.004428263705569 0.5835964970588584 0.01669972444535534 2.685185362802891 
1.003507012397053 0.5849054797527009 0.003553450697998133 2.682751406169265 
1.003258060294195 0.5860692697827583 0.009842645126124941 2.682636672813415 
1.002433884198902 0.5876797673684591 0.006004925728753199 2.680811059918606 
0.9973250602466106 0.5959923319376634 0.009122415887700106 2.668766419322134 
1.000350074054841 0.5908772208842262 0.009503725770085169 2.675777827924669 
1.002415352879949 0.5873838925691161 0.005975997822793558 2.680578241771983 
0.9997375969404554 0.5918036984730641 0.01389082901245507 2.674341171058543 
1.003491621290627 0.5853081543445082 0.009934371557008218 2.682971222797937 
1.004247688662915 0.584185889942659 0.01666892843385347 2.68492284800708 
1.00777049639796 0.5751915342748238 0.03806510258164165 2.69209403716714 
1.005650693064922 0.5804982320540549 0.02468997800864877 2.687630094754929 
1.004096405663865 0.5842294094623449 0.01695951443437319 2.684484138666996 
1.012451092648623 0.5681316515495802 0.01941940923290561 2.703282618026604 
1.008116974916533 0.5763246394503426 0.01254512027072428 2.693277054971558 
1.011390498926282 0.5709157759893294 0.001666555124071613 2.701082404881733 
0.9695181399779048 0.6384453181602344 0.04373234844509789 2.605198373700724 
0.9803014588723036 0.6224434971130984 0.05216416098946901 2.63033356467913 
0.9897721546525958 0.607177705577471 0.05158280810254444 2.652044813263417 
0.9713158083041512 0.6343970131409614 0.0671170111613314 2.60968851797322 
0.9859873245363038 0.6108257232010889 0.06918609775278095 2.642654873022364 
0.9783942619238855 0.6198115333878244 0.09371239193380597 2.625451419274854 
1.001940837919674 0.5842370991202779 0.07397760979631753 2.679824755562842 
1.006513353446508 0.576837431686839 0.05328459008216646 2.689526966717576 
1.007621227786381 0.5752094421103917 0.03785587650392401 2.691800425359278 
1.012476037009024 0.5631988957412303 0.07875473095450261 2.703516264637866 
1.014397172649365 0.5627095641941953 0.05232732120729443 2.707950676768327 
1.02509771292243 0.5368752758914218 0.07591988073892164 2.731565867456938 
0.9895885699412471 0.6066951780511188 0.05149278291716231 2.650981974980896 
1.000255944162791 0.5898166525860156 0.0492081944714639 2.67598669268483 
1.007630531217208 0.5755741988804406 0.03770315541484143 2.691954010878684 
0.9945636929931175 0.5978460614111412 0.06284626537573536 2.662677802750393 
1.006400487867263 0.575892851347127 0.05378885845978047 2.688613976062203 
1.001956045308689 0.5831310848701554 0.0738978310004227 2.679224723477062 
0.9459709666633802 0.6659129407924829 0.08103260114347659 2.550740025054241 
0.9605644044559529 0.6497636438802723 0.05839895723942567 2.584609156209524 
0.9701646403630323 0.6385517430876625 0.04491272864939028 2.607482173230251 
0.9629557703389462 0.6428385557009842 0.09222269644940817 2.590290885719837 
0.9708803536885807 0.6343621564779747 0.06654115512659055 2.608270734806365 
0.9784078002291959 0.6197227527321353 0.09349375526081009 2.625379579703223 
0.9958998843731622 0.5972656674393966 0.02681216656346964 2.665178462942424 
1.00011990806919 0.5908270557587117 0.03338622220973399 2.675506721754012 
1.007815680181485 0.5755010062735784 0.03775106161379889 2.692377805237792 
0.9938714230532067 0.601425522979909 0.03671111770804579 2.661212179662457 
1.000018771397459 0.5894764115274322 0.04873888304801616 2.675005844201418 
0.9897845572231092 0.6067275942565927 0.05187645687081287 2.651623683566664 
0.9835017822049925 0.617680352969707 0.02463321608067824 2.636737979859024 
0.9900407944973526 0.6076001904561217 0.0285914899641135 2.652087640101076 
0.9955677569914573 0.5979006249259363 0.02658442603495248 2.664477219962047 
0.9853585812070997 0.6153789279323603 0.03730333219303594 2.641773068448445 
0.9939734012346094 0.6007305634694438 0.03725451616303004 2.66112703677217 
0.9900938322143595 0.6071358562174699 0.05138735344786252 2.652845587399663 
0.9824371791046251 0.6203802530395396 -0.007046572384622712 2.634629947495621 
0.9827494192299202 0.6200044215153538 0.0002619081612636564 2.635407151385405 
0.9845820604769802 0.6169194273446112 0.005123692114749607 2.639531814762092 
0.9781680594993378 0.6276264795776573 -0.002615689774798954 2.62527968409354 
0.9806566082747115 0.6236659718208544 0.006699132875685801 2.630883181586247 
0.9735435433125715 0.6340241999060395 0.007278579526854441 2.614393808018309 
0.9910342389115611 0.6062311171945695 0.01091514643715636 2.654169107904453 
0.994721323794082 0.6005919103762714 0.01146204105400082 2.662931260159513 
0.9973122512491734 0.5962126426615988 0.009526999583180503 2.668889273206092 
0.9925479564422682 0.6044560760402926 0.01835843592548056 2.658178384331124 
0.9970394350111325 0.5963647462616017 0.01604813138617044 2.668111031026221 
0.9957828032727519 0.5981996392145051 0.02653447504393999 2.665276231163022 
0.9731604879637047 0.6340664436762918 0.008038172571509712 2.613171048492984 
0.9807862080574472 0.6236627845150465 0.006382995946046545 2.631308728624826 
0.9847865206567321 0.6167944654112397 0.005151027380940807 2.640121966064477 
0.9777221472993588 0.6277370548073996 0.01909819940816591 2.624100953801811 
0.9833193614700771 0.6191430214104257 0.01211452972223896 2.636799382172585 
0.9836704924578868 0.6184771163970277 0.02477766178763509 2.637774331294501 
0.9975926312180757 0.5957686402710837 0.009665890426647781 2.669542765170733 
0.9996847814871014 0.591857896113149 0.01365843645261491 2.67419536257371 
1.004127610680839 0.5842696550470494 0.01651584061003796 2.684573248199178 
0.996953008973655 0.5967551059115584 0.01578381350606166 2.668060891629012 
1.000684743781092 0.5897107724635545 0.02330641889824992 2.676434671445173 
0.9956618177218189 0.5979649655365695 0.02683263970448008 2.664750665664005 
0.9955121388695461 0.5974725010686647 0.0261332161932279 2.663972226818694 
1.000929709288104 0.5896167228766622 0.02355116073175345 2.677203617962933 
1.003976406376941 0.5845828740394515 0.01669879264927543 2.684289306368221 
1.000338306686175 0.5907286057477292 0.03376737594274878 2.676176170203012 
1.006047214289375 0.5799543065901781 0.0247528140452109 2.68863424744195 
1.007811605766517 0.5755287829503937 0.03800145190873595 2.692385161336174 
0.9998369016569065 0.5918557555550052 0.004171275078753086 2.674611329473863 
0.9999533828886723 0.5917194413951886 0.001823935825243086 2.674911922100388 
1.00008140433929 0.5914542111551738 0.0008163543120106037 2.675181450497686 
1.000900844365109 0.5898660548696566 0.002150119024220879 2.676970632687296 
1.000415829800885 0.5908443873355296 0.0007839602706395125 2.675931756454197 
1.000974704393407 0.5899242227756577 -0.000276831721495759 2.677247540864481 
0.9974747602229361 0.5961576896595128 0.009624253820808162 2.669359662903362 
0.9990680830087484 0.5930571567364558 0.006599779436484401 2.672782021788292 
0.9998329693917594 0.5917537576440575 0.004139607021973368 2.674543164642369 
1.000301959157228 0.5907975305800669 0.00928512973396192 2.67556844330004 
1.000775941884265 0.5902125566095771 0.005235479843470775 2.676772015243693 
1.00241959002227 0.5873612842755008 0.005942209621370795 2.680572930350883 
0.9992669846679523 0.5928374610972342 -8.935758550592748e-05 2.673292010723934 
0.9996660111033366 0.5921754182008203 0.0008102632343762679 2.674226148373779 
1.000041241288942 0.5914599476437219 0.0008262607148998332 2.675050931892652 
0.999166471633273 0.5929866169097082 0.001688890903483864 2.673047877274578 
1.000030356085791 0.5914167856791939 0.001813980615153092 2.674988972102412 
0.9998277019171365 0.5919195981377495 0.00405986788656534 2.674619015486316 
0.9782601768610389 0.6204774686307779 0.09371529264905434 2.625512889143105 
0.9922653472657018 0.598839528421292 0.08630522088230068 2.65737770181265 
1.001492673671534 0.5847009776529961 0.07369364532894002 2.678743799480432 
0.9914194052925608 0.5955383875899233 0.1158529124995759 2.655700238771973 
1.005166043687268 0.5742945418585939 0.09662385007909939 2.686832797495322 
1.010159017611322 0.5580366971394104 0.1295100396400493 2.697852145984019 
0.9999300718766928 0.5917383410980939 -0.001409791142103009 2.674841267193938 
0.9998220973431112 0.5918923933566339 -0.0004960338282055171 2.674578576514935 
0.9999471415925935 0.591752669028736 -0.0001923810585611371 2.674910945303398 
0.9995505008780181 0.5923523142275516 -0.0008103856024378646 2.673948903012179 
0.9997740978742353 0.5920429810795758 -0.0001127356997733897 2.674505618502512 
0.9994383820887205 0.5926638478605367 -3.216000888883388e-05 2.673754832447996 
0.9999418813083636 0.5916303980484404 -0.001451784946770851 2.67481941561051 
1.000135769822757 0.5913697387291941 -0.0004070290431866021 2.675310271996547 
0.9999170115517574 0.591535746708284 -2.737141827957521e-05 2.674714891648804 
0.9998215892056964 0.5918145901271826 -0.0005885076692435213 2.674534058566349 
0.9999994862326432 0.5916059477933522 -0.0002951925468902801 2.674992935681552 
0.9999439485311997 0.5917277036198861 -0.0001522127802101946 2.674894804093386 
1.000000522407963 0.5915948491538675 -0.001416873878171014 2.674991428061122 
0.9990890961833471 0.5932369341053689 -0.001712300161379641 2.672941416377601 
0.9977762108247372 0.5954468912332997 -6.778214776356062e-05 2.6698893596211 
1.000111847966688 0.5912421871125996 -0.002829058108201446 2.675152198075348 
0.9984573437642263 0.594256833764832 -0.003513283157130117 2.671453556051993 
1.000293822039088 0.590988004051916 -0.005495081354414724 2.675612534090533 
1.000508432112491 0.5907915591578065 -0.005571590183956136 2.676229668815514 
1.001022792169012 0.5897839764906545 -0.001827224373453029 2.67733038636031 
1.000427146780952 0.5903458108295576 0.0001416545409560262 2.675717353195525 
1.000094701027284 0.59140980620659 -0.002931318147581049 2.675204418939134 
1.00035888495909 0.590855631509598 -0.001075831749690102 2.675749487072182 
0.9999575396997842 0.5915878491660982 -0.001417143433756142 2.674848662688306 
0.9964958136839412 0.5976947495040851 -0.01190027369606764 2.667052662260558 
0.9990706325923492 0.5932844975714057 -0.009146276687553098 2.672940575903235 
1.000350790955118 0.5909179404861644 -0.005697967997736816 2.675761150128086 
0.9968384501036809 0.59713416286537 -0.003898507881301327 2.66779917349609 
0.9983071718874652 0.5943500658369718 -0.003489116563988691 2.671010531823485 
0.997947296120507 0.5953752769171247 9.969286138577465e-05 2.670416149702015 
1.000467572887858 0.5911771965577846 -0.005418750973342049 2.676328758091386 
1.001682220140254 0.588247914567122 -0.008136276171284195 2.67869589956707 
1.00418076656736 0.5834478195967979 -0.01078272250951572 2.684249008114732 
1.002121872261423 0.5876597657174518 -0.004067316864393842 2.679743981459667 
1.004138921375874 0.5841913216202352 -0.003812634077072875 2.684419460872968 
1.002724892198454 0.5863546835330992 0.0001337963079123604 2.681033536855168 
1.004005641399945 0.583935702214648 -0.0104476084631268 2.683989411296322 
1.005733881676208 0.5812102586207069 -0.01802165558182802 2.688270371055975 
1.006911178869306 0.5773210900725347 -0.03117539660605898 2.690255898538164 
1.007229892210082 0.5780951740759017 -0.008999617536471572 2.691236606191404 
1.011237647364426 0.5705642048644463 -0.01737860036721162 2.700482856788859 
1.01130127381521 0.570732806216758 -0.002862202625974699 2.700852668010542 
0.9890499588770889 0.6101834710212225 -0.01027659266637646 2.650062066081721 
0.9859106694647258 0.6148445693557162 -0.01013478112997245 2.642609144589523 
0.9825719915590492 0.620584990485733 -0.006879987103652305 2.635223935679392 
0.9867439267848823 0.6138605962436071 -0.01600907879401015 2.644790949085981 
0.9817789245231372 0.6218992739327107 -0.01446892763933333 2.633510150729269 
0.9823591481342708 0.6200255035818931 -0.02430171260113455 2.634433727932055 
0.9926250084305878 0.6043444978087537 2.422821856034149e-05 2.658199433753303 
0.9912382870778289 0.6066796329776711 -0.004489365201700989 2.655049920012319 
0.9890868362917588 0.6098919120593844 -0.01013739802744333 2.649983368864132 
0.9938453174150399 0.6020001904802058 -0.006035419815581842 2.660829138519046 
0.9927504351539698 0.6038478860621881 -0.01258080895163288 2.658401611303423 
0.9964710503760651 0.598232948816115 -0.01220436299843609 2.667303166073303 
1.000437285058567 0.5909892883938835 -0.005623293974513721 2.676096036410605 
0.9991105341414163 0.5927707417354889 -0.00881358139704122 2.672764833505579 
0.9961204265659539 0.5979510873470301 -0.01202765703900691 2.665963777381609 
1.001836873277518 0.5886173053955701 -0.007599838051958481 2.67938601508293 
1.000145011327511 0.5912920845178516 -0.01399898598640304 2.675388537794956 
1.004322270086621 0.5833177499486473 -0.01063336801349641 2.684618846718465 
0.9966230111723673 0.5975141356621098 -0.01154861382921705 2.667377189033191 
0.9989609237330137 0.5929135443670747 -0.02072217299811938 2.672531884946897 
1.006220491805241 0.5799236309574809 -0.0314046001172204 2.689376235840931 
1.000275672983214 0.5912860601652797 -0.01430783829836623 2.675821305594833 
1.005632373205664 0.5808568555622073 -0.01847559436888283 2.687679277891019 
1.004177279322 0.5833145775161457 -0.01026682514731602 2.68413603766749 
0.9927263417222706 0.603187727837549 -0.03162282655913596 2.65836917434803 
0.9942124833778859 0.6000884711560899 -0.04665328125236424 2.66193405062559 
0.9989039088246836 0.5890755772330294 -0.06689800914889642 2.672072530540972 
0.9992405185968244 0.5922847032785385 -0.03597149406651154 2.673506829535721 
1.004925328368676 0.5802480848175497 -0.04703736632482314 2.685923154335113 
1.006300084137335 0.5782694612743533 -0.030269386752976 2.688732273064864 
0.989144975716708 0.6100243027971074 -0.01033606317515385 2.650279838734668 
0.9894945407230415 0.6092597670930077 -0.0195814986574276 2.651050351943237 
0.9922696951166389 0.6041433459358433 -0.03190149634851379 2.657419116077934 
0.9928636468336369 0.6040829128737667 -0.01289704723281485 2.658906775987768 
0.9952704859159497 0.5992443652523384 -0.01982945113346984 2.664058519877562 
0.9964596771031202 0.5981116079209909 -0.0117293359388018 2.667186468931244 
0.9778364832656212 0.6251033591451585 -0.05352176727019677 2.624008955953963 
0.9685096676421754 0.6389878441836498 -0.06272755480672136 2.603360251551298 
0.9525233440395654 0.6591680634257592 -0.07175996700297023 2.566104424402651 
0.9773776164366231 0.6243881857249799 -0.07210251533265152 2.623322629663392 
0.9644534178691072 0.6400757628228091 -0.08883651750328328 2.592942776018832 
0.9786068585842983 0.6192416078590698 -0.0979566434797122 2.626135836869716 
0.9988979488429526 0.5888759750838348 -0.06624210623134079 2.671950832900855 
0.9875027282295691 0.6092499953858463 -0.06457132276339098 2.646439428782819 
0.9782533197975446 0.6249557645318456 -0.05281522411965645 2.625248389961533 
0.9913089180579427 0.600479933255111 -0.08285350705306239 2.654951893524907 
0.9772631205474432 0.6244146497102304 -0.07254165724399513 2.622963427949475 
0.9784157879968264 0.6193349162882379 -0.09832663418807673 2.625545387928804 
0.9823552849858548 0.6203170953329989 -0.02487843686888426 2.63467033836936 
0.9760069803926058 0.6297267415464186 -0.02511298047453496 2.619922990365887 
0.9667450194202812 0.6433022385709666 -0.02003987353539826 2.598611757664019 
0.9805323423132927 0.6231800361244934 -0.03575847257209703 2.630814487647199 
0.9703699962277704 0.6381195478467288 -0.03824588525005084 2.607462172381703 
0.9781605501397581 0.6261099654153842 -0.0535040442675974 2.625730402770955 
0.9889979120699384 0.6101529731641544 -0.01057263740578401 2.649876750523414 
0.9866826134637197 0.6140132197540252 -0.01572624322514247 2.644679778735258 
0.98257353416741 0.619925535191288 -0.02426441242530333 2.635074955515206 
0.989462226716047 0.6091873687409644 -0.01908391309794744 2.650901736279128 
0.9871160629159114 0.6125118300726288 -0.03011875204147566 2.645530068755352 
0.9924511302587506 0.6041650709180441 -0.03269408142568462 2.658054569407865 
0.982578965095426 0.620796995757445 -0.006556121949518532 2.635383038765286 
0.9782163197891044 0.6271485604509418 -0.00314275016276749 2.625140037913568 
0.9731502372038443 0.6344984102196185 0.007432887452270252 2.613431167664152 
0.9774652382382056 0.6285501636499757 -0.01162446555404803 2.62365384636501 
0.9690120490118018 0.6405924152777536 -0.003677802069691849 2.603932418925702 
0.967065112649676 0.6426833296232667 -0.0193692832768525 2.599158860931785 
0.992388789615178 0.6037599611756725 -0.03191033525242448 2.657585802863084 
0.987038683878951 0.612941146560508 -0.03048933789007259 2.645543781347393 
0.9826834688796322 0.6201261701002635 -0.02452937401178712 2.635615817433075 
0.9875143489914331 0.6113638744091273 -0.04250223332584223 2.646581767364431 
0.9801624597616142 0.6233969193382933 -0.03613023314819484 2.629745162285172 
0.9782583893744107 0.6260887474643613 -0.05358894667936022 2.625997905757773 
0.9827919375593304 0.6199336068366752 -0.006820389964920942 2.635521503472963 
0.9859068764848834 0.6152230315509168 -0.009896082243653201 2.642825231792983 
0.9889716724741839 0.6102480532474104 -0.01047740127552339 2.649823608672143 
0.9865243447997677 0.6142574457782817 -0.002803531656472333 2.644200107704343 
0.9881345651307449 0.6114723508559327 -0.003599172516369773 2.647767181029376 
0.9876306316884903 0.612414304457131 -0.0001003909412119069 2.646697539117314 
0.966903792139357 0.6434740773064148 -0.02128143414191672 2.599400919678493 
0.9578457421003442 0.6560701060342851 -0.02248895583769431 2.57866296974336 
0.943307303562279 0.6745050188105257 -0.02315303302047619 2.545227574463178 
0.9597543924060215 0.6529770162294197 -0.03859337059154383 2.583179432363949 
0.9455129542950692 0.6702623840149656 -0.04797733649901201 2.550163519517711 
0.9524911231740089 0.6593280266807642 -0.07199777675517827 2.566168729808921 
0.9824417111777705 0.6208461080565182 -0.006817605057037472 2.634964498672169 
0.9772504640515862 0.6286902164001101 -0.0113848030380456 2.623040761032774 
0.9675482346277715 0.6423528781330985 -0.02015106189333263 2.600513704731694 
0.9814941236999953 0.6217855934497039 -0.01405090530477882 2.632509264067763 
0.9759914472699129 0.6304023786484471 -0.02480914976706635 2.620303786150072 
0.9822904808099012 0.6202440861006773 -0.02468623610181571 2.634369682750079 
0.973199598065066 0.6342420434988932 0.00797613078056697 2.613453841204015 
0.9664152378646402 0.644637455215994 0.01058466427228247 2.598277934839549 
0.9557015270088612 0.6592375889283367 0.01361472045747885 2.573812223276009 
0.9689985894969222 0.6406380280416047 -0.003428958146384334 2.603922029171365 
0.9600649228948628 0.6537618076801238 -0.006974171868032329 2.584003432912616 
0.9671832517583323 0.6434505578011741 -0.02067028592856211 2.600147395315541 
0.8983875357863556 0.7213315704935478 -0.002901551713819502 2.441355963787901 
0.9160959375186191 0.7046997938396805 0.01521008636482767 2.48242057960874 
0.9302798791878875 0.6878564565517253 0.02597807136952326 2.514311169386217 
0.8988370881741478 0.7193780189456216 0.03674496231415632 2.441946511102829 
0.9197211528541784 0.6994063851268457 0.04606209972774719 2.490585024795866 
0.90873215625036 0.7078910585092205 0.07436902890431162 2.465309457991235 
0.9435716273517072 0.67469939850064 -0.02298627351491575 2.546508978313302 
0.93441667991504 0.6843099984732832 -0.002269256014169138 2.52426235856441 
0.9305369446082854 0.6876989543308355 0.02621737012256532 2.51492213839632 
0.9250179001894325 0.6943542643105055 -0.01810870058110328 2.502330397519814 
0.9156930057626597 0.7050484798695926 0.01495124785726934 2.481446309274858 
0.8984685627472113 0.7222285071122301 -0.003650590217632882 2.442036803320164 
0.9779092297181844 0.6252307809945163 -0.05310723446515916 2.624336492748779 
0.9702358889291884 0.6389648862012517 -0.03867461761060383 2.607603194628078 
0.9674903682354979 0.6429051210130046 -0.02010289358600296 2.600896100499718 
0.9679193853937559 0.6386741525079446 -0.06346038538130148 2.60126766473304 
0.9595637992567125 0.6531645468330562 -0.03897907612999797 2.582697825994347 
0.9525049369789085 0.6593507379753144 -0.07189160863075683 2.566165165825666 
0.9554043650760121 0.6591631949843804 0.01357753306009067 2.572887397345821 
0.9453082199241117 0.6722181909928 0.01891343176108 2.549843063074597 
0.9305071615469365 0.6881346493553921 0.02647836624065545 2.515046199635013 
0.9484012256129569 0.6685369070009026 -0.001615983606016929 2.556863588583437 
0.9347394341946856 0.6845764386606418 -0.002057307260544345 2.525341335982402 
0.9434315547695816 0.6745040454103067 -0.02399088504370392 2.545681751901538 
1.0064974186764 0.5770450397837474 -0.03124813968843753 2.688850738510608 
1.005084456461265 0.5800787687539387 -0.04665711499851505 2.686381014597177 
0.9986819006394619 0.5901694416705749 -0.06659049640375822 2.671919265547647 
1.01380150960162 0.5648704384441197 -0.04324256917229866 2.706688785412022 
1.011613847778208 0.5653767531179709 -0.07032677835637091 2.701161167714427 
1.026268064292939 0.5362563246253907 -0.06212643069926747 2.734422987510798 
0.9962500007712576 0.5973042304467362 -0.01265594067215592 2.66605114437707 
0.9952016417617184 0.5996790571747843 -0.01922222778701217 2.664098718236119 
0.9925151496607275 0.6037537187585211 -0.03171849981561667 2.657976433036554 
0.9989688799542786 0.5931543538946024 -0.02010717955405938 2.672691701521807 
0.9993551296161585 0.591803274256065 -0.03507775707410771 2.673577737019086 
1.006574353278255 0.5793594900015352 -0.03220410639426768 2.690254397127141 
0.9781111898752165 0.6215287905336915 -0.09775105589189893 2.625846388824049 
0.9935588402250708 0.5908120292666482 -0.1161558580578267 2.659991659260901 
1.013488936211388 0.5532735709198576 -0.121610778645227 2.705615818515225 
0.9915473043699394 0.6010500062287645 -0.08245829263424909 2.656049600505471 
1.004243272142654 0.5776185147812409 -0.08984815806373042 2.684999980144925 
0.998887406102156 0.5886758105245745 -0.06699236442118049 2.671868807994561 
0.9922397117164744 0.6031547075703177 -0.03268057919875193 2.656788231951664 
0.9876296266253988 0.6117245813097896 -0.04213779000492131 2.647194791353783 
0.9781139259169027 0.6259512987430218 -0.05344861003452474 2.625384477678642 
0.9943941563044284 0.6001361479731971 -0.04609841068244852 2.662562142931628 
0.9876297640295126 0.6086442939250779 -0.06388628410215152 2.646418811062942 
0.9990827908532706 0.5889873392257056 -0.06675834901526545 2.672640493416226 
0.952690912252799 0.6577769790154113 -0.07150116070297258 2.566051965350535 
0.9538309129610224 0.6521908226661514 -0.1149166933868851 2.569702548524375 
0.9670562842160105 0.6208830839392623 -0.1662126907996666 2.598963497616749 
0.9648626130653257 0.6408366900202278 -0.089888008914078 2.594796009254444 
0.973875521141507 0.6211399691908279 -0.1263342228277629 2.615386709280986 
0.9786894786415278 0.620384788168121 -0.09810811818803222 2.627222385564182 
0.9189656279323057 0.6993660352160964 -0.06332738401049208 2.489377966436067 
0.9144955608320569 0.6984307073739187 -0.1037518927273813 2.478427053695867 
0.9187666244903618 0.6841485852490914 -0.1522361489592418 2.487474640345128 
0.9381799835433253 0.6767141652762343 -0.07135982415882021 2.533143098497399 
0.9389697211131522 0.6725310502991907 -0.1031845440619964 2.535577198943451 
0.9524205399702214 0.6579443741232966 -0.07233028847882576 2.565219905052061 
0.9845194022336732 0.6174709451402135 0.004694629434791279 2.639645693761981 
0.9828710891303578 0.620007824181723 4.600570130686157e-05 2.635818790397875 
0.9825666210660556 0.6201193006418551 -0.006536854185848122 2.634896693525022 
0.9863587079031365 0.6142955125190455 -0.0005049678241838999 2.643667529243082 
0.986650944681705 0.6141481803614702 -0.002988958934864147 2.644548915388747 
0.9876678630158638 0.6124233275773567 4.264664451079778e-05 2.646823419901605 
0.9910880913584856 0.6067778024071611 0.01105803455222497 2.654669174944736 
0.9874340613149464 0.6127302407889545 0.009556600068827902 2.646294770515865 
0.9845110324578296 0.6170943509933914 0.005097154508949982 2.639376064376795 
0.9897290324237001 0.6088414543243537 0.004474306733802425 2.651400329258525 
0.9875632972760037 0.6126484024075352 0.003003346260219641 2.646612961848461 
0.9890134817226807 0.6103573579368859 9.274138115389642e-05 2.649979001324138 
0.9910711698762694 0.6064486547443042 0.01121022300491342 2.654452433457607 
0.9886108966997346 0.6105927997856728 0.01734708094064197 2.648916257592778 
0.9838842142191705 0.6182155656450071 0.02460855071928189 2.638311190855923 
0.9874198240709842 0.6125770950264747 0.009722625191958668 2.646163959798475 
0.9834344037249967 0.6193860454134001 0.01264335311617478 2.637337073652788 
0.9844708418542305 0.616794660827956 0.00468265040998664 2.639065322743104 
0.9958078660369898 0.5989705283317845 6.775282324791912e-05 2.665483265760002 
0.9960330281355645 0.5983341265238239 0.004451737473464921 2.665853274808065 
0.9974196510447281 0.5960502270805784 0.009367927998479896 2.669115290259498 
0.9938472110486902 0.6021664617067315 0.00445681862356288 2.660925340840497 
0.9946561002391862 0.600659278491301 0.01135384395797552 2.662747922820301 
0.9911724299682724 0.6063632384700939 0.01130938226351637 2.654696477364407 
0.9555940911100407 0.6591410977102595 0.0134626702828084 2.573441055224648 
0.9483928174821122 0.668953881050813 -0.002099389017590867 2.557120585167016 
0.9431286608613211 0.6745427378415854 -0.02343406912459994 2.544616103782639 
0.9599232402294334 0.653447643263379 -0.00732259735812026 2.583357363500641 
0.9577497543718418 0.6560806698662598 -0.02270768982399553 2.578382648388632 
0.9675371617031469 0.6438741748050422 -0.01980306800262149 2.601637875339339 
0.943573679049395 0.6742341945825268 -0.02321980170023967 2.546138787560006 
0.9322531225350706 0.685901830338734 -0.03910174864773178 2.519242437243212 
0.9192661076990913 0.6991198091106534 -0.06337521164518692 2.490091231031843 
0.945097946171611 0.6707275150195773 -0.04850212850237978 2.549223032925998 
0.9376149916213087 0.6771368340948175 -0.07084444663443704 2.531612133416335 
0.9523613323676536 0.6585428999944264 -0.07180432716211471 2.565192171965408 
0.9428952708247348 0.6746569745234354 -0.02379959823625503 2.544325543395091 
0.925421332715506 0.6942876700487745 -0.01783095442410989 2.503542010627576 
0.8980941592724107 0.7225878478102897 -0.003344135241346208 2.441122619634994 
0.9325851583560304 0.6857637643369 -0.03914321217099145 2.520175129247273 
0.90621043236121 0.7135038522638739 -0.03643916572121467 2.459568057788635 
0.919489844440555 0.6989339896365231 -0.06312290782197234 2.490684814335132 
0.9194255350069436 0.6992058949551956 -0.0625839899536979 2.490666749532153 
0.9060244153325057 0.7136210012784002 -0.03701325408347431 2.459051004281181 
0.8985602792008509 0.7210411688277446 -0.003532858320735131 2.441627733146275 
0.8974062438964043 0.7174893871548572 -0.07487356644668561 2.438493854944883 
0.8796908009250211 0.7352493617228746 -0.03878472939890696 2.397525738970712 
0.8656810744572591 0.7409791445157565 -0.08831126129124363 2.364082119941962 
0.946070495594878 0.6664047660654157 0.08097920827930198 2.551360645267835 
0.9349933555959943 0.6812691666699515 0.05544996686454672 2.525358341830443 
0.930164307133961 0.6882912372793577 0.02639727995869701 2.514090340433618 
0.947522764184741 0.6679130460536298 0.03993953506560582 2.554528620959302 
0.9455565717173322 0.6720656836947001 0.0183641814557209 2.550536343947636 
0.9563639088138391 0.6587271559741796 0.01394449699808503 2.57565293834393 
0.9731218017112561 0.6338502211793934 0.007354867376665137 2.612895656224965 
0.9777245310163699 0.6273250686209046 0.01937437598955789 2.62384212333385 
0.9836640857978332 0.6179253483965429 0.02509989429986589 2.637508753543792 
0.9699554789041303 0.6394635236816792 0.02252881737061225 2.606528632451236 
0.9786381818455083 0.6255671048911439 0.03345270562544221 2.62601636185487 
0.969869895915732 0.6387592628404086 0.04387034989943745 2.606509647436513 
0.9780340281763941 0.6208672616585298 0.09363693697228533 2.625188186719229 
0.9757288703860126 0.6188949482131798 0.1236189178906613 2.619519677087504 
0.9725409341801677 0.6140909492414414 0.1656966513072793 2.611996389011847 
0.9634830352840235 0.6423033234964879 0.09234117947871366 2.59154865430732 
0.9532746139729004 0.6509240076905966 0.1236602231971595 2.568336809770661 
0.9461868222880091 0.6660404213847609 0.08013388092067823 2.551533104977216 
0.9696612665054268 0.6390711543486058 0.04402050816000457 2.606036395129816 
0.9612390321793924 0.6515306231771769 0.03179147085141003 2.586756954076024 
0.955336318794741 0.6594179977215772 0.01382492954441123 2.572769887305976 
0.9697654985236138 0.6391896568995057 0.02198771150469749 2.605717680432499 
0.9664933617750545 0.6445997930572943 0.009954868844990764 2.598515386463109 
0.9736243621802008 0.634023606145276 0.008180151233025838 2.614690136644152 
0.9900661909004962 0.6071437692818358 0.05134676395967568 2.652741428112871 
0.9801588175322055 0.6229069834638786 0.05199127065969526 2.630144167453655 
0.9695369136126101 0.6386902749266932 0.04446640297143849 2.605391590700569 
0.9851053161097828 0.6153160563172229 0.03677880043928876 2.640901570156041 
0.9786087561110605 0.6259035874865024 0.03274450966119307 2.626154304620431 
0.9839717869586756 0.6176314844895038 0.02533471144296901 2.638301279533648 
0.9462390394331753 0.6659554481318678 0.08055818103573242 2.551598151666717 
0.9478128243452242 0.6680851418489379 0.04050994747393652 2.555600428643466 
0.9556632075439796 0.658563833550613 0.0128736516543204 2.573214578167666 
0.9607870748727756 0.6493150049238949 0.05936031195194542 2.58497863633871 
0.9612041529023099 0.6513128584402968 0.03214652270436751 2.586516958616471 
0.9695152075593619 0.6390434890329457 0.04447399018532692 2.605765933814275 
0.9091762321949676 0.7076811952709112 0.07451636255856371 2.466580724886471 
0.8929048957290761 0.7196400626484849 0.08624451464848409 2.427449326820661 
0.8715567276759594 0.7358585303425472 0.09983738381246399 2.378331109967101 
0.8985265913141834 0.7205467924500859 0.03694447352029818 2.441974774213672 
0.8790672505345098 0.7351314530175327 0.03981773322342171 2.395632865590943 
0.8990822038797391 0.7202567794284451 -0.003821380837616206 2.442516072166852 
0.9466145321969017 0.6656717987242338 0.08107449423452635 2.55273103770405 
0.9301682752519581 0.6849614617438066 0.08068600827210891 2.514581098012609 
0.9091875811021334 0.7073732388209157 0.07375530011896125 2.466306332757394 
0.9350753976385132 0.6821661511455642 0.05601470768531142 2.526408401754481 
0.9192875462282198 0.6995450222772406 0.04592541308792448 2.489373102861273 
0.9300071696161808 0.6881059852869423 0.02605906808206994 2.513576845198393 
0.9462552567614156 0.6663992132587483 0.08043503662838401 2.552156187901192 
0.935903637487101 0.6739234647419667 0.1118447715384244 2.5279095414179 
0.9235878691024577 0.6793628198307463 0.1566578704198337 2.499516811926383 
0.9306135804338149 0.6849391762295945 0.08027047683318095 2.515983620654307 
0.9116870504426988 0.6988981729466083 0.1150481154199851 2.471695715453321 
0.9094369791399384 0.7075071189003289 0.07380807090683456 2.46716861042109 
0.9912704526787222 0.6061854864167552 0.01136831197331462 2.65493973658895 
0.9923768653902639 0.6044593867891079 0.01795596832276524 2.657613756721442 
0.9956864429882321 0.5982623242677824 0.02654597585262452 2.664989500585126 
0.9886188581426811 0.6109104718127488 0.01683893341916825 2.649146795714676 
0.9899277888044564 0.6079070953181529 0.02845076575062418 2.651888437706917 
0.9836311304926513 0.6179906035175569 0.02522909463656689 2.637347482577806 
1.00178086612699 0.5831446629276735 0.07349867839917174 2.678636002377855 
0.9919218956234075 0.5990488297447712 0.08634595824663983 2.656403626769573 
0.9783094157170117 0.6197164364303487 0.09382693705076905 2.625140377306795 
0.9943837004117756 0.5978687108861531 0.06261455020974956 2.662121378827531 
0.9858455777235791 0.6114393531732336 0.0684733539889336 2.642595534802511 
0.9900381084451001 0.6065805820052239 0.05220724313268382 2.652472694628926 
1.000043795900418 0.5914974851264378 0.0006902522592614329 2.675080528170941 
0.9999080708559747 0.5917127508287762 0.0002263945958039885 2.67475635157962 
0.999895583514852 0.5917929242684176 -3.270586266139494e-05 2.674762296193802 
1.000191532918564 0.5912910250479911 0.0002239345570530225 2.675449463419887 
1.000058249767384 0.5915050276537908 4.645360215246822e-05 2.67513281137401 
1.000225700319889 0.5912068233497526 -2.875729728463204e-05 2.675513334463816 
0.9993546980682692 0.5928361597546616 6.82347361783427e-05 2.673582530502437 
0.9997912642017761 0.5919382270484402 -2.855864977611955e-05 2.674501374520295 
0.9999137209973453 0.5917531691884297 -2.578171574522522e-05 2.674799401278142 
0.9996365781708763 0.5921506229625857 0.0007010446621871782 2.674113275563814 
0.9999324301557931 0.5917715142011782 0.000166648961251295 2.674872189071237 
0.9999938539995392 0.5914641563552826 0.000759056772212766 2.67489483578749 
0.9886278081094645 0.6104501575656506 -0.0002750044785543106 2.648761457908787 
0.9925461093089272 0.6046809823211967 0.0001493271867774835 2.658147075080288 
0.9957699680365636 0.5990458679103795 4.81149180194785e-05 2.665410107851179 
0.9898060446262358 0.608966149490076 0.004824347422091839 2.651733111459591 
0.9937970370525568 0.6019072783602056 0.004682160886382296 2.66059820097359 
0.9913371773984291 0.606573209216992 0.01100868413799925 2.655371153405591 
0.999306666592912 0.5927546434327648 -6.468599693310776e-05 2.673380800161434 
0.9991879150890975 0.5931263833909133 0.001554639034268856 2.67320368884616 
0.9997288433578092 0.5917754388777756 0.004267951709061195 2.674207062972739 
0.9981715997063393 0.5946621013745755 -0.0001251166611132287 2.670737122094752 
0.9976844426487913 0.5955139803462234 0.003730248567680246 2.66963638147498 
0.9958640832642941 0.5990348043293251 0.0001814302050141723 2.665701296956958 
0.9999138314970818 0.5917395809197606 -0.0001519130892515219 2.674792399758466 
0.9999413454529883 0.5917209889131982 -8.673105881245661e-05 2.674871032536891 
0.9999722510523797 0.5917006880132335 -5.091039367721996e-06 2.67495899775269 
0.9997622909970081 0.592033498774106 -9.630877421085095e-05 2.674460776025848 
0.9998230476952782 0.5920583502137636 2.807501714234144e-06 2.674674709983559 
0.9994555086137622 0.592577726088958 -6.777871114462746e-06 2.673760657807821 
0.9999162995839698 0.5917430603942661 -0.000146995309666741 2.674810726040664 
0.9999946889503292 0.591609537490191 -0.0002931443204798962 2.674979655705591 
0.999992204186554 0.5915008713382739 -4.319857216600993e-05 2.674939842907663 
0.9999494327110792 0.5916983296181384 -7.650666902845602e-05 2.6748941137508 
1.000001259376539 0.5916227851192677 -0.0002936235247602627 2.675009441724715 
0.9999970238753697 0.5916371147902856 -3.340783007659636e-06 2.67501511338671 
0.9978263159002282 0.5953742348529945 -7.586599642483775e-05 2.670011158328476 
0.9990261012979292 0.5932486960823118 -0.001665532719127036 2.672739310730481 
1.000041762726025 0.5916732708584352 -0.00148483829796406 2.675174143646114 
0.9989295903746128 0.5936180447404177 8.729613881772302e-05 2.672631001239499 
0.9994963884843633 0.5923828955088195 -0.0008490512511117829 2.673787211826184 
0.9994306123384571 0.5926683333944159 -7.053546578619464e-06 2.673731800074165 
0.9927035648860881 0.6043076067442783 4.385890024197806e-06 2.658429798955812 
0.9939073699698086 0.6019890268973983 -0.006073374075091959 2.661025217982213 
0.9961852658077299 0.5980722447743091 -0.01177553224509834 2.666254058388381 
0.9958368206811334 0.5988275523150159 -0.0001882931971448035 2.665488517122897 
0.9969293308938691 0.5969649602358396 -0.003949843956756051 2.668000213589111 
0.9978625839080463 0.5953540072109164 -0.0001667904284065751 2.670128127783163 
0.992827923111562 0.6042537266004204 0.0002502139015425333 2.658822545590456 
0.9898414089393196 0.6087038929311681 -0.0001895227416363702 2.651685578879097 
0.9876944696486729 0.6123134375527589 -8.161918918987647e-05 2.646849158267539 
0.9912066070743375 0.6065169167906923 -0.004809280604566944 2.654848449866461 
0.9882729091918872 0.611604021769557 -0.00382567627283001 2.648303524007928 
0.9888135243563476 0.6100574295650983 -0.01018327934683744 2.649184859110085 
0.9889271179691547 0.6104628132706603 7.104588160898737e-05 2.649756663493777 
0.9874664198738918 0.6126003352052529 0.003142847236857062 2.646262710421682 
0.9848146177280802 0.6172364905855727 0.004675908825446507 2.640461938323355 
0.9871683922663638 0.6133850080637803 0.0001485614707858829 2.645781379143928 
0.9863263608920374 0.6145051878267254 -0.0002715380164842322 2.643694258963513 
0.9876505442530188 0.6124005404484806 -1.728587340668503e-05 2.646756072137732 
1.000817660660956 0.5898528475740945 0.0001042054312622482 2.67668325169435 
1.000465717442543 0.5908082339560682 0.0007738879841016015 2.676076405973493 
1.000089699466414 0.5914927386436323 0.0007328737385665162 2.675230461680635 
1.000310278499623 0.5910375897828254 -2.315354246606199e-05 2.67569440203522 
1.000163864406207 0.5912004573989906 0.0001336960975559735 2.675304077012772 
1.000208278788067 0.5912445539754178 -2.012401174729533e-05 2.67547820344207 
1.003642158783422 0.585206292076182 7.855146513020014e-05 2.683369311484938 
1.003403071723276 0.5849905562696227 0.003322329378079529 2.682450276953375 
1.002697578743081 0.5875300886118444 0.006040313764064845 2.681596462129434 
1.001820199445357 0.5888761051168671 -0.0001182950838149522 2.679443779321721 
1.001640653838432 0.5882516982564642 0.001392471229939731 2.678479461771426 
1.000970738977317 0.5899650029832665 0.0001017330454378899 2.677270440126603 
1.007781236510061 0.5752456170267102 0.03806663087140327 2.692198222020498 
1.012430963813765 0.5676313095738652 0.01934824656586992 2.702934099136394 
1.011170873111372 0.5718975814435224 0.001666752978603267 2.700950544226833 
1.015409304354039 0.5627043477435938 0.0338513005462659 2.710587002754267 
1.016223995910157 0.5606076556143919 0.008283518832991556 2.711605343284789 
1.022029140544298 0.5477938666149358 0.0222842937702516 2.72444807251427 
1.010853333325154 0.5583385239822269 0.1280902936235076 2.700248282868259 
1.004714218350301 0.5744861953195114 0.09685401190732121 2.685459605497424 
1.001740351882854 0.5844819688662829 0.0739664541494055 2.679327953875498 
1.020516273795149 0.5434484740570483 0.1014572869430994 2.721682515043743 
1.012441076069364 0.5635338686115824 0.07900513444278591 2.703634361642232 
1.025458495286122 0.5361857108564073 0.07581767346492957 2.732472856712356 
1.003753975352 0.5854922879758323 -0.000226104291153165 2.683934838772681 
1.006468498070858 0.5804736241435445 -2.670982090744704e-05 2.690049352763422 
1.010696522265069 0.5713041606052887 0.002957339018075404 2.698984005477115 
1.005228443635331 0.5811357270151535 0.006147300093225293 2.686322087657162 
1.008375657374758 0.5761795740780201 0.01224760529729474 2.694052769845634 
1.004562260381406 0.5839700305901587 0.01691978355489163 2.685855747615409 
1.022420578353528 0.5472959242052595 0.0221967009865033 2.7255355267641 
1.025817679742463 0.5390067654848707 0.04390994056312374 2.733270154368565 
1.026067362431221 0.5370551881580422 0.07444139269383482 2.73481857968746 
1.014966410104052 0.5634778663418948 0.03437788530657828 2.70956929694242 
1.014043092949588 0.5626214178069462 0.0528904128548501 2.706755106729315 
1.007639518293058 0.5752245125414945 0.03788884181960595 2.691788824920908 
1.000610453201893 0.5902048432421553 5.889033413413901e-05 2.676243818532973 
1.00013228611597 0.5910812956449341 4.589210780705996e-05 2.675170992747028 
0.999999747600707 0.5915635941208245 -0.0001983199696154447 2.675015506342496 
1.000435507133377 0.5908759381378728 -0.0009576977054501789 2.676016284484737 
1.000102472345475 0.5913295896015553 -0.0003236871371727633 2.675176334748727 
0.9999215987132529 0.5915925054212537 -0.001433046737038816 2.674731691258057 
1.00298507332447 0.5861651745136622 6.523773717084978e-05 2.681788321858717 
1.0012340569969 0.5891537128586837 0.0002460530605755285 2.677710135823958 
1.000642967974324 0.5907048011624775 -0.0003934140807331593 2.676657629709795 
1.00215353385522 0.587794814049449 -0.003834003777287324 2.679927420529128 
1.000993114385746 0.5896024100067413 -0.001629716297531882 2.677120889439073 
1.000339120817581 0.5910810121371473 -0.005677289179672187 2.675844105466725 
1.004008386044398 0.5837015081229849 -0.0107821732273376 2.683855319934089 
1.007538315005509 0.5781743018435207 -0.008537706222816134 2.692307652042078 
1.011132806353359 0.5712447734468555 -0.002361420790465137 2.700554353873321 
1.004274932745163 0.5840649263888722 -0.003690253764905024 2.684779433942258 
1.005341825170509 0.581123475790417 0.0001822763083030341 2.68684106968902 
1.003016249600652 0.5864920619101228 -0.0007464593977635818 2.682197993927303 
1.022020179207789 0.5484795573828464 -0.02204978853304714 2.724953575918101 
1.016365003506119 0.5598502445321852 -0.007917337292279248 2.711887049215261 
1.010693147575094 0.5703806927048835 -0.001754397166016312 2.698647519180587 
1.013605025099823 0.5653747900223292 -0.03070429689831223 2.705828769801485 
1.011610310598851 0.5705982293794774 -0.01776992354883921 2.701757418749099 
1.006305793789662 0.5777105970064993 -0.03125179288125594 2.688488106126282 
1.007424029160108 0.5775316279890342 -0.03052475324918711 2.692159982847395 
1.013489693496043 0.5649350134402222 -0.0434416863510219 2.705687382979988 
1.026248657281639 0.5360756396209466 -0.06215776133775654 2.734210234696175 
1.013279029609176 0.5657821125588196 -0.03046092479171229 2.704959600699481 
1.025543452385904 0.5404991656505183 -0.03981000980225496 2.733167870090644 
1.022120151722217 0.5482217245532438 -0.02234860663783164 2.725187900168304 
0.9788067010873217 0.6210109541271996 -0.09748752719621129 2.627964920991733 
0.9737470094432257 0.6214411504770589 -0.126111527966761 2.615066379389885 
0.9687508494474398 0.6200213801792731 -0.1660812696612207 2.603592161500981 
0.9930902700080056 0.5913016738254047 -0.1166201432036514 2.658790821382497 
0.9955679484068324 0.5810637710450323 -0.1500996180503238 2.665414125345725 
1.01395537040713 0.5534260425190578 -0.1220470833191393 2.707267684613631 
0.8664975300367261 0.7415793264333796 -0.08986473536488365 2.36719037897792 
0.8792524086660811 0.7348004261834478 -0.03787030594548957 2.395831708139343 
0.8986769378003141 0.721406754413318 -0.004146033420511824 2.442265116447537 
0.8507347047214057 0.7552260300691087 -0.04217250754664027 2.329548907065779 
0.8764207231570011 0.7385289819756059 0.0016896383678584 2.389760458178376 
0.8458308361557092 0.7589451027481148 0.009729758559762807 2.317717179092804 
0.9997042282618003 0.5892780478374325 -0.0662007748682796 2.674891868135872 
1.003965950028633 0.5777909207813525 -0.08988302762491564 2.684123442562067 
1.01316973533281 0.5530035145140961 -0.1220213507685292 2.704379706706812 
1.011109790532675 0.5661394300848662 -0.07140472320734344 2.6999644151085 
1.022980634198455 0.5398849704149744 -0.09205544990959634 2.727441025787658 
1.026387145606604 0.5361055360375603 -0.06230234196604755 2.734802974190763 
0.920028148378637 0.6835187113649749 -0.1521858889511137 2.490708340480464 
0.9450303115172529 0.651671748368881 -0.16528330637737 2.548822522889627 
0.9681836879206499 0.6210376334794638 -0.168431881705095 2.602801939062008 
0.93857614301092 0.6730902593195783 -0.1030094373147447 2.534769361698304 
0.9531557727285603 0.6522041512360408 -0.1140273602485977 2.567589588870216 
0.9530567664619982 0.6578842394014586 -0.07219507589755425 2.567211888876357 
0.9243101808853219 0.6789553335028569 0.1571158143839895 2.501364618138873 
0.897290734447992 0.7103529631073394 0.1343074564221655 2.439102171524435 
0.871253487387996 0.7361806287320983 0.09966847925984697 2.377746757183281 
0.9111435777104264 0.6988570226723266 0.1148875001455932 2.470096175165352 
0.892240259576529 0.7200359994695199 0.08528833475238033 2.425846692550962 
0.9096806341027763 0.7076791018554245 0.07388687669661147 2.468073183987102 
0.9188869659477783 0.6993756625103632 -0.06309298534907369 2.489097443173113 
0.8978356634752753 0.717746215942686 -0.07451967788729637 2.440098757142013 
0.8671332633175368 0.7405416552439987 -0.08771571666712905 2.367720230023613 
0.9138719810703303 0.6983400707976252 -0.1032617851029712 2.476580502475598 
0.8915429417871593 0.7155684956958077 -0.1275242846567705 2.424975689119629 
0.9199418798411864 0.6849036879562415 -0.1550849815117682 2.492065784103492 
0.871621542258792 0.735684439412376 0.09954992290260044 2.378315412909432 
0.8544332344231154 0.7522270387968395 0.05632416107643441 2.338553108503175 
0.8455462274584074 0.7592425284703593 0.009394488459814696 2.317191320819997 
0.8787660731199061 0.7350444450551482 0.04000144007944705 2.394653760202042 
0.8757213493080985 0.7384434654444535 0.001351719740376503 2.387591490312673 
0.9002321932330356 0.7206910457274985 -0.003253243853019506 2.446473880052483 
0.9734547052278373 0.6141687638176088 0.1640499169892435 2.614999217361148 
0.9749038314378727 0.6194510136291477 0.1233326054274731 2.617248062882607 
0.9783911125202505 0.6206604599046955 0.09397974097526769 2.626049902859054 
0.995120236126512 0.5818223570458365 0.1500145030008283 2.664079948460932 
0.9912739325515159 0.5959368924161369 0.1159396498814968 2.655567226821701 
1.010252187716182 0.5571687037585353 0.1292847652164801 2.697716776888052 
0.9728973376139587 0.6133172996763936 0.1658536877091654 2.612605369739051 
0.950625275321472 0.6454623155462851 0.1658930441901028 2.562227619990204 
0.9244583659045832 0.6789872053853669 0.1558509595485132 2.501942742406685 
0.9528653304494091 0.6512301857722892 0.1235096466111349 2.567366047073591 
0.9348904487132899 0.6743327650768451 0.1118259036601667 2.525072247824088 
0.9469115941283701 0.6662163344612199 0.08074351005748202 2.553928134438615 
