-1.07669 0.00405918
-1.05114 0.00461919
-1.01374 0.00543912
-0.976332 0.00625886
-0.950788 0.00681854
-0.724179 0.021606
-0.710899 0.0232203
-0.691451 0.0255828
-0.672003 0.0279438
-0.658723 0.0295551
-0.215731 0.12711
-0.212648 0.11888
-0.208135 0.106785
-0.203622 0.0946363
-0.200539 0.08631
-0.653316 0.0314311
-0.645407 0.0328709
-0.633826 0.0349784
-0.622244 0.0370848
-0.614335 0.0385226
-0.365015 0.179391
-0.360447 0.182447
-0.353759 0.186907
-0.347071 0.191348
-0.342503 0.19437
1.02808 0.00493089
1.05002 0.0044847
1.08217 0.00383124
1.11431 0.0031777
1.13626 0.00273137
0.711283 0.0231083
0.725756 0.0215393
0.746951 0.0192408
0.768146 0.0169414
0.782619 0.0153707
0.367258 0.176066
0.372649 0.172065
0.380543 0.166189
0.388438 0.160293
0.393829 0.156255
0.0293686 -1.10589
0.0313697 -1.09393
0.0343 -1.07653
0.0372303 -1.05926
0.0392314 -1.04754
0.0868761 -0.6279
0.0890084 -0.60993
0.092131 -0.583713
0.0952536 -0.557611
0.0973859 -0.539851
-0.0901034 -0.601197
-0.0880279 -0.619977
-0.0849885 -0.647581
-0.0819491 -0.67531
-0.0798736 -0.694318
-0.0449862 -1.00187
-0.0430707 -1.0154
-0.0402655 -1.03533
-0.0374603 -1.05538
-0.0355448 -1.06914
-0.153146 -0.12559
-0.150334 -0.142159
-0.146216 -0.166513
-0.142098 -0.190974
-0.139286 -0.20774
-0.138006 -0.220246
-0.135803 -0.234889
-0.132576 -0.256398
-0.129349 -0.277986
-0.127146 -0.292775
-1.35455 0.00141985
-1.32901 0.00154835
-1.2916 0.00173651
-1.2542 0.00192466
-1.22865 0.00205314
-0.868647 0.0105462
-0.855367 0.0112705
-0.835919 0.0123309
-0.816471 0.013391
-0.803191 0.0141148
-0.249261 0.187276
-0.246178 0.183109
-0.241665 0.17698
-0.237151 0.170817
-0.234068 0.166591
-0.567282 0.0521299
-0.559373 0.0547972
-0.547792 0.0586997
-0.53621 0.062598
-0.528301 0.0652576
-0.315331 0.2087
-0.310763 0.20952
-0.304075 0.210693
-0.297387 0.211833
-0.292819 0.212594
1.26684 0.00147569
1.28879 0.00131145
1.32093 0.00107094
1.35307 0.000830412
1.37502 0.000666155
0.868726 0.0104012
0.883199 0.00975534
0.904394 0.00880943
0.925589 0.00786335
0.940062 0.00721719
0.425904 0.128439
0.431295 0.124563
0.43919 0.118879
0.447085 0.113186
0.452476 0.109293
0.00759862 -1.19164
0.00959988 -1.18654
0.0125305 -1.17919
0.0154611 -1.17197
0.0174624 -1.16712
0.110072 -0.425993
0.112204 -0.409768
0.115327 -0.386083
0.11845 -0.362486
0.120582 -0.346422
-0.0675244 -0.809451
-0.0654489 -0.827348
-0.0624095 -0.853673
-0.0593701 -0.880137
-0.0572946 -0.89829
-0.0241472 -1.13761
-0.0222314 -1.14511
-0.019426 -1.15619
-0.0166206 -1.16739
-0.0147048 -1.1751
-0.183738 0.0240917
-0.180926 0.0123016
-0.176808 -0.00502171
-0.17269 -0.0224147
-0.169878 -0.0343324
-0.114039 -0.397697
-0.111836 -0.414981
-0.108609 -0.440381
-0.105382 -0.465889
-0.103179 -0.483369
-1.21562 0.00226993
-1.19007 0.00255106
-1.15267 0.0029627
-1.11526 0.0033743
-1.08972 0.00365534
-0.796413 0.0149785
-0.783133 0.0160445
-0.763685 0.0176049
-0.744237 0.0191647
-0.730957 0.0202295
-0.232496 0.162547
-0.229413 0.156492
-0.2249 0.14759
-0.220386 0.138647
-0.217303 0.132516
-0.610299 0.0402105
-0.60239 0.0421522
-0.590809 0.0449939
-0.579227 0.0478335
-0.571318 0.0497713
-0.340173 0.196745
-0.335605 0.198961
-0.328917 0.202186
-0.322229 0.205386
-0.317661 0.207559
1.14746 0.00275171
1.16941 0.00249464
1.20155 0.00211816
1.23369 0.00174166
1.25564 0.00148454
0.790005 0.0152702
0.804478 0.0143037
0.825673 0.012888
0.846867 0.011472
0.86134 0.0105048
0.396581 0.152064
0.401972 0.147952
0.409867 0.141919
0.417761 0.135873
0.423152 0.131737
0.0184836 -1.15923
0.0204849 -1.15063
0.0234155 -1.13816
0.0263461 -1.12582
0.0283474 -1.11747
0.0984741 -0.524349
0.100606 -0.507135
0.103729 -0.482012
0.106852 -0.45699
0.108984 -0.439961
-0.0788144 -0.70579
-0.0767387 -0.724252
-0.073699 -0.751398
-0.0706593 -0.778678
-0.0685836 -0.797384
-0.0345672 -1.07809
-0.0326514 -1.08876
-0.029846 -1.10448
-0.0270406 -1.12032
-0.0251248 -1.13121
-0.168442 -0.0441977
-0.16563 -0.0582705
-0.161512 -0.0789504
-0.157394 -0.0997168
-0.154582 -0.113948
-0.126022 -0.304367
-0.123819 -0.320532
-0.120593 -0.344282
-0.117366 -0.368127
-0.115163 -0.384464
-1.49348 0.00114939
-1.46794 0.00117809
-1.43053 0.00122013
-1.39313 0.00126217
-1.36758 0.00129087
-0.940882 0.00753777
-0.927602 0.00803133
-0.908154 0.00875398
-0.888705 0.0094765
-0.875425 0.00996982
-0.481893 0.0902988
-0.476511 0.0935106
-0.46863 0.0982084
-0.460749 0.102899
-0.455367 0.106099
-0.452621 0.110021
-0.447239 0.113583
-0.439359 0.118792
-0.431478 0.12399
-0.426096 0.127535
-0.42335 0.131853
-0.417968 0.135817
-0.410088 0.14161
-0.402207 0.147387
-0.396825 0.151324
-0.394079 0.156068
-0.388697 0.159969
-0.380816 0.165665
-0.372935 0.171339
-0.367553 0.175202
-0.266025 0.203535
-0.262942 0.200829
-0.258429 0.196844
-0.253916 0.192832
-0.250833 0.190077
-0.524265 0.0688106
-0.516356 0.0723877
-0.504775 0.0776192
-0.493193 0.0828426
-0.485284 0.0864048
-0.290489 0.212095
-0.285921 0.210736
-0.279233 0.208711
-0.272544 0.206642
-0.267976 0.205204
1.38622 0.000620502
1.40817 0.000487578
1.44031 0.00029292
1.47245 9.82545e-05
1.4944 -3.46832e-05
0.947448 0.00713757
0.961921 0.00669698
0.983116 0.00605172
1.00431 0.00540638
1.01878 0.00496565
0.485807 0.0874508
0.496122 0.0822838
0.511227 0.074708
0.526331 0.067121
0.536646 0.0619337
0.54191 0.060419
0.552225 0.0570049
0.56733 0.0520014
0.582435 0.0469932
0.59275 0.0435704
0.598014 0.0426978
0.608329 0.0404431
0.623434 0.0371395
0.638539 0.0338339
0.648854 0.0315754
0.654118 0.0309099
0.664433 0.0293535
0.679538 0.0270735
0.694643 0.0247925
0.704958 0.0232342
0.455228 0.106654
0.460619 0.103291
0.468514 0.0983616
0.476408 0.0934262
0.481799 0.0900526
0.286375 0.210602
0.290073 0.211033
0.295488 0.211645
0.300903 0.212234
0.304601 0.212623
0.306488 0.210159
0.310185 0.2093
0.315601 0.208026
0.321016 0.206734
0.324713 0.205841
0.3266 0.202926
0.330298 0.201168
0.335713 0.19858
0.341128 0.195977
0.344826 0.194191
0.346713 0.19121
0.35041 0.188811
0.355826 0.185288
0.361241 0.181754
0.364938 0.179333
0.133604 -0.246986
0.137049 -0.225031
0.142095 -0.193019
0.14714 -0.161173
0.150585 -0.13952
0.152343 -0.128213
0.155788 -0.109814
0.160833 -0.0829804
0.165878 -0.0562746
0.169323 -0.03811
0.171081 -0.0299542
0.174526 -0.0151199
0.179572 0.00651992
0.184617 0.0280617
0.188062 0.0427164
0.18982 0.0482791
0.193265 0.0598944
0.19831 0.0768393
0.203355 0.0937083
0.2068 0.105185
-0.00328543 -1.19606
-0.00128435 -1.19588
0.001646 -1.19573
0.00457635 -1.19569
0.00657743 -1.19574
0.208591 0.107973
0.212165 0.117036
0.217398 0.130258
0.222631 0.143419
0.226205 0.152373
0.228029 0.154294
0.231603 0.160442
0.236836 0.169406
0.242069 0.178323
0.245643 0.184386
0.247467 0.184879
0.251041 0.188705
0.256274 0.194277
0.261507 0.199812
0.265081 0.203571
0.266905 0.202948
0.270479 0.204799
0.275713 0.207486
0.280946 0.210143
0.28452 0.211942
0.12167 -0.334777
0.123803 -0.319705
0.126926 -0.297699
0.130048 -0.275769
0.132181 -0.260837
-0.0562354 -0.909936
-0.0541597 -0.92663
-0.05112 -0.951196
-0.0480803 -0.975904
-0.0460046 -0.992859
0.0402884 -1.03398
0.0424297 -1.01836
0.0455655 -0.995615
0.0487013 -0.973023
0.0508426 -0.957683
0.0519354 -0.942797
0.054077 -0.925112
0.057213 -0.899344
0.060349 -0.873727
0.0624906 -0.856319
0.0635834 -0.841768
0.065725 -0.822947
0.068861 -0.795509
0.071997 -0.768216
0.0741386 -0.74966
0.0752314 -0.735119
0.0773727 -0.716227
0.0805085 -0.688676
0.0836443 -0.661257
0.0857856 -0.642608
-0.0137272 -1.17815
-0.0118114 -1.18198
-0.009006 -1.18767
-0.00620057 -1.19348
-0.0042848 -1.19751
-0.199035 0.0797113
-0.196223 0.0700882
-0.192105 0.05595
-0.187986 0.0417562
-0.185174 0.0320313
-0.102055 -0.497466
-0.0998515 -0.515869
-0.096625 -0.542918
-0.0933985 -0.57009
-0.0911952 -0.588715
