1.000585420094507 0.5910699780943637 0.004833130602638714 2.676637898627332 
1.001400743305743 0.5886827650314288 -0.0006135103425132879 2.677927651416784 
1.002812046156263 0.5876278350072519 0.00491096774743164 2.682030518631926 
1.000320451164219 0.5904166423865431 0.004863266377984217 2.675346269716535 
0.9978679848467097 0.5959739022539663 0.008659181036911124 2.670555399169504 
0.9955585502010924 0.5993654622877389 0.0005053225645757058 2.664876347650044 
1.004928377114931 0.5822020549732534 -0.001329220256678449 2.685875422893021 
1.005429738704514 0.5819589407142693 0.0154417133629121 2.687565445000796 
1.002399243784575 0.5883473574487874 0.004924902502651283 2.681048742508799 
0.9975740977063858 0.5962719767839466 0.01082166577640195 2.669743327936501 
1.003506656980919 0.5846899582282264 0.006166890379774235 2.682600400597094 
1.004164729047091 0.5850885076922219 0.0158669814206221 2.68515625498378 
1.009706293451995 0.572873437063996 0.03592340154857984 2.697233353871228 
1.00360236699712 0.5863962184713757 0.01444590444914585 2.683880721687116 
1.013200129051407 0.5661397861023597 0.003568755691395254 2.704312119233963 
0.9699728984511528 0.6387621859394581 0.04668860946079223 2.606773638963806 
0.9926360006672942 0.598521608558462 0.05143048195469582 2.655135958184974 
0.9789818866898635 0.6264235450802137 0.09016900133553087 2.631304046148214 
1.00285982625138 0.5832428353125655 0.07680661648838802 2.68254917442367 
1.007163394682301 0.5819696806823331 0.03519496888494474 2.69331987118221 
1.023346357466973 0.5359133330805337 0.07457225531429605 2.724725116369971 
0.9912261343064159 0.6037162352488628 0.05396880028831786 2.654744669153023 
1.009207324159333 0.5729025586326999 0.03830886076690811 2.694910453651471 
1.003748572192129 0.5903303501336521 0.07239072739824089 2.689176108662277 
0.9471333764442864 0.6672561372998135 0.08145073598901885 2.555430715778431 
0.9687493520949174 0.6364028995446395 0.03974364446889105 2.600588585179135 
0.9764766909250235 0.6309459019817032 0.09556210265365436 2.62606489076232 
0.9946566496522645 0.6007725425520163 0.02509072897565766 2.662895138981116 
1.007074164619301 0.5779898821827076 0.04052427540357095 2.691304734038891 
0.9910238780714106 0.6020433217792751 0.05238228332599609 2.652942185467051 
0.9840349881160665 0.6199592134911336 0.02747565528985381 2.639856805717477 
0.9974287962508249 0.5963727428615486 0.0273826860483072 2.669313269404522 
0.9905750747165666 0.6069010920716353 0.04849759386414786 2.65421691003753 
0.9829770056346432 0.6220247012702607 -0.008237262620004879 2.637430031816079 
0.9860909904877421 0.6162675815629101 0.005556215512979032 2.643875656584244 
0.9746666085407399 0.6320943108864896 0.005543924547516912 2.616800652822435 
0.9917054327977329 0.6077763264463186 0.01243362439308924 2.657288060995873 
0.9983582676140701 0.5943633941426102 0.009287103106739034 2.671099674139043 
0.9958509908562937 0.5981563927427079 0.02454759685582272 2.66543536545591 
0.9732044446683431 0.6317829947240565 0.01049600101643627 2.611835189020382 
0.9849574947138702 0.6173168794390942 0.003751007531153367 2.640853239002403 
0.9826454314121869 0.620850532814865 0.02499125756916047 2.635887756664418 
0.9969070711007811 0.5969769181900961 0.008053906872170037 2.667874699143503 
1.003743128204929 0.5850874237115342 0.01836578275693904 2.683773155917526 
0.9960798563255175 0.595884561564927 0.02617997318300795 2.664889381223441 
0.9964744798777252 0.5999521343817276 0.0298921737722393 2.668657575881717 
1.005576391452247 0.5818440769030665 0.01670814131105246 2.687837476840756 
1.007542854902432 0.5773904896005679 0.03656656237698216 2.692493270919445 
1.000337026486314 0.5908191947359137 0.003820351424896264 2.675661248468906 
0.9999650950299245 0.5922296670771492 0.0004554998847136813 2.675247759821819 
1.001298195019944 0.5891147131161854 0.0002595673561129646 2.677846342394076 
0.9981167889751579 0.5953803114771752 0.0100255864712374 2.671014605720078 
0.9995836298826416 0.5917380913772082 0.004715914767922544 2.673683496270684 
1.002693586797081 0.586135173571862 0.007656319751859977 2.680772603588323 
0.9993328211989816 0.5926698729993249 -0.0002660574256921063 2.673408783838019 
1.00038613762706 0.5905103809752977 0.0003864058712718777 2.675632039953686 
0.9998271983590579 0.5922921279482811 0.003662204648482497 2.67483783454154 
0.9790972743423455 0.622590739052566 0.09853797435076336 2.629592137796271 
1.00308809290164 0.5788054020282698 0.07319609261451607 2.679754885001057 
1.008473448742838 0.5588141414022713 0.1290565099464737 2.692148012212822 
0.9998351428038856 0.5917176198433786 -0.00118817911315245 2.674521657020701 
0.9998389027821993 0.591851619536619 4.314793439301767e-05 2.67458885571086 
0.999432961880532 0.5929092237032538 6.552042255946001e-05 2.673857076869937 
1.000119228888688 0.5919562410601267 -0.00100377120747239 2.675315974603811 
0.9999168917628686 0.5900019940407072 -0.0003294812272873057 2.674608810732486 
0.9999868987370322 0.5922170490198517 -4.859524707109862e-05 2.674942940819248 
0.999874034700116 0.5914202214604531 -0.001560117713333318 2.674473341334303 
0.9976022605675349 0.595544135910365 -0.0008325546168996276 2.669341946433346 
0.9998382037971618 0.5927017351002083 -0.005316241577165463 2.675130442890763 
1.000858587427177 0.5903856052242921 -0.005019591809604788 2.676718216309342 
1.000732493751536 0.5879782975044372 0.0004041837707613489 2.676592073886682 
1.000009342608487 0.5921717832064464 -0.002077353122482195 2.674868976600596 
0.9968592698259972 0.5963811384653097 -0.01131189303126691 2.667421673039501 
1.000700781487619 0.59190767165291 -0.006855378024220052 2.677530819136894 
0.9973046926678565 0.5959123383468525 0.0002256331324320303 2.668570467440654 
1.000513427418469 0.5901116268816252 -0.005862341752923219 2.675301675121047 
1.004293084647084 0.5863514028969474 -0.008858944844599724 2.685824503707099 
1.00287996962098 0.5838760079755692 -0.001955862408249293 2.681582738667987 
1.005232565717624 0.5898196580729193 -0.01020457298040727 2.690329437937541 
1.008791586767019 0.5794303843225493 -0.02916175726830204 2.696559727438425 
1.011966443035674 0.5631735176363278 -0.005372387171687268 2.701409281194283 
0.9892611130669008 0.6082163335299339 -0.0104652525131134 2.649411392071214 
0.9817110916646364 0.6214934412202574 -0.006501523790037604 2.632820599567355 
0.9824049765589419 0.6206744696730473 -0.02191996851982884 2.634977461685055 
0.9929548022079585 0.6043502258706073 0.000862618945250855 2.65926073272269 
0.9897623165925258 0.6096021541750924 -0.0106800773440477 2.651963066204821 
0.9960605019961984 0.5988171376573322 -0.01355781610769857 2.666258518967069 
1.000886586755534 0.5900926549091504 -0.004307063683232592 2.677133956094867 
0.9968788128684879 0.5979350148870358 -0.01313168404369116 2.66840749823533 
1.00325759332253 0.582619793521965 -0.01113069994941267 2.680818236477598 
0.9945167078039442 0.5994697458583916 -0.01344845923066884 2.661496249116715 
1.004817860073811 0.5822164883495331 -0.02979956391130351 2.686096247578923 
1.003842867878102 0.5823738498589066 -0.01161238459241098 2.682611761879934 
0.9906778277493652 0.6033608862487645 -0.03604453555282221 2.651602918351144 
0.9981208537840344 0.5912940637681751 -0.06476959364024297 2.670677392388053 
1.0068179830067 0.578509350033789 -0.03299069731772033 2.690774029012935 
0.9880935050092786 0.6114752338732394 -0.0105940777437681 2.647508566857927 
0.9920147099903059 0.6053740843612586 -0.02915974048772934 2.657322918679007 
0.9961115928368557 0.5957442212676468 -0.0124245500275726 2.664588493743742 
0.9813605875845142 0.6249988277064773 -0.0490810869507864 2.635261727738028 
0.9540178988796066 0.6610101445890905 -0.07099235196672402 2.570977083748795 
0.976591621311669 0.6261283517623558 -0.09720947295779253 2.623667441076359 
0.998585839839094 0.5931301476922791 -0.07085879276426869 2.67355466275652 
0.9769787265021522 0.6265215435160211 -0.05631948441426576 2.622183884155311 
0.9781030278644125 0.625285271630767 -0.09839629238857556 2.627971386487458 
0.9841438982110237 0.6239784200434622 -0.02243662634447943 2.642709929781531 
0.967005992561678 0.6434689979011553 -0.0197489655273528 2.599051140614966 
0.9753662562051507 0.6210253702438232 -0.05072578327445539 2.613168836535982 
0.9893890286059601 0.6100787304540221 -0.006993593827695806 2.650914210210685 
0.9839549693941724 0.6194681351681894 -0.02363025697972528 2.639284864070891 
0.9919226853470549 0.6060247300392003 -0.03274430703754781 2.657493313129411 
0.9839819765548073 0.6199486301111253 -0.008112177330109216 2.639312036717191 
0.9721902410887624 0.6367372996839987 0.008018685232901047 2.6115775407475 
0.9672018840293733 0.64064816493952 -0.01564498199541769 2.598209018005174 
0.9930708147067377 0.6016000534049836 -0.03402461628993261 2.658570118858735 
0.981778726799689 0.6254164513745576 -0.0262923981830846 2.635880250971523 
0.9786636601908183 0.6193122514687249 -0.05219658758704299 2.622868622412659 
0.9838001206454401 0.6175028718470854 -0.00658526371738479 2.637269111262696 
0.9894310085238766 0.6107179900937425 -0.01011430285857286 2.651616282315309 
0.988752103537392 0.6117499974458694 0.0009304472273016877 2.649937289880372 
0.9693828126161722 0.6436190963558321 -0.01458350180083593 2.606761832055567 
0.9448619627808957 0.6738624052894778 -0.02166466325030317 2.549121269117796 
0.9512815135358578 0.6588580251121117 -0.06724255120025292 2.561628871804895 
0.9838389156358428 0.6202792025943402 -0.005754398764353167 2.639015144375478 
0.9698446764023647 0.6388922742589009 -0.01925898319510097 2.605676653889115 
0.9834068592266061 0.6223029047368885 -0.02589775805385377 2.639437334690728 
0.9753516011118736 0.6352050070622831 0.01041031166439251 2.620676689495365 
0.9570775571895952 0.6538175637080242 0.01135647203285879 2.574515554508109 
0.9661250845502346 0.6464515148003387 -0.02138458682027276 2.59882454903296 
0.8934580247319103 0.7230782083684341 0.000498561971240491 2.428096631350122 
0.9320430856042935 0.6897134084085584 0.03131661863994322 2.519985663699897 
0.9088600071143149 0.71459881472029 0.07485532874041192 2.470343529954607 
0.9430095406445139 0.6705970035431781 -0.0285231734838962 2.541071144223209 
0.9287439115659363 0.6927116448447064 0.02688130168482957 2.512086403445796 
0.9015174408173354 0.7218993766475149 -0.005259439576156165 2.450880585174597 
0.9769996559407351 0.6231229921885681 -0.05702702534225215 2.620233715739701 
0.965629675986444 0.6464807381383915 -0.0181623088743308 2.596504327790141 
0.9539325941115635 0.6580797818261109 -0.06979836294740697 2.569645263302359 
0.9588143781836017 0.65928503833774 0.01611468516026375 2.582819958590544 
0.931557179452619 0.6863243393806585 0.0248824268587051 2.517311922760554 
0.9423050410848542 0.6788088805159614 -0.02273922996213695 2.545463843502824 
1.007138555307163 0.5914854724103914 -0.02617420309344211 2.697611076144139 
0.9998379134718562 0.5936923693992751 -0.06573277536455188 2.676473580909489 
1.022258754979246 0.5306961050047009 -0.06243389632553568 2.720286658588734 
0.9963071692916053 0.6003717310801053 -0.008320533343077056 2.667878440270769 
0.9938477746278398 0.6007994015068108 -0.03212847444583102 2.660561549545946 
1.004948294440357 0.5807219184374292 -0.03324465579569197 2.685747900200822 
0.9776614465861782 0.6198043739062676 -0.09975419310971384 2.622577101972345 
1.009128934785278 0.5477142946452538 -0.1189945904637097 2.689815955890509 
1.000038910570556 0.600506024316581 -0.0626589044334422 2.681269090503728 
0.9939662747351604 0.6035077184353232 -0.02904472708254119 2.662379141953234 
0.9790428509835594 0.6205975204864341 -0.05339371985305674 2.624810283166277 
0.996601598801059 0.5919313784652188 -0.06559864152629394 2.666154506338263 
0.9484074770828773 0.6770211752839647 -0.0721420278620703 2.563197304209003 
0.9624267493225976 0.6178081414594104 -0.1596103010273898 2.582671196772753 
0.9753300959518401 0.6197021224637358 -0.09731105371378279 2.616054255858524 
0.9165826279441849 0.7060992329075159 -0.06080227573643469 2.485225565725353 
0.9167833030603377 0.6782667324900206 -0.1427705935343692 2.476394027175597 
0.9546950452118277 0.6668334489014951 -0.06681118553467617 2.577097570872018 
0.9841999939652847 0.6186301567884318 0.004033313076879277 2.639286233849035 
0.9827182514822523 0.6185486849331525 -0.004419261292096052 2.634367047969407 
0.9885969520127149 0.6114106501606957 -0.001189176397024944 2.649233193959787 
0.9908240883538241 0.6072088774687843 0.01183858583237259 2.654067801988343 
0.9848470336558046 0.6150985971974593 0.006540146817687 2.639246621137283 
0.989147074037956 0.6108705540277322 7.000253562638751e-05 2.650692938656426 
0.992262598966384 0.6054023529602122 0.01173516209099377 2.657526488549324 
0.9845867914203793 0.617627206336171 0.02205017049627436 2.640257550409206 
0.9844827461379111 0.6187251374516224 0.005424339460641143 2.640205157702831 
0.9956303406708977 0.5992138942048131 -0.001005185126813687 2.664999905823832 
0.9971138528454242 0.5965284142759387 0.0100357299303177 2.668382354631265 
0.9916863869922155 0.6049728457007959 0.01124760552865274 2.655546921277925 
0.9549735842647982 0.6615898214118298 0.01387595714372113 2.572418596602928 
0.9430264762249088 0.6758317509442228 -0.01993229583726675 2.544995265732955 
0.9660536885832832 0.6399456334702637 -0.02481760605587079 2.594034515983171 
0.9430622351740469 0.6737758889448633 -0.02266541628326127 2.543241872549328 
0.9209492019765481 0.7014137261389791 -0.06446926717241172 2.497496969546246 
0.9507040069114785 0.6613554399740235 -0.07587794793769859 2.562484239411044 
0.9478188469797565 0.6713011155446225 -0.02209937699328979 2.556628255232158 
0.9009174725950805 0.7221514663512656 -0.005884713145305055 2.448626697385607 
0.9171312524523771 0.7019831254003613 -0.05866473295957809 2.485849208827191 
0.9166219436001866 0.6974238076896837 -0.06549127664392612 2.479414117588975 
0.8972587229343983 0.7282335083802456 -0.001126722324726407 2.441327004857623 
0.8650813306207275 0.7371335083931493 -0.08300443240800273 2.359409100912322 
0.9444183890755568 0.6745901644547536 0.07755793048405123 2.551508516370596 
0.9273805062137105 0.6883021214900066 0.02946747247956582 2.505875715386497 
0.9541787148965793 0.6610896398022585 0.01059981635970353 2.569410618604352 
0.972538059561027 0.6384013286381522 0.008495138603270893 2.613774389248848 
0.9858567888386932 0.6155990454317075 0.02629681683662245 2.6426609683937 
0.9709597864415357 0.6369613724108953 0.04045635415371061 2.608902062815032 
0.9823216491650595 0.613523992639479 0.09528701115518587 2.632953065063535 
0.9701608944236192 0.6168661408306996 0.1615429014505624 2.605043626476192 
0.9441170916163891 0.6734242584057598 0.08537817999118848 2.549811916011269 
0.9683880718407818 0.6416370872827295 0.04378070695676071 2.603526616178386 
0.9546211620041051 0.654951896917756 0.0157141499859752 2.567489692805899 
0.9728704621818197 0.6364644121094593 0.006200365233397526 2.613552700819785 
0.9887473522002433 0.6099445607744307 0.05283445339506532 2.650113578010228 
0.970609091362057 0.6345324517366288 0.04605528595958203 2.606300206508571 
0.9832821065357646 0.6187052047285926 0.02294143881011515 2.636361008017181 
0.947487583784992 0.6698771672946948 0.07430051028740077 2.558074389140843 
0.9538734426102503 0.6630383300270983 0.01328541385196092 2.570019198598255 
0.9736398054785462 0.6321954390761931 0.04453870827244207 2.613255940258829 
0.9123346387674078 0.7006569216630717 0.0745175774119648 2.46941926296803 
0.8720205252351897 0.7379358791784469 0.09402131302096661 2.380957825340505 
0.891342226471515 0.7237262901116985 -0.0063920307275928 2.421030633017486 
0.948820944538459 0.6689357259926718 0.08155886182759317 2.560068394787736 
0.9131874262240119 0.7100296572787869 0.07001561973897028 2.480535040154206 
0.9265681979450087 0.6895843350055408 0.025432475075782 2.503276820110955 
0.9506721826964187 0.6631269805496784 0.08296037838879916 2.56238346244504 
0.9215356251848577 0.6810859428413329 0.151754983245131 2.493443452189076 
0.9083012628438684 0.706782981299758 0.07841575026304302 2.463665470395447 
0.990934582452525 0.6076219602751283 0.009708218321948549 2.654568334514016 
0.9949840353775418 0.5994560810986073 0.02767973251506083 2.663373098235046 
0.9842904441994486 0.6149967528472087 0.0263981289938156 2.637689821547569 
1.000914688270219 0.5927833035391673 0.07507587493741195 2.681112962798899 
0.9805883491921503 0.6227765050608184 0.09395709822343415 2.634400115011452 
0.9895445248462958 0.6032415843022398 0.04694696800009701 2.648250636124439 
1.000226376860421 0.5912143008926184 0.000519023510181899 2.675520179956558 
1.00005328682797 0.5915127331658568 -7.986039190410187e-05 2.675120707103196 
1.000371053048068 0.5909478162350784 -8.747834938171714e-05 2.675843546386076 
0.9997634892495622 0.59263208002212 0.0003234449374530101 2.674819981659742 
1.000097556874797 0.5914164293102112 -6.323691364674736e-05 2.675210263531591 
1.000061182709274 0.5909161915236003 0.000862191013403041 2.674794649717807 
0.9891461073156184 0.610832494138795 -2.237015427816459e-05 2.650661104568468 
0.9960439262345833 0.5981772737934063 -0.00067409294145627 2.665686878319312 
0.9917341916989829 0.6059189292109451 0.01056443300668428 2.656290693474286 
0.9994594631328459 0.5924393803668047 -0.0001880188486122871 2.673677449997358 
0.9991734196354587 0.5913806622598249 0.005005062033347123 2.672125506916152 
0.9969179273711308 0.5988548782734603 0.001423915524491686 2.669080444679673 
0.9999710102612924 0.5918972388574048 -0.0001127513547251186 2.675055207101884 
1.000066811853842 0.5921431514523403 1.084570175599497e-05 2.675510180462567 
0.9995668707446493 0.5927863129423336 -1.193001462942292e-05 2.674229113785175 
1.000095864281855 0.5921142520888794 -6.144824481278261e-05 2.675291674778347 
0.9997858171832615 0.5901466656342857 -0.0003127050785234114 2.674162309047968 
1.00010047648979 0.5923124214552634 -1.266467114310553e-05 2.675405219943574 
0.9978862164986628 0.5948864849314158 -0.0007738876572478585 2.669891737304272 
1.000123588866259 0.5915403596482975 -0.001822559146155896 2.675375954549733 
0.9997842994358697 0.5927129043870716 0.000466322093021572 2.674908459486854 
0.9927852014677977 0.6048183186290287 0.0005253837808379534 2.658965881519419 
0.9951816179948462 0.5976324273913485 -0.01148941122648102 2.662624275592029 
0.998624902014585 0.5960717690808137 0.001878044104295489 2.673054676100656 
0.9925059511988493 0.6036740517793455 -0.0003690164206097721 2.657358069230376 
0.9877246053035401 0.6129743073933843 0.0008777126723495984 2.647288123408528 
0.9892198070848607 0.6103626807028667 -0.009634611822935284 2.650695417029948 
0.9891018021987711 0.610940794839421 4.843490728218501e-05 2.650579702424268 
0.9863162650478153 0.6165559094216693 0.003688215604921091 2.644986613361951 
0.986462581930332 0.612375518815386 -0.002478117844171354 2.642793766464333 
1.000777359396454 0.5894501311512419 0.0003525641043284195 2.676311696056707 
1.000396194955879 0.5916594204376001 0.0009968299408835194 2.676348088861152 
1.0003184545495 0.5910638587127702 -6.076078243808222e-05 2.675735949786583 
1.003173138794339 0.582839965664413 0.000919362523574567 2.680421809583582 
1.002888967411236 0.5881000842932989 0.005119033379532727 2.682563150407186 
1.001098358137648 0.5897546383401489 -0.0006294524620049768 2.677533550207134 
1.012579106885538 0.5781898340820114 0.0396792469667893 2.710006921326992 
1.012101547290044 0.5649234570230307 0.002224306309273859 2.699653172178107 
1.020196700090756 0.5437144476103767 0.02431630168856506 2.715921983093561 
1.01379798727482 0.5594568205027446 0.1215845744066038 2.709916083723981 
0.9985400223993572 0.5822477768192799 0.0719792553107375 2.667091167027661 
1.027118022493501 0.5333498579609962 0.07560201911803652 2.735624075191283 
1.004710752431326 0.583067525727495 -0.001312727372415355 2.685559884641795 
1.009310344847074 0.5683900755603616 0.005949595321659456 2.69267147316501 
1.006509559442231 0.5844828407550904 0.01711162305457412 2.692647505548819 
1.023790265087856 0.5391239645102869 0.02224970649481478 2.725217514911564 
1.02693858869283 0.5380989525641665 0.06676035836890327 2.737576887820818 
1.006060421749827 0.5814014694748679 0.037136177438469 2.689663309831615 
1.000098170551405 0.5882286251019748 0.0002294460424014541 2.67462760715988 
0.9995160334762532 0.5891218196348977 0.0003966800787521409 2.673216568781398 
1.000531189872462 0.5922025567562778 -0.001465941285374686 2.676623584254941 
1.002767725452664 0.5845061767983574 -0.001085431278482202 2.68157579982681 
0.9997630263603766 0.5876065484418785 0.001837378397312431 2.673379694648187 
1.001198546213232 0.5900950526523833 -0.005301317841778438 2.677569080218441 
1.005207125843664 0.5897656460550869 -0.01027774855909065 2.690254741824035 
1.009743315904657 0.5665571100462714 -0.003255625035085239 2.69580386647836 
1.000180567445721 0.5792991824741391 0.002277425256731612 2.671142600251171 
1.020466225293774 0.5447788899665708 -0.02468086898162003 2.720489801887465 
1.011153554376332 0.558441805887543 0.001344972679535824 2.696312842817689 
1.006498766115701 0.584129526794408 -0.03281743889886012 2.691459867031675 
1.002290221562296 0.5889740482475924 -0.03016304104508575 2.680086957198055 
1.024611993862994 0.5302372811326352 -0.06082513621403175 2.727813756465555 
1.023715124099643 0.5395737070772528 -0.02837555397506691 2.728718363748488 
0.9759417393851586 0.6190220558908638 -0.09836931064282169 2.616961287454346 
0.9700270815172805 0.6096893811085569 -0.1618449410867572 2.601650891526726 
1.015236542926525 0.5510680191550733 -0.1331621213463353 2.713284983597374 
0.8604134527638699 0.7399660656622681 -0.08306170060841296 2.347943280813908 
0.9050476246010662 0.7206069545746225 0.001307781577942203 2.45942271441755 
0.8443602599212648 0.7573928865906375 0.01104043469153011 2.31098972712695 
0.9946317644586652 0.5984057990902085 -0.06771764481711694 2.661968431158443 
1.011844257706518 0.5452111587186004 -0.1188951557332511 2.697447695015774 
1.02821056937758 0.5289622183470282 -0.07217368485226694 2.740168764783543 
0.9235882098163032 0.6726623248827359 -0.1440379803350416 2.492955952051051 
0.9628645795087513 0.6207387275783525 -0.1682248084325962 2.586485130848452 
0.9526478009579165 0.6716657170473 -0.06544809998423909 2.573400790969488 
0.9260257199758468 0.6862060170188351 0.1565583282552859 2.509711798560979 
0.8726548705441116 0.7350519962051497 0.1041568479650301 2.381549754247716 
0.9019554297705663 0.7034520685041163 0.0716635061738589 2.441026282451789 
0.9246229671338323 0.7006395371402867 -0.05950300014124196 2.505879422948942 
0.8698642881240721 0.7332374370655209 -0.08469040262972628 2.368715912173824 
0.913917388562298 0.6835693330049624 -0.1531728045630504 2.473832890745952 
0.870664841803629 0.743961345734427 0.09227530647976843 2.380306911073955 
0.8426936229758639 0.7588146021165906 0.01248184610536684 2.30889019064976 
0.8913744276884876 0.7191766663399644 -0.006419153475972425 2.417709749200987 
0.9791327292642542 0.6133983528858488 0.1573005193421006 2.632102490847645 
0.9736166343857291 0.6193148351827763 0.09178736322591211 2.609049670580943 
1.010811032546152 0.5587119812498303 0.1308070018183164 2.698705508828708 
0.9725306408093541 0.6195042428693159 0.1637262066580686 2.612997606617488 
0.9308272805004693 0.6770148047538288 0.149558743346897 2.519694636555221 
0.9380085880192294 0.6685114069453986 0.07949414937134536 2.526767828461346 
