1.000577675019404 0.5910795831415623 0.004832689476347962 2.676617809201749 
1.001393748090811 0.588692210502918 -0.0006133423221713271 2.677909917057144 
1.002803449474529 0.5876379486619714 0.004910415868806369 2.68200779686636 
1.000312740394983 0.590426335054699 0.004862794746253464 2.675326343970995 
0.9978599833801257 0.5959829632226809 0.008657909529714231 2.670534245365764 
0.9955511426915239 0.5993741903620237 0.0005052609057515739 2.664857068025546 
1.004919732296368 0.5822122576022557 -0.001329072316617282 2.685852474543751 
1.005420952069117 0.5819695807551815 0.01544022369714263 2.687542233821839 
1.002390808411048 0.5883574139532284 0.004924345619478639 2.681026546569947 
0.9975661730287143 0.5962809808804946 0.01082009667735273 2.669722406353682 
1.003498126428911 0.5847003305112997 0.006166204236603593 2.682577996158834 
1.004156041935285 0.5850988919546956 0.01586531284801158 2.685133300969737 
1.00969831258584 0.5728842844160206 0.03592165972178841 2.697212691508361 
1.003593785598148 0.586406573725838 0.01444437313935843 2.683858137351022 
1.013191408329028 0.5661507966163847 0.003568804349181963 2.704288967474353 
0.9699688809057377 0.6387706596770694 0.04668407962844884 2.606765958651587 
0.9926298673138547 0.5985308336699425 0.05142674155625239 2.655121027488615 
0.978976834931142 0.6264357223926232 0.09016705422610172 2.631295211196316 
1.002853311637212 0.5832543982212799 0.07680553753377407 2.682534119275798 
1.007155547049557 0.5819804213813271 0.0351931405105913 2.693299729186976 
1.023339990744593 0.5359251147462976 0.07457370163511547 2.724709768521844 
0.991219787431886 0.6037257342134068 0.0539651487044779 2.654729295368071 
1.009199475231854 0.5729135293352787 0.03830703191233487 2.694890344268282 
1.003742131268668 0.5903422225926294 0.07238940399738636 2.689161553895804 
0.9471298254469394 0.6672680608951952 0.08144817589675082 2.555427638105237 
0.9687454222741378 0.6364112652818501 0.0397389202354736 2.600581081957982 
0.9764713756961334 0.6309583508184945 0.09556060087972833 2.626055555573969 
0.9946492126022618 0.6007814094336287 0.02508755095238225 2.662875799958048 
1.007066259920444 0.5780008654139811 0.04052238631078812 2.691284555262381 
0.9910174470976142 0.602052887550526 0.05237869174788162 2.652926576582406 
0.9840294679791063 0.6199661687119464 0.0274713633734521 2.639842974145103 
0.9974213057161363 0.5963818095890981 0.02737941258251429 2.669293795907298 
0.9905687862095184 0.606910766852481 0.04849377139937 2.654201918860978 
0.9829729654107104 0.6220287519907648 -0.008239186400114278 2.637419381898774 
0.9860857717549986 0.6162723388856683 0.005553659671051215 2.643861494066134 
0.9746629488364517 0.6320995922711601 0.005540263508580425 2.616792134694391 
0.9916985911540834 0.6077833680478308 0.01243117391239291 2.657269775310472 
0.9983502949604119 0.5943724885157392 0.009285650504918494 2.671078631044121 
0.9958434673255027 0.5981655751615709 0.0245443596234366 2.665415874969211 
0.9732008900543202 0.6317882280292962 0.01049216967784082 2.611826983009084 
0.9849524490637452 0.617321513013546 0.003748537624756666 2.640839588101738 
0.9826399880946947 0.62085730350001 0.02498694514003269 2.635874102774059 
0.9968992304176933 0.596985811775375 0.008052506146676477 2.667854024390169 
1.003734561794123 0.5850977181460848 0.01836402815554368 2.683750561623679 
0.9960722316435482 0.5958937185214523 0.02617688427608195 2.664869498733522 
0.9964669605088572 0.5999610903928334 0.02988892279279969 2.668637960282288 
1.005567828830754 0.5818545202780979 0.01670651829619039 2.687814911539034 
1.007534936660815 0.5774015312361285 0.03656460003380762 2.692473043653514 
1.000329266969898 0.5908288682806462 0.00382006526145811 2.675641152008607 
0.9999589999754209 0.592238535429208 0.000455471434223191 2.675232752461144 
1.001291209794089 0.58912411170694 0.0002595915885463377 2.677828619454799 
0.9981087220198575 0.5953895155537086 0.01002419310023698 2.670993308735491 
0.9995760379771709 0.5917475549099535 0.004715450610190747 2.673663864640128 
1.002685113955819 0.586145390853679 0.00765539392523481 2.680750330544001 
0.9993261465577994 0.592679023813516 -0.0002659568691033249 2.673392030932395 
1.000380005670135 0.5905193927906147 0.0003864271059503424 2.675616960740851 
0.9998195367617476 0.5923015257588998 0.003661881823541628 2.674817931112682 
0.9790920621731641 0.6226029674713718 0.0985367142132981 2.629582774775505 
1.003081765453171 0.5788166572528348 0.07319488781374418 2.679740139126292 
1.008468051136258 0.5588262982072335 0.1290592071208678 2.692136961790389 
0.9998325549843349 0.5917264747504859 -0.001186836782501408 2.674518292879413 
0.9998379830595362 0.591856657892605 4.407342064444694e-05 2.674588773474001 
0.9994303526631609 0.5929115833205663 6.592704653582125e-05 2.673849802215486 
1.000116573315624 0.5919647281889522 -0.001002653091648838 2.675312166362819 
0.9999168065307151 0.5900155846699126 -0.0003287033388520773 2.674616595565702 
0.9999857718853676 0.5922219397915901 -4.743643893183017e-05 2.674942076377391 
0.9998713409076022 0.5914293933456346 -0.001558943742614864 2.674469812948801 
0.9975985641961884 0.595545193974215 -0.000832691858032312 2.66933031773595 
0.9998344501575297 0.5927115982904418 -0.005315206028829334 2.675123815510307 
1.000854741721245 0.5903962479753747 -0.005018452595365703 2.676711698592585 
1.000730029305279 0.587994423366105 0.0004041171715560276 2.676593381321255 
1.000006684281637 0.5921802638505976 -0.002076251345120575 2.674865168254887 
0.9968549500013609 0.5963874117049399 -0.01131171027386879 2.66741109533208 
1.000696938639216 0.5919176222977804 -0.006854179619962337 2.677523930561771 
0.9973008926679656 0.5959134759915601 0.0002253408341180515 2.668558547407954 
1.000509643153511 0.5901225496953753 -0.005861269592819614 2.675295534349009 
1.004288948367738 0.5863656544636651 -0.008858331854500001 2.685819040206211 
1.002876233453769 0.5838928445281687 -0.001955921984315298 2.681580112456212 
1.005228471310517 0.5898339984165802 -0.01020375962266694 2.690324209873118 
1.008787689673085 0.5794457236144911 -0.02916107105324844 2.696555498432436 
1.011962620120622 0.5631904126633165 -0.005372751248513054 2.701405876699491 
0.9892565632473779 0.6082198629213046 -0.01046637448623467 2.649398571437196 
0.9817068589269119 0.6214970505220275 -0.00650374125328838 2.63280905040805 
0.9824011577232448 0.6206806592545725 -0.02192132849369938 2.634968892505006 
0.9929502344675455 0.6043520480265326 0.0008620765708396104 2.659246752793061 
0.9897577058538023 0.6096059586196246 -0.0106813192990268 2.651950230881574 
0.9960561885700451 0.5988227979330019 -0.01355785337964258 2.666247632404373 
1.000882740950234 0.5901033816502701 -0.004306152534260358 2.677127482090528 
0.9968745606955138 0.5979414092270761 -0.0131312565778663 2.668397261510879 
1.003253536416339 0.5826344643974775 -0.01112970780812784 2.680813243834109 
0.9945123337432825 0.5994760477985597 -0.01344793090448712 2.661485598039693 
1.004813959651211 0.5822312483622818 -0.02979870500297568 2.686091788751436 
1.003838850065818 0.5823886484433021 -0.01161144487425903 2.682606967173764 
0.9906736437241814 0.6033701553824228 -0.0360442685008223 2.651594776805733 
0.9981173295593243 0.5913095682316163 -0.06477010170723298 2.670674935396889 
1.006814187465136 0.5785248870438899 -0.0329902984370751 2.690770305288927 
0.9880889973730437 0.6114784132173746 -0.01059523066835305 2.647495742872867 
0.9920105414741766 0.6053827123729456 -0.0291598938484234 2.657314419933967 
0.9961073294705213 0.5957506869234589 -0.01242451489970793 2.664578223379871 
0.9813571963906349 0.6250105934174985 -0.04908171626253652 2.635258164913588 
0.9540150746534294 0.6610240855642346 -0.07099354476000112 2.57097786149122 
0.9765879406148018 0.6261444116747221 -0.09721122744190296 2.623665967813797 
0.9985821407765411 0.5931457692604354 -0.07085956819248454 2.673551783609962 
0.9769751617549878 0.6265333490717063 -0.05632015160166736 2.622179913704503 
0.978099543992296 0.6253011742312596 -0.09839819186012511 2.627970412417051 
0.984139911385038 0.6239841214699609 -0.02243832431163606 2.642700535125892 
0.9670032772241069 0.6434754296989532 -0.01975127003034263 2.599046755122562 
0.9753628498481722 0.6210361546060684 -0.05072640059011808 2.613164626958842 
0.989384464437935 0.6100820840504024 -0.006995000725734435 2.650901265358116 
0.9839509773704546 0.6194743111291267 -0.02363172136807392 2.639275708690297 
0.9919185423681799 0.6060333240599743 -0.03274437989562631 2.65748489887886 
0.9839777154198164 0.6199523307479253 -0.008114408348127603 2.639300408718892 
0.9721867861908823 0.6367423660980062 0.008014846539702553 2.611569621183323 
0.96719942883482 0.6406546485774026 -0.01564722444444524 2.598205405033426 
0.9930667187004587 0.6016092245424454 -0.03402469655722878 2.658562146125909 
0.9817748288586744 0.6254220298927511 -0.02629375820819843 2.635871133984728 
0.9786601865559764 0.6193230890772321 -0.05219744817137405 2.622864159761265 
0.9837957111375066 0.6175070560487627 -0.006587359304794094 2.63725728651984 
0.989426479629283 0.6107217515565505 -0.01011544492243788 2.651603694464461 
0.9887471417518132 0.6117533703432979 0.0009301452214457956 2.649923034943739 
0.969380252908948 0.6436254756661695 -0.01458614727605031 2.606757817056776 
0.9448612715445076 0.673872289532675 -0.02166664950646709 2.549126215241993 
0.9512793665064341 0.6588715314143448 -0.06724309889155622 2.561631431699012 
0.9838346310707952 0.6202829037814822 -0.005756689919263393 2.639003443735898 
0.9698419280954886 0.638898930752367 -0.01926119170513173 2.605672173222993 
0.9834030531409522 0.6223091967101316 -0.0258990171229716 2.639428886896013 
0.9753480325232116 0.6352106039734153 0.01040622176505488 2.620668702269158 
0.9570758267391949 0.653824823573022 0.01135258755063901 2.574514936624833 
0.9661229894759484 0.6464581247693524 -0.02138673281749449 2.598822271944401 
0.8934601289028903 0.7230913623512388 0.0004970114430620466 2.428113703295424 
0.9320433450551323 0.689723840876449 0.03131322848816178 2.519994098069656 
0.9088588622014596 0.714612738325435 0.07485370492925648 2.470350851505011 
0.9430095609677507 0.6706064614896825 -0.02852539324399442 2.541078045929376 
0.9287440478527922 0.6927219519123482 0.02687818236000079 2.512094497438706 
0.9015191100729247 0.7219126813844706 -0.00526075964013296 2.450896320247734 
0.9769962416848379 0.6231344721784465 -0.05702787865307916 2.620229982586084 
0.9656272054642518 0.6464869287389962 -0.01816458113911426 2.596500595883318 
0.9539302932108258 0.6580934250835807 -0.06979921820928124 2.569647382576925 
0.9588127762039995 0.6592926156630199 0.01611021204086925 2.582819916949845 
0.9315572882720815 0.6863345300986393 0.02487919784465435 2.517319794846061 
0.9423051412221471 0.67881849463558 -0.02274123833221945 2.545471193942604 
1.007134632993827 0.5915012907146222 -0.02617353486803818 2.697607247970768 
0.9998343655534511 0.5937083518351411 -0.06573328907921913 2.676471331865909 
1.022256272118212 0.5307124967758218 -0.06243550689537748 2.720286904576492 
0.9963027134777354 0.6003778379749206 -0.008320507138064804 2.667867397000248 
0.9938436018605789 0.6008085182434173 -0.03212837603857426 2.660553263544488 
1.004944380777216 0.5807368283604845 -0.03324354577948912 2.685743462590514 
0.9776577816158588 0.6198207456689839 -0.09975603007075728 2.622575715557597 
1.009126313573654 0.5477316541676992 -0.1189981303028295 2.68981706834962 
1.000035307322953 0.6005218338905066 -0.06265924929036225 2.681266656766562 
0.9939621412257565 0.603516891009844 -0.0290446597116733 2.662371046674515 
0.9790392798307894 0.6206089900667603 -0.05339446181217496 2.624805946059347 
0.9965979008831486 0.5919470217353889 -0.06559912600886769 2.666151610613364 
0.9484045969192743 0.6770352815474643 -0.07214307085868223 2.563198467612567 
0.962422714795269 0.6178272577321046 -0.1596146952941735 2.582671194822536 
0.9753262440871245 0.6197179459736361 -0.09731301418845127 2.616051995831395 
0.9165818829389171 0.7061137228475097 -0.06080369427381687 2.485234645919761 
0.916779115375428 0.6782858791997928 -0.1427742355688454 2.476395718291157 
0.9546926330389006 0.6668469382059006 -0.06681240827995995 2.577099354434404 
0.9841949523061839 0.6186348410283493 0.004030841420213702 2.639272630314913 
0.9827139983537228 0.6185527249772058 -0.004421451755099964 2.634355662893897 
0.9885920620087839 0.6114140814950195 -0.001189255906855663 2.649219211955342 
0.9908173492855661 0.6072162437300925 0.01183615058773664 2.654050063902367 
0.9848418924553535 0.6151036734102412 0.006537634811323757 2.639232894790755 
0.9891411366471669 0.6108763575078402 6.999478305711098e-05 2.650676973394247 
0.9922557528764278 0.6054095027430305 0.01173277868142998 2.657508252856502 
0.984581215284409 0.6176341857279869 0.02204601662696692 2.64024353147067 
0.984477742128807 0.6187297675910688 0.005421804891847173 2.640191651623103 
0.9956229845210337 0.5992225905598303 -0.001004877783296329 2.664980782284497 
0.9971060461150959 0.5965373095713832 0.01003426166853544 2.668361771619475 
0.9916794770840147 0.6049803011093035 0.0112453920497107 2.655528628494354 
0.9549720530872452 0.661596789085546 0.01387193751847248 2.5724184840782 
0.9430261437734733 0.6758413912315124 -0.01993420126294321 2.545001146304942 
0.9660514129958462 0.6399519695111262 -0.02481987447874403 2.594031413644346 
0.9430617191142451 0.6737857635919425 -0.02266727420231877 2.543247409300642 
0.9209488684224839 0.7014279157995816 -0.06447054322209912 2.497506901073639 
0.9507017237831881 0.6613691239380411 -0.07587874958373529 2.562486663138215 
0.9478185498994338 0.6713109147448058 -0.02210161403415524 2.556634343338285 
0.9009190661045845 0.7221647143412291 -0.005886188465433286 2.448642223668856 
0.917131230576974 0.7019972267581782 -0.05866592507750971 2.485860042492884 
0.916621723047589 0.6974377800066632 -0.06549294288959934 2.479424194649749 
0.897260538749913 0.7282469293372006 -0.001128390408243358 2.441343453686355 
0.865080672449556 0.7371509065684015 -0.08300583235453332 2.359422026916205 
0.9444151186451716 0.6746021913009254 0.07755468867206682 2.551506564559607 
0.9273804313004372 0.6883123069841905 0.02946440771055159 2.505883021889903 
0.9541775467875905 0.6610969349520961 0.01059548073575838 2.569411817494121 
0.9725347812407511 0.6384067342739621 0.008491242521239522 2.6137672593655 
0.9858512284690206 0.615606045305749 0.02629246368009335 2.642646994899013 
0.9709558072184502 0.6369696693591078 0.04045170520911297 2.6088944198655 
0.9823168523554727 0.6135358255063302 0.09528556260872703 2.632944521431377 
0.9701555460610863 0.6168795037928558 0.1615461717688245 2.605035255926706 
0.944113339959566 0.6734371819953839 0.08537561518442834 2.549809014425292 
0.9683841256820775 0.641645310009873 0.04377607046426103 2.603519119371315 
0.9546194312362891 0.6549590890867216 0.01571025343932936 2.567489031397522 
0.9728671771335583 0.6364698195804426 0.006196486270696033 2.613545545223161 
0.9887410564065993 0.6099542303566297 0.05283079078112957 2.650098655622775 
0.9706049356836065 0.6345406786993087 0.0460508618789908 2.606291902097894 
0.9832766655583552 0.6187120777809483 0.02293715592517775 2.636347393127212 
0.9474845381719618 0.6698891862572238 0.07429728109848625 2.558073027732336 
0.9538721557870533 0.663045651249622 0.01328110040693049 2.57002004594974 
0.9736359236274416 0.6322038143502878 0.04453402358023127 2.613248514564797 
0.9123334512748523 0.7006705280832141 0.07451601142509298 2.469426091659767 
0.8720186852778973 0.7379510940659798 0.09402298025907782 2.380965290919931 
0.8913448263333716 0.7237395417834117 -0.006394183614263194 2.421049187126675 
0.9488176390426264 0.668948449995537 0.08155604782154456 2.56006671162239 
0.913186226460735 0.7100436519177137 0.07001406852936956 2.480542130344094 
0.9265682757355351 0.6895948435513337 0.02542918237352217 2.503284763688097 
0.9506692600749864 0.6631394385873445 0.0829575381058834 2.562382549723091 
0.921530443385271 0.6811004589048181 0.1517581147066756 2.493438470285776 
0.9082998019195146 0.7067965510717862 0.07841443832412999 2.463671557139861 
0.9909278823341444 0.6076289026580353 0.009705948143690052 2.654550480031351 
0.994976590556147 0.5994651681508372 0.02767643578100852 2.663353850746765 
0.9842847840262736 0.6150037954641826 0.02639394139682331 2.637675531434146 
1.000908103953709 0.5927952386679654 0.07507480712563551 2.681098100777724 
0.9805832331542887 0.6227884730309616 0.09395553260452306 2.634390852775464 
0.9895383009894754 0.6032509105220177 0.04694308342557093 2.648235560097911 
1.000220278326898 0.5912233112872363 0.0005189940448198512 2.675505224460387 
1.000048525716046 0.5915211879638971 -7.990071891278005e-05 2.675109876904437 
1.000366279893813 0.5909563071795035 -8.742518786900565e-05 2.675832686376807 
0.9997568331740758 0.592641177516527 0.0003234765742215285 2.674803249971075 
1.000092820272233 0.5914248217283475 -6.327577569535462e-05 2.675199475079069 
1.000055082385114 0.5909251941378062 0.0008621684107926928 2.674779682098254 
0.9891398752304614 0.6108384534921807 -2.258302264065215e-05 2.650644267307969 
0.9960364427139665 0.5981862846829431 -0.0006738769971950565 2.665667527736645 
0.991727391133443 0.605926394243251 0.01056210768120265 2.656272774964111 
0.9994527364466437 0.5924485773744489 -0.0001880207656407615 2.673660546298633 
0.9991659101186753 0.591390177683715 0.005004517283711559 2.672106176310738 
0.996910178363306 0.598863768323455 0.001423694061592824 2.669060095183783 
0.9999701611229123 0.5919025670443417 -0.0001120774236760731 2.675055530487013 
1.000066825640308 0.5921503393555945 1.07589896788003e-05 2.675514470358037 
0.999564162210927 0.5927896579044847 -1.18551936149008e-05 2.674222089053074 
1.000094530520279 0.5921194071210606 -6.047581018289802e-05 2.67529027679445 
0.9997857941043811 0.5901596648030726 -0.0003114509201824022 2.674169954024474 
1.000100460793112 0.592317219252226 -1.268782062247651e-05 2.675407989390565 
0.9978824347844237 0.5948875125675784 -0.0007739324073302157 2.669879802301606 
1.000120883901996 0.591549375599198 -0.001821301287018946 2.675372291511765 
0.999781775950932 0.5927151709436341 0.0004665469153219671 2.674901412203498 
0.9927805911359733 0.6048197722851151 0.0005249536373514429 2.658951549010853 
0.995177409929464 0.5976383005032762 -0.011489539756221 2.662613854549599 
0.9986211898802866 0.5960733793121663 0.001878174290087213 2.673043312042407 
0.9925015497920512 0.6036762891572146 -0.0003689008634257876 2.657344878206169 
0.98771966427949 0.6129774203119349 0.0008775021434395456 2.647273792907046 
0.9892152997534458 0.6103665655575987 -0.009635818322902482 2.650682972782377 
0.9890958393200944 0.6109466494414241 4.85328558700629e-05 2.650563686878118 
0.9863110046257502 0.6165608915154012 0.00368586367026208 2.64497243287807 
0.9864579564991424 0.6123789805511696 -0.002477979334521713 2.642780707956648 
1.000770469001887 0.5894595115433464 0.0003524959675330111 2.676294292326773 
1.000390066746286 0.5916683745784418 0.0009967338700684497 2.676333004953272 
1.000313716356899 0.5910722699926411 -6.073323381203091e-05 2.67572516291941 
1.00316457371703 0.5828502034983283 0.0009192475661122065 2.680399186766607 
1.002880402718579 0.5881102319450339 0.005118550738823197 2.682540559648259 
1.001091373812185 0.5897638424075274 -0.0006293581665632869 2.677515739793435 
1.012571250549088 0.5782007152325747 0.03967763077314961 2.709986720276489 
1.012092831681393 0.5649344088971251 0.002224299981231278 2.699630000510621 
1.020189022130225 0.5437259750726274 0.0243167499644994 2.715902144780789 
1.01379286311984 0.5594690197020949 0.1215870696878243 2.709905852392284 
0.9985333538295814 0.5822592549219164 0.07197799673085323 2.667075557651186 
1.027111950632212 0.5333615188488036 0.07560363520559367 2.735609572773142 
1.004702076183312 0.5830776228817006 -0.001312681575284584 2.68553679540189 
1.009301587075465 0.5684010837622157 0.005949418599659988 2.692648295151878 
1.006500827603171 0.584493353030611 0.01711016919519533 2.692624419229797 
1.023782789639858 0.5391353540459276 0.02225022263715731 2.725198148999439 
1.026932424112964 0.5381108183682861 0.06676154946919233 2.737562202510134 
1.006052427823439 0.581412236114874 0.03713447351901431 2.689642725093603 
1.000095786672338 0.588244669997716 0.0002294422154640143 2.674629150454737 
0.999515961839655 0.5891366066058442 0.0003966748938451755 2.673225097994603 
1.000528544276989 0.5922109588252624 -0.001464831179970386 2.676619761013272 
1.002763995478472 0.5845229977572584 -0.001085443770866672 2.681573200852084 
0.9997605133466151 0.5876227264579843 0.00183725844466307 2.673380872276832 
1.001194740863435 0.5901058566435232 -0.005300266005786416 2.677562786598967 
1.005202941134684 0.5897797323267654 -0.01027706130771097 2.690249053503819 
1.009739403403138 0.5665741863020727 -0.003255826641577393 2.695800365370688 
1.000176648602175 0.579316114098279 0.002277455054133209 2.671139382016152 
1.020463143949462 0.5447953503656849 -0.02468171803792431 2.720488223101572 
1.011149648442932 0.5584584616659447 0.001344846702596503 2.696308950685939 
1.006494718451462 0.5841451598214586 -0.03281688032541921 2.691455423585341 
1.002286068600848 0.5889899214100752 -0.03016242133902864 2.680082439370715 
1.024609690212553 0.5302534929932737 -0.06082667971901649 2.727814440678807 
1.023712241795765 0.5395899819746283 -0.02837648480601096 2.728717232839057 
0.9759382448332588 0.6190381692403656 -0.09837099039363097 2.616960326514473 
0.9700232319437954 0.6097081928320811 -0.1618494443146164 2.60165090890099 
1.015234243157989 0.5510856965023824 -0.1331664248678123 2.713287451410948 
0.8604127850908911 0.7399828344823529 -0.08306254345512122 2.347955750923764 
0.9050501632464687 0.7206208394109469 0.001305196763516235 2.459441500294457 
0.8443610667949082 0.7574084980424057 0.01104068930337268 2.311005911601687 
0.9946280007852261 0.5984217607748853 -0.06771794604944181 2.661965604206743 
1.011841922928574 0.5452282432790497 -0.1188986101878287 2.697449492103575 
1.028208398996801 0.5289787455894206 -0.07217586882035654 2.74017008561903 
0.9235842701298939 0.6726813332923445 -0.1440415651811877 2.492958001067084 
0.9628601682994981 0.6207580448301616 -0.168229009831608 2.586484175632432 
0.9526456887034773 0.6716795664230968 -0.06544944878487843 2.573404003333589 
0.9260205607449439 0.6862207204189924 0.1565616869798308 2.509707113854419 
0.8726524159002399 0.7350669624180641 0.1041591370333907 2.381555181971877 
0.9019538181087811 0.7034655361242416 0.07166189109583729 2.441031850733418 
0.9246231426718002 0.7006540799880465 -0.05950474030814908 2.505891100087161 
0.869862240650216 0.7332551286576692 -0.0846921239088135 2.368724859958935 
0.9139127829591642 0.6835883899200687 -0.1531763623510377 2.47383353822069 
0.8706628534774123 0.7439768273369484 0.09227712777579625 2.380314243696949 
0.8426943357769354 0.7588302205075719 0.0124823665640583 2.308906136538443 
0.8913769605505826 0.7191897351832118 -0.006421676570485465 2.417727958879655 
0.9791279133331195 0.6134115571722333 0.1573037511946244 2.632095516608196 
0.9736111911816261 0.6193269533777349 0.09178581105524318 2.609039468945431 
1.010805702562639 0.5587241642337625 0.1308098370640564 2.698694645803729 
0.9725252813836133 0.6195177677494322 0.1637296492928415 2.612989301960364 
0.9308226969726938 0.6770292456897916 0.1495618708667204 2.51969122311577 
0.9380046614339321 0.668524110239474 0.07949122411648306 2.526764204096775 
