3393
0.01808514850109214
0.0146930279956381
0.01417411041967348
0.01272501782681162
0.01020755554978175
0.009094725974189088
0.00785900648439064
0.007099533342943609
0.006787126712849645
0.00672375316425261
0.006616825992061037
0.006198326871770188
0.005676996564697723
0.005446251784991488
0.005359161618530936
0.005025119229864899
0.004761883821504762
0.004565091374901326
0.004520272479724044
0.004373431275108391
0.004362501826004284
0.004240815001038317
0.004137763891125745
0.00410334271436295
0.004036715345624317
0.00401372261915009
0.00416958997319572
0.004587182165495843
0.004958870829327874
0.005259865361332621
0.00539925763490085
0.005369893151239537
0.005180922164008958
0.004851022075672673
0.00493462869202449
0.004974322982141621
0.004952698439368797
0.004867003400702674
0.004713630351116938
0.005206888721019987
0.005621931828333732
0.005906274047493526
0.006043732532389073
0.006026353450615501
0.005854616958328174
0.005536419490222683
0.005087326824471078
0.004734310141793818
0.004868926736143531
0.004927429243835435
0.004906854623674961
0.005412238194708374
0.00590018360925032
0.006277813966139578
0.006904205384709095
0.007513581762684129
0.007971120367582074
0.008266187294621696
0.008395884210185001
0.008366423486841468
0.00825373883349606
0.008749847189895799
0.009174189539614241
0.009453462662454781
0.009574049964937603
0.009528131747938651
0.009313669782595457
0.008934466153867227
0.00840024328325617
0.007726088508800633
0.006931595688893788
0.006039880639431561
0.005077395967719001
0.004071282722097447
0.003547952551438249
0.003531650867389657
0.003548475899620096
0.003534881227714892
0.003494149111414491
0.003429677554408095
0.003344912133208311
0.003271456015480123
0.003449804268849055
0.003885318760883161
0.004229406735425545
0.004486389909411692
0.004661929888642946
0.00476263172518876
0.00479563743735173
0.004768281414593623
0.004687813561098486
0.004561194596120033
0.004394959247758068
0.004195139999240205
0.004023838654481304
0.003944862510988578
0.003951524199408918
0.003927914705878388
0.003872105437380702
0.003878583590070595
0.00386651120628162
0.003866969556652389
0.003855238812514539
0.003826401931222134
0.003781890850257097
0.003723202584970164
0.003754705737673503
0.003841935579576489
0.003907480093406912
0.003951097411532906
0.003972837358401426
0.003973033695082645
0.003952289728426567
0.0039114581041782
0.00385161568489939
0.003774034558944539
0.003680150293534468
0.003571528533270418
0.003449831012438148
0.003316782031337451
0.00317413624242377
0.00302364845764394
0.002867046049983335
0.002706004380329086
0.002542125539302054
0.002376920558079254
0.002211795117802756
0.002048038678263225
0.001886816856105783
0.001816129644434283
0.001746266344363784
0.001709506715514675
0.00168762506864617
0.001663401497167594
0.001643036208130777
0.001638775841463658
0.001630411125317199
0.001618092371080848
0.001615267839063572
0.00161607240844186
0.001609514020161573
0.001595512630863161
0.001574087214897213
0.001545356296118405
0.001518232487740356
0.001542758305066699
0.001564811608599587
0.001582788712679584
0.001596271701691965
0.001604871681514519
0.001608243127434739
0.001606101204056909
0.001598226846040413
0.001584480559531753
0.001564810941043882
0.001539257102189606
0.001507947266831539
0.001471095234322789
0.001428994685346435
0.001407576922791587
0.001412398701561679
0.001410567819541506
0.001401968099732295
0.001386533582358018
0.001367527354515258
0.001361508872126188
0.001353074070639324
0.001336179732753032
0.001311015393393622
0.001300067404579608
0.001306522655556142
0.001300332772133705
0.001281617618052733
0.001250634331762146
0.001207766053759218
0.001153509645869633
0.001088462665825907
0.001080572827370785
0.001117928985614525
0.001149923407228581
0.001176458526241708
0.001197506003615234
0.001213097683043063
0.00122332362502553
0.001228330198954131
0.00122831724261907
0.001223534287160155
0.001214275546794874
0.001200873737472019
0.00118369315527278
0.001166734036955386
0.001154110973456857
0.001149736086717756
0.001141939171030337
0.001130863929839909
0.001116683101791971
0.001199859435996264
0.001302236761501596
0.001399012423778767
0.001489822598804091
0.0015743404097458
0.001652274025620015
0.001723365611727368
0.001787387125536
0.001844140059743482
0.001893461262607976
0.00193522491857262
0.001969343344683461
0.001995769074606968
0.002014493382869298
0.002025545507253368
0.002028994921863758
0.002024955417432583
0.002013589813034622
0.002038043283709337
0.00212197076663373
0.002220524469677021
0.002311496466458507
0.00239393237121871
0.002466943987579573
0.002529723059030986
0.002581553837039396
0.002621823698524373
0.002650034633343512
0.002665809514958928
0.002668896678319765
0.002659173562333084
0.002636647490929955
0.002601454273253145
0.0025538564429885
0.002494240858674279
0.00242311367538034
0.002350120403250888
0.002287581639484004
0.002215926409038282
0.002135783228393195
0.002047844483405503
0.00196226739573796
0.001878603972766568
0.001812595062962552
0.001740061674835869
0.001661568212984132
0.001577716255883987
0.001489136577475014
0.001396480886646734
0.001300413157496905
0.00120160165470462
0.001133096276336121
0.001092729903306389
0.001050845604163908
0.001005664369645387
0.0009573997495510578
0.0009062862296063123
0.0008525768047432658
0.0007965403806949878
0.0007807743998581862
0.0008179108650826772
0.0008624233513210844
0.0009029603726681545
0.0009395509525004508
0.000972247528513992
0.001001122269822574
0.001059885019283946
0.001122318859064719
0.001180262398881249
0.001233335191867968
0.001281200240703495
0.001323567123772629
0.001360194405306214
0.001390891280680207
0.001415518770738422
0.001433990698013754
0.00144627238826911
0.001452378225184958
0.001452369995166014
0.001446354640272596
0.001434481489082595
0.001416939055602418
0.001393951491579115
0.001365774778544104
0.001332692743405473
0.001295012975840726
0.001253062719710152
0.001207184831598596
0.001159570225734985
0.001112346625223637
0.001062279506330199
0.001009703256188266
0.0009549498498949149
0.0008983463762157751
0.0008628516192394353
0.0008525177686314334
0.0008411021094458238
0.0008286599780036319
0.0008152452434973534
0.0008009116870180133
0.0007857143002900635
0.0007697104918804598
0.000752961171291977
0.0007404045230454126
0.0007488099255784086
0.0007546758660926245
0.0007610062623230052
0.0007710948384272442
0.0007785756511921038
0.0007834799434403572
0.0007858541499845551
0.0007857587708700597
0.0007832693068202667
0.000778474373690774
0.0007714714560585478
0.0007623670548898009
0.0007512757769640999
0.0007383193380727793
0.0007264901320127026
0.0007196338473219599
0.0007110211976788516
0.0007007548485779835
0.0006889424862075444
0.0006756953194726467
0.0006611267575853674
0.0006544887119729892
0.0006507964589696491
0.0006446330546177881
0.0006360792720585262
0.0006252268173236597
0.0006121771017118527
0.000597039821326778
0.0006038770979556879
0.0006272224567577672
0.0006484463464620782
0.0006674201803175128
0.0006840314459820446
0.0006981850641369358
0.0007098044608236376
0.0007188323546984399
0.0007252312623008683
0.0007289837253093429
0.0007300922571260582
0.0007285789531962378
0.0007244848421277122
0.0007178691973400708
0.0007088086412230243
0.0006973960075030705
0.00068442977085173
0.0006786278622209208
0.0006706942099649754
0.0006606987918019308
0.0006487224438162797
0.0006348559495621964
0.0006191990536296293
0.0006018594288484252
0.0005829515853187778
0.0005625957246424007
0.000541712554334689
0.0005241852454724027
0.0005066720269710778
0.0004941949129438628
0.0004806591748157257
0.0004672351367671079
0.000454263333925467
0.0004400218438732895
0.0004245551220824206
0.0004079152711861378
0.0003977362689704944
0.000395583734536617
0.0003926882293575906
0.0003890464388896231
0.0003846577209379032
0.0003795242047865688
0.0003748405322910875
0.0004056844389803693
0.000435697213367392
0.0004647472116123263
0.0004937846139567159
0.0005216267396153107
0.0005478959376798431
0.0005724558481155495
0.0005951799637586852
0.0006172005326273156
0.0006382812632974022
0.0006569871746604505
0.0006732187060358719
0.0006868940101478205
0.0006979495541325487
0.0007063406398871153
0.0007120418067726453
0.0007150470907231199
0.0007153701280390723
0.0007130436429355624
0.0007089287775860487
0.0007048440359679331
0.0006986133125040372
0.0006902783143107882
0.0006798918571367385
0.000667517364753123
0.0006532282012219892
0.0006371068650015133
0.0006192440808100996
0.0005997378203382309
0.0005786922766641833
0.0005838731189390031
0.0005958382965427916
0.0006058911669052369
0.0006165847129330215
0.0006343316617302142
0.0006501698621092511
0.000664018812889966
0.0006758059152583429
0.0006854671471658857
0.0006929476348891406
0.0006982021743392464
0.0007011956198015312
0.0007019032266541991
0.0007003108851706408
0.0006964152702035875
0.0006931971016191918
0.0006895824037109755
0.0006836859842462295
0.0006755164676196523
0.0006650928001218914
0.0006524441212005794
0.0006376095528271009
0.0006283637436487596
0.0006251121547602538
0.0006196636266401741
0.0006119899631721534
0.0006020738310110454
0.0005899094056978126
0.0005800297716730962
0.0005683981411780392
0.0005545230685779501
0.000547737215608024
0.0005435571984145904
0.0005372887589641384
0.0005289156170161791
0.0005184350704201535
0.0005058585317783137
0.000491211892429011
0.0004745357021915808
0.000455885157018221
0.0004496783273526539
0.0004480348179755622
0.0004484890335870739
0.0004473683977062048
0.0004447153530041104
0.0004405784316529049
0.0004350119630284199
0.0004280757500345622
0.0004463214925294889
0.0004642460864598963
0.0004811303083378515
0.0004969497682880686
0.000511683550308728
0.0005297562280198731
0.000549315154049948
0.0005678513001065241
0.0005853475286054718
0.0006017880635181896
0.0006171585556141099
0.0006314461720462183
0.0006502854375665112
0.0006702525413297966
0.0006887418957173819
0.0007057322155841761
0.0007212076069880724
0.0007351576862725806
0.0007475776647505872
0.0007584683944314441
0.0007678363709843206
0.0007756936905262135
0.0007820579576263142
0.0007869521476271957
0.0007904044218457473
0.0007924478953332814
0.0007931203596078795
0.0007924639750552798
0.0007905249414305593
0.0007873530778252924
0.0007829984766467568
0.0007775167948266271
0.0007709663068289352
0.0007634072057722818
0.0007549010928442068
0.0007455104883394847
0.0007352983674007163
0.0007243277221267719
0.0007126611507444203
0.0007003604741737113
0.0006874863804017251
0.0006740980640201899
0.0006602530036354248
0.0006460073694017909
0.0006314149574345729
0.0006165269553730646
0.0006013917705712246
0.0005860551486642218
0.0005705594444296858
0.000554943812613562
0.0005392442885744919
0.0005234938713755688
0.0005077226072396357
0.0004919576712677509
0.0004762234879387428
0.0004605417582003724
0.0004449374264414163
0.0004294268961237413
0.000425445323510798
0.0004237780120503465
0.0004219670024179778
0.0004200308694222721
0.000417986689771721
0.0004158496405914924
0.000413633616223319
0.0004113490145799537
0.0004090014540490405
0.0004066028311618952
0.0004041636012850347
0.0004016919418428078
0.0003991885477374613
0.0003966610337249876
0.0003947953157765749
0.0003937277375231085
0.0003925497980503678
0.0003912731389891233
0.0003899020449957824
0.0003884399954241502
0.0003868897600982635
0.0003852533871697705
0.0003835321939981151
0.0003817267639664723
0.0003798369509960264
0.0003778618928985678
0.0003758000339312284
0.0003736491562563171
0.000371406419425957
0.0003690684065207339
0.0003667312455218896
0.000365371730925157
0.0003699133771358776
0.0003734633589450587
0.0003760443648036516
0.000377682619962183
0.0003784077075104642
0.0003782523757162037
0.0003772523316169507
0.0003754460211597421
0.0003728743968429704
0.0003695806731627838
0.0003660353355072199
0.0003629608501719006
0.0003592831394116924
0.0003579434869963039
0.0003580004386073421
0.0003574964875290854
0.0003564604511205882
0.0003580258436775008
0.0003629449668190454
0.0003673829963957154
0.0003713363565614469
0.0003748026084660627
0.000377780410951864
0.0003802694346026619
0.0003822702752521723
0.0003837843755636894
0.0003853140943382155
0.0003884185163223475
0.0003910082148973204
0.000393076216136018
0.0003946162397103492
0.0003959401682182007
0.0004007070028851922
0.0004048890508182024
0.0004084687787608288
0.0004114298508581804
0.0004137571619288183
0.0004154368559438626
0.0004164563853660819
0.0004168044698762974
0.0004164712169328344
0.0004154482448361918
0.0004137287942485024
0.0004113077620949701
0.0004082644044544614
0.0004137734232753099
0.0004185900867119952
0.0004226946607854554
0.0004260691849844733
0.000428697550894197
0.0004305657872599733
0.0004316618940882477
0.0004319759112416388
0.0004314999820012877
0.0004302284144649116
0.0004334675716328729
0.0004366726632480389
0.0004390578322032712
0.0004406192589000435
0.0004413575076099852
0.000441274788925361
0.0004403748946349428
0.0004386641508021261
0.0004361512653040522
0.0004328471739292183
0.0004287648892402629
0.000423919359215208
0.0004183273361028084
0.0004120072465342295
0.0004049790836068157
0.0003972642791411074
0.0003888855870874397
0.0003798669723082404
0.0003702334999111656
0.0003600112289361967
0.0003492271064218233
0.0003384289394909312
0.000329042836445137
0.0003189725625841744
0.0003082507084955499
0.0002969117052616377
0.0002849916504922279
0.0002733044522907346
0.0002625058996662544
0.0002509581855281162
0.0002468465342798654
0.0002454177533408042
0.0002436267502077261
0.0002429331476819785
0.0002420479260961117
0.0002409627625287181
0.0002405755430071044
0.0002402519276189508
0.0002396955252917388
0.0002388990480683972
0.0002378558218699145
0.0002365598486870346
0.0002350058352128537
0.0002331892085808973
0.0002333156074420528
0.0002390279415126484
0.0002442860596760799
0.0002490970397860948
0.0002534683820461514
0.0002574079079583624
0.0002609236698907225
0.0002640238714549104
0.0002667167988472108
0.0002745986360461056
0.0002824072602132244
0.000289579785360275
0.0002961085637996352
0.0003019886990293513
0.0003072180191518448
0.000311904040628308
0.0003195995495499648
0.0003264963784904706
0.0003325942879963684
0.0003378968682015704
0.0003424113932475326
0.0003461486502482902
0.0003491227453440438
0.0003513508895092721
0.0003528531668821611
0.0003536522884284299
0.0003537733347477312
0.0003532434913451898
0.0003520917734210482
0.0003503487449721954
0.0003480462399674256
0.0003452170862862647
0.0003418948342446826
0.0003381134914319794
0.0003339072663348652
0.0003357182250784962
0.0003408840714866912
0.0003455450613268352
0.0003496904959143232
0.0003533105691740368
0.0003563964290729804
0.0003589402378326723
0.000360935230260484
0.000362375769628942
0.0003632574012863987
0.0003635769012906298
0.0003633323216439277
0.00036252303351203
0.0003611497669788744
0.0003592146458185064
0.0003567212162473576
0.0003536744693035665
0.0003500808562039159
0.0003459482963224514
0.0003412861781884602
0.0003361053535583247
0.0003304181240750825
0.0003242382198904714
0.0003175807698506672
0.0003115547823160647
0.0003051451936455507
0.0002983365775003355
0.0002911458022985536
0.0002835907062909149
0.000275690042649851
0.0002674634203550519
0.0002589312402122845
0.0002501146253460484
0.0002410353459248171
0.0002317157311994278
0.0002221785900708428
0.000212447128082438
0.0002025448560253607
0.0001924954975922322
0.000182322896728343
0.0001759589813705165
0.0001729009625994204
0.000169664578564821
0.0001662495562664013
0.000162655753909724
0.000161122144678949
0.0001597923505938237
0.0001584032964860871
0.0001569471170909109
0.0001554253310283027
0.0001538391898191493
0.0001521896908338594
0.0001504775907589795
0.0001491084722091696
0.0001528050951418811
0.0001589007130250453
0.0001655425600399218
0.0001717979638438671
0.0001776469878179698
0.0001830705016988565
0.0001880503046753912
0.0001925692181337091
0.000196611191324525
0.0002001614260305207
0.0002032065049933363
0.0002057345154621859
0.0002077351625366375
0.0002091998700108899
0.0002101218676806571
0.0002104962664181698
0.0002103201239682106
0.0002095924988878006
0.0002083144956333549
0.0002069325499722274
0.000205293327983469
0.0002047082395665867
0.0002043712366468498
0.0002035741799094604
0.0002023171757310482
0.000200601932387523
0.0001984317821538406
0.0001959651525633155
0.0001977442785615346
0.0001991763190928586
0.0002002523100263498
0.0002009641717747312
0.0002013047701785453
0.0002012679713958715
0.0002008487122925062
0.0002013375159343189
0.0002022656653993815
0.000202819095116602
0.000202992147312675
0.0002027802160111114
0.0002021797874780518
0.0002011884692893484
0.0001998050185024747
0.0001980293660650001
0.0001958626264215724
0.000193307097763995
0.0001903662748513613
0.0001877680315908181
0.0001853476687114219
0.0001825486191484593
0.0001796090667137429
0.0001786924502496512
0.00017738661998426
0.000175683253036768
0.0001735753514438554
0.0001710573287294348
0.0001681250892524022
0.0001647760995006076
0.000161009450635019
0.0001568259117744331
0.0001522279732956711
0.0001481973926477269
0.0001453945414269242
0.0001429288793077244
0.0001400923401393972
0.0001368857240737764
0.0001350276492657621
0.0001339432720838252
0.0001325108872181624
0.0001307289192271077
0.0001285971483270809
0.0001261167453651124
0.0001232902978841044
0.0001201218268265247
0.0001166167934980589
0.0001149873097629484
0.0001151470649167208
0.000115620012915929
0.0001180083357858464
0.0001201560793740453
0.0001220718346428562
0.0001237646932562564
0.0001252441643275759
0.0001265200930242738
0.0001276025715843954
0.0001305051601872553
0.0001334672734685655
0.0001362085045928385
0.000138728413210748
0.0001416081585588619
0.0001458486974204865
0.0001498160876298449
0.0001535085329674446
0.000156924831382424
0.0001600643634114551
0.0001629270814920564
0.0001655135001548125
0.0001678246868884181
0.0001698622535333816
0.0001716283481842246
0.0001731256474090809
0.0001754904020274672
0.000178552897884432
0.0001824019078862926
0.0001858197774566861
0.0001888054386379456
0.0001913594683232156
0.0001934840491149004
0.0001951829221183699
0.0001964613320798725
0.0001973259659670823
0.0001977848860354181
0.0001978474582487177
0.0001975242768051666
0.0001968270854061649
0.0001957686958389548
0.0001943627346142618
0.0001926239274775698
0.0001905678166952696
0.0001882106675226425
0.0001855693781910861
0.0001826613905530905
0.0001795046018272239
0.0001761172777059727
0.0001725179669764543
0.0001687254185398224
0.000164929522606716
0.000161730164677798
0.0001584155155317513
0.0001549998045627388
0.0001514971507382556
0.0001479215012085699
0.0001442865722313114
0.0001406057928501347
0.0001422621646687272
0.0001447674085412465
0.000147013459441292
0.0001489946443317125
0.0001507060429278284
0.0001521435054722686
0.0001533036653545983
0.0001541839465698525
0.0001547825660896951
0.000155098531274489
0.0001554088487682459
0.0001569349902225126
0.0001581823207846278
0.000159144475058437
0.0001598158266765681
0.0001601915047985125
0.0001602674061729203
0.0001600402038757776
0.0001595073570936356
0.0001586671170262788
0.0001575185293892778
0.0001560614340710975
0.000154296461380321
0.0001522250285043714
0.0001498493359841091
0.0001471723547478709
0.0001441978167367464
0.0001409302034648952
0.0001373747382060753
0.0001335373742941681
0.0001294247822323791
0.0001250443357195263
0.0001204040966072961
0.0001155127987313986
0.0001103798305955861
0.000105211428391816
0.0001000637183754538
0.0001005480414068075
0.0001009115210849343
0.0001011055497218277
0.0001011306361279191
0.0001009876646679564
0.0001006778937596015
0.0001002029533760315
9.956484278201422e-05
9.876592782420007e-05
9.780893736952706e-05
9.669695776087783e-05
9.543342579371172e-05
9.402212089909545e-05
9.246715634599056e-05
9.077296924341061e-05
8.89443091639866e-05
8.771354678355214e-05
8.701919267813107e-05
8.622200572142025e-05
8.532447799912413e-05
8.432919100263836e-05
8.36558978985491e-05
8.785650122805633e-05
9.276652641954097e-05
9.744469014422164e-05
0.0001018809695371714
0.0001060662755541508
0.0001100174979778434
0.0001138733619788779
0.0001174442306285939
0.0001207235028877762
0.0001237056121300428
0.0001265642769914255
0.0001296764334272615
0.0001331821418799617
0.0001364474240176938
0.0001393757879206703
0.0001419634424006944
0.0001442077681162446
0.0001461073171540872
0.0001476618080775705
0.0001488721158818818
0.0001497402566685846
0.000150269367589273
0.0001504636824163907
0.0001503285038841895
0.0001498701689630066
0.0001499803809741351
0.0001498215206045539
0.0001493678485250394
0.0001486256391626806
0.0001476018574176896
0.0001463047929318173
0.0001447435263694508
0.0001429278469781692
0.0001408681836868042
0.0001385755221629537
0.0001360613547891631
0.0001333376635643813
0.0001304168996342225
0.0001273119657186905
0.0001240361386790623
0.0001207780335211461
0.000117952377214986
0.0001149887181730314
0.0001118987314537301
0.0001086942318951345
0.0001053871273190565
0.0001023598213076155
0.0001036198590279869
0.0001047612561780181
0.0001057805959267244
0.0001066747410610053
0.0001074408455314785
0.0001080763634370846
0.000108579056580807
0.0001089469969523665
0.0001091785726288208
0.0001092724928350164
0.0001101065847509686
0.0001108380563976108
0.0001114307794560787
0.000111883364614318
0.000112194739095961
0.0001123641440765599
0.0001123911301763592
0.0001122755514024187
0.0001120175577785099
0.0001116175870853331
0.0001110763556617655
0.0001103948468600402
0.0001095742986967352
0.0001086161934069629
0.0001075222447812774
0.0001064874100671354
0.0001056263801501867
0.0001050426297060369
0.0001043010218039209
0.0001034003084929569
0.000102339543057911
0.0001011180917779575
9.973564514581534e-05
9.819222846330078e-05
9.64882117233945e-05
9.4624318689146e-05
9.260163508029162e-05
9.04216157742721e-05
8.814414028883617e-05
8.677801654094659e-05
8.527968585568708e-05
8.368247926909822e-05
8.23481984831842e-05
8.162005316297849e-05
8.123151696692865e-05
8.071941329268473e-05
8.008370123874231e-05
7.932456776882368e-05
7.84424302386344e-05
7.743793836761936e-05
7.631197562230074e-05
7.535790595303293e-05
7.529563872910039e-05
7.512500191336757e-05
7.484575291927253e-05
7.445781044745914e-05
7.396125573966295e-05
7.33563336932086e-05
7.264345383700688e-05
7.182319117532421e-05
7.089628689399552e-05
6.986364893274422e-05
6.872635241256253e-05
6.82150407556037e-05
7.021626225410527e-05
7.215178570411929e-05
7.419121671382867e-05
7.618068992958082e-05
7.806307388287526e-05
7.983682978832118e-05
8.159202327530368e-05
8.343730976358155e-05
8.515779848022875e-05
8.675230844853998e-05
8.821994292118607e-05
8.956008252671011e-05
9.077237998404708e-05
9.193691676667726e-05
9.35499735402745e-05
9.501654383919922e-05
9.633627398114575e-05
9.75091543620743e-05
9.853551012711792e-05
9.941598836887833e-05
0.0001005142314766394
0.0001026131949828368
0.0001045887942086737
0.0001064373274051594
0.0001081552660918
0.0001097392715745937
0.0001111862110198397
0.0001124931729907103
0.0001136574823429881
0.00011533725806534
0.0001172748952513736
0.0001190545599143444
0.0001206724200263909
0.0001221249966889548
0.0001234091817290395
0.0001245222534653756
0.0001254618905616178
0.0001262261838961276
0.0001268136463991043
0.0001272232208318624
0.0001274542855631
0.000127506658219867
0.0001273805970047892
0.0001270768000994349
0.0001265964030845446
0.0001259409744049922
0.0001251125089404836
0.0001241134197507154
0.000122946528071155
0.0001216150516473169
0.0001201225914787551
0.0001184731171190445
0.0001166709507062214
0.0001147207498121139
0.0001126274891680712
0.0001103964413450287
0.000108033156482723
0.0001055434411957323
0.0001029333367960628
0.0001002090969906555
9.737716531216245e-05
9.454947630532784e-05
9.179234037071105e-05
8.894700790484933e-05
8.601979131939164e-05
8.301716933956094e-05
8.084127325186374e-05
8.006940297100584e-05
7.953512807296059e-05
7.972073830558868e-05
7.981489694575128e-05
7.981902264692087e-05
7.973466625371683e-05
7.956349975379862e-05
7.93073076454931e-05
7.896798035400554e-05
7.854750804969779e-05
7.804797455113199e-05
7.747155111115234e-05
7.682049003587821e-05
7.60971181166803e-05
7.530382992687601e-05
7.44430812871788e-05
7.351738246919037e-05
7.277848929493347e-05
7.234128652949812e-05
7.183593912840625e-05
7.126434205301235e-05
7.062845406841101e-05
6.993029317559074e-05
6.917193123207044e-05
6.835548867711871e-05
6.748312938503753e-05
6.655705788755073e-05
6.557951022645447e-05
6.455274405309241e-05
6.347900175873722e-05
6.236057724118282e-05
6.119980358731958e-05
5.999902640602128e-05
5.876055153231086e-05
5.748667821925402e-05
5.617979517874572e-05
5.484235764630085e-05
5.347669408106714e-05
5.208510307558312e-05
5.086509752599833e-05
5.122392624712369e-05
5.149482449851028e-05
5.167999553634672e-05
5.178175028031085e-05
5.18024957006924e-05
5.174472356672677e-05
5.189351471278358e-05
5.225339476523649e-05
5.25351273989727e-05
5.27407321832124e-05
5.287229760612966e-05
5.32161347922e-05
5.40119802209249e-05
5.472191304445317e-05
5.534707691451368e-05
5.588881289975145e-05
5.634864576870013e-05
5.672827010433368e-05
5.702953613184736e-05
5.725443520471218e-05
5.740508502166675e-05
5.74837146397611e-05
5.749264931886877e-05
5.743429564503133e-05
5.794931868524644e-05
5.866574170426686e-05
5.931929427455129e-05
5.991076793959715e-05
6.044096987917191e-05
6.091071872649234e-05
6.132084013826811e-05
6.167216168112555e-05
6.196550837883619e-05
6.234818933228969e-05
6.277965594847501e-05
6.315042850923991e-05
6.346068144594263e-05
6.371060464571698e-05
6.390040307915901e-05
6.403029638255009e-05
6.410051881250434e-05
6.411131976669093e-05
6.40629647884472e-05
6.395573688885992e-05
6.378993815123191e-05
6.356591433967496e-05
6.328401943461737e-05
6.294461901737436e-05
6.254810082254036e-05
6.20948784375297e-05
6.158539425429876e-05
6.102012203201834e-05
6.039956918438283e-05
5.972427886008491e-05
5.899483188578913e-05
5.821184826834691e-05
5.737598820770851e-05
5.648795364962544e-05
5.554849017319619e-05
5.455838883039466e-05
5.351848790341451e-05
5.242967450685976e-05
5.129288617056194e-05
5.010911236477678e-05
4.887939578068767e-05
4.760483337412635e-05
4.628657727312468e-05
4.492583536508388e-05
4.352387114370249e-05
4.20820043037784e-05
4.060161107841131e-05
3.908412435585373e-05
3.753103359055432e-05
3.594388447195063e-05
3.505860076534473e-05
3.586608360736654e-05
3.662004122809148e-05
3.731937517961748e-05
3.796310029763328e-05
3.855035006045116e-05
3.908037674607567e-05
3.955255232586385e-05
3.996636908130957e-05
4.032143977468483e-05
4.061749740121023e-05
4.085439455948914e-05
4.133619557347701e-05
4.220567438369127e-05
4.302496706168335e-05
4.379295244258397e-05
4.450858844146088e-05
4.517091425151887e-05
4.577905291322515e-05
4.633220829522444e-05
4.682967117347614e-05
4.727082116043335e-05
4.769614459559923e-05
4.820251287533661e-05
4.865063856943075e-05
4.903982818983688e-05
4.93694817432222e-05
4.963909418097268e-05
4.995014343267545e-05
5.049199964674012e-05
5.097264916409383e-05
5.139104627283064e-05
5.174624951781448e-05
5.203742544401813e-05
5.226385201168027e-05
5.276156825841094e-05
5.328238310275957e-05
5.374919885126062e-05
5.416088886880943e-05
5.465814505400957e-05
5.543593201118302e-05
5.616060825547331e-05
5.683038505782667e-05
5.744353896214305e-05
5.799841760645297e-05
5.849344539682333e-05
5.892712896804486e-05
5.929806251186998e-05
5.960493309503656e-05
5.984652591872752e-05
6.002173066599337e-05
6.01295397220647e-05
6.016906431954849e-05
6.013954981937131e-05
6.004032993067732e-05
5.987085968767181e-05
5.963071799164332e-05
5.93196100409088e-05
5.89373695317752e-05
5.848396054097815e-05
5.795947901593435e-05
5.736415382301407e-05
5.67179454465383e-05
5.608421915287432e-05
5.538096327328823e-05
5.460887547686921e-05
5.376879186497208e-05
5.286168280704828e-05
5.188864909216884e-05
5.085093310863709e-05
4.974990118650213e-05
4.858702423332639e-05
4.813370578826692e-05
4.799684080802891e-05
4.780246225954965e-05
4.755094249919711e-05
4.724279268158993e-05
4.687864768221361e-05
4.700820241965165e-05
4.716559876899451e-05
4.727173061835899e-05
4.732645270616453e-05
4.732971454907142e-05
4.728155995425976e-05
4.718215285226535e-05
4.703174502213026e-05
4.683064737143194e-05
4.657926034346005e-05
4.62780724377887e-05
4.592765802463594e-05
4.552867474311162e-05
4.508186066987108e-05
4.458803135887202e-05
4.404807682045764e-05
4.381100383749059e-05
4.35412965427151e-05
4.322709853554763e-05
4.286898269872941e-05
4.246759036552472e-05
4.202362926819525e-05
4.153787139493659e-05
4.101115071497574e-05
4.044436083111558e-05
3.983845253185958e-05
3.919443128641564e-05
3.851335468152417e-05
3.779632980804859e-05
3.704451061542491e-05
3.625909524795912e-05
3.544132334531991e-05
3.609143320904007e-05
3.703589233672311e-05
3.792227091770073e-05
3.874854884755585e-05
3.951284231740182e-05
4.021341081594798e-05
4.084866364229001e-05
4.143138705620109e-05
4.195847807791919e-05
4.241808309995987e-05
4.280924507432671e-05
4.314381435382986e-05
4.34719579502918e-05
4.395990129345273e-05
4.446205599493991e-05
4.489974079396886e-05
4.527268895826442e-05
4.558074862988371e-05
4.582388386746572e-05
4.602286569382885e-05
4.651954007450776e-05
4.694486740874915e-05
4.729871164127486e-05
4.758106956237462e-05
4.779207132399321e-05
4.793198062919002e-05
4.80011953392645e-05
4.800024635309708e-05
4.792979665618757e-05
4.779064002330413e-05
4.758369928758999e-05
4.731002406660467e-05
4.697078881177319e-05
4.65672902342229e-05
4.610094419027488e-05
4.557328209059408e-05
4.498594692026181e-05
4.434068897779531e-05
4.36393612609498e-05
4.28839144894777e-05
4.207639178999134e-05
4.121892308206476e-05
4.031371909613002e-05
3.936306512586363e-05
3.836931455136749e-05
3.733488214635594e-05
3.626223718444788e-05
3.515389636449262e-05
3.414032750520546e-05
3.309692288194777e-05
3.202344986746875e-05
3.092228691425891e-05
2.979583219714366e-05
2.864649687517318e-05
2.747669832225963e-05
2.629526448938435e-05
2.561146595175812e-05
2.532765742224719e-05
2.501594297033005e-05
2.467732748129281e-05
2.431284465531647e-05
2.392355428182391e-05
2.379132436503006e-05
2.375004014149029e-05
2.367833790256624e-05
2.357696931148956e-05
2.344672285559124e-05
2.32884212358897e-05
2.310291867269054e-05
2.28910981385777e-05
2.265386851929563e-05
2.239216173266501e-05
2.21069297921539e-05
2.179914185473919e-05
2.146978123929166e-05
2.121582041314518e-05
2.106409511631879e-05
2.088883408091213e-05
2.069081156536035e-05
2.047081873890466e-05
2.022966124304304e-05
1.996815676330588e-05
1.996364981404763e-05
2.027341018578932e-05
2.054949009427931e-05
2.079306538960157e-05
2.100537329413621e-05
2.118770598175113e-05
2.134140408860397e-05
2.148501569754213e-05
2.163961584550345e-05
2.176871978393224e-05
2.187607816200865e-05
2.211775395355442e-05
2.233509056626115e-05
2.252911463590523e-05
2.270086919475833e-05
2.285140899310756e-05
2.298179594034666e-05
2.30930945444574e-05
2.318636752740577e-05
2.334691535897659e-05
2.36637989099453e-05
2.395953647416071e-05
2.42340751887421e-05
2.448738168264741e-05
2.471944212494026e-05
2.49302622436498e-05
2.511986735874439e-05
2.528830243342384e-05
2.543563196769072e-05
2.556193976448184e-05
2.566732883922673e-05
2.575192129553039e-05
2.581585816099907e-05
2.585929918351437e-05
2.588242254478179e-05
2.588542461960663e-05
2.586851965218073e-05
2.583193937724659e-05
2.577593261009203e-05
2.573183409276814e-05
2.569499188749547e-05
2.563862185188392e-05
2.556293795528963e-05
2.546817177526139e-05
2.5816883912122e-05
2.633042247179862e-05
2.68207981011237e-05
2.728691679942941e-05
2.772770496622945e-05
2.814211259627442e-05
2.852911646744616e-05
2.888772331066658e-05
2.921697295282799e-05
2.951594142686087e-05
2.978374403023176e-05
3.001953832637572e-05
3.02225270723544e-05
3.039196105331099e-05
3.052714182727456e-05
3.062742435733234e-05
3.069221952561874e-05
3.072099651846294e-05
3.071328507320281e-05
3.066867758499958e-05
3.058683106188509e-05
3.046746892904073e-05
3.031038267903297e-05
3.011543336289835e-05
2.988255291758168e-05
2.963097102065548e-05
2.939097229356924e-05
2.911658819798602e-05
2.880787926848316e-05
2.846496714825619e-05
2.808803562368012e-05
2.767733150493834e-05
2.723316534447573e-05
2.67559119844496e-05
2.624601091211209e-05
2.570396640816375e-05
2.513034749035414e-05
2.473947702208434e-05
2.450939488252146e-05
2.426147499329234e-05
2.399549678255841e-05
2.37112812982998e-05
2.340868810124519e-05
2.308761572450413e-05
2.274800217633155e-05
2.238982539609635e-05
2.201310362237585e-05
2.161789564736338e-05
2.16102998573664e-05
2.174008533384342e-05
2.185643300312012e-05
2.195912685976076e-05
2.204796728849656e-05
2.212277181029565e-05
2.218337576509466e-05
2.22296329273064e-05
2.22614160607093e-05
2.227861747505777e-05
2.228114950408866e-05
2.226894459794737e-05
2.224195536487672e-05
2.220015368670225e-05
2.214353246254852e-05
2.207210563642814e-05
2.198590819213475e-05
2.188499603489324e-05
2.176944529930225e-05
2.163935203591816e-05
2.149483268137908e-05
2.133602355208764e-05
2.123532265885242e-05
2.115686008374862e-05
2.106470915169689e-05
2.095895242343326e-05
2.083968421123794e-05
2.070702021250703e-05
2.056109421211261e-05
2.040205605602363e-05
2.023007099027918e-05
2.00453135731915e-05
1.984797213561151e-05
1.963825891138082e-05
1.941640440827896e-05
1.918264817624138e-05
1.893723534374114e-05
1.920345001710233e-05
1.965690823357846e-05
2.007430176298453e-05
2.045542094575303e-05
2.080014565042365e-05
2.110844486458152e-05
2.138037597537723e-05
2.167261288499311e-05
2.195365872120769e-05
2.219954046828176e-05
2.241044296291683e-05
2.258663104204306e-05
2.272844779294125e-05
2.283631316013501e-05
2.291072087456936e-05
2.29522348265121e-05
2.296148737557235e-05
2.293917753609653e-05
2.288606844896846e-05
2.280298426793337e-05
2.269080656874811e-05
2.255047103799646e-05
2.238296257234262e-05
2.218930793518314e-05
2.197057665287439e-05
2.172787755450045e-05
2.151698211513842e-05
2.131011746586697e-05
2.108258817762332e-05
2.083544921385738e-05
2.056977418191108e-05
2.028664200909303e-05
1.998715873502421e-05
1.967243697295618e-05
1.934359144273312e-05
1.900173556468321e-05
1.889478647232323e-05
1.894451525236152e-05
1.896989809335725e-05
1.897098883951731e-05
1.894787171097256e-05
1.890066101839505e-05
1.882950086506963e-05
1.873456481088498e-05
1.861605549130507e-05
1.847420416273282e-05
1.830927027507423e-05
1.812154102814878e-05
1.791133085959906e-05
1.767898087634556e-05
1.742485823819084e-05
1.714935550473085e-05
1.685288995822987e-05
1.653590289207862e-05
1.619885886544603e-05
1.584224492301445e-05
1.54665697851275e-05
1.50963627164602e-05
1.475426433911187e-05
1.439408192638325e-05
1.401626633384945e-05
1.362128817167241e-05
1.320963727236002e-05
1.278182213737544e-05
1.233836936326282e-05
1.187982304667878e-05
1.157663693626687e-05
1.134913627218181e-05
1.121028816417069e-05
1.133258505033041e-05
1.147331342937763e-05
1.159727468486027e-05
1.170422675082772e-05
1.179396164897872e-05
1.186630618839335e-05
1.192112259490452e-05
1.195830899150541e-05
1.197779976204461e-05
1.197956582446591e-05
1.196361481498043e-05
1.192999116998716e-05
1.187877610160648e-05
1.181008746663215e-05
1.172407954029564e-05
1.162094270061587e-05
1.150090303055074e-05
1.136422184196129e-05
1.121119511915403e-05
1.104215286718002e-05
1.091376282140455e-05
1.096823312396467e-05
1.114549222208661e-05
1.137826708724754e-05
1.167618047326346e-05
1.195902497790058e-05
1.229520559392627e-05
1.261455731174643e-05
1.291664287306205e-05
1.320105374889857e-05
1.346741100699544e-05
1.371536599259482e-05
1.394460093680217e-05
1.41548294911864e-05
1.434579955351956e-05
1.451729034457339e-05
1.466911229353052e-05
1.480556065842908e-05
1.497525995493298e-05
1.523872943492988e-05
1.552372480212449e-05
1.578955321548947e-05
1.603595809795966e-05
1.626270759491621e-05
1.646959484917498e-05
1.665644008484735e-05
1.682308741834948e-05
1.696940624322518e-05
1.709529181767588e-05
1.72006654433482e-05
1.728561920516514e-05
1.749273578721677e-05
1.767933142848843e-05
1.784521037395681e-05
1.799020299514398e-05
1.81141663746498e-05
1.821698463178034e-05
1.829856917284767e-05
1.835885916962043e-05
1.83978219540637e-05
1.841545335506956e-05
1.841177796452209e-05
1.838684940541624e-05
1.834075090506593e-05
1.827359479733559e-05
1.818552255183903e-05
1.807670473930045e-05
1.794734093596428e-05
1.779765955817192e-05
1.765096803280075e-05
1.74959889944204e-05
1.732084311711901e-05
1.712584793761573e-05
1.691135046094638e-05
1.667772642033327e-05
1.642537956553225e-05
1.615474091454239e-05
1.586626795158086e-05
1.556044376804788e-05
1.52377761410416e-05
1.48987965492009e-05
1.4643155743942e-05
1.440299731226679e-05
1.414601173633807e-05
1.400158884601321e-05
1.394232841051002e-05
1.386640996392519e-05
1.377406644076373e-05
1.366555736570518e-05
1.354116795865279e-05
1.340120252085741e-05
1.332951916149794e-05
1.335407086250351e-05
1.336349673453086e-05
1.335788027045925e-05
1.333732901048768e-05
1.330197410204237e-05
1.325196979895527e-05
1.318749116541174e-05
1.310873322418749e-05
1.301591756192044e-05
1.290928630298671e-05
1.278910120278143e-05
1.265563795149749e-05
1.250919555084717e-05
1.235037177044207e-05
1.228495626975912e-05
1.220669414753184e-05
1.211579267684781e-05
1.201247690907348e-05
1.189698900233571e-05
1.176958780152448e-05
1.163054832953314e-05
1.14801601041048e-05
1.13187267239967e-05
1.114656520012636e-05
1.096400521871654e-05
1.07713883598648e-05
1.056906731000673e-05
1.035740506388771e-05
1.013677409772429e-05
9.907555573951399e-06
9.883442423419542e-06
1.001819413939953e-05
1.013996600801592e-05
1.024883645771302e-05
1.034489994475307e-05
1.042826621563964e-05
1.049905955124997e-05
1.058497170158823e-05
1.067763498013852e-05
1.075671202838135e-05
1.08223709571198e-05
1.089753185380682e-05
1.106037938877757e-05
1.120929963052686e-05
1.13442864830976e-05
1.146534884270689e-05
1.157251013399196e-05
1.166580786873816e-05
1.174529320316364e-05
1.181103047716292e-05
1.18630967502753e-05
1.190158133940189e-05
1.1926585357383e-05
1.199092124903878e-05
1.207582973372645e-05
1.21460761316472e-05
1.220174604132929e-05
1.224293901647133e-05
1.226976807933156e-05
1.228235928402155e-05
1.228085120869027e-05
1.226539447424235e-05
1.223615125151012e-05
1.219329478535647e-05
1.213700895286163e-05
1.210471410506564e-05
1.221395068384812e-05
1.230253923389935e-05
1.237050312152821e-05
1.241790938594223e-05
1.244486823476221e-05
1.245153225115647e-05
1.243809536638496e-05
1.240479175662612e-05
1.235189471610054e-05
1.227971549205842e-05
1.2188602052432e-05
1.207893777682711e-05
1.195114001961706e-05
1.180565859182359e-05
1.164297418321247e-05
1.146359671644337e-05
1.126806363760391e-05
1.109399427329238e-05
1.09122118713556e-05
1.071589880333179e-05
1.050558641813026e-05
1.028182521223275e-05
1.004518316632952e-05
9.796244118759345e-06
9.535606144889242e-06
9.263879908683048e-06
8.981691742959708e-06
8.68967073924809e-06
8.388453810875829e-06
8.078684188284058e-06
7.761009584716927e-06
7.436080438738557e-06
7.104548218839213e-06
6.767063795543038e-06
6.705579867025135e-06
6.690876592954642e-06
6.669734376962833e-06
6.642274087184652e-06
6.608622570819511e-06
6.568912296306406e-06
6.538682169807131e-06
6.513115125991731e-06
6.48174728251627e-06
6.444670704902622e-06
6.59300207159208e-06
6.78228880113263e-06
7.068609270799442e-06
7.344708387369003e-06
7.610279390557473e-06
7.865041427745911e-06
8.10873991552441e-06
8.34114681308451e-06
8.562060807459915e-06
8.771307404287221e-06
8.96873893024841e-06
9.154234443697895e-06
9.327699552919011e-06
9.489066142898128e-06
9.638292016334038e-06
9.775360454045146e-06
9.900279696439807e-06
1.001308235215603e-05
1.01138247335375e-05
1.020258612605129e-05
1.028850610484966e-05
1.037163356926163e-05
1.046526704800987e-05
1.058102248219228e-05
1.068570220819076e-05
1.077932008247684e-05
1.086190580334989e-05
1.093350442626928e-05
1.099417584837781e-05
1.104399425932989e-05
1.108304757185818e-05
1.111143682241966e-05
1.112927555291243e-05
1.122031373936017e-05
1.135147340047826e-05
1.147255930926405e-05
1.158346994654946e-05
1.168411307968242e-05
1.177440585696521e-05
1.185427489654167e-05
1.19236563680819e-05
1.198249613754143e-05
1.203304089836266e-05
1.214488100709232e-05
1.224659463838762e-05
1.233809036993438e-05
1.241928427042627e-05
1.249010002268847e-05
1.255046906228907e-05
1.260033072869593e-05
1.263963242242871e-05
1.266832977286914e-05
1.268638680312906e-05
1.269377610352285e-05
1.269047899732367e-05
1.267648571279256e-05
1.265179554554852e-05
1.261641700400773e-05
1.257036783658405e-05
1.251367587584706e-05
1.244637865044362e-05
1.236852351726991e-05
1.228016785015384e-05
1.218137915426354e-05
1.207223503535415e-05
1.195282341620585e-05
1.182324270676549e-05
1.170124678717688e-05
1.157659247108533e-05
1.144173168815543e-05
1.129678434824699e-05
1.114188284467854e-05
1.097717208620175e-05
1.080280950976897e-05
1.061896506771021e-05
1.042582119015201e-05
1.022357272389973e-05
1.00124268551105e-05
9.792602926383953e-06
9.713601508698488e-06
9.700102147347511e-06
9.677309837918813e-06
9.645240365396823e-06
9.603923905587841e-06
9.553405153406302e-06
9.576907583297434e-06
9.615839815679816e-06
9.646251406314477e-06
9.668100215798336e-06
9.681356021307153e-06
9.686000476072376e-06
9.682027461432874e-06
9.669443119642018e-06
9.648265927808541e-06
9.618526732813049e-06
9.58026600528239e-06
9.533539469641639e-06
9.478415829045073e-06
9.414975920496449e-06
9.343312562859474e-06
9.263527237346469e-06
9.17573711955999e-06
9.102214808986986e-06
9.061603904125803e-06
9.013209385899668e-06
8.957106814644344e-06
8.893382659636018e-06
8.822134162755901e-06
8.743469173955187e-06
8.65750636941387e-06
8.564374439801181e-06
8.464211949110734e-06
8.35716716202084e-06
8.243397822405019e-06
8.123070880883265e-06
7.996362208939622e-06
7.863456277734659e-06
7.724545839471464e-06
7.579831576565166e-06
7.42952175120104e-06
7.273831828802368e-06
7.112984093948782e-06
6.947207249807796e-06
6.776736007463313e-06
6.601810664474961e-06
6.48780227092971e-06
6.52906988832247e-06
6.570235311809114e-06
6.627975591033675e-06
6.6767050703187e-06
6.775031162864487e-06
6.887333053123834e-06
6.990190533309737e-06
7.083569145999169e-06
7.167448639072704e-06
7.241822925205255e-06
7.306700015446976e-06
7.362101920024844e-06
7.408064525663005e-06
7.444637440456869e-06
7.471883813586766e-06
7.489880125582937e-06
7.498715950973733e-06
7.498493695745623e-06
7.547107555017085e-06
7.587455808255594e-06
7.662620147452781e-06
7.765161655570729e-06
7.858665249049768e-06
7.94297119077747e-06
8.017935916038166e-06
8.083432238348287e-06
8.139349562730214e-06
8.18559436827071e-06
8.222090649434577e-06
8.248780214215046e-06
8.265622715109e-06
8.272595673708416e-06
8.269694537210714e-06
8.256932222505675e-06
8.24298334187179e-06
8.225558958685486e-06
8.198756257821183e-06
8.162640811409938e-06
8.117293534531944e-06
8.062810639475337e-06
7.999301738920161e-06
7.926893761112108e-06
7.84572794887417e-06
7.755959336747109e-06
7.657756336848509e-06
7.551300354013968e-06
7.436785396996992e-06
7.314417638515369e-06
7.184414795413652e-06
7.047005973898068e-06
6.902430991828634e-06
6.750939740868267e-06
6.592791554627109e-06
6.428254567591996e-06
6.257605067949701e-06
6.081126836837702e-06
5.899110478185809e-06
5.711852742146251e-06
5.519655836255799e-06
5.322826734932562e-06
5.121676482394699e-06
4.91651949696692e-06
4.70767287533147e-06
4.542029265530712e-06
4.483355427409297e-06
4.421141293176056e-06
4.355534493127866e-06
4.303944793393466e-06
4.269751202490291e-06
4.232128021086634e-06
4.191193224922785e-06
4.147067925730497e-06
4.099876154128879e-06
4.049744509293518e-06
3.996801769656777e-06
3.94117851088005e-06
3.883006729432648e-06
3.822419512133912e-06
3.759551088500235e-06
3.694535338993887e-06
3.627506155789995e-06
3.558597113317852e-06
3.487941136914863e-06
3.415670180417774e-06
3.341914911414445e-06
3.266804412538349e-06
3.190465900693162e-06
3.259629591745306e-06
3.33476952479872e-06
3.404743177837233e-06
3.469586846660544e-06
3.529346785990928e-06
3.584078858975825e-06
3.633848158490771e-06
3.678728608125237e-06
3.718802539798283e-06
3.754160251945304e-06
3.784899548053833e-06
3.811125258490478e-06
3.836122230094219e-06
3.859041902365412e-06
3.891818460333152e-06
3.922996736072104e-06
3.950383411832625e-06
3.974056782263258e-06
4.06461739366204e-06
4.162826827192045e-06
4.255496429461658e-06
4.342655942513041e-06
4.424342099629275e-06
4.500598203838191e-06
4.571473698644635e-06
4.637023744147317e-06
4.697308790435617e-06
4.752394152318651e-06
4.802349587773591e-06
4.847248878114829e-06
4.887169413714254e-06
4.922191789658026e-06
4.95239940617731e-06
4.977878081735554e-06
4.998715676329812e-06
5.01500172889191e-06
5.026827104404052e-06
5.050716073429218e-06
5.071114862725823e-06
5.087012798249413e-06
5.098479710807791e-06
5.105586532327955e-06
5.108405075782141e-06
5.107007828270005e-06
5.101467762252954e-06
5.091858159445017e-06
5.0782524492754e-06
5.060724065808486e-06
5.039346316737525e-06
5.014192266616924e-06
4.985334640550398e-06
4.952845736067024e-06
4.916797358200942e-06
4.877260763508362e-06
4.83430662284734e-06
4.788004995454065e-06
4.738425319311679e-06
4.685636405515892e-06
4.629706465419936e-06
4.570703139389343e-06
4.508693534188701e-06
4.44374427455152e-06
4.375921562660423e-06
4.305291247036491e-06
4.231918902281029e-06
4.15586991830974e-06
4.077209593417175e-06
3.9960032356956e-06
3.924136952604407e-06
3.883606714605303e-06
3.840002009092292e-06
3.793287172093596e-06
3.743430488478694e-06
3.690404671241598e-06
3.63418701077034e-06
3.574759645907921e-06
3.512109820302811e-06
3.447623923624743e-06
3.449833232749278e-06
3.449069024108464e-06
3.445285016445698e-06
3.438439208358623e-06
3.428494083135281e-06
3.44300770205308e-06
3.461452042330393e-06
3.477176578781105e-06
3.490128606675746e-06
3.500258442368231e-06
3.50751962258089e-06
3.511869090477848e-06
3.513267380794716e-06
3.511678782541772e-06
3.50707150276186e-06
3.499417824348594e-06
3.488694222564259e-06
3.474881539233809e-06
3.457965104591842e-06
3.437934852634772e-06
3.41478539500617e-06
3.388516143898457e-06
3.359131382718594e-06
3.328442948702381e-06
3.315034085848989e-06
3.298714993937857e-06
3.279481690376951e-06
3.25733443307108e-06
3.232277791698213e-06
3.204320630723068e-06
3.173476210982518e-06
3.139762334458673e-06
3.103201268561673e-06
3.063819758342134e-06
3.021648973033919e-06
2.976724371439587e-06
2.9290861932596e-06
2.878779122306163e-06
2.825852351173719e-06
2.799423881150176e-06
2.838115383971274e-06
2.873079828255576e-06
2.904293219530008e-06
2.931736652778127e-06
2.955396284309852e-06
2.98559320843772e-06
3.022206325142829e-06
3.054705144223124e-06
3.083069657516813e-06
3.107285991788e-06
3.127346363707151e-06
3.151427360209569e-06
3.209666981474069e-06
3.263481575088711e-06
3.312777948252799e-06
3.357469580966832e-06
3.397476840028002e-06
3.432727174498829e-06
3.463155297242504e-06
3.488703354093126e-06
3.509321074901539e-06
3.524965907386601e-06
3.553859165228435e-06
3.594074701795957e-06
3.628890324236522e-06
3.658242757109686e-06
3.682077915845294e-06
3.700351040858418e-06
3.713026812401932e-06
3.720079438274126e-06
3.72149272109823e-06
3.71726010350848e-06
3.707384689688453e-06
3.691879247313956e-06
3.670766191010699e-06
3.644077535946977e-06
3.611854835106065e-06
3.574149090357359e-06
3.531020643210425e-06
3.482539044918909e-06
3.428782904713046e-06
3.369839718214696e-06
3.305805674036488e-06
3.236785443117007e-06
3.162891946739688e-06
3.08424610839797e-06
3.000976586564619e-06
2.914823535926647e-06
2.833395258972082e-06
2.747799634328363e-06
2.658176003644819e-06
2.5646697012216e-06
2.467431742425585e-06
2.366618498006456e-06
2.290843757135619e-06
2.219931198255143e-06
2.19430470177473e-06
2.168176584549375e-06
2.138843278487457e-06
2.106365382559261e-06
2.070807397114294e-06
2.03223756761739e-06
2.008289720467626e-06
2.00414941242677e-06
1.996749150690036e-06
1.986119368246886e-06
1.97229483867023e-06
1.955314565260657e-06
1.935221669913112e-06
1.912063271825026e-06
1.885890361597031e-06
1.861040166417638e-06
1.966406416531452e-06
2.068713463809768e-06
2.167803753005959e-06
2.263527739465587e-06
2.355744174731278e-06
2.444320365002639e-06
2.529132405504342e-06
2.610065384212046e-06
2.687013562319152e-06
2.759880525726732e-06
2.828579308666868e-06
2.893032490791647e-06
2.953172266284554e-06
3.008940484994227e-06
3.060288666700828e-06
3.107177986905185e-06
3.149579238359568e-06
3.187472765231458e-06
3.22200404573314e-06
3.256130503281884e-06
3.292335947369107e-06
3.332634746278096e-06
3.368705813633355e-06
3.400540291798038e-06
3.428136751415511e-06
3.45150118774562e-06
3.470646710301839e-06
3.485593390473163e-06
3.507112238662624e-06
3.549844853054096e-06
3.588616967434288e-06
3.62342328587284e-06
3.654263940819358e-06
3.681144372866263e-06
3.715407005500104e-06
3.75671083790996e-06
3.793932329909655e-06
3.827080133744776e-06
3.856168266480609e-06
3.881215933365656e-06
3.902247345921595e-06
3.919291531595537e-06
3.932382135474199e-06
3.941557266740059e-06
3.946859248649126e-06
3.948334411252308e-06
3.946032888779705e-06
3.940008416747354e-06
3.930318124456544e-06
3.917022331323405e-06
3.900184337990442e-06
3.879870223655324e-06
3.85614864145678e-06
3.829090617635256e-06
3.798769354024234e-06
3.765260033317119e-06
3.728639629330122e-06
3.688986720151721e-06
3.646381308730628e-06
3.600904647960146e-06
3.552639070592001e-06
3.503494149015296e-06
3.458527166377845e-06
3.410909371115434e-06
3.360715578215601e-06
3.308021393588767e-06
3.25290315539295e-06
3.195437963121606e-06
3.135703112389088e-06
3.073776282225271e-06
3.009735445924644e-06
2.943658781950909e-06
2.875624593001724e-06
2.841530954755811e-06
2.836797388106049e-06
2.82980940624622e-06
2.820580615792156e-06
2.809126504965676e-06
2.804734102967998e-06
2.817317917569451e-06
2.827707004771085e-06
2.835900566988681e-06
2.841899519046009e-06
2.845706608411991e-06
2.847326237342962e-06
2.846764442121508e-06
2.844028820003786e-06
2.839128445120132e-06
2.832074267267171e-06
2.822878906794113e-06
2.811556619464195e-06
2.798123063252334e-06
2.782595472816674e-06
2.764992654169518e-06
2.745334985232439e-06
2.723644409230452e-06
2.699944608275384e-06
2.686291738496216e-06
2.675171511312691e-06
2.662045138990266e-06
2.646928875305044e-06
2.629840593237898e-06
2.610799770319527e-06
2.589827490739882e-06
2.566946428639305e-06
2.54218084316804e-06
2.515556567772581e-06
2.487100998704861e-06
2.45684308519678e-06
2.424813314361174e-06
2.391043700977757e-06
2.355567765954802e-06
2.318420527280818e-06
2.279638471769374e-06
2.239259550007588e-06
2.197323137609342e-06
2.179718562242416e-06
2.212515084476507e-06
2.242773223831707e-06
2.270481094163168e-06
2.295629962012491e-06
2.318214220559112e-06
2.338231356119325e-06
2.355681911661578e-06
2.370569445783732e-06
2.386785847685591e-06
2.402315875255079e-06
2.415174220768423e-06
2.425368796618588e-06
2.43291079410346e-06
2.437814628566959e-06
2.44473207861029e-06
2.457572911396255e-06
2.467635440261962e-06
2.474929659157521e-06
2.492457844338603e-06
2.514566108197114e-06
2.534202588902468e-06
2.551351229840293e-06
2.565997943973497e-06
2.578130665148448e-06
2.5877393976248e-06
2.594816263301603e-06
2.599355543697612e-06
2.601353727108013e-06
2.615619772550204e-06
2.632516474865287e-06
2.646723719190724e-06
2.658223563767326e-06
2.667000674694275e-06
2.673042398815273e-06
2.676338836105074e-06
2.676882905394695e-06
2.674670410485191e-06
2.669700099211525e-06
2.661973718787181e-06
2.651496064487446e-06
2.638275025668158e-06
2.62232162451248e-06
2.603650049892714e-06
2.582277684903822e-06
2.558225130733227e-06
2.531516220538599e-06
2.511360201712387e-06
2.493842344714059e-06
2.473110065015494e-06
2.449199794335444e-06
2.422153567660512e-06
2.392018922214856e-06
2.358848782718637e-06
2.32270133548873e-06
2.283639890104938e-06
2.24173273158379e-06
2.197052957064738e-06
2.149678306750946e-06
2.099690974699531e-06
2.047177411479417e-06
1.992228252645223e-06
1.934937928327329e-06
1.875404289641835e-06
1.81372859750506e-06
1.750015275137073e-06
1.684371654014916e-06
1.638506955448094e-06
1.618848824491703e-06
1.603520961790394e-06
1.606086240946158e-06
1.60674657001536e-06
1.60551548739063e-06
1.602408614298501e-06
1.597443614054228e-06
1.590640153259493e-06
1.582019857726547e-06
1.571606266292935e-06
1.559424781472085e-06
1.545502619937356e-06
1.52986875612271e-06
1.512553868043831e-06
1.493590280343682e-06
1.473011902175525e-06
1.460135651720762e-06
1.450174704709095e-06
1.438582033552738e-06
1.425383277464665e-06
1.410605630414175e-06
1.394277794108945e-06
1.376429920818545e-06
1.357093562748268e-06
1.404661225612447e-06
1.458216693617231e-06
1.509742025562755e-06
1.559167315923204e-06
1.606426898725921e-06
1.651459486107232e-06
1.694208294433786e-06
1.734621157378768e-06
1.772650624620731e-06
1.808254048552005e-06
1.841393656665247e-06
1.872036609673611e-06
1.900155046641316e-06
1.925726116014381e-06
1.948731991663344e-06
1.969159877712734e-06
1.987001996162086e-06
2.002255564570454e-06
2.014922756921056e-06
2.02670903370894e-06
2.036396402671503e-06
2.044323623828781e-06
2.055051359306503e-06
2.063408959696034e-06
2.069407232352383e-06
2.073060664797843e-06
2.083204713482223e-06
2.09923608515683e-06
2.113064906966722e-06
2.124696347832744e-06
2.136393186802366e-06
2.156843382783435e-06
2.175003790461094e-06
2.190879628716225e-06
2.204478895151407e-06
2.215812306582965e-06
2.224893232871672e-06
2.231737626812169e-06
2.236363953800335e-06
2.238793115172388e-06
2.239048371821539e-06
2.237155264650514e-06
2.233141533247718e-06
2.227037031066192e-06
2.218873642156893e-06
2.208685194848847e-06
2.196507374430112e-06
2.182377635606692e-06
2.166335114239804e-06
2.14842053852804e-06
2.128676141799346e-06
2.107145572527447e-06
2.083873806901781e-06
2.058907062063575e-06
2.032292708120664e-06
2.004079183826057e-06
1.97431590998054e-06
1.94305320877497e-06
1.910342219801908e-06
1.876234820841205e-06
1.842115311068149e-06
1.810230186971573e-06
1.777034159433644e-06
1.742574929131102e-06
1.70690080092406e-06
1.670060624070491e-06
1.632103737936319e-06
1.593079914152806e-06
1.55303930415851e-06
1.512032384354267e-06
1.485453420269067e-06
1.479981142638032e-06
1.47329980709765e-06
1.465421315571813e-06
1.459929525438053e-06
1.465895058283539e-06
1.470626065702696e-06
1.474126071321358e-06
1.476399653421723e-06
1.477452447440353e-06
1.477291136475767e-06
1.475923450233729e-06
1.473358158587956e-06
1.469605067527802e-06
1.464675013218564e-06
1.458579854396458e-06
1.451332465429722e-06
1.442946729601768e-06
1.433437529785309e-06
1.422820739283015e-06
1.411113212612669e-06
1.398332770796706e-06
1.386666259706182e-06
1.380910870985019e-06
1.374069971249448e-06
1.366156855475698e-06
1.357185805406225e-06
1.3471720616276e-06
1.336131820073305e-06
1.324082222753376e-06
1.3110413348838e-06
1.297028139446432e-06
1.282062524698979e-06
1.266165256419427e-06
1.249357969468345e-06
1.23166314569545e-06
1.213104088626515e-06
1.193704919466576e-06
1.173490533523669e-06
1.152486588107404e-06
1.130719478881215e-06
1.108216311385135e-06
1.085004858070171e-06
1.061113569400529e-06
1.036571524670737e-06
1.011408395035218e-06
1.015497454293079e-06
1.024530037210813e-06
1.03219125452414e-06
1.038485454352145e-06
1.043418910121052e-06
1.046999752118971e-06
1.052900560571945e-06
1.060164944499675e-06
1.066005584471341e-06
1.070428369887022e-06
1.07344125072073e-06
1.075054211485682e-06
1.075279238982318e-06
1.07413028732628e-06
1.071623237813846e-06
1.079759591626761e-06
1.106859887967104e-06
1.132984852825203e-06
1.158093055397824e-06
1.182143574862682e-06
1.205096126832839e-06
1.226911194307512e-06
1.247550157179589e-06
1.266975420466387e-06
1.285150535434987e-06
1.302040321171649e-06
1.317610984430395e-06
1.331830226325437e-06
1.345809408553889e-06
1.359090063768331e-06
1.370933745886704e-06
1.381317154575123e-06
1.390218938635002e-06
1.397619774079484e-06
1.403502446151172e-06
1.407851922763381e-06
1.410655421613116e-06
1.411902473352766e-06
1.411584977184521e-06
1.409697253318409e-06
1.406236092543756e-06
1.401200795253521e-06
1.394593196091254e-06
1.386417676330076e-06
1.376681250109257e-06
1.365393526964187e-06
1.352566716683601e-06
1.338215630364292e-06
1.322357682131958e-06
1.305012869046163e-06
1.286203733130709e-06
1.265955346385628e-06
1.244295278118868e-06
1.221253553701507e-06
1.196862608909832e-06
1.171157234303166e-06
1.144174514078333e-06
1.115953761038346e-06
1.086536440431107e-06
1.055966093677085e-06
1.024288252993166e-06
9.915503514090762e-07
9.578016290090474e-07
9.230930339554355e-07
8.874771184608221e-07
8.510079307910701e-07
8.137409032715759e-07
7.757327369628531e-07
7.370412811735783e-07
7.032764639536282e-07
7.005406240101486e-07
6.970449925591815e-07
6.928021304419829e-07
6.878259333764625e-07
6.821315908789316e-07
6.757355419662048e-07
6.686554291923663e-07
6.609100469678886e-07
6.525192904338617e-07
6.43504098729597e-07
6.338863986488086e-07
6.236890431887687e-07
6.129357510431532e-07
6.016510414319498e-07
5.975720481221636e-07
6.118051944226099e-07
6.25473058860071e-07
6.385715377449364e-07
6.510967832107362e-07
6.630451850203611e-07
6.744133512759376e-07
6.859335268671884e-07
7.035345040429242e-07
7.203968916957848e-07
7.365002898662709e-07
7.518252606031339e-07
7.663533673207823e-07
7.800672139346432e-07
7.929504789450093e-07
8.04987949298841e-07
8.161655508098775e-07
8.264703767468795e-07
8.358907127581361e-07
8.444160599641037e-07
8.520371631570711e-07
8.587460116893375e-07
8.668786267013173e-07
8.765654924830502e-07
8.854620208997854e-07
8.93565332574231e-07
9.008731793880287e-07
9.073839342121914e-07
9.171223651627258e-07
9.269789570942599e-07
9.360133831903816e-07
9.442245948454442e-07
9.516122193575782e-07
9.581765412214338e-07
9.639184817555879e-07
9.688395770091063e-07
9.729419575554843e-07
9.762283273428984e-07
9.787019449869483e-07
9.803666006780176e-07
9.812265969189049e-07
9.812867276526305e-07
9.80552259000067e-07
9.790289097200144e-07
9.767228323354082e-07
9.736405957028182e-07
9.697891665827463e-07
9.651758937079258e-07
9.59808490963443e-07
9.536950220656593e-07
9.468438871840235e-07
9.392638097294181e-07
9.309638227539274e-07
9.219532576820733e-07
9.122417351514756e-07
9.018391541881776e-07
8.907556839909958e-07
8.790017569926256e-07
8.665880628089262e-07
8.535255408559372e-07
8.39825377407788e-07
8.272369937945001e-07
8.14633700052525e-07
8.014253128907356e-07
7.876206892798443e-07
7.7322894881382e-07
7.582594788169139e-07
7.427219455569123e-07
7.266263011840302e-07
7.099827967205208e-07
7.080722082553059e-07
7.070572813350218e-07
7.115255348244531e-07
7.156164089638928e-07
7.192295590763287e-07
7.223597323635644e-07
7.250018078663878e-07
7.271508448147834e-07
7.288020820173102e-07
7.299509507951996e-07
7.305930896928103e-07
7.307243609089298e-07
7.303408588454907e-07
7.294389590128958e-07
7.280153199729078e-07
7.260669075415116e-07
7.235909933456242e-07
7.205851910163652e-07
7.170474712880903e-07
7.129761879220986e-07
7.083700957477568e-07
7.032283798058536e-07
6.975506618434046e-07
6.941234790280859e-07
6.914413827607824e-07
6.882451845657833e-07
6.845336246175115e-07
6.803058603677137e-07
6.755614813669375e-07
6.703005240304982e-07
6.64523492399649e-07
6.582313711867016e-07
6.514256410961039e-07
6.441083009733894e-07
6.362818690264227e-07
6.279494060845714e-07
6.191145324185854e-07
6.101079727816039e-07
6.236909864398843e-07
6.365721922640954e-07
6.487355689172025e-07
6.601660215155292e-07
6.708494082463545e-07
6.807725664581543e-07
6.899233370161184e-07
6.982905859653776e-07
7.058642264579085e-07
7.126352346703557e-07
7.185956680116901e-07
7.237386785013955e-07
7.280585245933446e-07
7.31884217619605e-07
7.368223174653021e-07
7.409050560569508e-07
7.441271867858479e-07
7.464846973892492e-07
7.500631089563115e-07
7.595690599132565e-07
7.687593158167694e-07
7.771201451234333e-07
7.846398760724682e-07
7.913077438026495e-07
7.971139142637362e-07
8.020495091271007e-07
8.061066317649468e-07
8.092783858604236e-07
8.115588989304756e-07
8.12943340644523e-07
8.173036803449385e-07
8.236821286700113e-07
8.291354996470268e-07
8.336537468678351e-07
8.372279399759819e-07
8.398502943096631e-07
8.41514196658899e-07
8.422142317998649e-07
8.419462049213955e-07
8.407071621641116e-07
8.384954100493225e-07
8.353105315217491e-07
8.311534001603782e-07
8.260261921133605e-07
8.199323956459281e-07
8.128768159698652e-07
8.04865582793024e-07
7.959061487650132e-07
7.860072908649762e-07
7.751791047949652e-07
7.634329999839373e-07
7.507816899288144e-07
7.382404778599749e-07
7.25582237293132e-07
7.120547225736296e-07
6.976744212905395e-07
6.824590546017362e-07
6.664275506440553e-07
6.496000183320305e-07
6.319977151614253e-07
6.136430160119666e-07
5.9794423580041e-07
5.848997672109127e-07
5.76542290631199e-07
5.728917287783908e-07
5.685060854299095e-07
5.633939744731364e-07
5.575650714462199e-07
5.510300901123699e-07
5.43800757923929e-07
5.376636559861758e-07
5.380704142243786e-07
5.377734138556356e-07
5.367756600871409e-07
5.350811436155567e-07
5.326948287476263e-07
5.296226404105653e-07
5.258714496081396e-07
5.214490575444763e-07
5.163641773608951e-07
5.106264143739381e-07
5.04246244092954e-07
4.972349894605266e-07
4.897106386514416e-07
4.865457561842312e-07
4.827611494451212e-07
4.783645703998474e-07
4.733645748156157e-07
4.677704893985002e-07
4.615924051321052e-07
4.691042907456477e-07
4.825315830653265e-07
4.954267777274035e-07
5.077821161880713e-07
5.195905055793704e-07
5.308455113400834e-07
5.41541350984609e-07
5.531179269047115e-07
5.673653077353791e-07
5.814868460629619e-07
5.949886878187094e-07
6.078556950006586e-07
6.200735981898298e-07
6.316290251939805e-07
6.425095224193988e-07
6.527035797954106e-07
6.622006510914602e-07
6.709911725133466e-07
6.790665804112805e-07
6.864193263234064e-07
6.930428889106999e-07
7.002925147547856e-07
7.101620245336671e-07
7.192621301471691e-07
7.275893157826507e-07
7.351411112493933e-07
7.419160792249135e-07
7.479138041249778e-07
7.531348778233582e-07
7.587820518017985e-07
7.673763779414422e-07
7.751436259528788e-07
7.820836245842067e-07
7.881973381196339e-07
7.934868496151104e-07
7.97955334086442e-07
8.016070372485196e-07
8.044472470936093e-07
8.064822675790673e-07
8.077193880962064e-07
8.081668521620067e-07
8.07833827054516e-07
8.067303683967353e-07
8.048673864058387e-07
8.022566101995032e-07
7.989105514916162e-07
7.948424665671361e-07
7.900663193671775e-07
7.845967417430266e-07
7.784489949869133e-07
7.716389304746052e-07
7.641829502524899e-07
7.560979655707456e-07
7.474013549169101e-07
7.381109333737257e-07
7.28244909209419e-07
7.178218436876271e-07
7.068606105997688e-07
6.95380361015463e-07
6.834004824263218e-07
6.709405636629029e-07
6.580203575357046e-07
6.44659745918652e-07
6.320230278578087e-07
6.194113036372961e-07
6.064059058230598e-07
5.930250558949801e-07
5.792869764986719e-07
5.652098647446202e-07
5.508118678387852e-07
5.361110563817384e-07
5.321879557040887e-07
5.303479826967994e-07
5.328472968968434e-07
5.349280049471439e-07
5.36593211530878e-07
5.378462966665332e-07
5.386909042726096e-07
5.391309271796096e-07
5.391704976931422e-07
5.388139737716457e-07
5.380659276466027e-07
5.36931134831331e-07
5.354145635183549e-07
5.335213633106406e-07
5.31256858782303e-07
5.286265361004183e-07
5.256360370853308e-07
5.222911491631343e-07
5.185977999255797e-07
5.14562048803402e-07
5.101900809045823e-07
5.070945899854351e-07
5.050600325740007e-07
5.026773008953711e-07
4.99951277821431e-07
4.968870114807622e-07
4.934897042119246e-07
4.897647171153707e-07
4.857175501249422e-07
4.81353850445565e-07
4.766793997301733e-07
4.7170011940878e-07
4.664220618622039e-07
4.608514001525066e-07
4.549944359610869e-07
4.488575886529844e-07
4.424474077668883e-07
4.357705589708161e-07
4.288338130153946e-07
4.21644060444315e-07
4.142083025460153e-07
4.065336496328342e-07
3.986273231504356e-07
3.904966502932261e-07
3.821490731636956e-07
3.844308447131795e-07
3.891057195476444e-07
3.933311646109328e-07
3.971046270145884e-07
4.004240625465894e-07
4.032879399040734e-07
4.056952431774619e-07
4.076454758750181e-07
4.09138662199604e-07
4.101753480201253e-07
4.114918271541645e-07
4.127441617235439e-07
4.135342136502018e-07
4.138626173710858e-07
4.162366346038837e-07
4.199807878413342e-07
4.232920151475694e-07
4.261691184254124e-07
4.286111810747339e-07
4.306175732243789e-07
4.32187956367347e-07
4.341174977828821e-07
4.391484280108493e-07
4.43795223570298e-07
4.482434614594411e-07
4.530943346070515e-07
4.575341285006918e-07
4.615585444400772e-07
4.651635671926169e-07
4.68345474263776e-07
4.71100848442596e-07
4.734265900974144e-07
4.753199283058507e-07
4.767784346770831e-07
4.778000329830334e-07
4.783830132304434e-07
4.785260407369485e-07
4.782281701476432e-07
4.774888547887102e-07
4.763079577141394e-07
4.746857631965362e-07
4.726229874130183e-07
4.701207859392209e-07
4.671807649903048e-07
4.638049891925178e-07
4.599959903262008e-07
4.557567708785015e-07
4.510908160060279e-07
4.460020985863622e-07
4.404950808556407e-07
4.345747193768013e-07
4.282464656224505e-07
4.21516272247624e-07
4.143905893150279e-07
4.068763681808196e-07
3.989810586357834e-07
3.907126084334855e-07
3.820794564346475e-07
3.730905287491204e-07
3.637552352941942e-07
3.540834621618139e-07
3.440855626535289e-07
3.337723502860879e-07
3.231550859128518e-07
3.122454681758757e-07
3.010556190730096e-07
2.895980741324244e-07
2.778857624008424e-07
2.659319958131512e-07
2.537504475708108e-07
2.51673449469525e-07
2.51300531273202e-07
2.507030808507338e-07
2.498818756913046e-07
2.488380276277624e-07
2.475729829476414e-07
2.460885224486731e-07
2.443867603840744e-07
2.42470141631479e-07
2.403414400276027e-07
2.380037539828628e-07
2.354605025400858e-07
2.32715419545837e-07
2.29772548432372e-07
2.266362340574979e-07
2.236846558673067e-07
2.301229563572704e-07
2.362677691547521e-07
2.421154546433657e-07
2.476627518066543e-07
2.529067745782321e-07
2.578450103291052e-07
2.624753150243242e-07
2.667959100310924e-07
2.708053774558294e-07
2.745026553702123e-07
2.77887032731905e-07
2.809581433199648e-07
2.84041257375689e-07
2.869114297532338e-07
2.930275352641676e-07
3.002282452646554e-07
3.070585655184921e-07
3.135120531794211e-07
3.195827951857355e-07
3.252654179192183e-07
3.305550928672796e-07
3.354475434785842e-07
3.399390499092547e-07
3.440264523535408e-07
3.477071535418208e-07
3.509791216549374e-07
3.538408904490975e-07
3.563235937420473e-07
3.610747081328469e-07
3.653889008026212e-07
3.692635611174389e-07
3.726967332529085e-07
3.756871167492903e-07
3.78234062903271e-07
3.803375720479174e-07
3.81998289278318e-07
3.832174983453562e-07
3.839971146057941e-07
3.843396759184436e-07
3.842483349836279e-07
3.837268457429488e-07
3.827795544419921e-07
3.814113851974277e-07
3.796278260637109e-07
3.774349138230271e-07
3.748392193858585e-07
3.718478279735038e-07
3.684683249627341e-07
3.647087757352452e-07
3.605777064707993e-07
3.560840841632107e-07
3.512372953595744e-07
3.460471248439845e-07
3.405237350428969e-07
3.346776425994236e-07
3.285196958913161e-07
3.220610517717937e-07
3.153131529765041e-07
3.094571216222253e-07
3.049938944454933e-07
3.00259515084722e-07
2.952637287723103e-07
2.900164439711972e-07
2.845277078111774e-07
2.788076890192226e-07
2.728666536333524e-07
2.667149434643079e-07
2.603629576380939e-07
2.538211320013417e-07
2.482435945139194e-07
2.490794366871718e-07
2.496790240114066e-07
2.500444503672483e-07
2.501780502206508e-07
2.500823856332879e-07
2.497602430429069e-07
2.492146204402523e-07
2.484487183762596e-07
2.474659317464045e-07
2.462698415195419e-07
2.448642026919856e-07
2.432529370155478e-07
2.414401236161545e-07
2.394299883912154e-07
2.372268979589087e-07
2.348353473347053e-07
2.325391279534017e-07
2.314528516067504e-07
2.30172850113064e-07
2.287025450131708e-07
2.270454938502198e-07
2.252053928897269e-07
2.231860695700583e-07
2.20991469790377e-07
2.186256568004197e-07
2.160927996541773e-07
2.133971649942445e-07
2.10543116607731e-07
2.075350949981569e-07
2.04377632095909e-07
2.01075322003863e-07
1.97632827103611e-07
1.940548709500334e-07
1.903462320540505e-07
1.865117318922138e-07
1.825562395141311e-07
1.830783322581686e-07
1.861592597851569e-07
1.890287369549215e-07
1.916845770305597e-07
1.941248052861333e-07
1.963476625177485e-07
1.983516086656589e-07
2.001353224811986e-07
2.016977063978853e-07
2.03037886586932e-07
2.041552158577042e-07
2.050492736438425e-07
2.057198683486083e-07
2.069158708123409e-07
2.091463067871446e-07
2.111456229858533e-07
2.129147289170463e-07
2.144547058824386e-07
2.157668004959534e-07
2.168524161211272e-07
2.177131078057171e-07
2.183505750513737e-07
2.187666555963919e-07
2.189633181298722e-07
2.18942658183896e-07
2.187068904591083e-07
2.182583435650365e-07
2.175994551073535e-07
2.176874003834151e-07
2.180501550985703e-07
2.182025575780955e-07
2.181465378892078e-07
2.178840948219296e-07
2.174172947788655e-07
2.167482651138641e-07
2.158791921336167e-07
2.148123189327222e-07
2.135499407862618e-07
2.120944052608209e-07
2.104481084952425e-07
2.086134945900042e-07
2.078271701122514e-07
2.082043438766945e-07
2.083862365998002e-07
2.083721628853841e-07
2.081615462501407e-07
2.077539304201625e-07
2.071489831334539e-07
2.063465058543823e-07
2.05346441017884e-07
2.041488795234692e-07
2.027540684235163e-07
2.011624170572546e-07
1.993745072648156e-07
1.973910984109928e-07
1.952131347127128e-07
1.928417528718196e-07
1.90278288070278e-07
1.87524280798046e-07
1.845814815437663e-07
1.814518578724389e-07
1.781375989495793e-07
1.746411193159769e-07
1.709650643277882e-07
1.67112313514961e-07
1.630859831347475e-07
1.58889430057485e-07
1.545262517665957e-07
1.500002896337449e-07
1.453156281971957e-07
1.404765967716326e-07
1.39390803705064e-07
1.400808501694772e-07
1.406196731695841e-07
1.410070292612309e-07
1.41242890550064e-07
1.41327444247441e-07
1.412610918655188e-07
1.410444478294748e-07
1.4067833770115e-07
1.401637959863589e-07
1.395020634425981e-07
1.386945841369558e-07
1.377430022403425e-07
1.366491580306883e-07
1.358011050556218e-07
1.380698582686968e-07
1.401869090394969e-07
1.421516242772203e-07
1.439635829020292e-07
1.456225717233472e-07
1.471285802912004e-07
1.487459806714941e-07
1.523714278917065e-07
1.558467112444673e-07
1.591695841934859e-07
1.623379683873827e-07
1.653499537013214e-07
1.682037970712758e-07
1.70897921175639e-07
1.734309133527567e-07
1.75801524629482e-07
1.780086671815395e-07
1.800514130567699e-07
1.819289922183609e-07
1.836407906435911e-07
1.851863479784832e-07
1.865653547206136e-07
1.877776507341888e-07
1.888232223495878e-07
1.914724388901723e-07
1.950267762146352e-07
1.984104739810588e-07
2.01620047851625e-07
2.046521775656007e-07
2.075037118104417e-07
2.101716749386418e-07
2.126532709922913e-07
2.149458884909139e-07
2.17047106954027e-07
2.18954699079954e-07
2.206666378234967e-07
2.222128505091625e-07
2.250088982913567e-07
2.276020318880967e-07
2.299893765433936e-07
2.321682913142276e-07
2.341363726232615e-07
2.358914600875117e-07
2.374316400155507e-07
2.387552495708434e-07
2.398608792142376e-07
2.407473763677004e-07
2.414138475792527e-07
2.418596600217704e-07
2.420844432693414e-07
2.420880897968658e-07
2.418707569784573e-07
2.414328649225084e-07
2.407750976374246e-07
2.398984016993566e-07
2.388039850309553e-07
2.374933142368363e-07
2.359681138819347e-07
2.34230362550214e-07
2.322822901801302e-07
2.301263740678294e-07
2.277653354809672e-07
2.25202135273328e-07
2.224399676120647e-07
2.194822570911192e-07
2.163326507376162e-07
2.129950147367055e-07
2.094734256608e-07
2.057721661952172e-07
2.018957161453727e-07
1.980316052807574e-07
1.94312076595704e-07
1.904330885760253e-07
1.863992131756476e-07
1.822151756702972e-07
1.778858453316268e-07
1.734162308197895e-07
1.71681666383261e-07
1.721006099297817e-07
1.729982155307397e-07
1.737580404004291e-07
1.743799865061568e-07
1.74864084712123e-07
1.752104997754245e-07
1.754195215752929e-07
1.754915692764314e-07
1.754271858889211e-07
1.752270384347554e-07
1.748919135069471e-07
1.744227182132185e-07
1.738204750689754e-07
1.730863229409962e-07
1.722215092758717e-07
1.712273949849852e-07
1.701054475611308e-07
1.688572388025555e-07
1.674844443688706e-07
1.659888395066922e-07
1.650840230627004e-07
1.643656072913835e-07
1.635249055054189e-07
1.625631689816665e-07
1.614817491946141e-07
1.602820958734874e-07
1.589657525613575e-07
1.575343604454105e-07
1.559896505298752e-07
1.543334463560697e-07
1.525676540659049e-07
1.506942697848679e-07
1.487153707402378e-07
1.466331153165967e-07
1.444497390590271e-07
1.421675588919591e-07
1.39788959019338e-07
1.373163997508975e-07
1.347524110628662e-07
1.344910749434547e-07
1.361927093879167e-07
1.378633509019345e-07
1.394490382611302e-07
1.408627741117385e-07
1.426899545742266e-07
1.444349362889064e-07
1.460095114813598e-07
1.474137568679978e-07
1.486479663248552e-07
1.497126453919861e-07
1.506085068880836e-07
1.513364650818083e-07
1.518976308623188e-07
1.522933050224218e-07
1.525249730405243e-07
1.535685251324859e-07
1.552297557438909e-07
1.567220182380202e-07
1.580448579785454e-07
1.591979888332373e-07
1.601812941176561e-07
1.60994823070193e-07
1.616387926145491e-07
1.621135820584207e-07
1.62419734175967e-07
1.625579521269405e-07
1.625290980827865e-07
1.62334190159652e-07
1.629133113412173e-07
1.635127722110497e-07
1.639421283172737e-07
1.6420199205891e-07
1.642931232725964e-07
1.642164246806743e-07
1.639729427238557e-07
1.635638645081094e-07
1.629905162503498e-07
1.622543613910565e-07
1.613569983738294e-07
1.603001589245423e-07
1.590857072741869e-07
1.577156354959364e-07
1.561920637827008e-07
1.545172375605475e-07
1.526935251572326e-07
1.507234163589111e-07
1.486095184688452e-07
1.463545568070046e-07
1.439613699361075e-07
1.414329083848642e-07
1.38851545983254e-07
1.36425072905233e-07
1.338673425999026e-07
1.311814190052552e-07
1.283704813559439e-07
1.254378214077256e-07
1.223868414390594e-07
1.192210490885692e-07
1.159440571329995e-07
1.12559579434901e-07
1.098962336678819e-07
1.076417753924364e-07
1.052739022873797e-07
1.04378407916883e-07
1.036724223690833e-07
1.028472343400644e-07
1.01904135740849e-07
1.008445588701612e-07
