1.000981208340755 0.589693140121592 0.004873238831211091 2.677142846667635 
1.001974565233023 0.5871863824952759 -0.0005907333315187738 2.678960111594625 
1.003060857671509 0.5862712349881355 0.004919229666970212 2.68206617347997 
1.000725818349551 0.5890283451534657 0.004916283591355056 2.675875543232999 
0.9980711535723819 0.5946738027674652 0.008632294868627263 2.670454155693114 
0.9958466678883057 0.5981189269848171 0.0005125395527685 2.665081506756724 
1.005162566137789 0.5807635295019526 -0.001319191407579555 2.685825245876944 
1.005447122917846 0.5807037855373792 0.01537845438443374 2.686896922608881 
1.002650773297546 0.5870024853050806 0.004949231139557266 2.681099379141835 
0.9977779128639288 0.5949510202981659 0.0107722146044371 2.669631285315544 
1.003742139105271 0.5833513854284322 0.006179474817340919 2.682606817228453 
1.004199877582262 0.5838305030509445 0.01578213042550373 2.684540530882352 
1.009570969739523 0.5716694143358018 0.03574510502438091 2.69609062105526 
1.003645395437103 0.5851150892867731 0.01437772056516989 2.68327791332303 
1.01317282163864 0.5648217474682322 0.003576553870155766 2.703485176778335 
0.9703332830342064 0.6372524527169149 0.04606108729634341 2.60691836811536 
0.9926647579631206 0.597233388090687 0.05096718048158921 2.654441529582335 
0.979083530198577 0.6251993637271375 0.08957566796055563 2.630803092557943 
1.002728330410077 0.5820662814511609 0.0764489156746616 2.681401141149497 
1.007061747519637 0.5807276895576596 0.03500678655995206 2.692260389677587 
1.023094164308348 0.5347630845143831 0.0743971452655038 2.723254141574354 
0.9912315306938695 0.602438058486318 0.05350963813476854 2.653958847268547 
1.009095263987183 0.5717088794347344 0.03810570047559689 2.693856794788669 
1.003616807536907 0.5891735193011861 0.07202086638377733 2.688034078286872 
0.9476936394067529 0.6658110725675636 0.08076813299744541 2.556138805751065 
0.9691687923595254 0.6348769233345177 0.03914149182899682 2.600923139246687 
0.9765674255015202 0.6297389268644847 0.09502030683256051 2.625544103577568 
0.9947212113084094 0.5994676656902657 0.02484924505483247 2.662317524233496 
1.006964739297081 0.5767980639157548 0.04031701136726055 2.690250050634415 
0.9910295384827911 0.6007769223193573 0.05194138508916944 2.652168890407628 
0.9842146969071843 0.6184887818312608 0.02706648832359853 2.639510808125712 
0.9974660121293839 0.5950972441148149 0.0271252350465224 2.668673200119532 
0.9906080947033568 0.6056375909648954 0.04802322207690601 2.653530268109757 
0.9831377040152625 0.6204829838734174 -0.008186661710184014 2.6369829040073 
0.9862430717915683 0.6148159419418057 0.005421541322526649 2.643473074600425 
0.9750440500996185 0.6304239408656098 0.005326000848185618 2.616946379651554 
0.991846164374515 0.6064279509677558 0.01227053268533333 2.656926233829295 
0.9985537306549354 0.5930609407323396 0.009246861157514675 2.670975222586015 
0.9959027961474616 0.5968809470704285 0.02430443314612133 2.664835750249528 
0.9736025005757133 0.6301171163698717 0.01022063404311732 2.612047981678541 
0.9851514313805698 0.6158370992146628 0.003644600453082898 2.640566479540559 
0.9828648227608933 0.619364888212774 0.02459979541302919 2.635660855295549 
0.9971253854634899 0.5956454013875561 0.008022450738547449 2.667803932062335 
1.003788513128533 0.5838211712176381 0.01828028996293523 2.683186070338306 
0.9961158804027685 0.59461572268664 0.02595298944805175 2.66424413191371 
0.9965072217063438 0.5986628814801319 0.02963652984209436 2.667984159626006 
1.005613455180451 0.5805811122588653 0.01662548397249688 2.687231732306943 
1.00743309090824 0.5762031191141647 0.03634196044582405 2.691439046187778 
1.000739736323428 0.5894429053762557 0.003873013742907443 2.676189310385452 
1.000650960182069 0.5907403409549696 0.0004674259041716101 2.676648440505111 
1.001866982197001 0.5876222463476178 0.0002796147611471395 2.678863291619173 
0.9983121578610636 0.594072355896186 0.009990936671666744 2.670883396593052 
0.9999949478424501 0.5903449398533438 0.004761615689832823 2.674227874764869 
1.00293857309593 0.5847842211026254 0.007655414507350234 2.680800344013631 
0.9999063956211115 0.5912440938970738 -0.0002607362223230621 2.674471157201366 
1.001073584649225 0.5890001967807053 0.0004010029114145642 2.677028903931326 
1.000235673907565 0.5909112093478875 0.003707258073011377 2.675379276176049 
0.9791699171049127 0.6213815264564203 0.0980105001363573 2.629012833350827 
1.002970720149924 0.5776091291223457 0.07284020468986697 2.678650898251296 
1.008310466529943 0.5576540903471765 0.1287786993021672 2.690923338109378 
0.9996629416406203 0.590903137987717 -0.001027133501665276 2.673467243023469 
0.9997608931533603 0.5911894623881604 0.0001523022082743672 2.673937217150988 
0.9992570007501053 0.592129633035774 9.0214363215357e-05 2.672809597397412 
0.9999666694475774 0.5912709664679211 -0.000813942046405707 2.674404298831686 
0.9998866655301676 0.5877197252066515 -0.000507811457591524 2.673157740525765 
0.9999534781835144 0.5919199830588231 0.000251493887196486 2.674656694062525 
0.9996894922770287 0.5906499648306444 -0.00139672014181028 2.67340419571786 
0.9973959905589443 0.5945657809313339 -0.0008146490848315816 2.668073948215167 
0.9996193498691619 0.5918371055326438 -0.00513318384954969 2.673890068847416 
1.000634715599062 0.5896938355721597 -0.004796530497872948 2.675566362684447 
1.000545839197355 0.58544000524666 0.0003366453691407403 2.674470498585082 
0.9998459901774336 0.5916663610505488 -0.00185370066232063 2.674027727445626 
0.996670282476139 0.5953905419592551 -0.01109286827748061 2.666201023583964 
1.000451250548749 0.5910631139854434 -0.006668485239691362 2.676200819835684 
0.9971024814723816 0.5949320650716702 0.0002393120766651465 2.667314656854898 
1.000285977124347 0.5894871620063603 -0.005505765745738098 2.674174958785401 
1.004035060959275 0.5851446495820489 -0.008677849988773911 2.68425602190503 
1.002624295807956 0.5813731080734431 -0.002100218806951296 2.679262227460198 
1.004951800144821 0.5886981417890325 -0.01000980049602426 2.688726344861776 
1.008511179337159 0.5783173521045211 -0.02883177786595738 2.694974183860299 
1.011612626438279 0.5605162638188284 -0.005390650075881553 2.69871946255354 
0.9892039057619118 0.6069295351340566 -0.01035947568393977 2.648434760301221 
0.9818759687944209 0.6199516755946287 -0.006488499493763227 2.632391156817405 
0.9825290856881641 0.6192122777089057 -0.02167805619874767 2.634456467691403 
0.9928163662174602 0.6032048655098923 0.0008306211514315472 2.658107330803586 
0.9897020421868925 0.6083108225305609 -0.01057997143979407 2.650971231002953 
0.9958665056152487 0.5977412473856477 -0.01335960209027319 2.664968311512782 
1.000603177127939 0.5891866085897947 -0.00414229930334254 2.675656877555573 
0.9966932252841194 0.5970177568737783 -0.01287993543233228 2.667239337141022 
1.002984323154006 0.5815000847249205 -0.01087318171636834 2.679252229268587 
0.9943383564553528 0.5985227971837898 -0.01315176304798049 2.660332102081882 
1.004573890613178 0.5811164168719726 -0.02944398273131209 2.684632919156985 
1.003573183803236 0.5812803422399972 -0.0113989462104002 2.681073698321359 
0.990607103893229 0.602282020139571 -0.03559271971005067 2.650701788991927 
0.9979972599986567 0.5901304250014805 -0.06425431226791163 2.669542464282948 
1.006538204440667 0.5774200793772443 -0.03263120125770822 2.689197919542377 
0.9880578438883448 0.6101461215365751 -0.01049092446408116 2.64657435822379 
0.9919286527622997 0.6041616770114736 -0.02877165315097358 2.656287510686412 
0.9959124232401922 0.5947292454784057 -0.01223119595256175 2.663321027868697 
0.9815107140443408 0.6237734864723592 -0.04849945194671847 2.634945411365953 
0.9546398508236885 0.6595545588535222 -0.07031934386154735 2.57192563766111 
0.9767255948683402 0.6247802633339931 -0.0965674926968587 2.623171385316479 
0.9984273862267345 0.5919235987860511 -0.07030071564383411 2.672270842872704 
0.9771679418966923 0.625291073950406 -0.05572892037695486 2.621983965042927 
0.9782507431165179 0.623916763162196 -0.09774987288649718 2.627513687622208 
0.9842243554144996 0.6224791137478877 -0.0222062978418596 2.642019228512874 
0.967513955737984 0.6417438275676796 -0.01956660245731236 2.59956097870063 
0.9755946172894155 0.6197211443443358 -0.05018691166601333 2.613059858392799 
0.9893346223272622 0.608770267199669 -0.006922120083341289 2.649932639112723 
0.9840486147516349 0.6180168303364213 -0.02337889817633615 2.638675529050043 
0.9918338411246621 0.604813317096221 -0.03233563246402855 2.656446756291019 
0.9841177913171021 0.6184144409714775 -0.008073832109467194 2.638796118926162 
0.9726266887489596 0.6350005997993519 0.007771066218999719 2.61186348510353 
0.967731851562767 0.6389190165713121 -0.01553078725691103 2.598781308372442 
0.9929644383696596 0.6004537655685895 -0.03360467707952745 2.657512713435488 
0.9819074422429934 0.6238906183118748 -0.02601462979298566 2.635327085458956 
0.9788431713158405 0.6180222045247558 -0.05166795302212511 2.622616632744386 
0.9839272939912734 0.6160336349901836 -0.006570529012269648 2.636767341006182 
0.9893730353546674 0.6094088822076354 -0.01001678741360578 2.65061718243435 
0.9887589566237952 0.6105157074987778 0.0009158929059443813 2.649197387517218 
0.9698607692990732 0.6418931173420273 -0.01445732443537177 2.607172080580949 
0.9459371313972865 0.6720147644515259 -0.02147000741206151 2.551228746692801 
0.9520048603377269 0.6573484916805268 -0.06656550828295577 2.562851515819735 
0.9839709016361764 0.6187468396407545 -0.005739790212552437 2.63848715267719 
0.9703034612186832 0.6371948927697609 -0.01911230248470066 2.606047957211671 
0.9835116689534444 0.6208387983907837 -0.02560841277157427 2.638846341241248 
0.9757274507282219 0.6335166228985555 0.01012012883802507 2.620808371926343 
0.9578666809467914 0.6520094953583484 0.01102377573903581 2.575813804209985 
0.9667061043782269 0.6446683732694924 -0.02120373887078393 2.599505852603421 
0.8957144492246417 0.7212986800145494 0.000394539982741023 2.433489770828861 
0.933412875283706 0.6878188647492894 0.03084509858496912 2.522889713669275 
0.9102579747294569 0.7131224655416197 0.07427665425542228 2.473420735201949 
0.9442117747759015 0.6686993343152865 -0.02829671876718135 2.543552619585903 
0.9301349565064938 0.6908237288431295 0.0264557178704186 2.515042730183456 
0.9035584308246913 0.7200749982051468 -0.005207554582487948 2.455644738604326 
0.9771991314588434 0.6218330503366455 -0.05643571839515339 2.620033868645057 
0.9661830598874005 0.6447149153097794 -0.01799711559121642 2.597122068061911 
0.9545971560549116 0.6565850191050421 -0.06912692718181093 2.570699628902053 
0.9595914800128329 0.6574659062138515 0.0156904559205839 2.584072566503457 
0.93291648969587 0.6844613170212628 0.02444336174052927 2.520202685928696 
0.9435173175538185 0.6769025141550389 -0.02254911550295999 2.54792179084171 
1.006870902623246 0.5903549521306625 -0.02584385280845082 2.696031957378926 
0.9996938496992609 0.5925434305369873 -0.06520543839208563 2.675269381614404 
1.021908430270532 0.5284130716700398 -0.06213320511983304 2.717871473394506 
0.9961078972401993 0.5993940056970413 -0.00809320487481467 2.66662836868774 
0.9937517840338824 0.5996806106135103 -0.03169299258785727 2.659556117416134 
1.004694583936808 0.5796514769183724 -0.03285255613148887 2.684268888359683 
0.9777886809833171 0.618426121312831 -0.09909685643649258 2.622054714269097 
1.00892696458321 0.5456982517098528 -0.1185026810710599 2.687973528053913 
0.9998813656401361 0.5992960647831161 -0.0621259933056689 2.67997596957211 
0.9938568086112625 0.602427222417503 -0.02861817631256273 2.66135214868396 
0.9792107576594377 0.6193707270149332 -0.05282903378804978 2.624560321900186 
0.9964765070116405 0.5907829746626563 -0.06507397128533025 2.665020002859632 
0.9490674066480296 0.6755979565394583 -0.0714759327428903 2.564230052908939 
0.9626904750114965 0.6160844596817568 -0.1590410901125076 2.582321400954022 
0.9754389649616293 0.618250530666375 -0.09666037938373764 2.615421744534359 
0.9179946037902539 0.704462808409716 -0.06028173309996706 2.488312764162253 
0.9177078173986598 0.6766720327952168 -0.142298054474524 2.478010681753576 
0.9553189797310427 0.6653278971983178 -0.06613019339925112 2.577987292556754 
0.984395162158477 0.6171559581744166 0.003919920447055338 2.639002610075544 
0.9828690029870017 0.6170612728585954 -0.004430684275558247 2.63392809351033 
0.9886146889395535 0.6101817866060349 -0.00116997999926997 2.648532621878243 
0.9909909752796007 0.6058862332916559 0.01168706939788526 2.653807384874804 
0.985015827224757 0.6136956099699404 0.006395156279967806 2.638925313318464 
0.9893096421661809 0.6096056949455635 7.968198988992891e-05 2.650448666012063 
0.9923989581108115 0.6040835030765124 0.01158498504121587 2.657175498514846 
0.9847711342443414 0.6161857265094964 0.02168876790045587 2.639950487655976 
0.9846703230389029 0.6172304415963723 0.005280856513145307 2.63988357606873 
0.9959166170835769 0.5979692157644981 -0.00096439541318845 2.665200671040412 
0.9973308051901323 0.5952176657608589 0.009994365767241402 2.668318368545337 
0.9918239045071551 0.6036814561693095 0.01112049970317688 2.655212758754061 
0.9558156945541709 0.6596959821921922 0.01351864067707188 2.573813931641877 
0.9441700146139962 0.6739468650607903 -0.01973805546028266 2.547267560369971 
0.9666265047557099 0.6382175512723389 -0.02459084721800602 2.594747659718757 
0.9441836040178192 0.6719348216141583 -0.02244859104915643 2.545498311087795 
0.9223626409047444 0.699701758730533 -0.06395001997589654 2.500539106088087 
0.9514054334114709 0.659842020573239 -0.07514316975756991 2.563617804034313 
0.9488782796017672 0.6694661205147671 -0.02191206365177899 2.558716569398931 
0.9029701007559939 0.7202910356744553 -0.005872591798847954 2.453419142261274 
0.918673263494172 0.7002541503323444 -0.05817904527269156 2.489255256529967 
0.9181510761681844 0.6956596769897722 -0.06498446544405817 2.482790039424547 
0.899354314942699 0.7265078204817362 -0.001176419232471915 2.446303334004716 
0.8673446329576139 0.7356429268618412 -0.08267525329450864 2.364775134956445 
0.9450692940411056 0.6731244130193521 0.07679304535071114 2.552475827651586 
0.9287462317592278 0.6864463069074018 0.02903728240951837 2.508760349423376 
0.9551165491977038 0.6592085714872333 0.01023381732909074 2.57110890678344 
0.9729773915121905 0.6366541321931395 0.00822171062270141 2.614055210290267 
0.9860219058777026 0.6141661198385459 0.02588923656950912 2.642309971879338 
0.9713397911121111 0.6354448042704223 0.03984928276265651 2.609116622801767 
0.9824255805601417 0.6122704321842539 0.09474795036210154 2.632472163725639 
0.9702482046280976 0.6156844718909995 0.1611887331416823 2.604515697216488 
0.9446616211432081 0.6721075639754021 0.08468057157591398 2.550540746983319 
0.9688020170320473 0.6400824496044487 0.0431652049641266 2.603816665519865 
0.9554325274420039 0.6531361945529532 0.01534875407860285 2.568840406489744 
0.9733322271487271 0.6347355859016909 0.00597642673958185 2.613926588095731 
0.9887918300175923 0.6086716543051445 0.05237416595980718 2.64945678451533 
0.9709513762567318 0.6330283267436728 0.04546107764222771 2.606401859217855 
0.9834998321690465 0.6172282133424575 0.02257404751446173 2.636140760791811 
0.948134460328641 0.6684251086637113 0.07352966703704282 2.559049282591543 
0.9547615208862337 0.6611531044994834 0.01287108497561268 2.571541752989795 
0.9739945593541539 0.6306995469223016 0.04390729471976985 2.613432253441636 
0.9136659291845149 0.699154492751099 0.07391929797330493 2.472374432684626 
0.8737633851224123 0.7367073048995765 0.09372958181629239 2.385027565789638 
0.8937267580399353 0.7218992716674019 -0.006527478005574576 2.426742272105077 
0.949406305286983 0.667576098677252 0.08080652459710119 2.560959066550306 
0.9144804448920717 0.7085994781769067 0.06944217536707042 2.483348641142738 
0.9279601882855517 0.6877175728616474 0.02497900430381612 2.506225660587475 
0.9512926992465891 0.6617178413239291 0.08225599926820137 2.563337388423585 
0.9221019930114158 0.6798920312475301 0.1514361778587736 2.494254851535145 
0.9095893015153678 0.7053349877361476 0.07783138084762568 2.466450865924756 
0.9911062189575155 0.6062634808594258 0.009584369517944386 2.654303562567463 
0.9950458663880991 0.5981681361093653 0.02742288462573615 2.662796627586573 
0.9844588212230808 0.6135781836003756 0.02601896483661552 2.637347097787913 
1.000791306842177 0.5916213055006254 0.07472664922643105 2.679997041161121 
0.9806624195017114 0.6215316856749938 0.09342216228198309 2.633804236585527 
0.9895943849652685 0.601941464885234 0.04649166002571702 2.647601008975344 
1.000915495991277 0.5897198746741019 0.0005297750376333377 2.676930751576674 
1.000932772335238 0.5899464456946807 -8.86824639283328e-05 2.677121440709537 
1.001255694568929 0.5893684551349712 -8.179001641546442e-05 2.677855630243143 
1.000355036472105 0.5911949422320684 0.000335801888009762 2.675936229278484 
1.000983222595516 0.5898376161307143 -6.936532445301499e-05 2.677224244754121 
1.000745050047845 0.589413226799387 0.0008836998693892091 2.676182877546248 
0.9892766684284074 0.6095773823703868 -4.352887701756531e-05 2.650317273740051 
0.9963145771245236 0.5969706013426088 -0.000647328876116269 2.665860616625713 
0.9918841289140687 0.6046190438886807 0.01043452646228557 2.655991179265516 
1.000030583994897 0.5910153542561237 -0.0001876381049032901 2.674732237990174 
0.9995825487014228 0.5899942880497111 0.005058959147921668 2.672666042218395 
0.9971962594884062 0.5976073121043936 0.001424077635641376 2.669254446935403 
0.9998876898445883 0.5912652484514715 -1.670259841500407e-05 2.674403710170557 
1.000030650970937 0.5918830749442878 5.3296895666344e-06 2.675234965635264 
0.9993873429351121 0.5920645537337693 -7.970794010024708e-06 2.673203946595206 
1.000035829664079 0.5918061368261162 0.0002279624937760531 2.674910226601986 
0.9997702812870647 0.5878825424309329 -0.0004449930677438225 2.672771052011139 
1.000108503444123 0.5922335191678931 0.000220383078889698 2.675385360750983 
0.9976813308368261 0.5939159945528124 -0.0007583126316997406 2.668633641105167 
0.9999330190806756 0.590747152228266 -0.00164672015445863 2.674273101902621 
0.9996072657764545 0.5919278523514928 0.0004799441273740067 2.673854474063702 
0.9926428741442382 0.6036490141583793 0.0004973661902257989 2.657785394275192 
0.9950122630885654 0.596573999945723 -0.0113137233327752 2.661427151559185 
0.9984029110882821 0.5950877530487837 0.001865342776773591 2.671731262410779 
0.9923697144227742 0.6025606767110094 -0.0003646034695355797 2.656232098910135 
0.9877441934170501 0.6117162474152423 0.0008588693108974685 2.646574126684199 
0.9891730875243185 0.6090637616440376 -0.009548501504879382 2.649740296899953 
0.9892540807958319 0.6096870105485527 5.862830930664737e-05 2.650308380526211 
0.9864645765754703 0.615126459257854 0.003582505841323106 2.644581192274127 
0.9865185004842894 0.6111310005764395 -0.002441907600185709 2.642206076836517 
1.00135721394496 0.5879625897778777 0.0003505874223440542 2.677366962649605 
1.001083745985318 0.5901686207708816 0.001010052077791951 2.677755188457059 
1.001208910679855 0.5894752787220733 -5.845167389598001e-05 2.677761778135711 
1.003429996286497 0.5814005257426471 0.0009078886879546669 2.680443116259685 
1.003142754632663 0.5867555056049987 0.005138675253650245 2.682621492318588 
1.001671304418108 0.5882332485429156 -0.0006150004358783415 2.678547420391679 
1.012433936193725 0.5769875415523034 0.03950596354368297 2.708827828533291 
1.012085481813717 0.5635886544414509 0.002234039027659794 2.698857768545397 
1.020023851355097 0.5424836044047042 0.02424429459984277 2.71467802049181 
1.013620126964582 0.5583070973137931 0.1213103910253633 2.708649052968573 
0.9984216395045318 0.5810604501118067 0.07162209836149631 2.665979575042095 
1.026866540854412 0.5321977361861433 0.07543000030732017 2.734161684964856 
1.004946997069212 0.5816213667263745 -0.00130569745865451 2.685512753360101 
1.009307842971475 0.5670663902651035 0.005917338148507768 2.69191730516941 
1.006521865501598 0.5832189559220157 0.01705054183037722 2.691954653822677 
1.023600692724057 0.537908821931805 0.02218513834833673 2.723933980357368 
1.026680677350611 0.536955622448604 0.06658263386344469 2.736090234901781 
1.005939853165989 0.5801686080375443 0.03695810174702829 2.688544690973127 
0.999932618947083 0.5856863726766034 0.0002012130729415704 2.672572527471811 
0.9994559306273058 0.5865135809448104 0.000352176077701829 2.671472213568939 
1.000354238734994 0.5916680316350365 -0.001323266224057205 2.675720496385212 
1.002526260106129 0.582028766980183 -0.001158600214028831 2.679315202002128 
0.9995815136197491 0.5849976166311212 0.001792610369066624 2.671233831386135 
1.000922451477286 0.5894373123736812 -0.00503577659828617 2.6762631161637 
1.00491252368986 0.5885962108663786 -0.01013437154477522 2.688582951087359 
1.009418749187739 0.5638966526092208 -0.003251739090421802 2.693199929430156 
0.999902920644563 0.5765592990932155 0.002238321962628786 2.668615071111142 
1.020086868661438 0.5422729829071977 -0.02457125005879579 2.717840801049949 
1.010807756656706 0.5557777148503973 0.00131582047199363 2.693658118253688 
1.006225528757872 0.5830110147904249 -0.03247532814058652 2.689883696273072 
1.002058082065581 0.5878488675382955 -0.02981372148079413 2.678631768791384 
1.024243159735574 0.5279421554827486 -0.06053728292154536 2.725335338341251 
1.023316342655073 0.537085121569928 -0.02826237046043658 2.726024016432634 
0.9761070010556778 0.617599047334157 -0.09768876801692508 2.616529111705303 
0.9701962322607072 0.6079425292856228 -0.1613045175191421 2.601019896950242 
1.015008442709183 0.5490891187727094 -0.1326929893425742 2.711373812849235 
0.8626685677861222 0.7384477183436795 -0.08267750081905392 2.353214920221357 
0.9072185764690611 0.7189069509860249 0.001158385598840917 2.464705854680719 
0.8471738461530565 0.7559933598159945 0.01104352800314633 2.317864307496721 
0.9945295036218679 0.5972155903416885 -0.06716587625827274 2.660867591479983 
1.011621901611954 0.5431777303243486 -0.1184058859857235 2.695538208590117 
1.027826387031402 0.5267014477316637 -0.07185750111565666 2.737653479080609 
0.9244032634458758 0.6710477607314207 -0.143552841588076 2.494263038766816 
0.9630700732395946 0.6190519503003571 -0.1676490725424685 2.585963669392859 
0.953373873797067 0.6702013377631152 -0.06478033893159778 2.574627901867596 
0.9265473425864129 0.6850278319835743 0.1562659913985201 2.510450894995099 
0.8742363996107897 0.7338127262403809 0.1039885869703909 2.385146857233908 
0.9033068925707777 0.7019793132981866 0.07109055335073677 2.44397591256965 
0.9260999177187998 0.6989907781560193 -0.05898975500255423 2.509189487274128 
0.8717952319850214 0.7317474734287009 -0.08443261740427745 2.373194736610836 
0.9147700859708578 0.6820095534783311 -0.1527114744790594 2.475214690566361 
0.8724156006592704 0.7428026745315766 0.09206991003010587 2.384456914031799 
0.8454544530523781 0.7574755858617653 0.01253796721892356 2.315605637681943 
0.8937730071372548 0.7173173844105326 -0.006600836781671796 2.423471162873044 
0.9792017559407582 0.6122198932798789 0.1569485038277335 2.631528205669806 
0.9737112615991101 0.6180847188297175 0.0912554833586194 2.608525932415168 
1.010636341457337 0.5575525303569384 0.1305266861882407 2.697453941647971 
0.9725959618785109 0.6183307004393644 0.1633753186004046 2.612425273442321 
0.9313654662181143 0.67582169689198 0.1492179558412471 2.520443813698714 
0.9385941906408888 0.6671549392609144 0.07879541586593346 2.527591915355333 
