1.000590588413259 0.5910104356563759 0.004836017896170048 2.676619944001115 
1.001417921046637 0.5886157458996948 -0.0006120327846148173 2.677945436502466 
1.00280744068638 0.5875692273443879 0.004911489547019213 2.681980851207021 
1.000326063976076 0.5903568527536828 0.004866569894859278 2.675329604466006 
0.9978628234403587 0.5959172502658856 0.008656999749612794 2.670504425944381 
0.9955591394983669 0.5993123686587566 0.0005059770148104779 2.664846346946904 
1.004923060882767 0.5821381833948593 -0.00132847728333123 2.685820675760653 
1.005412864220053 0.5819049210530119 0.0154369582417 2.68747774591412 
1.002395308645635 0.5882889666305796 0.004926377821322611 2.681001416707528 
0.9975691085310312 0.5962137992859965 0.01081805605833022 2.669692009179506 
1.003501632443896 0.5846323864309705 0.006167564284075625 2.682550108564648 
1.004149213175709 0.5850339133834185 0.01586074868096966 2.685072612367167 
1.009683817477103 0.5728205934489332 0.03591159113300665 2.697127590559822 
1.003587530242838 0.5863399911382431 0.01444095443500141 2.683798446013456 
1.013180797779182 0.5660824113850991 0.003569148750474741 2.704215123038761 
0.9699930418224965 0.6386847155433434 0.04665252270968781 2.606786135428216 
0.9926295662763659 0.5984595789734026 0.05140129425350393 2.655076507485809 
0.9789842656238178 0.6263672789990696 0.09013581621470004 2.631273019093521 
1.002842475580213 0.5831907285167074 0.07678597726818454 2.682459571379384 
1.007143119356135 0.5819143257499475 0.03518266248216937 2.693219813783046 
1.023321165156539 0.5358640970480758 0.07456430481435042 2.724613216631534 
0.9912179636052888 0.6036552870032943 0.05393980741376057 2.654678917526435 
1.009186358942011 0.5728503383911816 0.03829541616507503 2.694810564927527 
1.003731406889452 0.5902797240423386 0.07236927814576634 2.689087815433453 
0.947167391757412 0.6671863004169023 0.08141533148008412 2.555486655994696 
0.9687726746422254 0.6363245874561785 0.03970922526172393 2.600611305444339 
0.9764783592885903 0.6308905457250769 0.09553176059486825 2.626032643057793 
0.9946474427040733 0.6007117993600981 0.02507404517990831 2.662827667325283 
1.007053479925618 0.5779375963081191 0.04051057518238628 2.691205249182862 
0.9910155971842943 0.6019830324508313 0.05235423064637421 2.652876741556379 
0.9840403281190405 0.6198843959089502 0.02744887627823148 2.639826509514144 
0.9974179062198445 0.5963138949409644 0.02736468561998599 2.669241922677566 
0.9905687816594934 0.6068407448802933 0.04846781256418403 2.6541577836429 
0.9829900190428368 0.6219410959245986 -0.008232114370105818 2.637419783921407 
0.9860987057881829 0.6161901265660754 0.005546103677323323 2.643852879973021 
0.9746909315737633 0.6320043115777988 0.005532185248489145 2.616821344308757 
0.9917029190574177 0.6077117473923381 0.01242128651632133 2.657240107186353 
0.9983528732991978 0.5943063173638663 0.009283795119286864 2.671047908998769 
0.9958409289227896 0.598097459398375 0.02453041100259386 2.665366198697736 
0.9732303049757709 0.6316929584596693 0.01048056427565573 2.611860711529913 
0.9849677672681014 0.6172377756389988 0.003742521420013475 2.64083757491337 
0.9826534954306047 0.62077376067691 0.02496544941165019 2.63586513701024 
0.9969032081270406 0.5969178080629433 0.008051426956626456 2.667826582793228 
1.003728471472964 0.5850321396967259 0.01835942189845739 2.683691973373934 
0.9960684654573032 0.5958262806350106 0.02616374492910668 2.664816303319686 
0.9964631281501587 0.599892599394766 0.0298744564777784 2.668583650423753 
1.005561156680977 0.5817892222892298 0.01670202165661518 2.687754895407916 
1.007522108849059 0.5773386162073267 0.03655199649418224 2.692393669177686 
1.000342326791333 0.5907598615173741 0.003823914644516193 2.675643842220754 
0.9999906883625339 0.5921628744452976 0.0004563337310607738 2.675293323287926 
1.001315117207028 0.5890478567511241 0.000260701784691475 2.677863326221835 
0.9981108433978925 0.5953232485961263 0.01002278704717903 2.670960797476402 
0.999589878942423 0.591677476679487 0.004718925794866163 2.673668418409771 
1.002689231259513 0.5860766494630771 0.007655889238574872 2.680723864663185 
0.9993502494558998 0.5926074499542131 -0.0002653970668495266 2.67342968851837 
1.0004118303525 0.5904422475415965 0.0003875517075431712 2.675677252252453 
0.9998329943684724 0.5922323298292578 0.003665169738429792 2.6748216901693 
0.9790975821422332 0.6225352261307117 0.09850850312587911 2.629555217609907 
1.003071933876347 0.5787515782007698 0.07317556755893287 2.679668654514532 
1.008457240726498 0.5587637212669403 0.1290439452279774 2.692064116570459 
0.9998227394035444 0.5916913398630625 -0.001175798550952784 2.674464858067528 
0.9998338060183641 0.5918261164325536 5.155643424998489e-05 2.674556763366483 
0.9994204706688361 0.5928707163509783 6.750187668202342e-05 2.673792683581146 
1.000108001834759 0.5919377755673731 -0.0009898406160135877 2.675267795925747 
0.9999152096780644 0.5898969795253781 -0.000338903126990812 2.674540966232999 
0.9999841718307649 0.592213946213544 -2.792995843222016e-05 2.674932084918122 
0.9998607856626426 0.5913968681804757 -0.001548047550945676 2.674415471087435 
0.9975870376812532 0.5954917790777666 -0.0008323267835848721 2.669260204032283 
0.9998210419354376 0.5926746091231779 -0.005303831104651061 2.675057283431648 
1.000840924063676 0.5903729666310807 -0.005003989564002402 2.676652061581756 
1.000719070215512 0.5878622458602034 0.0003994067837882447 2.676478563718432 
0.9999975622235814 0.5921647498965397 -0.002061250521523946 2.674825757264912 
0.996843206186896 0.5963398767434339 -0.01129822698321628 2.667343605601391 
1.000681162204332 0.5918821157830839 -0.006842458456511553 2.67745041914387 
0.9972900015572708 0.5958598432340552 0.0002255136511247694 2.668490409827241 
1.000495545538824 0.5901041193218408 -0.005838170555814618 2.675237664541532 
1.00427043237588 0.5863159233800156 -0.008845862475827365 2.685728047447631 
1.002859440889887 0.5837631711744667 -0.001965410845823212 2.681447831117439 
1.005208086090517 0.5897903675918109 -0.01018998381541094 2.690230120349665 
1.008764783537641 0.5794039581091687 -0.02913861840847801 2.696454351643963 
1.011936095438985 0.5630530287351515 -0.005373745901485248 2.701238775259973 
0.9892572455593233 0.6081491845907431 -0.01045709329734515 2.649357466005176 
0.9817233965703455 0.6214091859405239 -0.006498767006660938 2.632807899856352 
0.9824123079172311 0.6206028955320254 -0.02190052741316019 2.634955834297738 
0.992945022994296 0.6042887771854332 0.0008601254030801101 2.659191086260079 
0.9897578036623642 0.6095360630373902 -0.01067220674944991 2.651907579684891 
0.9960440804516796 0.5987693710330404 -0.01354453759387071 2.666175320467945 
1.000864928054883 0.5900658330590182 -0.004296688751887849 2.677046046293003 
0.9968628381720962 0.5978974452433845 -0.01311580717323209 2.668331892608755 
1.003233577583584 0.5825895439392581 -0.01111310684129878 2.680720286351146 
0.9945013419690251 0.5994303169067584 -0.01342985436451684 2.661421510274586 
1.004793565959764 0.5821863551990692 -0.02977535225352672 2.685996941659616 
1.003818752761833 0.5823451762153786 -0.01159736257953454 2.682514427201722 
0.9906665420423977 0.6033188475355866 -0.03601376303185063 2.651539379691604 
0.9981028619956847 0.5912600480327422 -0.06473788143655976 2.670595332490041 
1.006790693414696 0.578481771011873 -0.03296794221101527 2.690666086080388 
0.9880907642408951 0.6114054599759156 -0.01058575605112331 2.647456757365031 
0.9920034226768459 0.6053245880225815 -0.02913314347436848 2.657254578444306 
0.9960946445119714 0.5957019371453144 -0.01241279769212874 2.664506977360304 
0.9813648261453816 0.6249502942826723 -0.04904225035824913 2.635242789433984 
0.9540522347746578 0.6609486523340325 -0.07095042866007809 2.571042463258323 
0.9765903734096719 0.6260813642872266 -0.09717237903007712 2.623629282335251 
0.9985648832543687 0.5930941139552183 -0.07082529441391634 2.673461353647174 
0.9769846353490157 0.6264725264784364 -0.05628015673114142 2.622169965799159 
0.978102685861534 0.6252370195985356 -0.09835954127831117 2.62793572604749 
0.9841478189118379 0.6239037389845854 -0.02241874780350256 2.642675043574834 
0.9670386137067778 0.6433804825855782 -0.01973354161180698 2.599098558812164 
0.9753757901747631 0.6209713962030131 -0.05068907951978047 2.613163820839837 
0.9893852911982963 0.610010587286501 -0.006987267251818973 2.650860116374885 
0.9839595621766501 0.6193974366224206 -0.02361067562630288 2.639255115604342 
0.9919110143041037 0.6059750498886446 -0.03271549211390035 2.657423471214403 
0.9839926708993043 0.619864973791052 -0.00810854064788623 2.639294604047295 
0.9722182596817922 0.636643556646323 0.00800530636522013 2.611607384317337 
0.967236854986668 0.6405590918139844 -0.01563294051471972 2.598263089710721 
0.9930574355654479 0.6015549798694203 -0.0339960579476836 2.658497775626874 
0.9817855031555317 0.6253399390043682 -0.02627105715922229 2.635853466953034 
0.9786695987293443 0.6192595922980245 -0.05216111376891788 2.622853060247405 
0.9838096419477649 0.6174240895993911 -0.006582309040938859 2.637251002462966 
0.9894277107012309 0.610649775160401 -0.01010600437513031 2.651563233595279 
0.9887535375627203 0.6116821759436668 0.0009284824057162348 2.64990009178858 
0.9694139958583037 0.6435307601778792 -0.0145715050582699 2.60680433399689 
0.9449272332302329 0.673771672486046 -0.021650032262875 2.549264171080371 
0.951323443029802 0.6587928134792066 -0.0671994836925618 2.561714741230736 
0.9838491761712933 0.6201957420768657 -0.005751873449329005 2.63899638557307 
0.9698746341928389 0.6388055798365848 -0.01924513910566081 2.605716565132921 
0.9834131958846287 0.6222310046731734 -0.0258753000196404 2.639411941443229 
0.9753760612039857 0.6351151925996207 0.01039397202943458 2.620698193702512 
0.9571264023066733 0.6537237108124032 0.01134073729206477 2.57460806481225 
0.9661634870799257 0.6463597319018191 -0.02136936384681209 2.598886807524962 
0.8935796032077664 0.7229978614434996 0.0004952378858952433 2.428399207231337 
0.93212130094631 0.6896221185178134 0.03129555877894979 2.520163588518617 
0.9089391707513709 0.7145311888859553 0.07482874338388151 2.470530549534244 
0.9430816318479089 0.6705038914886823 -0.02850791071426967 2.541233984680393 
0.9288231185750839 0.6926206185525643 0.02686212336611712 2.512266636547387 
0.9016290886322658 0.7218170034930761 -0.005255248397553934 2.451154508270366 
0.9770074589823333 0.6230703334357588 -0.05698768191862198 2.620223715139636 
0.965664993719498 0.6463899443649397 -0.01814762554226905 2.596558148415388 
0.9539701934616723 0.6580160321710632 -0.06975562070465748 2.569718825076206 
0.9588625382477584 0.659191146512498 0.01609431844193982 2.582910262880434 
0.9316351785199636 0.6862338257404 0.02486242696920902 2.517489625865315 
0.9423776291339999 0.6787158433350347 -0.02272513031843065 2.545625926737807 
1.00711162396423 0.5914570912601138 -0.02615157370359476 2.697503057950855 
0.9998183287904875 0.5936611049611845 -0.0657000829288035 2.676387276050516 
1.022227489678266 0.5306015482328816 -0.06241932627423505 2.720129331468336 
0.9962905926676767 0.6003306921982686 -0.008306434891411649 2.667798822493894 
0.9938350145851551 0.6007556633261121 -0.03209948803881307 2.660492106139737 
1.004922841641105 0.5806938119194979 -0.03321821243794107 2.685645841202482 
0.9776592125667863 0.6197572411995451 -0.09971663211257863 2.622536425436675 
1.009106070645341 0.5476365220832876 -0.1189743408949257 2.689693956318331 
1.000018116289509 0.6004705309861417 -0.06262525896046499 2.681175950823493 
0.9939527238903237 0.6034660880878845 -0.02901561486663634 2.662308373350267 
0.9790474215981548 0.620548951926951 -0.05335656875929135 2.624793091897471 
0.9965828985906708 0.5918984636344852 -0.06556643609902879 2.666070664228045 
0.9484440514007058 0.6769615019306314 -0.07210047337160209 2.563268406348385 
0.962432023194029 0.6177456115110147 -0.1595856831899106 2.582643869778123 
0.9753269963374708 0.6196496821764172 -0.09727407953980347 2.616007152603268 
0.9166652513003177 0.706026295803327 -0.06077345443680335 2.485423804709794 
0.916833597517184 0.6782056803997073 -0.1427490796214671 2.476501306163048 
0.9547311647387008 0.6667679773521236 -0.06676954215441797 2.577163868137647 
0.9842106974084883 0.6185506409307341 0.00402503867247822 2.639271446614758 
0.9827300263011967 0.6184681524651983 -0.004418199004407891 2.634355055866635 
0.9885994348150878 0.6113430540688898 -0.001188788007601313 2.649199582836102 
0.990823575010176 0.6071459432784421 0.01182672644846715 2.654027468664802 
0.9848558451672823 0.6150241527329786 0.006529583985317291 2.639229028503268 
0.9891511531447166 0.6108068165270529 7.028857399589365e-05 2.650667057942058 
0.992260248869046 0.6053391713335451 0.01172347715635987 2.657480426483466 
0.9845925899390365 0.6175531938834836 0.02202609608965403 2.640229541906436 
0.9844928260183767 0.6186453801529422 0.005413971167765643 2.640188177624044 
0.9956315077263376 0.5991605384766701 -0.001002062058146365 2.66497171081462 
0.9971100371140365 0.5964706312154033 0.0100325130541308 2.668335114441238 
0.9916835853910735 0.6049117886366895 0.0112373891524806 2.655500328784606 
0.9550252134998541 0.6614917826430408 0.01385925414378307 2.572516407709699 
0.94309532429051 0.6757392652108902 -0.01991698326865171 2.545146721642062 
0.9660911066842393 0.6398565565155115 -0.02480044042960939 2.594096485598831 
0.9431293787554811 0.673686284835754 -0.02264973993532491 2.54339123140965 
0.9210314478373465 0.7013374068071876 -0.06444011283882545 2.497691652602983 
0.9507450881246977 0.6612897024673052 -0.07583255763726811 2.5625664248364 
0.9478836650274708 0.6712113395231306 -0.02208540817085142 2.556771350963349 
0.9010298981378132 0.7220669711763729 -0.005882985178402141 2.448902395720704 
0.9172209461108698 0.7019055695451657 -0.05863762227744733 2.48606479117439 
0.9167112969530945 0.6973441062161897 -0.06546337614553951 2.479628715346416 
0.8973722475608857 0.728156708257289 -0.001127705664326726 2.441609598851024 
0.8652064698954038 0.7370736807464229 -0.08298990093757511 2.359724651025979 
0.9444570345882798 0.6745192888467036 0.07751842268500529 2.551577759858119 
0.9274597216637352 0.688211638845332 0.02944837849274183 2.506055566482492 
0.9542350831961645 0.660992643137275 0.01058194746229257 2.569523576612344 
0.972566427540874 0.638308223982114 0.008479702843575066 2.613805337174111 
0.9858615630394265 0.6155260392914861 0.0262700311136472 2.642631130541388 
0.9709809390303926 0.6368833047886064 0.04042167944331673 2.608918013595201 
0.9823241435666704 0.6134655923172607 0.0952567980699103 2.632922707017746 
0.9701633333244246 0.6168145732116462 0.1615262173102928 2.605015970276489 
0.9441505308547108 0.6733611134077793 0.08534104450840999 2.549869760457831 
0.9684111231940212 0.6415568959885708 0.04374567711089395 2.603546884227169 
0.9546716029482533 0.654857305830311 0.01569676992622565 2.567586041989353 
0.9728998085709931 0.6363723182882152 0.006187450941786053 2.613587947961732 
0.9887418876651768 0.6098834215927431 0.05280545865670295 2.650056749444972 
0.9706281767184366 0.6344550213267393 0.04602102887866745 2.6063099431355 
0.9832897700772443 0.6186298279215208 0.02291706254853258 2.636338291690782 
0.9475260688270272 0.6698070023796229 0.07426073305160741 2.558144125919408 
0.9539277386845277 0.6629409962366073 0.01326530874279419 2.570124611952018 
0.9736595606068557 0.6321186605878925 0.04450293677583082 2.613269928313732 
0.9124108904722704 0.7005876734946083 0.07448991793217806 2.469601261310203 
0.8721169815112507 0.7378840988206237 0.09400809247413061 2.381196588225303 
0.8914692015281187 0.7236447464220389 -0.006396834261008771 2.421347226142252 
0.9488563073800984 0.6688696730921936 0.08151986238289076 2.560133615411184 
0.9132621358425415 0.7099639286990503 0.0699893444405093 2.480711078018923 
0.9266484579179451 0.6894938781785115 0.0254122520024788 2.503459426600569 
0.9507094708385589 0.6630589449556648 0.0829230590999611 2.562452573452047 
0.9215697774186068 0.6810336679382366 0.1517408496115802 2.493507734702522 
0.9083771440378281 0.7067161878641974 0.0783880016359208 2.463844265233108 
0.9909343752105033 0.6075564095128556 0.009698271238962237 2.654527513799522 
0.994974740776981 0.5993961816005899 0.02766174059740513 2.663305850948656 
0.9842950148919017 0.6149242553288676 0.02637275773866802 2.637658856460552 
1.000897931026255 0.5927323154429208 0.07505590186628382 2.681026138198069 
0.9805889472750995 0.6227190758140762 0.09392718447792996 2.634362902165985 
0.9895392621840954 0.6031790215042485 0.04691834898323548 2.648193681338518 
1.000252135445357 0.5911473017365797 0.000519791467560303 2.675566246074244 
1.00009423953645 0.5914400149496573 -8.051771554895584e-05 2.675213878024389 
1.000412402865742 0.5908742074610803 -8.704945391947998e-05 2.675937597406071 
0.9997819090901365 0.5925689396584043 0.0003243804598808083 2.674843784668866 
1.000138885949826 0.591342814139284 -6.3771792743938e-05 2.675304153700405 
1.000086643483925 0.5908485791202911 0.0008636644488605219 2.674839368468438 
0.9891471431673591 0.6107700618529832 -2.407222612644867e-05 2.650626000895207 
0.9960438403360607 0.5981268162038276 -0.000672227820353688 2.665656459091805 
0.9917326775545525 0.6058573317316222 0.01055369985076202 2.656247950782909 
0.9994765907189249 0.5923771594050548 -0.0001881307023159342 2.673697437961572 
0.9991797056225041 0.5913205531758466 0.005008116498211988 2.672110812714455 
0.9969168194839476 0.5988022449696661 0.001423712608666204 2.669045133109709 
0.9999655860067985 0.5918736722296961 -0.0001053386908806545 2.675023168058619 
1.000065104815466 0.5921455968958684 1.036504381178863e-05 2.675505865683138 
0.9995540632599119 0.5927525873836047 -1.158611866520728e-05 2.674166487644592 
1.000091095293018 0.5921109015720555 -4.165223393832977e-05 2.67527386515838 
0.9997849107200151 0.590041740114565 -0.0003182440413490729 2.674097122196305 
1.000100894666814 0.5923219340409361 1.882274862029135e-06 2.675412248127625 
0.9978706380095467 0.5948344042347197 -0.0007734128821495817 2.669809008044087 
1.000110012998718 0.5915155259821899 -0.001809445079234687 2.675316106417232 
0.9997718890882112 0.5926738988993421 0.0004674627434619438 2.674844054103698 
0.9927745732738118 0.6047549798463365 0.0005228594804825558 2.658892334392112 
0.9951678429902042 0.5975865264856092 -0.01147807192357167 2.662550989476621 
0.9986081373619917 0.5960199500727187 0.001876213092268772 2.672968133584334 
0.9924965450370911 0.6036145406070345 -0.0003689561610997974 2.65729085931507 
0.9877269422467225 0.6129043039016812 0.0008759266268796057 2.64725250269569 
0.9892171004843328 0.6102958648734806 -0.009627338747332187 2.650645204321008 
0.9891056126330917 0.610877581765504 4.918676941376632e-05 2.650553274962591 
0.9863235396766488 0.6164796976712617 0.003680586605293809 2.644962841686263 
0.9864686225987405 0.6123069962924444 -0.002475635509482771 2.642771101625884 
1.000794806759034 0.5893836738291175 0.0003523692501602001 2.676330612560233 
1.000421937803976 0.5915926028262628 0.0009977833656066076 2.676394195098426 
1.000360144427773 0.5909895875574248 -6.053160778977412e-05 2.675830740658834 
1.003169020877561 0.5827762595831846 0.0009185673930670246 2.680371033104896 
1.002884665103445 0.588042102350857 0.005120280120062518 2.68251481345652 
1.001115459340183 0.5896859202398322 -0.0006286141342537114 2.677550080173772 
1.01255620606481 0.5781370328706861 0.03966796729789961 2.709899540656436 
1.012082833505844 0.564865073863542 0.002224575653356982 2.699557844466841 
1.020172121951628 0.543661703893818 0.02431287073198553 2.715810496253809 
1.013781138522478 0.5594069053230271 0.1215724178162939 2.709830230898679 
0.9985234424215628 0.5821948656585845 0.07195859861781492 2.667003620639146 
1.027093080599881 0.5333004262628755 0.07559436631713033 2.735513247566176 
1.004705451169206 0.5830030943829853 -0.001312422951385349 2.68550492857642 
1.009292321753417 0.5683324339387701 0.005947515423794224 2.692578489407406 
1.006492543175073 0.5844280120631745 0.01710710600000271 2.69255875737563 
1.023765031918829 0.5390719023757232 0.02224677231093723 2.725104443345205 
1.026913246660798 0.53805016778472 0.06675213756257573 2.73746459952035 
1.006038960131753 0.5813466732576584 0.03712467544686772 2.689559591546233 
1.000086388025492 0.5881124890352063 0.0002272302186824427 2.674519449160163 
0.9995126286695477 0.5889986421258029 0.0003941168864291371 2.673132124365804 
1.000518267826279 0.5921936714522813 -0.0014549726359057 2.676575490969537 
1.002748472606461 0.5843950328843898 -0.001090571728028102 2.681446022238461 
0.9997502384494973 0.5874855209890141 0.001834072458463119 2.673265372188201 
1.001177086224164 0.5900852612368015 -0.005283049861014713 2.677491934928983 
1.005181696864709 0.5897328525783627 -0.01026674909252255 2.690150547565178 
1.009715086289118 0.5664361448911406 -0.003255595446544812 2.695639803333526 
1.000158627257476 0.5791705818018101 0.002274479106161623 2.670993866776768 
1.020433684087783 0.5446697347662114 -0.02467631446768948 2.720319777583645 
1.011123852625447 0.5583213386348358 0.001342366776336928 2.696145084662168 
1.006471400084494 0.5841026027579121 -0.03279259131486074 2.691351889870421 
1.002265136389262 0.5889469837956042 -0.03013818739664321 2.679986123855508 
1.024580376353551 0.530141138345984 -0.06081130006592422 2.727654526874802 
1.023681677698968 0.5394654509007671 -0.02837078531457672 2.728546074954338 
0.9759420234734886 0.6189717492931075 -0.09832972861344379 2.61692647862042 
0.9700267054222929 0.6096251700685921 -0.1618225035198436 2.601605871081259 
1.015212786050914 0.5509933585340933 -0.1331452117302516 2.713161904991134 
0.8605383706464941 0.7399052254912478 -0.08304472822520112 2.348254897422429 
0.9051645104912321 0.720530795004345 0.001302587526501301 2.459719034063647 
0.8445068430391469 0.757336994385816 0.01104056330178087 2.311361793021177 
0.9946137522669888 0.5983717250082206 -0.06768207077029195 2.661885366633164 
1.011821490156318 0.545131665871464 -0.1188748776635409 2.697325364593019 
1.028178159696694 0.5288701697367018 -0.07216087302910762 2.740008967708949 
0.9236309219073885 0.6726005022850049 -0.1440160176121997 2.493041527425223 
0.9628659387560713 0.6206782547434457 -0.1681989884254686 2.586446354357706 
0.9526895055915868 0.6716036307956804 -0.06540731092413163 2.57348665444967 
0.9260571778739514 0.6861545739194508 0.1565452444545669 2.509771364349833 
0.8727450385434639 0.7349991662674216 0.1041498757654043 2.381769692175951 
0.9020341728260972 0.7033840169136462 0.07163597432970097 2.441212159566658 
0.9247089990800421 0.7005665146405934 -0.05947498479215062 2.506089435938502 
0.8699734770597159 0.7331774182187398 -0.08468004874653644 2.368989531253218 
0.9139647862428881 0.6835093604418356 -0.1531516847495734 2.473930392821584 
0.8707616934607546 0.7439131177095839 0.09226606592668563 2.380549680680188 
0.8428376124299425 0.7587615034715645 0.01248445831808725 2.30925450268642 
0.89150150364932 0.7190932774747651 -0.006426405761716598 2.418026680118457 
0.9791341924587734 0.6133465621237723 0.1572849454132293 2.632071905507819 
0.9736181876248914 0.6192580485668127 0.09175749617744325 2.609015760377804 
1.010793998112813 0.5586617384295959 0.1307943826334226 2.698619764376176 
0.9725315619679183 0.6194534355212308 0.1637098509136986 2.612967035762735 
0.9308595876291698 0.6769626484927372 0.1495442853125614 2.519754572895722 
0.9380444010207246 0.6684460390009793 0.07945667997555379 2.526831046089103 
