1.003666583907914 0.5870577611690714 0.004659459217026434 2.684539068366028 
1.003919954037004 0.5850410368007893 -0.0006871015142971796 2.684191404070728 
1.00629603292936 0.5834170754305896 0.004831676852520362 2.691199059379962 
1.003413144044576 0.5863630309967496 0.004618592633921509 2.683268279477507 
1.001651795639018 0.5914827345129422 0.008673899017471913 2.680461967910554 
0.9990909685632984 0.594829717765829 0.0004895802821401467 2.673877796215971 
1.008440913384617 0.5780947074175679 -0.001326835868835812 2.695252757581295 
1.009730587972953 0.5772025200247725 0.01547428290825802 2.699215928031778 
1.005929773364395 0.5841088117276664 0.004800021007719422 2.690346480244976 
1.001394710167272 0.5918240303314516 0.01087807551848425 2.679792516982561 
1.00706901101044 0.580432840770654 0.006042417686362721 2.692031518761663 
1.008435678985275 0.5803312291639104 0.01595644977101415 2.69667080670747 
1.014456887134869 0.5676316660110555 0.03602570639157569 2.710232918820301 
1.007899150611116 0.5817214264535827 0.01451646019772822 2.695508986791611 
1.017427588302041 0.5613517482286348 0.00349123371227445 2.715892832122524 
0.9738205307884719 0.6335113545842611 0.04831465795681838 2.615909839552269 
0.9971660730154849 0.5932410224019391 0.05225738192873995 2.667033465038444 
0.9836828285129747 0.6202568983363611 0.09052830528720691 2.642773924521228 
1.007786210735031 0.5774417602293348 0.07667608586444673 2.695630717364609 
1.011907642370286 0.5767571048827551 0.03530949001311531 2.706218044447804 
1.027980982930003 0.5302356576823192 0.07390791432898522 2.737492979481489 
0.9959316428716681 0.5983371626988542 0.05472810713764066 2.667090592014865 
1.013924529683444 0.567638325133674 0.03841678677265842 2.707789460953342 
1.008606014541357 0.5844240620705174 0.0724096211536831 2.701929310239109 
0.9513605248992005 0.6610985800960519 0.08232586437205411 2.564638968035645 
0.9724966190850802 0.6312234301297718 0.04140552956296687 2.609463746705325 
0.98129915886361 0.6246503865284069 0.09570659078877231 2.637747702891436 
0.9990567701725583 0.5959279905936781 0.02563469251156482 2.67458557364882 
1.011840109752568 0.5727005115882936 0.04063296813498841 2.70425784674732 
0.9957412944044807 0.5966908446550179 0.05316908859161359 2.665356320085794 
0.9879456645576326 0.6153553476305608 0.02889809461713626 2.649854313663791 
1.001818580421682 0.5914364524920787 0.02801349672049336 2.680978150459281 
0.995151409737759 0.6014838165920779 0.04947256895288158 2.666082245014358 
0.9851593855886587 0.6189331537970219 -0.007254412064162752 2.642628873595298 
0.9891645885417518 0.6126402381058205 0.006603495388653241 2.65172821614482 
0.9772763131501377 0.6283350516995898 0.00721742923393678 2.622889133677567 
0.9956076230731923 0.6034049361157928 0.01312155646544024 2.667527742672303 
1.00216287948164 0.5898931654956069 0.00935238268381126 2.681102962947362 
1.000207079377521 0.5931872467460098 0.02520829059270872 2.676942244251471 
0.9759065764320816 0.6279952930561022 0.01220085129607936 2.618202444501955 
0.987924621631813 0.6137754317139195 0.004715701760819091 2.648396410683312 
0.9864119331998277 0.6163068147772902 0.02645724536649677 2.645421422841394 
1.000669263856874 0.5925861904357048 0.008072399463422057 2.677749361951397 
1.008021088269885 0.5803432596607988 0.01842363187665415 2.695315566818993 
1.000533251365385 0.5909655173200448 0.02670868777532272 2.676768787980287 
1.000933396825805 0.5950530432253277 0.03045378310998763 2.680538758988325 
1.009836392794798 0.5771328386733658 0.0168029297581724 2.699381480375633 
1.012265978245823 0.5721029643634712 0.03676839765573352 2.705317990960473 
1.003380855020486 0.5868126961438055 0.003603070919175334 2.683441762310475 
1.00224983052165 0.5886457172910332 0.0004134862449281675 2.680735472370139 
1.003833223999794 0.5854598770223627 0.0001801772065068792 2.684152683415235 
1.001945093005289 0.5908921454301456 0.01002502990646333 2.68107958947484 
1.00265438503845 0.5877729636820582 0.004505330339497337 2.681565924098064 
1.006238799614304 0.5819081759803266 0.007558573273601791 2.690146541884944 
1.00194316171783 0.5888189938114317 -0.0002500604315816985 2.679818941746063 
1.002653218839995 0.5869928464775336 0.0003407024444791728 2.681113506780358 
1.002872733800272 0.5882591547037709 0.003466905475083933 2.682595527064447 
0.9839574506984243 0.6163363610244994 0.09854752115616559 2.641543976201848 
1.007918620554584 0.5731417335821661 0.07312276581055438 2.692669473657811 
1.013196663649486 0.5528080036880496 0.1277191984546773 2.704552413379914 
1.000520767765871 0.5877908591881885 -0.001543383404251381 2.674487413884437 
0.9999887821166064 0.5895963950784771 -0.0001989570900713593 2.673758497552915 
1.00011894484454 0.5914183998967187 -7.886333066807794e-05 2.675255868192313 
1.000851957606119 0.5885104025659346 -0.001124668910299949 2.675719337567138 
0.9998463702477529 0.5829328587321764 -0.0008690256338103244 2.670205488462627 
1.000287478592635 0.5905054211877816 -9.468357184330758e-05 2.674933053768896 
1.000571266207052 0.5874023661836114 -0.001809572254236352 2.674424288103525 
0.9988142428657949 0.5942066180864443 -0.0007648768025082083 2.672566694372924 
1.001095617723688 0.5881321767913124 -0.005500317937947975 2.676612843350866 
1.002130660239333 0.5859884464766504 -0.005111758334701237 2.678371177688737 
1.001325627106207 0.5796110374605329 0.0003830629696932881 2.67366041212933 
1.000722548792239 0.588956158217853 -0.002160793035512932 2.675337498064662 
0.9985544494357869 0.5928736062230618 -0.01116545291245669 2.670957693246093 
1.001975027647975 0.587322725607466 -0.007102790882237172 2.67906704846329 
0.998566189276713 0.5945414664844695 0.0003533116202297452 2.671937433112481 
1.001757985680505 0.5856123837136189 -0.005779255381905385 2.676799885129206 
1.005871600881662 0.5799430090637829 -0.008766374410340637 2.687375856052816 
1.004073691921126 0.5752547677273661 -0.002063502297971545 2.680559853905149 
1.00677231683783 0.5835276702955338 -0.0102518513318134 2.691795354305862 
1.010402701102915 0.572546883799314 -0.02917755016251383 2.698035113927124 
1.013428305826395 0.5542337001965056 -0.005136276447261381 2.70135593879336 
0.9913121484030286 0.6053972431417606 -0.009993883164627154 2.654448422717258 
0.9839568921888615 0.6185104059069613 -0.005526141895500071 2.638290825580141 
0.9842081274010921 0.6170385138349848 -0.02118400128786377 2.638582657684132 
0.9948657545982014 0.602311215914239 0.001063261464910659 2.664341261233597 
0.991854766546153 0.6067323934159332 -0.01012959049328598 2.65710005629215 
0.9977508558195334 0.5955216564876764 -0.01336107703509151 2.66988775478481 
1.002127752109023 0.5852244334739879 -0.004468163111492354 2.678408851522259 
0.9985624470869922 0.5944308165848579 -0.0130794052828464 2.671885474604139 
1.004759951959587 0.5759650264526379 -0.01121460192513297 2.681984503091866 
0.9962527100621652 0.5960031550645456 -0.01344628695694678 2.6651479990428 
1.006445177007364 0.5753848690604644 -0.02992521358385406 2.687594378843956 
1.005350833780497 0.5756759048437566 -0.01172476327668078 2.683777059173878 
0.9924896749545191 0.5987467285001157 -0.03597892294050158 2.654774288101566 
0.9995417816435268 0.584110729265048 -0.06434609049606417 2.6711423684427 
1.008397828921843 0.5713166285231245 -0.03294210750746527 2.691941079332968 
0.9901319488455269 0.6088166771873701 -0.01007447365638807 2.652570469906198 
0.9938093558631048 0.6009212377553994 -0.02890477722280807 2.660540177994755 
0.9978146679700821 0.5921154121572014 -0.0122661496012395 2.668077135667222 
0.9827295148359045 0.6195145807191421 -0.04843521921618184 2.636235348606942 
0.9550193712122037 0.6547238590391855 -0.0699278717256166 2.569744422817631 
0.9777147100006255 0.6188749087972426 -0.09618422939318409 2.622589131819654 
1.000028211263243 0.5858675553464828 -0.07034811839228396 2.674003491741781 
0.978423577042503 0.6210013895800239 -0.05572468937881429 2.623328407745177 
0.979233357433956 0.6180461679119599 -0.0973222206837378 2.626942745251421 
0.9859532306989088 0.6206014556271667 -0.02156228469019024 2.646481898762426 
0.9686182750818326 0.6398068414373287 -0.01834977284270693 2.601789250866164 
0.9766927047587296 0.615914077020304 -0.05017359974204674 2.614229125700068 
0.9914849654558573 0.6073335272825165 -0.00635905233341192 2.656130473813786 
0.9858162780244344 0.6158308861936749 -0.02285405337345265 2.643088657780782 
0.9936757026429903 0.6016002446073669 -0.03249939176575394 2.660581048453955 
0.9861958355458481 0.6169298792598557 -0.007144517163837968 2.644675609961575 
0.9747320675940917 0.6330499553519866 0.00974376993076217 2.617449958338664 
0.9688134911233793 0.6368743515671852 -0.01432039624715777 2.600914697946825 
0.9948171023515923 0.5969538647867629 -0.03382800012088803 2.661535137684507 
0.9836095220462916 0.6220436070852701 -0.02557985608360565 2.639697644024963 
0.9800978075171273 0.6141357243350438 -0.05159567318618637 2.624272390470924 
0.9861224236794944 0.6143520076413171 -0.005641371805133516 2.642921002879569 
0.9914714138328217 0.6078844369815155 -0.00957970845908291 2.656597385529531 
0.9912492806313095 0.6088845047251382 0.001039198938908847 2.656402916239892 
0.9709485328256572 0.6398932317745922 -0.01295730578284066 2.609336745891149 
0.9460766176723744 0.6687521621152744 -0.02011373365022569 2.549309597480467 
0.9520595462264493 0.652726603241035 -0.06631060849636326 2.55981407314423 
0.9861516689467886 0.6172117194765835 -0.004725067875979733 2.644669539559035 
0.9714936735603139 0.6350753149347562 -0.01796606628891453 2.608497057845895 
0.985146054453685 0.6186671803854591 -0.02516270574435203 2.642826249991728 
0.9779519990616082 0.6312801978419776 0.01226516563196267 2.626615989078161 
0.9593123624196771 0.6493383354990904 0.01334349051567764 2.578660658274917 
0.967551830977004 0.6425877805844693 -0.01994150576418711 2.600818228645407 
0.8953221000764896 0.7166310355223303 0.00149731781103053 2.428509028096832 
0.9342743217224972 0.68394844740106 0.03283742103950994 2.522796431508567 
0.9124003058154294 0.707812988397487 0.0753394532571791 2.475942908480395 
0.944024084742854 0.6655400367472635 -0.02678254597757036 2.540660659257447 
0.9310565396739916 0.6870098411495627 0.0283505422643755 2.51511712870102 
0.9033010278870953 0.7153287229950128 -0.004222600155825661 2.451100752947299 
0.9782850441639636 0.6177258642674929 -0.05639646019893607 2.620960327885999 
0.9672162939488809 0.6427851849682401 -0.01670445384325507 2.599114710984698 
0.9548238892274103 0.6518729757558611 -0.06882278907472146 2.56816836439511 
0.9610208733325148 0.6546427203586196 0.01828000627543348 2.586788119203063 
0.9338021450847672 0.6808076087433648 0.02642471434711794 2.520312738982365 
0.9433704797829974 0.6737071503752619 -0.02109104920126897 2.545103418311836 
1.008802681570266 0.5841701796914879 -0.02623832037292047 2.698910010105301 
1.00125587049553 0.5863342570922578 -0.06525633795364093 2.676810696683734 
1.02320985232295 0.5225612236162441 -0.06151707360629749 2.71925591062341 
0.9981101127784998 0.5969548336157079 -0.008103241987790721 2.671783534478104 
0.9956503208900663 0.5961858702421012 -0.03194809695151738 2.66374228295458 
1.006564842542032 0.5738487721266299 -0.03347563801798373 2.687196737874738 
0.9788507302500671 0.6123380829132457 -0.09868626805709506 2.621641377311468 
1.009988532046172 0.5396249203429758 -0.1172556142609272 2.688124722636579 
1.001471287665415 0.5931183853357592 -0.06225735132852701 2.681599302165142 
0.9957782404883477 0.5989341787359101 -0.02885269134028383 2.665601761837243 
0.9804956077224329 0.6152205716421535 -0.0528004932583632 2.626127926339171 
0.9980447077573911 0.5847183077234117 -0.06520365893752662 2.666652906025243 
0.949368419768153 0.6706749875235064 -0.07106504936347482 2.561593142609693 
0.96344793418363 0.609520443599712 -0.1577863501661953 2.580371667549857 
0.9764903956114447 0.6124875975297799 -0.09618441237883171 2.615156616586789 
0.9174438669178773 0.6995770115690501 -0.05951368562801296 2.482780037654437 
0.9178664032330298 0.6701569751929233 -0.1412167456855439 2.47355361041718 
0.9554086891438344 0.6607816666186362 -0.06558922997760062 2.575079332881824 
0.9871792994020103 0.6150637377499016 0.005065888392590233 2.646843809826922 
0.985014943463384 0.6154435571701482 -0.003426799128238442 2.63995111719062 
0.9910441592182846 0.6085404024153642 -0.001181021456961779 2.655531369671039 
0.9946338760141135 0.6026573061103706 0.01250029591917537 2.663883169478651 
0.9879592571375579 0.6113890198131019 0.007548499198468058 2.64717624883315 
0.9924311335594865 0.6069273797896171 6.139344153281078e-06 2.659100408690173 
0.9961080919548915 0.6009970166217595 0.01238266761842479 2.667570496303276 
0.9883507622357691 0.6130598471826084 0.02351690520111889 2.649810291695668 
0.9875566771548643 0.6151742916248437 0.00653437173335886 2.6480855230623 
0.9991144925472275 0.594704300235307 -0.001188722962831427 2.673856893214757 
1.000879459379849 0.5920703686174238 0.01007182157041724 2.678237685197181 
0.9955712479349543 0.6004728455294542 0.01179571138504397 2.66567036905124 
0.9572067137964257 0.657132411193877 0.01588177573927518 2.576531009706803 
0.9442426497179913 0.6707663489824562 -0.01841237137775767 2.545217021411732 
0.9674651720576014 0.6362205191454566 -0.02335588503657102 2.596106114465956 
0.9443004236343422 0.6685316409068709 -0.02109496500300587 2.543366273631198 
0.9217310044264576 0.6949294965081421 -0.06322360014516713 2.494890009884497 
0.9513976118889189 0.6551919582274645 -0.07485820250866879 2.560315441704597 
0.9488528147000813 0.6661508516317801 -0.02039601924376623 2.556222099349152 
0.9026590476703725 0.7156083315066748 -0.00484520617329904 2.448753719693907 
0.9178688752014131 0.6955323649863377 -0.05745643768868525 2.483107782875238 
0.9173647667318374 0.6910113902398828 -0.06410191265943035 2.476786216827416 
0.899042835466444 0.7216946512942984 -7.62519567497562e-05 2.441447020169377 
0.8666614200897078 0.7295124458867315 -0.08215848163124498 2.35754742921572 
0.9485181993655047 0.668386131379781 0.07868751821604757 2.560179725284605 
0.9298081994730258 0.6827529409138258 0.03090331246568418 2.509379653400287 
0.9563532960233825 0.6564995403225846 0.01276190306872323 2.573270143173442 
0.9751441025655083 0.6345321960825272 0.01033663887417973 2.619738301352182 
0.9896536462439846 0.611010591815055 0.02775083070750002 2.652333022497382 
0.9746220982621127 0.6318620369285686 0.04223454579491625 2.617538273164475 
0.9869036988016281 0.6074657095656519 0.09535684301666333 2.644287638635968 
0.9752983936187539 0.6103449632477682 0.1598850019241104 2.617383582121796 
0.9485194789403845 0.6668555474783221 0.08618274314964089 2.559197022463158 
0.9721015584572564 0.6364815377029365 0.0454780986526016 2.612228737696129 
0.9570160646540183 0.6504381463244814 0.01761386068836031 2.572108713233099 
0.9753621368504894 0.6326161162074853 0.007953684656335858 2.619165982883755 
0.993375450416257 0.6044794252314224 0.05366049221011903 2.662060535956881 
0.9744652193897759 0.629443876162059 0.04762975226621433 2.615594950428749 
0.9870579354581384 0.6141794464214305 0.02430815685715508 2.645963933411451 
0.9514459783129875 0.6637161229148169 0.07545270993972766 2.566403989506589 
0.9561446473703646 0.6584021710025549 0.01542776493774906 2.574142115493534 
0.977270742957009 0.6270406158530853 0.04621189865245143 2.621843897351789 
0.9158443131332631 0.6939847060350778 0.07495218382766868 2.475140788226286 
0.8762718955627196 0.7309530209899409 0.09312788149244165 2.387651940428323 
0.8931030673773243 0.7171501279027374 -0.005176354528135362 2.421065888393484 
0.9528735612388121 0.6624211462618503 0.08243270382461428 2.568459409900875 
0.9166808556988918 0.7032379185158572 0.07051515209826045 2.486069713785302 
0.9289588537047565 0.6837977494287157 0.02695790389339751 2.506525051520979 
0.9546275088114134 0.656725828570092 0.08380538689275072 2.570667013960891 
0.9268810104903299 0.6741654598617532 0.1502671063720372 2.504816280951593 
0.9119623480322355 0.7001650858300764 0.0787754238438905 2.469767172803873 
0.9946981112862525 0.6033258644508314 0.01027361117878493 2.664385070606726 
0.9993766822947121 0.5944835030013961 0.02830145785588211 2.674976844809161 
0.9882129101471945 0.6104160120062051 0.02774621834312235 2.647775621777268 
1.005849623883973 0.5868476229915126 0.07496522107752455 2.694039795813407 
0.9853567294592667 0.6166328392951728 0.094166862461648 2.646155882624818 
0.9941558972626693 0.597954412950603 0.04775984123903459 2.660336469729344 
1.00246590890152 0.5876444853109781 0.0004822209529201014 2.680873389030682 
1.00197229431477 0.5880811115431157 -5.654832539686835e-05 2.67948487303057 
1.002265314596882 0.5875519639987171 -9.934078122936671e-05 2.680150637659185 
1.002265398850751 0.5888320438256245 0.0002847138755459531 2.6809020101378 
1.00198379284012 0.5880301478645523 -5.623014972281581e-05 2.679492893884288 
1.002345250986901 0.5873699861050979 0.0007751705066007535 2.680310678416872 
0.992723103129393 0.6067887931322024 0.0001359828340359082 2.659974809076293 
0.9996129862144897 0.5934933314107526 -0.0007587331602485853 2.674728393977454 
0.9954880061690894 0.6013791454710984 0.01121306268979307 2.665949471979293 
1.00207085363671 0.5886083602895981 -0.0001663567179724006 2.680108421815134 
1.002263181740262 0.5873399808843865 0.004781903795744215 2.68002736259134 
1.000442730875579 0.594315779928471 0.001393271158633478 2.678071613802366 
1.00009830283705 0.5896183655658245 -0.0002912269434166448 2.674136104927463 
0.9999400613931377 0.5893904663832065 4.622932612905943e-05 2.673466032852921 
1.000266958072291 0.5909502763656996 -4.718289323152964e-05 2.675472826610954 
1.0004430454477 0.5902981676439597 -5.76851394813716e-05 2.675375985574185 
0.999771928478252 0.583305555383954 -0.001013736636620509 2.670080897566676 
1.000112258087349 0.5908245909113999 0.0003423218230679744 2.67456764554591 
0.9991248212595202 0.593565181489755 -0.0007439984669262333 2.673217286794617 
1.00083983005702 0.5875716861515192 -0.002109209401161616 2.675420652918623 
1.000416443272792 0.5912762171153491 0.0003763584199314388 2.676161020071253 
0.9946933976655292 0.6029139951929668 0.0006851464016803726 2.664115274070325 
0.9968384867067787 0.5942584112536479 -0.01124702749123567 2.666100710282547 
0.9998433977335069 0.5945101422707847 0.001820626383196912 2.676172348192564 
0.9943372935539337 0.601475168559611 -0.0004317230080972468 2.662083600995353 
0.990180973673173 0.6102052492686407 0.0009514293378447572 2.653670037817964 
0.9912876619368595 0.6074871435651387 -0.009078617822554372 2.655742912798356 
0.9924330263741767 0.6069281302204689 -1.368010525194959e-05 2.659098441376463 
0.9893442930641684 0.612909065511278 0.004680369850613121 2.652679998048759 
0.9888981998783529 0.6094985393362055 -0.002458913848890682 2.649031839399521 
1.003256950726922 0.5858054297413576 0.000341980557301612 2.682433543112466 
1.002655033629906 0.5880820106263577 0.0009692198500705073 2.681759835250246 
1.002183776708686 0.5877001164031815 -5.094272869733378e-05 2.679964032669512 
1.006632835412314 0.5787643337755695 0.0009463500402111051 2.689622390347256 
1.006366460607068 0.583872755714999 0.005023661265672955 2.691699339616993 
1.003626122044466 0.586206584868992 -0.0006622208520474737 2.683867234087916 
1.017290365744102 0.5729018653745315 0.03970396931272592 2.722828436958045 
1.016331002809432 0.5601897867515198 0.002189958706428879 2.71127007813228 
1.024718590928783 0.5384628151861865 0.02412617176948388 2.728485093362892 
1.018381628594702 0.5533793628601058 0.1203879031891099 2.721884584458466 
1.003575894574488 0.5764980546784602 0.07187606691594195 2.680539953513744 
1.031553128005981 0.527743202127296 0.07484234049926457 2.747820229458585 
1.008224073472332 0.5789668100290504 -0.001281207470267648 2.694929438914921 
1.013579860257385 0.5635925126312478 0.005961614064560736 2.70433359068515 
1.010821218269899 0.5797665356213908 0.01714704627474431 2.704348272596634 
1.028213939819639 0.5339261835737474 0.02202238703956204 2.737555715347966 
1.03146719803326 0.5323688951823945 0.06623374406961774 2.749989229079304 
1.010898485512071 0.5761682500982911 0.03718805311680168 2.702848064600909 
1.000709143818076 0.5798265399038189 0.0002344724446036327 2.67172808649922 
0.999385412598269 0.5811705060255841 0.0003166330363257845 2.668099941806866 
1.001244161522659 0.5890069179601599 -0.001644195078715941 2.677106520187479 
1.003976848676085 0.5758831514959255 -0.001133812046107752 2.680593880416002 
1.000364420566133 0.5791554608416086 0.001848983886679604 2.670425885276699 
1.002402837649282 0.5856605264026159 -0.005295549882661884 2.678977393618042 
1.006786081781132 0.5836017419140686 -0.01030983050311449 2.691940555720964 
1.011226525504376 0.5575023411635097 -0.003139249089491942 2.69570175072381 
1.001411258394107 0.570262879202972 0.002228644023866955 2.670012263925746 
1.021701859821302 0.5362470389485379 -0.02421912620849713 2.720123088261313 
1.012664658136006 0.5496122075628719 0.00146502297605423 2.696528261642084 
1.008194170440709 0.5770938717461759 -0.03276879820459939 2.693073772343057 
1.004072451399643 0.5817293779623087 -0.03017347103107775 2.681800699532001 
1.025473977894186 0.5221266668231116 -0.05995754562958694 2.726527653968359 
1.024866643116732 0.5311582255257765 -0.02784154360009331 2.728192756973493 
0.9770086418067127 0.6116419289159779 -0.09731388890242394 2.615669303276639 
0.9711653124223549 0.6014787314529505 -0.1599072328313541 2.599911763676065 
1.016002937111533 0.5429465292029334 -0.131219634078565 2.711218283889653 
0.8619639042175286 0.7325311291582638 -0.0823469618806989 2.34604834316107 
0.9066495283950385 0.7139450198431326 0.002622111789211381 2.459007993394781 
0.847409689952757 0.7502732858226828 0.01093272045723148 2.313553656703776 
0.9961429995617226 0.5910124279508037 -0.06728914009522186 2.66252579833764 
1.01259402902123 0.5371945129453968 -0.1172218897065856 2.695486160938739 
1.029055990923968 0.52081470839722 -0.07108034051908101 2.738800534852219 
0.9246833957295423 0.6645688812513322 -0.1424877136093197 2.490283515931491 
0.963991768800222 0.612432433245106 -0.1665633691792683 2.584466972347661 
0.9533049832765591 0.6653866895916035 -0.06415226780667706 2.570959586337216 
0.9312825856632866 0.6792253606832132 0.1549616292717202 2.520756560697917 
0.8770685124641345 0.7281348237508821 0.1031206941864967 2.388794382876879 
0.9057432079368845 0.6968514738724201 0.07213679200750786 2.447493189936897 
0.9252386155094041 0.6940629439364989 -0.05806539002371789 2.502742704304429 
0.8715416166390539 0.7255210524511747 -0.08377887687588512 2.367194663464919 
0.9149965253877683 0.6755558029185468 -0.151653815387229 2.470908276644836 
0.8750012349243455 0.7369316183745772 0.0913904695176621 2.387162693015044 
0.8458033412331929 0.751742823913696 0.01234698304048042 2.311559173726053 
0.8931653536433641 0.712648657957854 -0.005111914326440042 2.417885333302841 
0.9839661917898455 0.6068849812938012 0.1557542840618036 2.643619038651191 
0.9785979741001989 0.6131237311798114 0.09185005355968699 2.621412970180668 
1.015447419091004 0.5527083823448244 0.129414244045354 2.710875129344919 
0.9776267704713704 0.6129418727487641 0.1620206781438735 2.625205621289936 
0.9358397922604582 0.6701199981262262 0.1480790295086721 2.530221871451683 
0.9425181527797772 0.6620056849391105 0.08037545320225316 2.536508949413545 
