1.000762316554241 0.5908436016113594 0.004834962287927926 2.677092651626608 
1.001559457861899 0.588461226637213 -0.0006161132510254652 2.678325869921323 
1.003002658481297 0.5873954359609825 0.004915712109022294 2.68252959628234 
1.00049695113087 0.5901892103183485 0.004864335516285894 2.675799258165818 
0.9980608371325713 0.5957497685509027 0.008672568388157428 2.671061733102435 
0.9957432759279463 0.5991402234763565 0.00050511841513247 2.665352705785977 
1.005117403739096 0.5819701555127101 -0.001331043367470942 2.686372278414546 
1.005631915504802 0.5817179292734007 0.01545751345476752 2.688101542533267 
1.002587979410142 0.5881159374505374 0.00492966156501248 2.681541669230942 
0.9977665205228226 0.5960502513744255 0.01083891489820795 2.67024943535361 
1.00369622533916 0.5844547511811565 0.00617269474272428 2.683095699131949 
1.004366792865099 0.5848487123650492 0.01588497595727026 2.685690972552392 
1.009910193182044 0.5726211604663251 0.03593941153548097 2.697774358661421 
1.003804113674345 0.5861579042946433 0.01446340415058843 2.684414458385218 
1.01339692581815 0.5658938124394595 0.003566523920374161 2.704836425181968 
0.9701568092992344 0.6385162748771076 0.04678249436647435 2.607212782125732 
0.9928394781240391 0.5982776317505041 0.05148291265067106 2.655666031366936 
0.9791985072120424 0.6261131558198302 0.09019309657620929 2.631813728594008 
1.003069322929484 0.582963356968401 0.07680676993458893 2.683084833295491 
1.007368757250653 0.5817190709905374 0.03521359488153557 2.693862846358786 
1.023537667624982 0.5356363017215356 0.07453756767126521 2.725227374051703 
0.9914355795075761 0.6034654650455621 0.05401691801695774 2.655286009733704 
1.009411716467657 0.5726491512606402 0.03832573341245278 2.695452834995084 
1.003955843415383 0.5900458355357763 0.07239768492390956 2.689699536580008 
0.9473389021202147 0.6669407944009158 0.08150809450859729 2.555865711066766 
0.9689276526368179 0.6361615394687897 0.03984036270197773 2.601013700746324 
0.9767019483360886 0.6306264928314268 0.09557388522933666 2.626591921091594 
0.9948592636926735 0.6005456101193472 0.02513191476478293 2.663429838205715 
1.007281282656126 0.5777327003228325 0.04054012981401103 2.691850425706337 
0.9912332740550268 0.601792749048598 0.05242996611018301 2.653483932898754 
0.9842205317972128 0.6197548033315023 0.02755411464576552 2.640338629711266 
0.9976305511596512 0.5961436448527073 0.02742592623138642 2.669846703585713 
0.990780458571535 0.606645644039452 0.0485539498868031 2.654740418830816 
0.9830916113413537 0.6219032507798593 -0.008181135158052496 2.637728130283218 
0.9862457759601204 0.6161158630512222 0.005614456977320302 2.644289309867512 
0.9747977016729987 0.6319350004383056 0.005634423895671258 2.617124760471064 
0.9918941378104509 0.6075783723886983 0.01247288688108235 2.657789992018724 
0.9985507021557408 0.5941409967997194 0.009303247118797814 2.671606224692578 
0.9960521129751386 0.5979235973356076 0.0245912359142894 2.665963077332171 
0.9733395275768848 0.6316221714621936 0.010589315693797 2.612171092745511 
0.9851077333934515 0.6171685369823626 0.003804386778884514 2.641253489971238 
0.982826322036316 0.620647341618376 0.02507300425973635 2.636353872777191 
0.9970982884139012 0.596757107246108 0.008068926458876207 2.668377238127323 
1.003944792053225 0.5848481628172993 0.01838352550568319 2.684306667195974 
0.9962831584789467 0.5956541031009145 0.026218723324943 2.66542667073662 
0.9966776700924787 0.5997237105208951 0.02993355634458854 2.669194584256824 
1.00577654785592 0.5816054601856755 0.01672583309563459 2.688368317548082 
1.00774774461217 0.5771340445199749 0.03658565098889727 2.69303252149415 
1.000514533545615 0.5905914693808206 0.003820028246416393 2.676117229753091 
1.000109016710679 0.5920146871770353 0.0004555572466522498 2.675598914388202 
1.001457218098659 0.5888936421444354 0.0002591477828549357 2.678245709343707 
0.9983103141037394 0.5951557273153558 0.01003968183875343 2.671523245489393 
0.9997589943601651 0.5915138581929181 0.004717405763512668 2.674133733377683 
1.002883022121428 0.5859016231923573 0.007665081199265093 2.681267617196256 
0.9994904275326871 0.5924492173910367 -0.0002677853044222356 2.673801729779806 
1.000529956386967 0.5902948643532642 0.0003856603301529221 2.675983323522614 
1.000004110051713 0.5920666264154192 0.00366279583821703 2.675292434950791 
0.9793202506454243 0.6222778737575986 0.09854245198347819 2.630122065689009 
1.003295534817457 0.5785309664694777 0.07319957071323167 2.680290590818468 
1.008676648567166 0.5585157263496221 0.1289885417292786 2.692656372076186 
0.9998965113151864 0.5915099229463385 -0.001216968460738981 2.674602813482717 
0.9998593661313292 0.5917362121394254 2.298076007087611e-05 2.674588765258943 
0.9994945756457262 0.5928506804969422 5.565949678663835e-05 2.67402723997104 
1.000183000978579 0.5917644560545997 -0.001024258557725351 2.675414546416183 
0.9999174750392577 0.589657366751082 -0.000353077169257241 2.674406141672431 
1.000013775189347 0.5921161311068338 -6.836884479757297e-05 2.67497290896456 
0.9999383493352917 0.5912044333165045 -0.001583698582437229 2.674559487150893 
0.9976907312982209 0.5955113063039448 -0.0008295962488948809 2.669615854122084 
0.9999299656849793 0.5924645655458364 -0.005335984878944072 2.675294775586694 
1.000953300380798 0.5901411047620276 -0.00503903417965411 2.676889152318993 
1.000790903832198 0.5875651286579011 0.0004050432813958036 2.67654276345911 
1.0000729406602 0.5919841040022721 -0.002096527570839005 2.67496906704198 
0.9969642608501705 0.5962227189003693 -0.01131261081355744 2.667675187605888 
1.000794671413847 0.5916683355542268 -0.006879150525586266 2.677701337762264 
0.9973955597183485 0.5958776308642489 0.0002323912326862081 2.668851081003221 
1.000606341131924 0.589861440648814 -0.005876967990937413 2.675463112117316 
1.004398063127272 0.5860127128270846 -0.008866958156518407 2.685976899425535 
1.002973021797355 0.5834465905407308 -0.00195789489793702 2.681642101639306 
1.005335858154 0.5894818306527759 -0.01021828117338863 2.690475754513135 
1.008890737960469 0.5790682956275019 -0.02917265785264789 2.696683963304873 
1.012064799242394 0.5627378087283309 -0.005362101607401804 2.701495527322313 
0.9893706131078934 0.6081159314154979 -0.01043548566942299 2.649710435931486 
0.9818280279668571 0.6213813447525343 -0.006442889713032588 2.633131981659421 
0.982502843033259 0.620515089175228 -0.02188207493565106 2.635196533275025 
0.9930648524276069 0.6042934319220239 0.000876763421113661 2.65958973683565 
0.9898752691372927 0.6094971426933905 -0.01064743464148647 2.652270268786109 
0.9961641235983394 0.5986737191759927 -0.01355414062271764 2.666515580831935 
1.000980320655331 0.5898364398781124 -0.004324054086107441 2.677294804005604 
0.9969824816406556 0.5977738633441165 -0.01313760165862436 2.668653853004588 
1.00335960887479 0.5822706033938252 -0.01114723348610597 2.680955345047942 
0.9946229910141547 0.5993105827066378 -0.0134567865488131 2.661751328539935 
1.004917089630759 0.5818653783628283 -0.02981513348800164 2.686223903035122 
1.003944428407428 0.5820221206673702 -0.0116290881955707 2.682746073900212 
0.9907811636671983 0.6031363057759213 -0.03604765782731727 2.651806500308411 
0.9982100505784703 0.5909259694268251 -0.06475260694755881 2.670754050845405 
1.00691437381397 0.5781403890586656 -0.03299558540757024 2.690883563683715 
0.9882034875391743 0.6113829420639283 -0.01056303157366452 2.647812451003214 
0.9921168222634259 0.6051625946060379 -0.02915278635713076 2.657530878314362 
0.9962143663025899 0.5955809331361723 -0.01242205873394275 2.664831627300916 
0.981447601031015 0.6247147951037288 -0.04906004803585475 2.635364425102273 
0.9541037872322448 0.6606756256599917 -0.07095690837045894 2.57101621225696 
0.9766854688235466 0.6257496901824793 -0.09716259410779414 2.623724588160705 
0.9986778929650508 0.5927595197842158 -0.07083520335419483 2.673637011131111 
0.977070684375854 0.6262363032786754 -0.05629796373320569 2.62229885632724 
0.9781936392304151 0.6249090035079106 -0.09834606041692014 2.62802049487212 
0.9842445473837237 0.6238331539011329 -0.0223911257722187 2.642946152856679 
0.9670933407437905 0.6433027053785071 -0.01968713003831126 2.599220367423178 
0.9754532610641414 0.620766761775847 -0.0507070551370981 2.613286885908078 
0.9895007659565725 0.6099818352087616 -0.006955574981162099 2.651222033682683 
0.9840566861290004 0.6193091698727636 -0.02358996008925706 2.639517131854261 
0.9920228892753703 0.605815150202811 -0.03273923446857162 2.657695638649339 
0.9840986401487788 0.619833545979495 -0.00805384621946255 2.639621696722383 
0.9723170486023388 0.6365829285089334 0.008113243534249942 2.611888875843197 
0.9672865425493929 0.640479644849413 -0.01558288112401203 2.598370270981834 
0.9931695696653613 0.6013782255790324 -0.0340196724170333 2.658761809367933 
0.9818787103935859 0.6252730407939721 -0.02625556028212427 2.636113971468172 
0.9787534618013509 0.6190514893929676 -0.05217250692720832 2.622996140536852 
0.9839210403190038 0.6173790126038208 -0.006529265121649727 2.637587790703188 
0.9895407735852287 0.6106149213391012 -0.0100824655327484 2.651914015927137 
0.9888809086696908 0.611644423920467 0.0009386530406000398 2.650296219259436 
0.9694678773770851 0.6434525456727354 -0.01451221701429574 2.606925409143691 
0.944916536107188 0.6736132616784314 -0.0216141299416158 2.549114785497904 
0.9513506216864333 0.658532028939254 -0.06722495582472492 2.561621737769791 
0.98395856433854 0.6201630975215853 -0.005693028142738375 2.639333758804859 
0.9699338066543586 0.6387203785298021 -0.01919895961799101 2.605851259425391 
0.9835031224974802 0.6221434484163101 -0.02586193985243188 2.639650730442 
0.9754827766745942 0.6350365178766029 0.01051132457167433 2.620994246084684 
0.9571781566244572 0.653619397530791 0.01145810485335192 2.574703562636833 
0.9662005304120509 0.6462809425116171 -0.02132167152205581 2.598952111751544 
0.8934514120293658 0.7227701540601531 0.0005391449026637917 2.427824882873106 
0.932108190754212 0.6894487129843417 0.03140549389140691 2.519995515012737 
0.9089936009906316 0.7142535865308958 0.07490483019774942 2.470484569577258 
0.9430450741068396 0.6703558852895057 -0.02846815047833045 2.54100890008453 
0.9288108666893394 0.6924505889439907 0.02696142096936692 2.512100844209214 
0.9015273238672621 0.7215864877472822 -0.005229386234853303 2.450660287138249 
0.9770859150697599 0.6228465300025015 -0.0570011673940586 2.620336738917515 
0.9657123121725687 0.6463188390768805 -0.01810080079771669 2.596660217579311 
0.9540055367339011 0.6577499316615028 -0.06977298411583441 2.569649088420043 
0.9589138890045865 0.6590781863455002 0.01623185551954531 2.582999619576016 
0.9316249707922748 0.6860651597786045 0.02496605282052653 2.517332546641541 
0.9423389524787251 0.6785697248311886 -0.02268528606917991 2.545395547808531 
1.007238400940685 0.5911080774084774 -0.02618555304785337 2.697723303228039 
0.9999278365933052 0.5933135931874771 -0.06571511228418916 2.676545789136306 
1.022324240804396 0.5302899690765756 -0.0623917176847031 2.720293931311848 
0.9964154222301688 0.6002166965246279 -0.008316856335763253 2.668142662080274 
0.9939504370703222 0.6005773190882621 -0.03212675991774863 2.660766566676203 
1.005047554250805 0.5803676546124744 -0.03326633656548705 2.685874340181847 
0.9777558783943227 0.6194181412812931 -0.0997053213173683 2.622635101326758 
1.00919678862144 0.5472956596503687 -0.1189084836195613 2.689805192987148 
1.000129509761816 0.6001301965406773 -0.06264499276156159 2.681342792987767 
0.9940674191669847 0.6032860037014527 -0.02904276971567686 2.662578752830726 
0.979134529049952 0.6203221023106843 -0.05337194989772629 2.624933740842255 
0.9966941388612097 0.5915604536878503 -0.0655828882176924 2.666239262707741 
0.9484960211588065 0.6766868585179066 -0.07211118530248395 2.563233892137162 
0.9625320281435 0.6173578631454938 -0.1595050327950896 2.582704418157244 
0.9754276054258741 0.6193279496862113 -0.09725984088548896 2.616128181873738 
0.9166394172757413 0.70575681792956 -0.06076913433662737 2.485132463116107 
0.9169096302776416 0.6778173639638662 -0.1426836417574435 2.476440924942901 
0.9547726100199543 0.6665115122290728 -0.06677580246101515 2.577118427464275 
0.9843506308819504 0.618479804257982 0.004091717961925869 2.639686217128197 
0.9828379126386423 0.6184270643350401 -0.004361045356525429 2.634682468095693 
0.9887231608654212 0.6113040738060833 -0.001186929163462239 2.649582949347385 
0.9910107909532945 0.6070012942721602 0.01187742666345453 2.654556859123611 
0.985002715074133 0.6149422360104805 0.00659556563893958 2.63966048600196 
0.9893124498944466 0.6106948747133135 6.752269890535027e-05 2.651129138640254 
0.9924501141450659 0.605203051551591 0.011773102307958 2.658024205589688 
0.9847667418584526 0.6174223655762338 0.02212987576392723 2.640721390627469 
0.984637110397938 0.6185764212403336 0.005483779732577169 2.64061836204877 
0.9958137167274164 0.5989894022083312 -0.001012493813625094 2.665472206477061 
0.9973050343433976 0.5963060761461981 0.01005102820401681 2.668883665456109 
0.9918747296505043 0.6047675409822411 0.01128122068093939 2.65604405003171 
0.9550696832459143 0.6613994979147924 0.01398121260900222 2.572595382172103 
0.94307268918822 0.6755904832305127 -0.01988156912446238 2.544968166615447 
0.9661308950491998 0.639780096313539 -0.02475506391935911 2.594172751452927 
0.9431122645637352 0.6735239378133646 -0.02261846909112734 2.543216892897653 
0.9209943352611548 0.7010787493381057 -0.06443923292066167 2.497378108631869 
0.9507772932852944 0.6610256628918981 -0.07585241271323305 2.562483832507561 
0.9478655168295164 0.6710500340823151 -0.02204315567189486 2.556595577117763 
0.9009290594711478 0.7218400721385052 -0.005850567468141187 2.448411267663075 
0.9171685417820901 0.7016506105618079 -0.05863683528107023 2.485707282701425 
0.9166656911965797 0.6970939072788648 -0.06545202494277309 2.479295628263678 
0.8972630255620608 0.7279196601746555 -0.001085364717321409 2.441084053135592 
0.8651395020321221 0.7367249809120023 -0.08297438068023714 2.359230888842917 
0.9446127773621132 0.6742724122884896 0.07763561380882729 2.551901307692704 
0.9274612888543009 0.6880404654599792 0.02954770634767745 2.505933896308294 
0.9542674873384612 0.6608895072807623 0.01071179896948224 2.569559183097301 
0.9726683956291023 0.6382370406021858 0.008594132316221515 2.614090817690479 
0.9860390746168645 0.6153946957409659 0.02637821633762037 2.643134043855283 
0.9711331586988109 0.6367238123762036 0.0405571865733124 2.609312287070891 
0.9825322264190849 0.6132208452605737 0.09529522666862818 2.633457824161395 
0.9704034141769531 0.6165317608340736 0.1614563976589422 2.605605501684277 
0.944334946301799 0.6730818851941988 0.08543018797658102 2.550262357395586 
0.9685638731030327 0.6413986801437171 0.04388009135353733 2.603941251843429 
0.9547296680902626 0.6547520203746932 0.01581583863902592 2.567701247502217 
0.9729946343500103 0.6363002860398322 0.006292669371862459 2.613849425471556 
0.9889572372292428 0.6096857051837107 0.05288474912939004 2.650647191196188 
0.9707926772112051 0.6342953630475497 0.0461459392557409 2.606744976453348 
0.9834628207861951 0.6185037176619358 0.02301763104582574 2.636828818730823 
0.9476736631722283 0.6695609248189713 0.07437802694485958 2.55844593757522 
0.9539714266837158 0.6628360329290004 0.01340174690912835 2.570195392501513 
0.9738130041433564 0.6319554451801621 0.04463826787354967 2.613668848730597 
0.91247243329693 0.7003174517446737 0.07456417681078813 2.469580656855928 
0.8721782261782728 0.7375669575009667 0.09398303971273569 2.38111070362293 
0.8913164176673128 0.7234195110494774 -0.00633386728427198 2.420706464589304 
0.9490175781971398 0.668594606529987 0.08162120718906898 2.560454799484829 
0.9133280061100654 0.7096794066455786 0.0700632119913968 2.480697846553681 
0.9266447879345976 0.6893139248167409 0.02552081602589423 2.503318019310255 
0.9508601505929192 0.6627986773885962 0.083015205814787 2.56275909083576 
0.9218055541136339 0.6807199761515748 0.1516787845293179 2.494001859345368 
0.908458000790723 0.7064426620532678 0.07845285720559378 2.463880725157734 
0.991119227977833 0.6074264710703045 0.009742916518591577 2.655057876501616 
0.9951872116922916 0.5992226339779726 0.02772215744061832 2.663906217724551 
0.9844760593022674 0.6147919585845768 0.02647264085097038 2.638173191083413 
1.001127796938934 0.5924956118598048 0.07507732225082706 2.681651133758475 
0.980807047761158 0.6224707558439168 0.09397137258153854 2.634922065105013 
0.9897521540222841 0.60299464088977 0.04700110447808136 2.648788518964477 
1.000370239943015 0.5909977465089363 0.0005189470848069553 2.675870673563919 
1.000168805800397 0.5913075710802217 -7.888535380025614e-05 2.675383516463321 
1.000486456874238 0.5907423871591868 -8.838948831522884e-05 2.676106083144659 
0.9999200670424868 0.5924123547212982 0.0003222195814964195 2.675210259770306 
1.000212585613559 0.5912125732840944 -6.233575831135152e-05 2.675472281250701 
1.000205272847466 0.5907001462772238 0.0008616249723900392 2.67514623610534 
0.9893218798746679 0.6106531891991698 -1.637023523813661e-05 2.651129308971854 
0.9962297217315724 0.5979460931562189 -0.0006780816318812505 2.666163325008343 
0.9919188498510718 0.6057116874955203 0.01060238638115926 2.656774219945951 
0.9996175074949565 0.5922179578994717 -0.0001881957299680297 2.674071589320561 
0.9993490858959032 0.5911547139652238 0.005007587172358954 2.672575755505354 
0.9971056899318012 0.5986278977525649 0.001425215994352762 2.669566680409808 
0.9999896188013034 0.5917754083793332 -0.0001269705384166863 2.675045164854351 
1.000064863574576 0.5919810866282817 1.299273850445116e-05 2.675407965799144 
0.99963074537557 0.5927038111861119 -1.391552874261557e-05 2.674392690438866 
1.000127146183519 0.5920065848463557 -7.69138933496671e-05 2.675332338819924 
0.9997860178810222 0.5898166946102752 -0.0003470062932414422 2.673966979466798 
1.000100887503962 0.5922161235769595 -4.306150594338501e-06 2.675350037229367 
0.9979769293726891 0.5948541036373378 -0.0007731856245126223 2.670173486630778 
1.000188191151635 0.5913286210862305 -0.001848506674251399 2.675465572944494 
0.9998438605844088 0.5926566128939502 0.0004609830091251001 2.675073194297801 
0.9928965674079764 0.604770725632148 0.000536416175266882 2.65930454110577 
0.9952832273341058 0.5974831811648336 -0.01148361532892411 2.662871456970949 
0.9987137906782519 0.5960265736550767 0.0018749933774557 2.673322864679184 
0.9926099203140343 0.603607470837109 -0.0003722906986945545 2.657661355179472 
0.9878524800658209 0.6128752925606311 0.0008827746867616759 2.647647656989221 
0.9893308886217065 0.6102562912027293 -0.009602318716905367 2.650995529647173 
0.9892688905082979 0.6107627282132566 4.570990283847906e-05 2.65102000230594 
0.9864686987957684 0.6164013751201584 0.003743914130184369 2.64539107636845 
0.9865880048491291 0.6122672950601287 -0.00247687230868115 2.643139033512655 
1.000935947464016 0.5892289705341153 0.0003534919057965148 2.676709226228649 
1.000540033252181 0.5914436382700776 0.0009973365607046395 2.676698873669331 
1.000433464824316 0.5908597535430278 -6.141385408368917e-05 2.675997873798857 
1.003362210879151 0.5826077638314056 0.0009205728085288241 2.680917684407552 
1.003078813259398 0.5878674636019251 0.005122932109488498 2.683059446318212 
1.001257332797075 0.589536696188552 -0.0006306680438664013 2.677934122234864 
1.012780719985242 0.5779367625849634 0.03969386063594638 2.710539118464982 
1.012298793148662 0.5646791046348085 0.002223222404452206 2.700179927649293 
1.020389637387144 0.5434551219167539 0.02430567731812787 2.716437112174195 
1.013993465772312 0.5591560404477657 0.12152411189299 2.71040043008387 
0.9987561048350325 0.5819693721049285 0.07198258648685642 2.667648301460656 
1.027301686069055 0.5330754666884393 0.07556378269053191 2.736105245377834 
1.004900407198069 0.5828371501144956 -0.001313152591754789 2.686059180834351 
1.009509473766604 0.5681439233491081 0.005950179094632773 2.693200941521765 
1.006710829774564 0.5842432927483326 0.01712752220266142 2.693181040997991 
1.023978840664659 0.5388672370465154 0.02223801922251616 2.7257229276979 
1.027124612235055 0.537820753474537 0.06673183151861724 2.738062040029663 
1.006268647583393 0.5811494251202238 0.03715353528062436 2.690214308604501 
1.000154720742796 0.5878166960971408 0.0002296827449879625 2.674572442600863 
0.9995150989410608 0.5887389528476753 0.0003956217779649633 2.672986440171771 
1.000594522524053 0.5920172208339012 -0.001487473826147741 2.676724444313071 
1.002860353757891 0.5840775554587473 -0.001086603013349889 2.681633810096017 
0.999822243236975 0.5871898318820761 0.001840428891592282 2.673330939182996 
1.001291292779453 0.5898483502992189 -0.005318165659494061 2.677732325018745 
1.005312885974993 0.5894343219185185 -0.01028966736442517 2.690413482712163 
1.009843208672689 0.5661164835893424 -0.003250173758699613 2.69588980646865 
1.00027695947736 0.578858006254101 0.002276377251989634 2.671206765702946 
1.020546744775831 0.5443613281109337 -0.02465852119150925 2.720537171050498 
1.011253963653146 0.5580120107591439 0.00134948867668435 2.696411159800043 
1.006602217537359 0.5837599768022186 -0.0328254754623849 2.691591195080883 
1.002396617943105 0.5885967156625057 -0.03017281336329315 2.680219997124909 
1.024672658111799 0.5298345749466106 -0.06078484494534404 2.72780830577179 
1.023790926811489 0.5391614634834038 -0.0283508889224228 2.72875590982408 
0.9760330591357974 0.6186411011518864 -0.09832364140497551 2.617011743547526 
0.9701271975910263 0.6092455293113564 -0.161737097549615 2.601680824211395 
1.015296122993532 0.5506432327675682 -0.1330590577621061 2.713240876217074 
0.8604719723649018 0.7395756930020302 -0.08304763112930846 2.347777899516277 
0.9050311350744246 0.7202780495611451 0.001377646132271923 2.459110919336447 
0.8443871175416768 0.7570325102016194 0.0110335845632863 2.31074583297768 
0.9947273314719698 0.5980268149472457 -0.06770442421112703 2.662055485156082 
1.011905565098942 0.5447983944756614 -0.1188108060233322 2.697421223778048 
1.028268406689749 0.5285540744646625 -0.072119018456925 2.740150695521553 
0.9237051560026474 0.6722165698828263 -0.143951945804442 2.492984413037846 
0.9629769074165743 0.6202847592574736 -0.1681233273252812 2.586535489137751 
0.9527199804682602 0.6713364450333147 -0.0654100541205926 2.57339392299772 
0.9262927929116829 0.6858353788391807 0.15647435816673 2.51025547413199 
0.8728414145930946 0.7346866869073096 0.1041010561907543 2.381791047132424 
0.9021148959919076 0.7031142397995462 0.07170588991528366 2.441250168243763 
0.9246575825312247 0.7002965759986158 -0.05946245180228634 2.50572450918046 
0.8699620083891876 0.7328201336071267 -0.0846520605963187 2.368651775217578 
0.914052802707693 0.6831194571536615 -0.1530851390164818 2.473899396787941 
0.8708268559695863 0.7435859185252695 0.09223110942376973 2.380463537809721 
0.8427242416075641 0.758453007582933 0.0124672162691248 2.308655677160228 
0.8913485758365708 0.7188738093329047 -0.006351734972870061 2.417387558247858 
0.9793579937085714 0.6130642185439698 0.1572219776484678 2.632616301527155 
0.9738470443300767 0.6190047805893446 0.09179623798492734 2.609604497665959 
1.011010157003344 0.5584136439601792 0.1307365320380032 2.699203876126969 
0.9727713252403996 0.6191674842264686 0.1636379105856174 2.613554498638823 
0.9310770895168642 0.6766505839171746 0.1494858257199639 2.520200849538668 
0.9382321242157037 0.6681741669708757 0.07955060667901666 2.527238279700416 
