-1.47393 0.00267856
-1.37176 0.00335151
-1.22214 0.00433646
-1.07251 0.00532083
-0.97034 0.0059927
-0.930716 0.00945776
-0.877594 0.0125285
-0.799802 0.0170159
-0.72201 0.0214925
-0.668888 0.0245432
-0.477773 0.0990471
-0.456246 0.111314
-0.424723 0.129125
-0.3932 0.146727
-0.371673 0.15863
-0.263665 0.210867
-0.251336 0.19199
-0.233282 0.163904
-0.215227 0.135286
-0.202898 0.115433
-0.647262 0.0391129
-0.615626 0.0459886
-0.5693 0.0560146
-0.522973 0.065985
-0.491337 0.0727597
-0.361519 0.191035
-0.343249 0.196126
-0.316496 0.203302
-0.289742 0.210173
-0.271472 0.21473
1.04488 0.00350776
1.13267 0.00265501
1.26124 0.00140605
1.3898 0.000156834
1.4776 -0.000696376
0.722362 0.0244971
0.780255 0.0200792
0.865033 0.0136065
0.949811 0.00712985
1.0077 0.00270482
0.493702 0.0806365
0.534962 0.066622
0.595382 0.0460492
0.655803 0.0254187
0.697063 0.0112998
0.371384 0.167452
0.392949 0.153881
0.424528 0.13385
0.456108 0.113645
0.477672 0.099771
0.289206 0.202744
0.303997 0.201797
0.325657 0.200269
0.347317 0.198541
0.362108 0.197238
0.136241 -0.219055
0.150022 -0.151146
0.170202 -0.0529597
0.190382 0.0438321
0.204162 0.10923
-0.0017539 -1.20218
0.0062508 -1.17752
0.0179728 -1.14302
0.0296947 -1.11042
0.0376994 -1.08924
0.211326 0.10595
0.225621 0.130764
0.246555 0.166718
0.267489 0.202219
0.281785 0.2262
0.0885082 -0.586811
0.0970378 -0.529021
0.109528 -0.445446
0.122019 -0.363056
0.130549 -0.307408
-0.0885146 -0.607572
-0.0802122 -0.679997
-0.0680542 -0.787607
-0.0558962 -0.897131
-0.0475937 -0.973027
0.0419274 -0.999155
0.0504932 -0.934264
0.0630369 -0.841072
0.0755806 -0.749994
0.0841464 -0.688942
-0.0435202 -1.02044
-0.0358573 -1.05711
-0.0246358 -1.11203
-0.0134144 -1.16841
-0.00575145 -1.20776
-0.196883 0.0705468
-0.185633 0.025922
-0.16916 -0.0402606
-0.152687 -0.107525
-0.141438 -0.154112
-0.13632 -0.238916
-0.127506 -0.296704
-0.114601 -0.382392
-0.101695 -0.469447
-0.0928816 -0.529707
