1.000067758161748 0.5001118875075815 -2.163950649666217e-05 2.675285538764463 
0.9999899965428579 0.4999836759487084 3.04309296858008e-06 2.674957963972749 
0.999971012009422 0.4999522347950887 9.180843399961959e-06 2.674877875744247 
1.00000000083008 0.5000000001552216 9.573048685243972e-10 2.675000002937236 
1.000000000321756 0.5000000000601689 3.710708112922083e-10 2.675000001138534 
0.9999999994240821 0.499999999892305 -6.641874479306848e-10 2.674999997962116 
0.9999945563693989 0.5000039946901543 -3.541901056866755e-06 2.674983243893116 
0.9999649808105305 0.5000136177409356 -3.021280512496052e-05 2.674886172936195 
1.000016179544117 0.4999929002293479 1.452660429049585e-05 2.675052186102923 
1.000001192725442 0.5000006259043692 1.484654671776034e-06 2.67500442179658 
1.000001680784276 0.500000839898285 2.164514531687119e-06 2.67500621025165 
0.9999958543421602 0.4999982173425779 -5.165306507770064e-06 2.674984827069003 
0.9993047432153419 0.500199503010809 -0.0006061799611005214 2.672707092885754 
1.000182792582177 0.4998729091396091 0.0002136143289849686 2.675564938681376 
1.000272529419128 0.5001335886969404 0.0001907920082617444 2.676005617727754 
1.000027124201942 0.4999796978047982 1.104935735915595e-05 2.675083283848973 
1.000071500436019 0.5000826374169207 6.98174481067402e-05 2.675287586960263 
0.9999001453278812 0.4999422251237565 -8.029269334715574e-05 2.674627207902147 
0.99601643232202 0.5003714600123659 -0.001556695799647449 2.661475315322985 
0.996980911189587 0.4950917318847828 -0.001852790702067793 2.662067403891014 
1.008746101307572 0.5068708331675528 0.005972128096959428 2.708720306271601 
1.000638546447786 0.5004316056352913 0.0007607734114763221 2.677412509058747 
0.9992892291830883 0.4994659223249254 -0.0008507698948221022 2.672287400624793 
0.9993123434716903 0.4995486787957581 -0.0007975916047604761 2.672408552632876 
0.9992376370215711 0.499713783264794 -0.0009203337949931496 2.672237106850536 
1.000759842798946 0.5002311947952458 0.000938001753512334 2.677725679232415 
0.9991095388709922 0.4997364002236406 -0.001074112441024219 2.671809251036738 
1.000002792647026 0.5000026680590396 1.852436026997936e-06 2.675010938172217 
0.9999587208374869 0.4999956212932657 -3.765676105604178e-05 2.674855622827388 
1.000035106820034 0.4999980213341532 3.35136946065686e-05 2.675119968066409 
1 0.5000000000000008 6.700571039172647e-16 2.675000000000001 
0.9999999999999994 0.4999999999999982 4.998838711763724e-16 2.674999999999998 
1 0.5000000000000009 -1.227374441143687e-15 2.675000000000001 
1 0.5000000000000014 1.882456779826765e-16 2.675000000000001 
0.9999999999999996 0.4999999999999988 1.44778039612131e-15 2.674999999999999 
1 0.4999999999999998 -1.495697477789628e-15 2.675000000000001 
1 0.5000000000000011 8.044250684319993e-16 2.675000000000001 
0.9999999999999993 0.499999999999998 2.333656341867583e-16 2.674999999999998 
1 0.5000000000000007 -1.007590444076941e-15 2.675000000000001 
1 0.5000000000000009 -5.310017712221338e-16 2.675000000000001 
1 0.5000000000000007 1.160086672160457e-15 2.675000000000001 
0.9999999999999997 0.4999999999999984 -7.474610919751054e-16 2.674999999999999 
0.9999989540853602 0.5000003235191716 -9.498299650979652e-07 2.674996558554388 
1.000000383951275 0.4999992129026282 3.883645916129019e-07 2.675000929179185 
1.000001550163342 0.4999998917559087 1.385649817756564e-06 2.675005286233549 
1.000033989751572 0.500029248903078 4.097316727972814e-05 2.67513168740873 
1.000008706883288 0.5000060739955186 1.225932088451735e-05 2.675033018956313 
0.9999179786593224 0.4999350506019778 -9.958779649934969e-05 2.674685038457683 
1.0004081623062 0.5006718247712587 6.737813806681719e-05 2.676645199865005 
0.9992590008050453 0.4987976223090366 -0.0001224325832072717 2.672008836042112 
0.9997882075763794 0.4996356332598311 -2.573018243874368e-05 2.674126606815321 
1.000000077371501 0.4999999626675322 4.088259761750109e-08 2.675000247878677 
0.999999916485606 0.5000000724337907 -3.168882599513094e-08 2.674999748509631 
1.000000097346442 0.499999904189643 3.171892962786272e-08 2.675000287453577 
0.9997600257491422 0.4995924266163492 8.037755487917391e-06 2.674011473013618 
0.9991874172682967 0.4986707929967339 8.700668963715261e-05 2.671714059931429 
1.000447808911664 0.5007405406362226 -4.813156438620854e-05 2.676807180955104 
0.9934610377745714 0.5002691460991471 -0.002820367114116348 2.652619268164005 
0.9942445447443944 0.4910213263260141 -0.003305781618873044 2.650445879562556 
1.014408216316849 0.5102840681092393 0.009429905536740238 2.730224565731951 
1.000028932203805 0.4999867406074351 6.361258022152617e-05 2.675093045487261 
1.00021780374583 0.4999630242607026 0.0001458333916074482 2.675732126229807 
0.9998989966658931 0.5000235591526457 -0.0001127329683435592 2.674663683431232 
1.0001830307042 0.4998763279156088 -9.128735948359836e-05 2.675560541621104 
0.9985529162505096 0.5011097890782381 0.0002095575356532465 2.670580968740469 
1.001118315104675 0.4991260180742293 -0.000278981473774542 2.678420257070846 
0.9999999982930579 0.4999999999894277 -2.081292239554805e-09 2.674999994114297 
0.9999999991510984 0.4999999999772902 -9.784167538110498e-10 2.674999997064179 
1.000000003650218 0.5000000005256507 4.392905755342697e-09 2.675000012837828 
0.9999958906784897 0.5000007809399217 -3.46000090524588e-07 2.674986233365528 
1.0000074511494 0.4999950247508014 -7.907565868120078e-07 2.675023182648096 
0.9999993759026692 0.5000013958308723 4.557162563746861e-07 2.674998547827567 
0.9999999583567366 0.4999999672012063 -4.958546221336725e-08 2.674999840139421 
0.9999999154087738 0.4999999328363529 -1.011357535201659e-07 2.674999675001529 
1.000000063169193 0.5000000499451958 7.53637290154746e-08 2.675000242590474 
0.9999881497541896 0.4999862336283883 -1.511920345281468e-05 2.674952297448471 
1.000028807752076 0.5000354087291773 3.185035156368665e-05 2.675116941184497 
1.000011650924366 0.5000167730030168 8.459108662102596e-06 2.675048520376919 
0.9997448892418349 0.4995678121240566 -0.0002039911698758731 2.6739047256255 
1.001131122981859 0.501762245655227 0.0007760013618773537 2.679778667999113 
0.9996269030008671 0.4995923473645251 -0.0003576789290706878 2.673510778025536 
1 0.5000000000000012 6.056692213672955e-16 2.675000000000001 
0.9999999999999991 0.4999999999999977 6.34004623536526e-16 2.674999999999998 
1 0.5000000000000006 -1.080287207701901e-15 2.675000000000001 
1 0.5000000000000009 9.394694578712361e-16 2.675000000000002 
0.9999999999999994 0.4999999999999981 -7.066805656553539e-16 2.674999999999998 
1 0.5000000000000009 -4.406361174086322e-16 2.675000000000001 
1.000001400525024 0.5000042540824505 1.312981742587466e-06 2.675006952107713 
0.9999964146418908 0.4999959501474284 -3.117097053034769e-06 2.674985623083287 
1.000000471416816 0.4999959491075002 3.487436731858252e-07 2.674999598542422 
0.9999627739299547 0.4999887880555566 -4.571537501372603e-05 2.674866100380354 
1.000090124146848 0.5000310489398085 0.0001104985145878369 2.675326109705601 
0.9999905259378093 0.5000002797580371 -1.28785886271483e-05 2.674967494549151 
0.9996063064350911 0.4998685609979668 -0.0004907912561672145 2.673576044466806 
1.000600862612179 0.5002141022942991 0.0007388019590488741 2.67718029762401 
1.000279567868118 0.500132455372076 0.0003338450209228564 2.67603002569748 
0.9999999999999998 0.4999999999999992 1.139188140946405e-15 2.675 
1 0.4999999999999997 -1.2282281335721e-15 2.675000000000001 
1 0.5000000000000011 1.597482220637494e-16 2.675 
0.9990132139809335 0.4989898401219275 -0.001087350309979575 2.671089364889088 
1.00132062561605 0.5015385255281648 0.001412384149391294 2.680326618876403 
1.000899645872287 0.5008257195140005 0.0009324568583042554 2.678516700606734 
1.000720953578825 0.500252255330591 0.0008305785166966348 2.677614342432163 
0.9990582469972664 0.4996799892213649 -0.00105757966970584 2.671586900907931 
1.001221072101023 0.5002971480392838 0.001429094369398169 2.679368203314424 
1 0.5000000000000011 8.85164792158404e-16 2.675000000000001 
0.9999999999999991 0.4999999999999973 6.99059593666699e-17 2.674999999999998 
1 0.5000000000000011 -9.056705402392933e-16 2.675000000000001 
1 0.500000000000001 8.509199354957987e-16 2.675000000000001 
0.9999999999999997 0.4999999999999982 -5.50189353588751e-16 2.674999999999999 
1 0.5000000000000009 -4.517711227862333e-16 2.675000000000001 
1 0.5000000000000011 7.703210095022966e-16 2.675000000000002 
0.9999999999999992 0.4999999999999977 -1.304465167606377e-16 2.674999999999998 
1 0.500000000000001 -6.998341197439158e-16 2.675000000000001 
1 0.5000000000000011 1.093423564813365e-16 2.675000000000001 
0.9999999999999999 0.4999999999999995 1.478498820247635e-15 2.675 
1 0.4999999999999997 -1.507022913242766e-15 2.675 
0.9999999999999998 0.4999999999999992 -9.886574167336889e-16 2.675 
1 0.5000000000000012 -2.070639427377345e-16 2.675000000000001 
1 0.4999999999999999 1.04815184535129e-15 2.675000000000001 
0.9999984821423435 0.4999987145612736 -1.77889351561136e-06 2.674994121154162 
0.9999769338537238 0.4999803698339053 -2.694237694188603e-05 2.674910717669567 
1.000026101861589 0.5000222010435479 3.050016397391775e-05 2.675101040022111 
1 0.4999999999999997 1.168475766583932e-15 2.675000000000001 
1 0.4999999999999994 -1.116835616192516e-15 2.675 
1 0.5000000000000013 -1.234669050267468e-16 2.675000000000001 
0.9999999999999998 0.4999999999999994 1.612290912369226e-15 2.674999999999999 
1 0.4999999999999995 -1.654460683398935e-15 2.675 
1 0.5000000000000011 1.447828805353369e-16 2.675000000000001 
0.9994901039031816 0.4997638707773724 -0.0005530489791233194 2.67312707228276 
1.000738815123631 0.5003709203182646 0.0007463774461368134 2.677726480295031 
0.9990607673097461 0.4996961580650715 -0.001086728219138956 2.671619091319237 
0.9999686638045746 0.4999974788057054 -2.098357639611724e-05 2.6748907979726 
1.000048346153239 0.5000527824043994 4.633505569560101e-05 2.675192923153468 
0.9999902525622881 0.4999665967092586 -1.58483686924283e-05 2.674949725105725 
0.9999696239012104 0.5000103877406848 -2.575224525532705e-05 2.67490056154134 
0.9999934066972631 0.5000022474769354 -5.608145655129699e-06 2.674978385313397 
1.000043562704263 0.4999851173054438 3.696853656673865e-05 2.675142667831867 
0.9999999999999996 0.4999999999999992 1.506520552140309e-15 2.674999999999999 
1 0.4999999999999995 -1.433640398628425e-15 2.675000000000001 
1 0.5000000000000012 -1.053180437113337e-16 2.675000000000001 
1.001890937423475 0.5005758202891282 0.000728983415224639 2.681794885925618 
1.004526403634928 0.5073244122034198 0.001878181937077958 2.694170643833973 
0.9930504370303166 0.4928071776092853 -0.004172815267111074 2.647577988764208 
1.000008856041607 0.5000129292727199 8.933983066848629e-06 2.675036979334666 
0.9999720112325091 0.4999662295375572 -2.601046673144108e-05 2.674886683960281 
1.000010940420491 0.500007477126816 8.345915284633531e-06 2.675041426625409 
1.008727579636769 0.5132012712193603 0.004911611926023338 2.711368404358601 
0.9842792102137763 0.485038286406707 -0.009996362273250866 2.613937873793727 
1.005020195161165 0.501830251218614 0.001901164124652433 2.693114889842035 
1.000004920916293 0.5000286140811512 1.567864909004299e-05 2.675031270574684 
0.999928911688522 0.4999306139098107 -7.045091329804695e-05 2.674720374365921 
1.000054346512962 0.5000167799834629 3.742304101947466e-05 2.675195632406036 
1.006365265244141 0.509240888231609 0.00193883662370196 2.70129815688477 
0.9852356859351288 0.4880656434213638 -0.007041804659843166 2.618599765557581 
1.005700284117376 0.4998614880043155 0.002110371054813523 2.694591545660815 
1.004955681254944 0.5075815660653713 0.003114416239004454 2.695720958361244 
0.9877623167906441 0.490181420575048 -0.007014992408257111 2.628269066642156 
1.005716293916576 0.500899106383624 0.001751966530973817 2.695097245051992 
0.9999999999999996 0.4999999999999982 -2.276231302294201e-16 2.674999999999999 
1 0.500000000000001 -6.794635583157502e-16 2.675 
1 0.5000000000000008 7.532565930534673e-16 2.675000000000001 
0.9999999999999996 0.4999999999999983 -1.078166112633327e-15 2.674999999999999 
1 0.5000000000000011 -4.176679535426405e-16 2.675000000000001 
1 0.5000000000000006 1.447268025066357e-15 2.675000000000001 
0.9999999999999994 0.4999999999999981 1.03483050217346e-15 2.674999999999998 
1 0.5000000000000004 -1.370616210843313e-15 2.675000000000001 
1 0.5000000000000013 4.975733683016933e-16 2.675000000000001 
0.9999999999999998 0.4999999999999996 1.288275861538505e-15 2.675 
0.9999999999999998 0.4999999999999992 -1.264195938892924e-15 2.675 
1 0.5000000000000013 -1.404662154325461e-16 2.675000000000002 
0.9999999999999996 0.4999999999999982 2.759359896409773e-16 2.674999999999999 
1 0.5000000000000008 -9.933695627075184e-16 2.675000000000001 
1 0.500000000000001 6.346527761742484e-16 2.675000000000001 
0.9994919386902801 0.5000822699163148 -0.0005102639140254262 2.673287637127705 
1.000489391899805 0.4999450629506095 0.0004689411581641916 2.676660844334057 
1.000586009851398 0.4998736166644305 0.000594517708277981 2.676959702981847 
0.9996120432026845 0.499895533065487 -0.0004569256691431763 2.673609371413917 
1.00025721616489 0.5000651870373817 0.0003044672672454401 2.675919244908647 
1.000568095829096 0.5001775088564293 0.0006713541778521129 2.677049087813716 
1.004809855621896 0.5000863293741382 0.002006529211462193 2.691633669129198 
1.000925175218112 0.5016962279588034 0.0007157391663932993 2.678966676734209 
0.9919770179173826 0.494953197325687 -0.00552276901917052 2.644965712166332 
0.9999166700900678 0.4999906382608011 -9.414910389626717e-05 2.674708361416779 
1.000052523259093 0.5000059372795219 5.939689017139437e-05 2.675183942772696 
1.00001540332542 0.5000017122298388 1.737610686281178e-05 2.675053847905264 
1 0.5000000000000013 4.452048579949151e-16 2.675000000000002 
0.9999999999999994 0.4999999999999984 1.3868947146962e-15 2.674999999999998 
1 0.5000000000000003 -1.606000770463331e-15 2.675000000000001 
0.992249534387295 0.4876765702176916 -0.003210471607742225 2.641826995977185 
1.015979955054298 0.5136568295334127 0.009305272987444118 2.737438881085973 
0.9937415835578687 0.499343919277784 -0.002742395288744026 2.653080010104636 
0.9999999999999997 0.4999999999999983 -6.320913691427905e-16 2.674999999999999 
1 0.5000000000000012 -6.320913691427902e-16 2.675000000000001 
1 0.5000000000000006 1.009128326175332e-15 2.675000000000001 
0.9999999999999997 0.4999999999999984 -1.034961182583515e-15 2.675 
1 0.5000000000000014 -4.045757350099199e-16 2.675000000000001 
1 0.5000000000000001 1.251362157123704e-15 2.675 
0.9999587025245196 0.4999383768401822 -3.69842913859748e-05 2.674826969350237 
0.9999943057174634 0.4999914844174506 -5.01731112795181e-06 2.674976132112125 
1.000052686040554 0.5000786543249174 4.701891364233237e-05 2.675220766425515 
0.9933560515588341 0.4898756053549154 -0.002481114285217124 2.646866947204674 
1.010356835767898 0.5093265684633853 0.006736557865251101 2.715611866663375 
0.9977827479560678 0.4994786697188293 -0.001051781203823025 2.66707643075804 
0.9981506212122393 0.4974543351542687 -0.001673160567200055 2.667367647364102 
0.9989795211925917 0.4988922605415041 -0.0009903899908859921 2.67093441372648 
1.001270547856923 0.5015987702672638 0.001246327051035366 2.680168822935225 
0.9916868343939861 0.4880094689966445 -0.0008835403067529476 2.640007519145381 
1.016206996604786 0.5138741222403705 0.007127862596712511 2.738315331713908 
0.9947368572357669 0.4999734596281081 -0.0027415829945749 2.65687861679123 
1 0.5 1.379867856852308e-15 2.675 
0.9999999999999997 0.4999999999999988 -1.269478428304122e-15 2.674999999999999 
1 0.5000000000000013 -2.146461110659138e-16 2.675000000000001 
0.999103370256655 0.4997028459623714 -0.00105013380864098 2.671769821443303 
0.9990941616680302 0.499684906855217 -0.0010889022176368 2.671729861391601 
1.000845366076594 0.5002989443801723 0.001006484450545062 2.678054122346034 
0.9990990226253308 0.4899320326146027 1.401043922728416e-05 2.679086632707056 
1.008821340574816 0.5201732134576554 -0.0006764118175713561 2.699572741994396 
1.008764521239363 0.5202375414555475 0.0006554223004258194 2.699410492157079 
0.9992856188439324 0.4989781060820356 -0.0006848238580176619 2.672177004806048 
1.004636432122008 0.5070068749756886 0.001307981544386565 2.692125410909622 
0.9976372180711425 0.4964466352992886 -0.0006378956050112451 2.666993818594066 
1 0.5000000000000012 1.396896652535768e-15 2.675000000000002 
0.9999999999999996 0.4999999999999982 1.204773330697037e-15 2.674999999999998 
1 0.5000000000000006 -1.981271756461905e-15 2.675 
0.999990673336301 0.4999847920688742 -3.620039538731649e-06 2.674960796453759 
1.00006392935276 0.5001042405767822 2.494269382551718e-05 2.675268895983213 
0.9999726986554699 0.4999554836771724 -1.066132714267617e-05 2.674885153781515 
1.000664868419538 0.4997614516548093 0.0005073711795326647 2.677173259324248 
0.9991261843267791 0.5003089663673745 -0.0004841091971523852 2.672149628012065 
1.000083625811985 0.4999628867730566 0.0001410832565472916 2.675265766929559 
1.003519840829872 0.4974835052402492 -1.313895373335271e-05 2.685733901479599 
0.9942009112112917 0.5039828403448802 0.0002812706430244677 2.657141753314723 
0.9942903942952112 0.5040042258517171 -0.0002693210585544474 2.657467750907855 
1.000002632376198 0.4999982134950978 5.186750172255802e-07 2.675008174999482 
1.000000198027779 0.4999998650153821 3.874626486198742e-08 2.675000614670275 
0.9999945368791452 0.5000037075702203 -1.076449076605296e-06 2.67498303394502 
0.9999999999999997 0.4999999999999987 1.847643570864167e-15 2.674999999999999 
1 0.5000000000000002 -1.663220737543159e-15 2.675000000000001 
1 0.5000000000000012 5.90836114158042e-16 2.675000000000001 
1 0.5000000000000014 9.840892181873695e-16 2.675000000000001 
0.9999999999999994 0.4999999999999981 1.503985408927864e-15 2.674999999999998 
1 0.5000000000000003 -1.838204388689613e-15 2.675000000000001 
0.9999999999999997 0.4999999999999986 1.770813859318778e-15 2.674999999999999 
1 0.5000000000000003 -1.636999209999977e-15 2.675000000000001 
1 0.5000000000000011 6.646127582833697e-16 2.675000000000001 
0.9992905522903565 0.4989957788052344 0.000703090381798362 2.672196720605681 
0.9977514685061439 0.4965993302361347 0.0006612792729595442 2.667361742035196 
1.004401446905505 0.506635925323445 -0.001315084613413435 2.691260518398201 
1.00000223743501 0.5000013997774109 8.619381935202862e-07 2.675008407860997 
1.00000079425833 0.4999983703276719 1.746678662694633e-07 2.675001921418998 
0.9999990328552927 0.5000000410313378 1.023461310172169e-07 2.674996688680958 
0.9960609265154083 0.5000647701265007 -0.0004036091172254315 2.66145354819622 
1.001471079205849 0.4996600921414445 0.001136243465107357 2.67989124209589 
1.006048473486038 0.5015959081558701 0.001744281917526147 2.696679835729851 
1.037408449565775 0.517848574480797 0.009811396808259033 2.814858333869477 
0.9742714567188084 0.4913365550061285 -0.0002854320423349615 2.580352100385825 
1.0262493321114 0.5043218671971426 0.007520477788454352 2.768804523073933 
0.999981427529437 0.499967647898396 3.914099832759485e-05 2.674919809306424 
1.000402255893882 0.5001492559183313 0.0001119699481858277 2.676460627463253 
0.9998701919225935 0.4999105961171171 -1.300996850516349e-06 2.674508014421386 
1.010346656615916 0.502483711206775 0.00245614854050982 2.712060772739971 
1.020675361270185 0.509454574123597 0.005395437020025115 2.751573722502003 
0.9871144162090951 0.4944807380018149 0.0002243939997720514 2.627434169155373 
1.000144963145489 0.4999684273228957 -0.0001291525614169884 2.675483368217056 
0.9997199773833443 0.5000580054540593 0.0002444764845195753 2.674064833590757 
0.9999693710394947 0.5000138741794325 3.121008207830555e-05 2.674901400032346 
1.000002329174324 0.5000044210823643 1.024205167642664e-06 2.675010234460961 
1.000001145922675 0.5000018502926336 7.896510491425804e-07 2.675004872833788 
0.999995435277509 0.4999919610987626 -1.861166429967647e-06 2.674980255198071 
1.000064433416294 0.4998951592940255 -1.808023630113753e-05 2.675169451007576 
0.9995291661390729 0.4997506603115118 -0.0001390859581010812 2.673253571980836 
1.000062711357501 0.5000319874043483 -4.138298222952424e-05 2.675231996136717 
0.9934600748153406 0.4954037970387994 -0.001086639740363599 2.650219846007139 
0.9983212459843005 0.49811465071792 -0.0009712579624254835 2.668280799446464 
1.004059976382214 0.5036008782611541 -0.000492137484628554 2.69075185651885 
1.008024254001571 0.5016284647317659 0.0004439652736910348 2.703291991090703 
0.9869146941285046 0.4948167758236238 -0.003294651296610703 2.627572827447855 
0.9917407586378267 0.4951107335939175 -0.001136795928149646 2.644197428559105 
1.037396626713592 0.5117004140562078 -0.002444897121313162 2.806136867541271 
0.9495645460843546 0.4826527120994129 -0.01400759120448822 2.496514119097621 
0.9527539265914946 0.4679935877343431 -0.01281794403630238 2.499506750987472 
0.981846536307547 0.4922660258910388 -0.004132216568476729 2.609040577921003 
1.006567670787658 0.4996927668162454 0.0005382525008054714 2.69721124626412 
0.9989637477414784 0.5042279759611777 -0.001030550655478379 2.67357477908313 
1.020267417552767 0.5053535520337956 -0.0008281534550379811 2.746445044384817 
0.9686275558459569 0.488406806862446 -0.006985320603239796 2.562511199345309 
0.9777307995571536 0.4848322602007142 -0.004903177538649602 2.591451398799798 
0.9722030030777227 0.4920361838661721 -0.004147370633791099 2.57643940536965 
0.9682838785634138 0.4812550937552761 -0.004407926087044592 2.557723559456001 
1.023321591165993 0.5072812451824928 -0.001280855856196843 2.757700389884078 
1.046027776751177 0.5121749265990438 0.01972973130651341 2.843005250570719 
1.036990535608219 0.5204191609298759 0.01166296167456899 2.814741720370777 
0.967813730194944 0.4900584709492045 -0.002923734664797326 2.556475664839745 
1.025175982205512 0.5092088378775059 -0.001065335486070955 2.764780319203846 
0.9745033120305873 0.4938466657386788 -0.006661669297751849 2.585211054395129 
0.9623203108233895 0.477996243572949 -0.008953452996890765 2.536170323015128 
1.020453416493815 0.5082258335788608 0.00719760817964784 2.750182409759218 
1.00797270767474 0.5065811248594632 0.001196145259017678 2.705868115327048 
0.9901743958773184 0.4963595972547133 -0.001186574367779559 2.638989726393703 
1.045824383857178 0.5223595112714815 0.01170457528531699 2.847193564610413 
0.9661099732100403 0.48942652090512 -0.001480039488115297 2.550064466750897 
1.038613335849838 0.5068136778431866 0.01233957904185184 2.813996210639798 
1.036790319202025 0.5086402257240014 0.01143285211389922 2.808303632853803 
1.036194086598806 0.5186540976065626 0.007384978903717615 2.811021808783974 
0.971241998831768 0.4915760562171085 -0.00225505901276817 2.569587658346219 
