1.009130688272562 0.5621475252452769 0.00606474739428067 2.688608947087876 
1.013243648972293 0.5574930011459838 -0.0002698404788389711 2.699822697430174 
1.00899843357075 0.5590627114321808 0.005509911775839756 2.686455654381751 
1.009055101202758 0.5610830130112007 0.006411678101568761 2.687686196376053 
1.002124165603109 0.5697796742501609 0.009333627240696581 2.669475768382491 
1.00091666166027 0.5748134511044846 0.0006993878330187575 2.668250488388708 
1.011043699882226 0.5520793125132143 -0.001357270938180095 2.689415905016468 
1.007257662862256 0.5553379132662354 0.01563697596548301 2.67865325302862 
1.008583330326774 0.5599908383962859 0.005807285634177406 2.685561267221303 
1.00182348325276 0.5695994968614657 0.01141305830090423 2.668353937211806 
1.009530043204588 0.556085031429468 0.006967557506447249 2.686542416205782 
1.006162529418996 0.5585940979813465 0.01588617848885493 2.676776876384629 
1.007801955322915 0.5478572950029535 0.03474006086757922 2.676905127899456 
1.005668290742527 0.5594688634925719 0.01454374478438029 2.675483919722618 
1.014500091168828 0.5383100118503457 0.003600696565775362 2.693512910789182 
0.9696321967338311 0.6149089899896427 0.04073872206492382 2.590002957640231 
0.9900919211791809 0.5751968523072044 0.0481939337783111 2.632815230186453 
0.975127200147124 0.6035340374026585 0.08409569035382168 2.603822671555204 
0.9984681990528361 0.559659817671792 0.07330378238150342 2.654187250728382 
1.005516827852823 0.556498556727722 0.03400688908023207 2.673476957686757 
1.017867088949126 0.5124637292420534 0.07127052583219871 2.693825580742851 
0.9884619300662242 0.5803415656681622 0.05074834673050713 2.631468500839371 
1.007507463339942 0.547724465079913 0.03693805152991869 2.675154675559727 
0.9993305336548841 0.5668458204721485 0.06883275963688197 2.660691749786578 
0.9480918177991404 0.6423678359674967 0.0732887165709022 2.540681496390652 
0.9694341793033446 0.6123605151942322 0.03454259089102307 2.587180864656105 
0.9724366554950236 0.6082897333938334 0.09012067408801806 2.598133287542619 
0.9949040228195435 0.5757801796788299 0.02405857483823319 2.648935713719859 
1.005372776705643 0.5529838532262269 0.03919906845719251 2.671500521737137 
0.9883442202480129 0.5786277494275353 0.04925764117055766 2.629953075319804 
0.9833728855794023 0.5957815613501711 0.02440022647217046 2.622675191683513 
0.9973923106068584 0.5715071122594525 0.02620941444440104 2.654593871158049 
0.9882206569418385 0.5836218196111965 0.04486844709803658 2.632282100269007 
0.9855226877738079 0.5977409000967161 -0.006297015264176861 2.630745409663076 
0.9862764747781582 0.5930875101356541 0.004455730194631374 2.630322576942357 
0.978023641439424 0.6058657197556221 0.003903717601969386 2.611146659691965 
0.9926577878521168 0.5837445840240041 0.01174090460837041 2.646013434840263 
1.002477134454532 0.5678838318052823 0.009833805839692497 2.669416094002723 
0.9960457690749039 0.5734267255468487 0.02352458822326734 2.651513021863692 
0.9760746318081875 0.6059510155846627 0.008154029724952796 2.604804650196812 
0.9858200241028803 0.5936990583379144 0.003411783771112446 2.629204711747839 
0.9826269213782214 0.5965433921107547 0.02196546071213914 2.620726662975417 
1.00124241250033 0.5702412387042743 0.008725668544410233 2.666704505621802 
1.005813662403804 0.5585095591465385 0.01847794825332989 2.675568744530373 
0.9961324380617053 0.5711485834377122 0.02539193100664442 2.650546178906187 
0.9964076685203057 0.5751105670862922 0.02885702803971403 2.653775588870238 
1.007580012469687 0.5550416181124421 0.01669344742737846 2.679402999892007 
1.005888585256767 0.5524007716314696 0.03494413767557549 2.672882857651955 
1.008991932087576 0.5618914494932535 0.005201943770207339 2.68799205306741 
1.013667760605316 0.5612270113065494 0.0006857438837049823 2.703328165241243 
1.013042089309352 0.5580518750274279 0.0006215718775255647 2.699465568130882 
1.002352262884339 0.5687394517770906 0.01070390366900552 2.66961773956768 
1.008249401547239 0.5625797129985701 0.006070075763244346 2.685859012113077 
1.008779330032163 0.5575160325618941 0.008423134862846465 2.684865117848527 
1.010914114036515 0.56318420676489 -0.0001956892020673667 2.695156943442882 
1.014171256705932 0.5589423045365618 0.0006776701276872988 2.703741148247951 
1.008485698225158 0.5635510384307172 0.004915505054644754 2.687221883295615 
0.9748077171962989 0.5997966514210639 0.09309995714611223 2.600846252990638 
0.9987127532254292 0.5553186822762333 0.06991202135013896 2.651651802568787 
1.002224560783444 0.535857136141368 0.1238685894026681 2.658030186573226 
1.000017454542497 0.5775990539454061 0.000845264816208004 2.666879340002592 
0.9999739654213042 0.5838969029587087 0.0006185897505448007 2.670358468895884 
0.9996954697873639 0.5852541029880157 0.0002817525697789362 2.670202491477404 
1.000510220505109 0.5787336979501383 0.0008560055732355512 2.668852770850112 
0.9996231345209678 0.5513592780748068 -0.003297340690665177 2.651508971491868 
1.000787406232272 0.5884577139206951 0.002473045929399676 2.675223074163005 
1.000060123895214 0.5783286505309125 0.0006054980521280513 2.667443420260869 
0.9979798825623406 0.5840299489522879 0.0005538219610572617 2.663780221181375 
0.9997576055709111 0.5779138193017741 -0.001549749359402459 2.666206635625867 
1.000666362164446 0.5754451090288861 -0.00153435187890223 2.667388644008904 
1.000397247907239 0.5441534129768446 -0.0004805622066201021 2.650580315375195 
1.000316071920544 0.5811957919646311 0.0005262375421425559 2.669387603506899 
0.9973048471003062 0.5817851783897099 -0.005061394552752627 2.660232316989671 
1.000226210720414 0.5774635394812546 -0.002864493329016712 2.667506228961196 
0.9976882509007386 0.5841568293524426 0.001363255054331526 2.662883704461447 
1.000165231146225 0.5762362806666418 -0.0003340383952396861 2.665993813260971 
1.003168975444978 0.5623927419120703 -0.005930417006811095 2.668355053387659 
1.001946436960864 0.5408251163799359 -0.003826786702993197 2.654240813798955 
1.003686978412417 0.5662098742678882 -0.006887468401803613 2.671501305616799 
1.007719770705897 0.5559588366218149 -0.02250516916211504 2.679609737013862 
1.009245064427603 0.5195639247326581 -0.005654916978278456 2.668601620646847 
0.9907731070778187 0.5888684175696363 -0.005948358709445288 2.642723205873902 
0.9847722562900286 0.5975171681040846 -0.004073519050319422 2.628078542217372 
0.9877548476466784 0.5966668494460671 -0.01450657495384436 2.637620368626124 
0.9934901447702985 0.5866864508964958 0.0007091957963123564 2.650451912593528 
0.9911918254160925 0.5893932773026718 -0.006292676329159788 2.644445423554358 
0.9966079831200207 0.5831234636751987 -0.007541024715291905 2.658730193343954 
0.999683045344394 0.5735469341174396 -0.0006751477347412946 2.663553782963474 
0.997271679071525 0.5850077773673651 -0.006437335138065701 2.66194246386425 
1.002143759756554 0.5607895350059892 -0.006591925127573466 2.664643246461101 
0.9949397507078557 0.586014642644062 -0.005618270593590263 2.654786366640394 
1.004382321917703 0.5610731381747915 -0.02234995416496993 2.672412900695053 
1.0026709792809 0.560985283676626 -0.007770532608759158 2.666491237241604 
0.9935548221343661 0.585105227535578 -0.02514686712950618 2.649921472228476 
1.001609754403827 0.5678264335336826 -0.05393874584935282 2.667998545648466 
1.005936856125464 0.5571162946109194 -0.0250418021480703 2.675490063530963 
0.9900543561670602 0.591538675932507 -0.006051660331987876 2.641882451599975 
0.9947059253599555 0.5855281492253831 -0.01903542173193199 2.654110599015476 
0.9962027066601976 0.5809284142193868 -0.006441588296645063 2.656120058581235 
0.9899845426773349 0.6012197057661508 -0.03684998484444866 2.648263604838651 
0.9716949475605845 0.6316960410278909 -0.05851740998857525 2.607698140807955 
0.9876600755250541 0.5982613306206186 -0.0845877923529785 2.641359835620427 
1.001988479654327 0.5691670509800258 -0.05912544247191489 2.670189582811057 
0.9862172984114056 0.6028382048163257 -0.04354783666048131 2.637005525642166 
0.9887916982166249 0.5974611698863646 -0.08565370088561196 2.644591569025192 
0.9892545004863393 0.599367247573199 -0.01504367222130442 2.644138509908021 
0.977571752000898 0.6142312353850038 -0.01457571240006612 2.614639086822641 
0.985739928261717 0.5962379594500241 -0.03857152099845951 2.631325425668426 
0.9905954319359321 0.5905652990683953 -0.003086957963586078 2.643100779269226 
0.98894795836036 0.5957855037340422 -0.01593582084390857 2.641015666159634 
0.9950092130228128 0.5861004105792569 -0.0226213141151373 2.655484547339831 
0.9866066939980926 0.59623924844468 -0.005244855015789818 2.633373120609782 
0.9764318875207142 0.6097246249688768 0.006276696642686868 2.608189095639932 
0.9770151461304234 0.6117541908816129 -0.01174390567910036 2.611533593243071 
0.9956858426117456 0.5822938920767018 -0.02348567261920535 2.655497938534439 
0.9873402421186268 0.6007650109909626 -0.01793169695426302 2.638651271164536 
0.9875793899001097 0.5950646827395103 -0.03980376073794701 2.636708551177337 
0.986035394046872 0.5940573512108868 -0.004535877558787942 2.63021503167273 
0.9908485723070285 0.5900181069538634 -0.006485678491340319 2.643716436242164 
0.9887999253958699 0.5912586371789001 0.0007103907478738818 2.637643699433134 
0.9790845370868599 0.6152056040631333 -0.01078185701054874 2.620145075287208 
0.9628844764771369 0.641569486369722 -0.01758685023785317 2.584614075658124 
0.9704600246965344 0.6287094263276176 -0.05545796351803487 2.60253981009697 
0.9858791403460966 0.5969000541117482 -0.003504693655069171 2.631353149339604 
0.9792377932753776 0.610213691321052 -0.01461272049670809 2.617889672644539 
0.9888899267923343 0.5980051450565768 -0.0180212093713286 2.642243358536577 
0.9785256160459593 0.609251026899334 0.007807070789205478 2.61462932433812 
0.965756889079599 0.6250677098456097 0.007778221177010849 2.583415349740644 
0.9768281081282951 0.6170304565170519 -0.01734465770796286 2.614393152309671 
0.9238710465500879 0.6896397679219934 7.068317428901908e-05 2.495529754572055 
0.9476080742759241 0.6578921533397543 0.02622886382923008 2.54659443452757 
0.9232189638550868 0.6867437581019981 0.06691167716774417 2.49275985160257 
0.9621442552392021 0.6384209811308481 -0.02420667356566467 2.580354928383221 
0.9446525340937006 0.661004328394676 0.02237527938039982 2.539520110294602 
0.9291688580042182 0.6879818486903888 -0.003354499946881946 2.510130219745171 
0.9871479911645821 0.598337261120037 -0.04396873764541695 2.637497531070229 
0.9764520975461042 0.6176377961262267 -0.01373107063582305 2.613015368999779 
0.9717809044357639 0.6283347602327336 -0.0575728667281166 2.606647812137278 
0.9669643216469884 0.630717054769842 0.01183453070635304 2.590156173098707 
0.9471563735795052 0.654978048145179 0.02022227021626036 2.544225613716183 
0.9613083954320872 0.6461287237892105 -0.01928670455659306 2.583280845886347 
1.006342118264221 0.5684708419303705 -0.01891317979972629 2.681332612880633 
1.002945904356154 0.5701833437592368 -0.05519252410959161 2.672467425616723 
1.02133759014838 0.4906103306250323 -0.05757071942490779 2.696415963988092 
0.9961153266119246 0.5865677429872784 -0.001791655578328871 2.658968864549898 
0.9963549955124712 0.5821076361092551 -0.02160101038168195 2.657524561239459 
1.004611662910318 0.5598608756418035 -0.02508791480883222 2.672538247482204 
0.9881138474991429 0.5917026463067109 -0.08710260785174925 2.638530949761624 
1.012621404713126 0.5089529281118095 -0.1101486370784664 2.680022326588985 
1.003239584810047 0.5765406131605725 -0.05208863820310386 2.677070916075951 
0.9960834926221703 0.5851541617438289 -0.01873593668523035 2.658229057859359 
0.9878957784312913 0.5969062760784551 -0.04071884261457475 2.638761879140314 
1.000529978925307 0.5685452820305796 -0.0542650495097013 2.664879391911772 
0.9671007988352548 0.6484444537966196 -0.06049300133181149 2.602489372791378 
0.977335964427508 0.5801388190790931 -0.1473197745782729 2.605922892145893 
0.9861882326404168 0.5904828727813848 -0.08471713782090808 2.632507538007632 
0.9431446491051545 0.6733158126575984 -0.05186864039419339 2.543561128171218 
0.9426857320908413 0.6417904831089076 -0.132778194095621 2.530457220402084 
0.9728624578066534 0.6368307535985651 -0.05489806725362701 2.614580142633966 
0.9850787770929689 0.5948956822751341 0.003185876454387288 2.627578558972174 
0.985001947119854 0.5949391094367088 -0.003023736186353944 2.627334423605525 
0.9887930189528498 0.5910743888349459 -0.0005832850569321263 2.637518626392202 
0.9920476973169501 0.5835625174726868 0.01126971569550374 2.643912518850797 
0.9850125930910993 0.5922366640377873 0.005448840919568735 2.625791229762762 
0.9899948561838803 0.5892751165285407 0.0003670981451549744 2.64039465467158 
0.9931639934674172 0.5816043290449499 0.01108062808602099 2.646286157839395 
0.9843616114475342 0.593667414845675 0.01914972148621272 2.624723455548353 
0.984798057182989 0.5950236796285922 0.004216867846849102 2.626641382793859 
1.000812618286807 0.5747113616789096 -0.0005370025258153438 2.66781245825068 
1.001399148349342 0.5703108843953779 0.01065271045505766 2.667336102518357 
0.9926416464316727 0.5815015317511631 0.01096320695349989 2.644670917734579 
0.9641028270148914 0.6322377757008992 0.01028222791358317 2.58214818934331 
0.9612626007261748 0.6432109925181571 -0.01601676490235315 2.580624285427307 
0.9773028299855566 0.6115727570408155 -0.01950167589272067 2.612396323175454 
0.9613946288588401 0.642376420382396 -0.01851599272879981 2.580364934476476 
0.9470317255812302 0.6675604276674614 -0.05565667281458316 2.553923201112613 
0.970097848417499 0.6309106042682077 -0.06321768934605701 2.603485795695916 
0.965305987621939 0.6398855972960481 -0.01809609874217768 2.591441417340246 
0.9287265807817028 0.6877232498787107 -0.004571651187213722 2.508118817195027 
0.9447455622473198 0.6678331176942297 -0.05045284866174467 2.546645029424516 
0.944221807906358 0.6631962832000659 -0.05669852294127774 2.540544357657768 
0.9252421174012299 0.6964399109233521 -0.0006712623221911387 2.502658613241942 
0.9025196786345535 0.7042262305673553 -0.07746515206998891 2.444447038014739 
0.9468063855160045 0.6491957875004272 0.06834897993108408 2.540728100754475 
0.9425749100675216 0.6573092184988329 0.02478647005143548 2.531388599656577 
0.9641123367528404 0.6318445890426986 0.007188387073872484 2.581701874478916 
0.9757928370796779 0.6118101610405965 0.005925270975540346 2.607313079951671 
0.9852091285690991 0.5918319782418477 0.02308187655439064 2.625993423598521 
0.97150029839785 0.6126150253891346 0.03437773722043527 2.594791780765831 
0.978355620713324 0.5903708383538974 0.08990590380102972 2.605380678724332 
0.9653053762742023 0.593677519710288 0.1552560482913881 2.573724299861185 
0.9444365971802843 0.650051691805192 0.0772594075487613 2.533859539071191 
0.9690954125027865 0.6171719883827717 0.03794009672190459 2.589761464500369 
0.9626445030134074 0.6265622897615544 0.01198290514157659 2.574344528392521 
0.9771069500711378 0.6100567825949832 0.00492046636227201 2.610527814295016 
0.9863573680672522 0.5866932844948629 0.04957087106588063 2.628022301531993 
0.9702775441129 0.6104661702956373 0.04048650941511334 2.58955920247535 
0.9832710271608263 0.5944042759729762 0.02051418633047728 2.621301224301352 
0.9499458405240956 0.6446036777428391 0.0650154322483476 2.547779053558581 
0.962599157507538 0.6338236403171446 0.008710546457049361 2.578218627274304 
0.9736191919601629 0.6085218896125648 0.03865299198590522 2.598164667090577 
0.9256373031867788 0.6729153739238296 0.06634901610260227 2.49011692545385 
0.8917200474247857 0.712589059640819 0.08905434744496533 2.418358326842506 
0.9236184724396851 0.6896470458986186 -0.007218196604287236 2.493240603939758 
0.9501137566459544 0.6452631999961971 0.07260879639253245 2.547790349559845 
0.9256467961885511 0.6830805363139431 0.06210991555903211 2.498049276612676 
0.9421054483439485 0.6583196480495005 0.02039835363226893 2.529542621031988 
0.952423598268071 0.6384036055198252 0.0750949350246804 2.550765616230069 
0.9219999831676028 0.6577620256476693 0.145697332413917 2.476855017247424 
0.9201894653208238 0.6799291750197499 0.07035029193866603 2.479522470244549 
0.9923121007281692 0.5834277158349631 0.009448192117768844 2.644606829031358 
0.9951465269639631 0.5746685232116669 0.02662930892009231 2.649252501777688 
0.9836343959355535 0.5912202543845606 0.02364790447500512 2.620888873010345 
0.9966251399869297 0.5692222282220205 0.07169836469691944 2.652956764583514 
0.9763788257596345 0.5997854618226025 0.08851876884744569 2.605807930142952 
0.9872411159834333 0.5797168130592769 0.04396065841089583 2.626447835324044 
1.014065634169375 0.5600914463342141 0.0007600809384816653 2.704042400664472 
1.01717947590518 0.5591222570520491 -0.0002571206599594545 2.714001487866569 
1.017605039648687 0.5582596581188164 1.84046400092722e-05 2.714961711350511 
1.011765464860273 0.562882670597866 0.0005818706489100155 2.69785273081186 
1.017360087368473 0.5587484427658536 -0.0001500853441695261 2.714388801711956 
1.013750251043759 0.5595692924078123 0.001395559215007233 2.702692339212323 
0.9893156952335663 0.5894254723258303 -0.0003490570751402369 2.638226793648582 
1.000970141052723 0.5740341992825871 -0.0004237336816597884 2.667845750146334 
0.9929372752180415 0.5824781064226215 0.0101688650903615 2.646242337785014 
1.011028196801869 0.562965845029574 -0.0001318759089710621 2.695362709455106 
1.007704885723786 0.5623628668695221 0.006693997581431025 2.683930384859503 
1.002465969746664 0.5741253696351218 0.001653235695600967 2.673021930554343 
0.9998829994800581 0.5839027605831421 0.0006020139828734858 2.670059324071022 
0.9997734873491121 0.5884138139977014 -7.650912813751824e-06 2.67231354692914 
0.9999494324515636 0.5858516374409253 1.802345545076263e-05 2.671391413171623 
1.000688864930845 0.5880237249783454 0.002481427704757693 2.674698709353654 
0.999533036144332 0.5522462160808336 -0.003064756611451467 2.651604610108463 
1.000257612177154 0.5920619853482666 0.002366411614630799 2.675551165929946 
0.9986470490974522 0.5839915647127228 0.0001661437982704496 2.665975926140518 
0.9999062476677687 0.5778150864885233 0.0007393969753816194 2.666634709061286 
0.9999030637334076 0.5849166025690665 0.0004521320233110212 2.670697672785752 
0.9936273525552877 0.5869558822757941 0.0004508961186684818 2.651056877690751 
0.995769342621233 0.5819627439448604 -0.005917188325266792 2.655260714577519 
0.9987355408041825 0.5833612452772931 0.001810497507586314 2.66592803240187 
0.9934235731752289 0.5863912035853542 0.0001093584828834766 2.650049391812118 
0.9883388112779041 0.5919681015893636 0.0006008300083516782 2.636526766314274 
0.9904994444989719 0.5896252371433736 -0.006071137009912004 2.642328408877954 
0.9896231398173208 0.5894824969370026 6.902833015751658e-05 2.639283739755539 
0.9867517193498329 0.5932504710817055 0.002890084170139856 2.632145330113712 
0.9866786384941982 0.5919400861585857 -0.002087941419636027 2.631030483098856 
1.012696337446572 0.5584447752101594 0.0003433568055400039 2.698524473477365 
1.014179759974954 0.5606101714493876 0.001270966462055826 2.70471690362857 
1.017672038680283 0.5581722312494605 -4.005276903232552e-05 2.715132390792537 
1.00956123816737 0.5526835945404442 0.0007848680507259521 2.684794442015515 
1.009158556001583 0.5597452735037319 0.00589868851578086 2.687373021376646 
1.012905628991195 0.558141023310855 -0.0004477248551185435 2.699035943090289 
1.010428994819548 0.5531736691946854 0.03849921986054951 2.688779299717939 
1.013592609692055 0.536828174210458 0.002298535275910472 2.689408448004488 
1.017780349470242 0.518027533681264 0.02296566345649975 2.694268426151461 
1.007278398276413 0.5367505255655689 0.1163965808204385 2.675074099594017 
0.9943221208417999 0.5586529357676646 0.06877060759772052 2.639359906657016 
1.021565894732738 0.5098911754508677 0.07219980091519833 2.704527062668491 
1.010887883459481 0.5528796004916341 -0.001332040359273174 2.689266959842224 
1.010957172723181 0.5404733818516724 0.005572507478151448 2.682864407354232 
1.008216606149378 0.5577631146219945 0.01730882835951227 2.683232853122126 
1.021052101659205 0.5137613196849903 0.02091940927063629 2.702790563281822 
1.02129893390195 0.5147121148987575 0.06353571776203522 2.706194308171284 
1.0042436490654 0.5560335688732704 0.03602356712256822 2.669291067922594 
0.9999222428800281 0.5445821611700956 -0.0001987732252879024 2.649205465734292 
0.9990273726186691 0.545752024609426 -0.0003669198502597872 2.646822230877149 
1.000457670382322 0.5807442802406843 -0.0001211647740910402 2.669611043386661 
1.001993003185159 0.5419236744282236 -0.002030225147279868 2.655004804435743 
0.9996912189318735 0.543113753489323 0.0009960830133861759 2.647903395872968 
1.000229946867709 0.5755154477099889 -0.001228198698168187 2.665833428544781 
1.003535830303108 0.5653692246445272 -0.007565072245271165 2.670615349783472 
1.007539104824418 0.5228983445624715 -0.003082669448733973 2.664556567470346 
0.9991698781674158 0.5341459612359607 0.001670634747676099 2.642521917216186 
1.017865403909737 0.5031088800180984 -0.02284239832391808 2.689827599818021 
1.008453532429122 0.515026293096449 0.0006662130670183604 2.663880613713333 
1.005637919109239 0.5604721225075482 -0.02596918220774318 2.674898603433821 
1.002092010433689 0.5654802023408196 -0.0229687341414818 2.665590885996688 
1.023318808149345 0.4903154532494495 -0.05601635324670165 2.702862353067799 
1.02070624742852 0.4981084023171969 -0.02670105499431913 2.697000953130854 
0.9872857341165998 0.5904141944337797 -0.08579688713744048 2.635421774429466 
0.9821554367280858 0.5720559950168164 -0.1504561082448095 2.616879626958114 
1.017961437708248 0.5120784371541816 -0.1236900339665205 2.700726280232004 
0.8975555202360107 0.7070253859433411 -0.07698522629411819 2.431414170321792 
0.9339122893434747 0.6888948187734262 0.0004717903989406836 2.524636334229536 
0.8822061504124217 0.7276316096336127 0.01130913246740845 2.396788129296053 
0.9987387924953729 0.5744260349039381 -0.05728392093254733 2.660770383813146 
1.014758150220838 0.5065658362562198 -0.1099182296857003 2.685982173674011 
1.026329254955939 0.4889432007458712 -0.0664466523775583 2.713166732837727 
0.9471062833868781 0.6361061020495323 -0.1339110855452097 2.540394157516976 
0.9772323041170491 0.5832636820089417 -0.1555952922479857 2.607859626401535 
0.9720883004784919 0.6426357891215602 -0.05404876043984452 2.615221159504205 
0.9257587849856457 0.6631979923233468 0.1508951581742663 2.491761360099179 
0.8892917536404688 0.7099160813159684 0.1008113780214587 2.410107244468096 
0.9150958075082841 0.6762557621397361 0.06406172757147388 2.460462352367704 
0.9512851628870299 0.6678412557098662 -0.05070548496366731 2.565357781709125 
0.9042842432194825 0.7002147125290706 -0.07998527618862564 2.44569918492226 
0.9396252155453012 0.6473808353133361 -0.1437219280690113 2.526661754411882 
0.8905231294536513 0.719472243795399 0.0886559169217838 2.41874179263989 
0.8800562756379521 0.7300407807465034 0.01332738128825587 2.393381911723896 
0.9238347368446582 0.6849990541820422 -0.00793575552840196 2.490983519594513 
0.9740495824675395 0.5905519089707031 0.1506661622754874 2.60036474747537 
0.969661273091456 0.5963447752605046 0.0865979913685085 2.581360620031861 
1.004465468225303 0.5356587599843643 0.1254337845722283 2.664253770240602 
0.9673978807542751 0.5962854565691256 0.1572668854448986 2.580907991287784 
0.9308733465982413 0.6538039560043487 0.1430659373289028 2.502144748762095 
0.9390049331240532 0.6446560063581204 0.07173061319708804 2.512682040051273 
