0.9999880201972237 0.5916930580916653 0.004265660598051158 2.675018332007653 
1.001085662082562 0.5895723884419976 0.002009789054961833 2.677409568338992 
1.001032478799252 0.5901869157174031 0.0052577879447737 2.677609611845227 
0.9999926679271343 0.59146957067934 0.004492000091749307 2.674898712455716 
0.9992260958053372 0.5931834047076653 0.006472197578348523 2.673381922407706 
0.9977305971254843 0.5956606023575854 0.004050618211978346 2.669876526860703 
1.004033048294009 0.5845275900584427 -0.0004591858975680879 2.684269301130052 
1.005440478497546 0.5812795792366882 0.005827034197835044 2.687106411764177 
1.003639089522366 0.5849273282890373 0.003186907015767409 2.683197964919529 
0.9974391114957002 0.5961104385647505 0.009651158079516968 2.669211641511833 
1.000478546716566 0.5903725020732712 0.009588351069679537 2.675898488230128 
0.999771165819069 0.5920667803608815 0.01369279297591049 2.674600999631715 
1.008006916104125 0.5750515742540649 0.03748547011134962 2.692799263871075 
1.005495295429626 0.5816042841795563 0.02413850005774733 2.687690725003739 
1.012913663969947 0.5663749349820527 0.02008352687739427 2.703804345480967 
0.9696785770632388 0.638893719486349 0.04466786029553479 2.605975813391545 
0.9807853706509 0.6209110727581962 0.05232916573332775 2.63074425518335 
0.971496496032865 0.6349454427034716 0.06594331088981721 2.610540358020777 
1.002108765238781 0.5830242017927172 0.07463787160404586 2.679767401977623 
1.006351845263748 0.5764314522238807 0.0524390585844743 2.688601464037177 
1.011765311447245 0.5651368936464697 0.07909480626330992 2.702098191552681 
0.9899809129079096 0.6060229653837556 0.05218495458624917 2.65188875328749 
1.000406349843551 0.5888414325381107 0.04936518178570882 2.675779364776092 
0.994928582932186 0.5990343482480522 0.06234323972826166 2.664523137042409 
0.9463846238887568 0.6651414248423442 0.08117898047037392 2.551582286567142 
0.9605023353205305 0.6502792025656837 0.05711976280934376 2.584454796030879 
0.9622132999275926 0.644451036574085 0.09277060966254992 2.588858501356004 
0.9954611391935937 0.598279974382723 0.02645823120602671 2.664252752024717 
1.000028461318458 0.5913789934367494 0.03421704979052839 2.675512519140025 
0.9939305360648673 0.6004482591405494 0.03687097503629148 2.660837806377317 
0.9836908037342681 0.6182941454400532 0.02540832038284883 2.63773087593227 
0.9902862697603004 0.6074653390163717 0.02887375284902945 2.652733896460185 
0.9855257871395415 0.6154663545872556 0.03643829706458789 2.642343241191898 
0.9826489541618134 0.6209442975423566 -0.007264815776260355 2.635693723318696 
0.9831173830922532 0.6200619926472961 0.0002840750200114358 2.636637910623481 
0.9786576848267572 0.6269960863870361 -0.002993718863418994 2.626442910841155 
0.9912416519722193 0.6067894686404666 0.01140236857050577 2.655183586310943 
0.9949073893687748 0.6004451651909454 0.01149175086824457 2.663425696468997 
0.9925960187671339 0.6045457438414592 0.01781246054684064 2.658383539318823 
0.9732803402493705 0.6334575219904431 0.008609840591392706 2.613161835343671 
0.9810377618345861 0.6238616163257266 0.006096604003476012 2.632219898808622 
0.9773323415905301 0.628419563269105 0.01920234994001872 2.623230310776071 
0.9973860680659861 0.5961848897712017 0.009260699241698081 2.669072802015392 
0.9995908707304576 0.5921318686936543 0.01409986381454629 2.674043170988252 
0.9970112395815273 0.596315062832993 0.01578002428528876 2.667999432804223 
0.9957828632227562 0.5981360329271991 0.02728934788772871 2.66526510790294 
1.001159957042986 0.5892484799616488 0.02381041055974639 2.677707879139614 
1.000255379938203 0.5911756295717117 0.03322997199115166 2.676129347425022 
0.9999592588364282 0.591628963594397 0.004064588371420728 2.674884313796004 
0.9999400427357705 0.591897126666714 0.001739046466635655 2.674971534380767 
1.000966651289625 0.5897962953590606 0.002351897521245953 2.677147970054244 
0.9976381898292521 0.595996156023137 0.00970027036544688 2.669803625958726 
0.9990338823662752 0.5930554046102839 0.006768461833763621 2.672661650307846 
1.000284576331573 0.5906760290865175 0.009881432566789266 2.675441117210674 
0.9992817817940751 0.592844116514109 -9.916045985802139e-05 2.673344621703809 
0.999693757768732 0.5920986690882007 0.0006977755799772971 2.674272020331339 
0.9991914855563576 0.5931655110924334 0.00153043275154054 2.673236782007418 
0.9785705594683449 0.6204137144224191 0.09504072456518052 2.626486869240741 
0.9925413490681216 0.5972128574114517 0.08611891894083505 2.657099060921988 
0.9907055124434053 0.5971425313580268 0.1159591891358519 2.654170777055665 
0.9999510321802981 0.5915448677029699 -0.001422260472008145 2.674801099369346 
0.9998362101012316 0.5919564576260201 -0.0004373551363849085 2.674659171862204 
0.999568708545805 0.5925665426324633 -0.0008397886184010831 2.674130425713064 
0.9999976057992467 0.591579336538063 -0.001355089504916092 2.674983578509425 
1.000225182749335 0.5914001052494348 -0.0003953556214437292 2.675626385262075 
0.9998108454162715 0.5917746305986878 -0.0006429527903827498 2.674471537036064 
0.9999788878782342 0.5914503911130137 -0.001500804090981562 2.674837620185801 
0.9991016695439493 0.5933142792314194 -0.001893945760155066 2.673022878127865 
0.9999954363805763 0.5915592604913188 -0.002858338531142535 2.67496046170308 
1.000549490015013 0.5906380044487711 -0.005450424735806751 2.6762807584541 
1.001270295989312 0.5895262798278696 -0.001844804599388857 2.678014213058066 
1.00005887493077 0.591488794006313 -0.003077009934121181 2.675135848964326 
0.9965665137735177 0.5975498476143229 -0.01164316023061828 2.667190902696156 
0.9992613874975687 0.5935439345518022 -0.009568614238763637 2.673724377743131 
0.996712082722447 0.5972740568222166 -0.003820070045884304 2.667460631504349 
1.000349974464411 0.5906554425922096 -0.005913379633355849 2.67561710511086 
1.001638230096908 0.5883441201711781 -0.008081193801360123 2.678585878597719 
1.002285239483356 0.5876661396210512 -0.004167681586105517 2.680333208707814 
1.004314057205836 0.5845870223933289 -0.01046722617347626 2.685334714981675 
1.005908225577032 0.5812356858365401 -0.01776735987507152 2.688799365495243 
1.007659082111735 0.5781468230622721 -0.009675899227778419 2.69273695429658 
0.989139850353856 0.6100866272406149 -0.01043958474215465 2.650274312818679 
0.9858566007055152 0.6150211984487901 -0.01007842158439217 2.642514663432472 
0.9866893362588037 0.613525568461559 -0.01541619336327545 2.644393596461124 
0.9927451928272081 0.6042973273534973 7.597824151432263e-05 2.658562853432383 
0.9914120745994076 0.6065775125863655 -0.004729957579751964 2.655552778489547 
0.9938283231575213 0.6024417532033816 -0.006192689682728198 2.661028833953174 
1.00056082559849 0.5907513714589082 -0.005224709127527791 2.67637758004948 
0.9991784354838193 0.5923188209138979 -0.009070680652905189 2.672731737158766 
1.001721830322085 0.5890413545166888 -0.007758517223085519 2.679248998558136 
0.9960274553462513 0.5983269017132541 -0.01216138348954222 2.665863722943733 
0.9987021310549891 0.5934594536564597 -0.02036756258953096 2.67199762980088 
1.00007009427789 0.5912416936511352 -0.01460094868696846 2.675131955463543 
0.9921737811964532 0.6040253476234054 -0.0330149273547321 2.657019900281453 
0.9940607207649634 0.5995557793884354 -0.04641751720609026 2.661093614272383 
0.9992419379453824 0.5918029740780407 -0.03622005788346535 2.673234227518498 
0.9888841280428324 0.6105426484090489 -0.01046580939361269 2.649705740739591 
0.9895119092468879 0.6093753183499585 -0.018856200101284 2.651150505484121 
0.9928160971818764 0.6035451932996948 -0.0130154770743463 2.658421946489785 
0.9786893869365411 0.6252434531293556 -0.05249202684522181 2.626827507358568 
0.9687024795603411 0.6382752561876027 -0.06281500605060092 2.603348683539797 
0.9769476884694062 0.624872111428182 -0.07193108243917472 2.622190525491081 
0.9987814000986458 0.5890294818035009 -0.06714165166753241 2.67166525420066 
0.9872330726255502 0.6109333339797468 -0.06591340676596243 2.64655175734524 
0.9910073191900949 0.6001218633495474 -0.08285945864654597 2.653715685068318 
0.9828878170202707 0.6212142915982843 -0.02420327684815149 2.636944534568331 
0.9759836543726622 0.6303488480035733 -0.02498841109815749 2.620175398542306 
0.9799119360208471 0.6226261957421136 -0.03531706617413023 2.628399694103823 
0.9891608923751938 0.6102686992189081 -0.009837867635136312 2.650451945326904 
0.986958492616149 0.6134851985435402 -0.01553013281881595 2.645240417828448 
0.9893948662285114 0.6094576778676047 -0.01896407749595089 2.650821979865358 
0.9829496053121561 0.6206895177990925 -0.007095829943307036 2.636499934665757 
0.9781313162802169 0.6274709328736117 -0.002872726786139478 2.62501436776065 
0.9773162298007687 0.6279884424998304 -0.01062006424073761 2.622760856329312 
0.9925300889386302 0.6033035273443865 -0.03251211759238845 2.657778183229241 
0.9868644944026337 0.6136948005167946 -0.03087076734316821 2.645425686066564 
0.9875699281735211 0.6106825631154776 -0.04217408808591981 2.646286071088208 
0.9830870669750911 0.6192741280219043 -0.006732872790049845 2.636071459003662 
0.9860942877584004 0.6153692207564873 -0.009841551781341711 2.64353003591365 
0.9869439162182356 0.6145252548870223 -0.002479154677899084 2.645736061143633 
0.9676713608034444 0.6439682350555348 -0.01940154438935447 2.602004707023367 
0.9581044682700808 0.6556966170120729 -0.02166801244934227 2.579142271921391 
0.9594263479076102 0.6523041697905616 -0.03782395684213191 2.581587105629431 
0.9829317020931841 0.6207490506399054 -0.006633805847458267 2.63647353331835 
0.9776661492156149 0.6277177819003056 -0.01140760245417413 2.623734307425273 
0.9820149883995328 0.6220500271175691 -0.01437674233541595 2.634395339382581 
0.9737610814117592 0.6344714258680246 0.008433377589989091 2.615346860363672 
0.966722149963387 0.6437779208148384 0.009784905973676192 2.598677898385578 
0.9689476782695862 0.6414740428963576 -0.003285164710707596 2.604335310383702 
0.8969833410916165 0.7213757822793969 -0.002192049438416597 2.437193079644831 
0.9162417391422709 0.7047364296141139 0.01661562041946917 2.482577135344539 
0.8982368370314712 0.7209819558232232 0.03665144203590027 2.441210316917581 
0.9433003732327795 0.6740271656573424 -0.02480367521841414 2.544750724313132 
0.9341359180639746 0.685016058538089 -0.002699723513123089 2.523541011479457 
0.9255584532889929 0.6941433944538709 -0.01796849512822824 2.503883586151526 
0.9776087678031069 0.6248942741892666 -0.05420024586211544 2.62318327110242 
0.9699017023293334 0.6403020424670289 -0.03837807559786057 2.607268301208342 
0.9682322236370294 0.6379577556284184 -0.06300030326975184 2.601697474152444 
0.9562558434528259 0.6595800425203339 0.0142039427960268 2.575692044879443 
0.94543177753851 0.6711075391598037 0.01843501621240732 2.54949668071495 
0.9481338354186245 0.6692754603677633 -0.001369080465966295 2.556613450042063 
1.006740452202589 0.5798641211604487 -0.02977294460478085 2.691004623098078 
1.005101390624219 0.580587379652145 -0.04680279913759385 2.686553397302359 
1.013020570258295 0.5651423377250919 -0.04351047484615578 2.704267433030753 
0.9963282071941154 0.5984226463963331 -0.01143486564395072 2.666909813003509 
0.9956583375188943 0.599577923349488 -0.01926932992032636 2.66551389945712 
0.9986368767605084 0.5934200061561582 -0.02056777154825617 2.671764073322068 
0.9780354891972547 0.6190783188533568 -0.09847479272758305 2.62408970143613 
0.9924556126956959 0.5941377591286175 -0.1153232628621216 2.658118074289716 
0.9918015488948345 0.6010415687014581 -0.08181160264158453 2.656741320186791 
0.992760473543009 0.6041504636500907 -0.03146002718323791 2.658998287804776 
0.9878114368815085 0.6109898952397593 -0.0422514120327242 2.647223358592369 
0.9938436647288827 0.5997487092262684 -0.0462014224504089 2.660499517313161 
0.9516081146392529 0.6607558096294212 -0.07146694054916018 2.563986208860396 
0.9528350655941137 0.6538943870424794 -0.1129943550238539 2.567563215128697 
0.9636878176673265 0.6404429136294634 -0.08975831378773226 2.590773975740727 
0.91836434682785 0.700420448107686 -0.06280091886734566 2.48792861842169 
0.9137711294142805 0.6985145208609309 -0.1014109877683673 2.475884693504525 
0.9387881925266494 0.6778171589660889 -0.07028983185299634 2.535512749572437 
0.9845128484176411 0.6178819096488525 0.004413544342390871 2.639866373270654 
0.9829054938680778 0.6198613466576277 0.0006062768179456865 2.635830042099494 
0.9866512279068649 0.6141411482086991 -0.0007976245361561341 2.644528900497825 
0.9910363627016497 0.6068998067897939 0.01122045400140221 2.654571740207968 
0.9875246568044587 0.6123302137691525 0.009991617302915506 2.646342253071791 
0.9897944478514269 0.6091821381780467 0.004421942850788576 2.651816381121766 
0.9913776842976371 0.6063731090567334 0.01131278076492199 2.655356552965821 
0.9887522765659766 0.6107125080646373 0.01658874585599671 2.649469138405972 
0.9874907315427858 0.6130548932078079 0.00995951398001203 2.646668691514289 
0.9957556733707431 0.5990649286513903 -0.0001985772186818705 2.665355246636787 
0.9959711593996174 0.5986391347524213 0.004690755146699907 2.665829134233475 
0.9939271079683201 0.6020314190333392 0.004445103502565395 2.661108638326141 
0.9553617908895107 0.6600057651069827 0.01356322799233245 2.573120324374776 
0.948323919491728 0.6692193957285788 -0.001418995038887015 2.557089933940064 
0.9596889166093564 0.6522778375615117 -0.00820237989906279 2.581719360183747 
0.9432737713838211 0.6747486114399043 -0.02337211676570347 2.545127490707849 
0.9327450605155322 0.6859428679846256 -0.03976218167873326 2.520980072711823 
0.9446491149788032 0.6713644097271032 -0.04887875170790398 2.548285142905697 
0.9443507943736663 0.6742078338308665 -0.02331492534450868 2.548180939906914 
0.9254302864395472 0.6940707589658844 -0.0183112053876749 2.503347934885935 
0.9320650794711922 0.6860123875183254 -0.03848189338494335 2.518877062628297 
0.9183330078510172 0.6985301105758596 -0.06368942741610688 2.486461298144046 
0.905537526269119 0.7148903245243189 -0.0365866596407613 2.458120111200955 
0.8969631927389825 0.7177861652960135 -0.07345213317361945 2.437231691721574 
0.9455548772678362 0.667299156488695 0.07991660566391751 2.55024259215098 
0.9342524886260616 0.6809150131561802 0.05662627440729082 2.522902862957076 
0.9468129809938124 0.6696716682492158 0.03903459927101955 2.553250731311338 
0.9730740148069733 0.63511270417816 0.007810734699641832 2.613551298837104 
0.9780729906866661 0.6271085800219574 0.01963962061371287 2.624760777962493 
0.970429438049686 0.6390401590158691 0.02153779823169711 2.607743218213529 
0.9791014912956022 0.6187518479361458 0.09383382549525951 2.626874486975317 
0.9749646695893956 0.6203306947458507 0.1228039214087162 2.617796114681049 
0.9630274238061786 0.6436605318157468 0.09369195339625611 2.591039113140111 
0.9693446437119001 0.6394640032400734 0.04393095444066461 2.605236355656072 
0.9610082599326715 0.6504441995790455 0.03258813150651256 2.585284316436202 
0.9695429589423595 0.6398845672823155 0.02148238683365826 2.60537515134455 
0.9895832506345097 0.6079127364413069 0.05177542384648381 2.651626352882932 
0.9803350618187239 0.6217934237372419 0.0523458407334953 2.630033935001536 
0.984898392443308 0.6156273845216984 0.03640616312554083 2.640318920764249 
0.9464411703370599 0.6659622619578096 0.07906544542032728 2.552189351083904 
0.9470815809997469 0.6705527527395303 0.04063081608798567 2.55480926035362 
0.9620372391117508 0.6487827200407716 0.05920100751561341 2.588252753804631 
0.9098593119301547 0.7062269305200447 0.07425745504831668 2.467185114000952 
0.8932391747729698 0.7210360509654361 0.08416132138719587 2.429332507944004 
0.8967622663587298 0.7210352971774121 0.03724165066443927 2.436866846370699 
0.9468834569566703 0.6663944303807861 0.08103340865145607 2.553540078009902 
0.9311036482146184 0.6862107782409959 0.07963779955062526 2.518460879517578 
0.9344930444602854 0.6813944460890906 0.05628024179523064 2.523802179029302 
0.947401645103953 0.665821684777823 0.08064010761788369 2.554902078867926 
0.9357447586587863 0.6738850997087443 0.1109414322229725 2.527252221831606 
0.9303348307161873 0.6848997347509108 0.08170158927928858 2.515322760021954 
0.9911567923088402 0.6067406917049473 0.0109647682909101 2.654863669596957 
0.9922578217343289 0.6048824833346794 0.0183582873895046 2.657474166061998 
0.9886658452243189 0.6104123859905988 0.01715124682289155 2.649006377427849 
1.001312528143345 0.5850975736657811 0.07394104558432117 2.678156586388432 
0.9923636073496063 0.5990922843687728 0.08607157599616677 2.657855699980967 
0.9941595906233095 0.5976956255278724 0.06174977295119872 2.661111106099701 
1.000061729161904 0.5915143380109016 0.000667913150999367 2.675150120835764 
0.9998870461242992 0.5918059792932333 0.0002161874319155371 2.674741549454031 
1.000206848678337 0.5912553973126352 0.0002086680972382444 2.675479264244774 
0.9994355592389823 0.5928341869921002 0.0001143146225780669 2.673850012648773 
0.9997985650199017 0.5918978500839672 -6.515161680062921e-05 2.674501430552903 
0.999632299433878 0.592168490642247 0.0007684000860787894 2.67410964273633 
1.008342943528686 0.5761076815837519 0.03886303153468659 2.694576341892473 
1.013030207472999 0.5651083155542429 0.01898122358899856 2.703415069847238 
1.015044390701604 0.5620785574054175 0.03429684316150289 2.708983432053393 
0.9888795555391048 0.6105610756769976 -0.000138707128916211 2.649648307628312 
0.9925443026526988 0.6046110860283884 -4.659424833286634e-05 2.65807431690697 
0.9900154413634551 0.608902613817332 0.004668825509173976 2.652385191722085 
0.99932477502659 0.5927584973972907 -6.960978134664342e-05 2.673435369686179 
0.9990574829894535 0.5930346549126924 0.001760719026443856 2.672713874703075 
0.9983992068718178 0.5948028011376896 0.0002651505500576319 2.671577187644101 
0.999944689407804 0.5917318149690609 -0.0001353904507419743 2.674886878480008 
0.9999773612762253 0.5916764119504553 -6.1760215073772e-05 2.674962810755345 
0.99979500277952 0.5919601423065091 -0.0001137714590793574 2.674524484538432 
0.9999573105097618 0.5917009030941932 -0.0001772302900608384 2.674909955664861 
1.00000489885563 0.5916335676600866 -0.0003086876395145328 2.675033683733725 
0.9999681103042054 0.5916707238427844 -0.0001116402397703849 2.674927604270208 
0.9979010607180741 0.5952763172401294 -0.0002156225885569239 2.670201676576943 
0.9990579370380053 0.5933066787852798 -0.001820893725058818 2.672874871184006 
0.9990623140885455 0.5935973336800168 0.0001725231986226083 2.673059930306468 
0.9927326435530884 0.6043406869640903 4.662311529719085e-05 2.658541057672939 
0.993722408838986 0.6022545192523524 -0.00589067314059603 2.660561748963279 
0.996044801290094 0.5989418634808699 0.0003099526394783775 2.666239618535124 
0.9927499907786693 0.6042413983653691 7.778241962934966e-06 2.658544824444674 
0.9899769531516802 0.6090031422898491 0.0001201276052246197 2.652299181250901 
0.9912657719298115 0.606596877172097 -0.004749637550444447 2.655089935051149 
1.004281177954979 0.5845527928026536 -0.01050321266922187 2.685232932576584 
1.007228967259902 0.5789310494649584 -0.008385912367669704 2.691719308957606 
1.004007988739894 0.5840250220866714 -0.003248356683193687 2.683848050196414 
1.006217136855496 0.5791506549938593 -0.03119585223063591 2.688926378114825 
1.013111115683754 0.56539928041286 -0.04311299550448301 2.704673474936878 
1.013329914656959 0.5663261208948331 -0.03118500606329802 2.705490178424372 
0.9890056536864422 0.6106392517635841 6.67560322294527e-05 2.650111387884726 
0.9879010916092342 0.6125760807197622 0.002797219311498802 2.647683367045168 
0.9869910227308559 0.6133339276809203 -0.0004681293304652373 2.645152161309759 
0.9777075505067877 0.6189577511033556 -0.09815383024468741 2.623121994384615 
0.9745521978474977 0.6224050163442236 -0.1274887796824486 2.618133051303718 
0.9936121546747043 0.5953140960631118 -0.1187948210353973 2.662906419953916 
0.9983878958848944 0.5896958868520991 -0.06736754178986354 2.670686183608221 
1.003741587766929 0.5778745833738915 -0.09003146103759592 2.683429035248784 
1.011411675544615 0.567452923293385 -0.07250469373996839 2.701738485926986 
0.9193389822021083 0.6989926430225771 -0.06146958908112605 2.48979171003073 
0.898568432083887 0.7169392425807637 -0.07453212617194026 2.441242340029 
0.9135033818200179 0.6996768562726423 -0.1036619954657413 2.476463768594234 
1.001132062385191 0.5896756938476371 0.002243806361969647 2.677627352788878 
1.000986483035023 0.5898155565956235 -0.000169883100868668 2.677222007475083 
1.00176000026419 0.5885665520838678 0.001368120581596874 2.679064210306674 
1.000875051543293 0.5898678268166511 0.002032675051904595 2.67688274500557 
1.001850121445962 0.5881945435937891 0.001726150669369987 2.679144852550474 
1.001082883895974 0.5897647641650196 0.005194968369856045 2.677526409864706 
1.001099349827737 0.5899094624486201 0.005568952781290365 2.67766753447005 
1.001931481374393 0.5879682262915665 0.001315000731530141 2.679279512090224 
1.002616965935132 0.5874334066663132 0.005657646522375301 2.681269539313149 
0.9992027756928731 0.5929136627913806 0.006924417512074243 2.673138027270666 
0.9975685149104903 0.5960938730435122 0.009257393288963342 2.669635117258491 
0.9959834698315494 0.5985900273293009 0.004860873031676715 2.665837926663415 
0.9990677786136245 0.5930982075137909 0.007065069981134296 2.672805213920603 
0.9961005447423963 0.598579134946268 0.004996670644554212 2.666218934353114 
0.9975876845627399 0.5957509763445387 0.003981790916674311 2.669453968305532 
0.9977236480238305 0.5955529486335942 0.004010149359782203 2.669785111145858 
0.9961509444664882 0.5985177259904056 0.004479928224814756 2.666353470928007 
0.9957012596579569 0.5991191361188354 0.0001129108476148851 2.665210741374939 
1.005751627918599 0.5808243979722026 0.006291162572441571 2.687877208788275 
1.004482461325844 0.5834719655894951 0.01635599375570444 2.685288549576543 
1.003219363152319 0.5862273761800083 0.009640866017699805 2.682589209240495 
1.005361485004653 0.5810198813510264 0.006410649669301874 2.686693755167508 
1.003604973907195 0.5859553452455583 0.01009286074790617 2.683728740659309 
1.003690746719687 0.5845274437360273 0.003172322765101303 2.683129369030259 
1.003735839129197 0.5845428333328873 0.003247138390980186 2.683294559618251 
1.003534570445582 0.5854956276817971 0.009552639829325756 2.683222904902994 
1.002425390840433 0.587769286646743 0.005759047161072203 2.680824697117528 
1.000374804295409 0.5911227786367566 0.009915723294031795 2.676002267200991 
1.002720931973823 0.586683492337123 0.006068502533320943 2.681173336429282 
1.003482897198856 0.5855229074019181 0.009803130996446766 2.683066840574515 
1.000046848931097 0.5914463909253421 0.009571715341587727 2.675094883333557 
1.003505025057488 0.5852667261927955 0.01050533113422336 2.682996901004727 
0.9998086682687662 0.5916775679731793 0.01410258490871953 2.674494050236505 
0.9997289804364011 0.5919545940884183 0.01447598375263219 2.674396630160707 
1.003729294155769 0.5847866912565325 0.009941556115810045 2.683449620557386 
1.00415772755775 0.5844822221472733 0.0164036284273719 2.684793839985828 
1.006108611528433 0.5798455473721624 0.02416496508117002 2.688786785859004 
1.003945991852147 0.5846894076650418 0.01648618990106527 2.684190194049495 
1.008362430698686 0.5757716785738517 0.01281541301459592 2.693762424293797 
1.006279786394514 0.5810550341048414 0.0256831756578375 2.690064390698358 
1.008404808533326 0.5755432414450602 0.0124859374808916 2.693740943041664 
1.012356284041704 0.5667148780409543 0.01972070735778538 2.70214214557789 
1.01276037863416 0.5675507473397845 0.01817684524596883 2.703968102708297 
1.008146885717253 0.5764044041622662 0.01213323993194624 2.693386498969099 
1.011673209227706 0.5700419492714884 0.002447445851338546 2.701510830632549 
0.9803159394544648 0.6224968047870418 0.05281547771184615 2.630422710391875 
0.9904425488388752 0.6049427818737212 0.05156098066707573 2.65258447616 
0.9859268728909962 0.6122099239143846 0.06835928836445146 2.643295993026749 
0.9799480620621596 0.6221395944881962 0.05122599265292705 2.62887504160158 
0.9856132543714525 0.6130494871728813 0.06978445498730514 2.64275589307624 
0.9714908952626672 0.6337099005956597 0.06769615955550017 2.609799149388608 
0.9712275423560888 0.6356768259929394 0.06823511435884846 2.610175373556078 
0.9867059521490066 0.6098063567366918 0.06895828255412782 2.644085963194404 
0.9783798772974156 0.6206119622027644 0.09271130736067572 2.6258625734228 
1.006527386151183 0.5769829713466981 0.05396696118987952 2.689710761003452 
1.00756642783963 0.5763626988846546 0.03718709302238709 2.692002998303067 
1.013780793743844 0.562741978917835 0.05298066441074351 2.705896543142927 
1.005945433013062 0.5768693585409546 0.05222210995842674 2.687546954782003 
1.014458753692141 0.5621741292913803 0.05190453323907885 2.707683288312618 
1.012565593372758 0.5652312502589442 0.07796289656070506 2.704755430496098 
1.012573968174835 0.5625031151643087 0.07969293466475194 2.703486339820383 
1.013982117525851 0.5640804375663651 0.05152640202632344 2.707054236708144 
1.024591785647418 0.5371824477057924 0.0754888580240798 2.729957537537424 
1.000471303256856 0.589509913154494 0.04990686402106179 2.676571396132989 
1.008009797804392 0.5751287303844546 0.03788234801549633 2.692723530085931 
1.006758774698694 0.5776677959367336 0.05339920245421757 2.690792956093113 
0.9997955443580673 0.5899413723444197 0.0489647127619383 2.674507431287243 
1.006387889559806 0.5778941693195666 0.05508101446042336 2.689715807820689 
0.9949046828955472 0.5968592112610146 0.06335007101473003 2.663194845178827 
0.9947377775536411 0.5978122157993798 0.06382520788261654 2.66325943146679 
1.006752797320402 0.5754638438538998 0.05361630426669923 2.689307089241152 
1.002254499478926 0.5843516780785079 0.07342083295310056 2.680891507136473 
0.9606399632137046 0.6496070554732738 0.05900058402824424 2.584773088810091 
0.9696106857287591 0.6382868216579206 0.04331046964652618 2.605267826852641 
0.9705417868028938 0.6360878718708397 0.06687119816692581 2.608182612791136 
0.9606372458153509 0.6511243528291084 0.0590963318361791 2.585637314025213 
0.9721158721661358 0.6335790838332002 0.06662783635168168 2.611425386478212 
0.9627154892394018 0.6432110162986817 0.09110135037305511 2.589674503841954 
0.9631971026220324 0.6423391794644283 0.09236551982197605 2.59076062767657 
0.9705126124943946 0.6348848032379332 0.06559603463671478 2.607130947997436 
0.977684586725619 0.6217525359570921 0.09389301196861227 2.62427264094084 
0.9997318440584276 0.5914207677347553 0.03320968923688274 2.674500857501477 
1.007530186975652 0.5766424073619687 0.03855564352037771 2.692072364790224 
1.000213956508956 0.5883924005498828 0.04878871118451256 2.675013137998629 
1.00067823290326 0.5903062092780358 0.03361333566639349 2.67697181303324 
0.9999656882705877 0.5897986212847205 0.04811116199361908 2.674954327763076 
0.9939171119441486 0.6021281310774665 0.03779626880413683 2.661801010985263 
0.9935909776525275 0.6022430421338413 0.03635501436693195 2.660714991864477 
0.9996646051973996 0.5900960895182723 0.04959678073766809 2.674154347419898 
0.9900163652009802 0.6055506536288884 0.05195961764443473 2.651688719579295 
0.9901262304185543 0.608328096727301 0.0292722954166349 2.652807185876002 
0.9959804612315059 0.5976532668628732 0.02681062728544996 2.665570318055837 
0.9940115156453784 0.6007240764650952 0.03649603568256018 2.661251113367579 
0.9898073954903386 0.6082646379040341 0.02831056674692486 2.651677047941718 
0.9938366688383821 0.6011766642204291 0.03761775054068051 2.660947735586985 
0.9854263936995502 0.6142598907768715 0.03772685993076868 2.641308661443061 
0.9853180571475383 0.6160725871440611 0.03824137455916148 2.642067154456047 
0.9944428810348011 0.6005543335043838 0.03732428965228743 2.662470714204321 
0.990078200544565 0.6070970180652855 0.05064060351587488 2.652754377498895 
0.9829698890168596 0.62045550612944 7.52873323547466e-05 2.636414926622992 
0.9850233479984176 0.6169746403725753 0.005179116149494358 2.64096244850146 
0.9810033343733422 0.6231556361189955 0.006097178079282677 2.631695743296318 
0.9831104793455988 0.6201246602640424 1.673046990372486e-05 2.636660455224212 
0.9806061950203881 0.6240119153238084 0.006739837480286786 2.630916805423309 
0.9781519287196212 0.6270482004297878 -0.001977151726688912 2.624822357615912 
0.9783164445582986 0.6282084460353116 -0.003004913165885548 2.62612883988109 
0.9811820528650284 0.6236102567804982 0.006871564978742302 2.632518706289946 
0.973822796562529 0.6335365568592409 0.006950866287300941 2.614973162999938 
0.9948743396859173 0.601091516112834 0.01179714491806896 2.663730580684411 
0.9976000672592121 0.5957714344686729 0.009499338804240877 2.669531848541267 
0.997004162135173 0.5964805069542489 0.01567039366401769 2.668068078404735 
0.9946283490440362 0.6011235416794586 0.01108696414878443 2.662921622655595 
0.996958539729506 0.5966108940159341 0.01624076127197566 2.667991989958093 
0.992631776954321 0.6037532292627168 0.01843351697981362 2.658029705265691 
0.9926140323820377 0.6048800570891433 0.01891444193756998 2.658648298696777 
0.9973502075243184 0.5961588324878899 0.01595559604885729 2.668980994038898 
0.9957082402067022 0.5984066071585553 0.02603026574343453 2.6651445985571 
0.980711980608219 0.6231450223645745 0.006870155664819594 2.630738001875383 
0.9848451034626933 0.6171451058597117 0.004873909835559995 2.640488865768536 
0.9832711141980808 0.6198525108810303 0.0123480509246046 2.637089725082057 
0.9807959281012126 0.6241053509053156 0.006208122591049572 2.631591858295637 
0.9840079657448175 0.6188077682423266 0.01241499227043984 2.638795263449428 
0.9778990904667929 0.6275597801656031 0.01847873770048956 2.624542796156688 
0.9777667119445593 0.6271431926847172 0.01985351899127205 2.623858481055513 
0.9833804865845657 0.619397150156216 0.01179451934365595 2.637121556005283 
0.9833943625215769 0.6190336328313423 0.02480421182934965 2.637206727568419 
0.9994694052592396 0.5922229592669656 0.01345512046693846 2.673665949909022 
1.004019037900091 0.5845028730071915 0.01701727657933266 2.684348637576123 
1.000763561446477 0.5891834117011963 0.0231231344358352 2.676381766315095 
0.9999764865092526 0.5915806934400173 0.01360467623701699 2.674972074619876 
1.000593025373801 0.589844446531852 0.02287929908052664 2.676185916490065 
0.9970476032076605 0.5970394195194181 0.01639139794109049 2.668546128951944 
0.9968491746566559 0.5972662825942084 0.01540645240336067 2.667994277019799 
1.000455323474304 0.5898297402372309 0.02384201554520847 2.675731402662751 
0.9957251066424242 0.5974954500943143 0.02668270313163686 2.664678298586852 
1.001077815884061 0.5903318552088563 0.02444572710131385 2.678122816065204 
1.004442921938278 0.5838639564270477 0.01677167536662458 2.685367196744756 
1.005898216693615 0.5804322610687453 0.02448417396291357 2.688408479063163 
1.000543450419149 0.5906847295172146 0.02337238108010186 2.676515275913502 
1.006013019500791 0.5803515285689966 0.02530370486701398 2.688749976645349 
1.00035098380564 0.5898145878994949 0.0337164206576937 2.675675410937881 
1.000405345329322 0.5911097727724085 0.03492915813399267 2.676637359599188 
1.006387585064664 0.5796303346938285 0.02469321244016288 2.689525066124224 
1.007586090445501 0.5765280164960619 0.03755899903375545 2.69218934241742 
1.000053271625161 0.5915494786234987 0.001713938304585416 2.675143842455129 
1.00001783410275 0.5917206321581063 0.0007429385980620401 2.675125920982017 
1.000472386320447 0.5907079653669882 0.0009240858573343329 2.676039377750792 
1.000062523291631 0.5916888686429518 0.001987195655588499 2.675257258869503 
1.000532156497394 0.5905839974281791 0.0007643408388055677 2.676164344966523 
1.00093998935665 0.5899335045784811 0.002119942286268059 2.677139734733697 
1.001006848949784 0.5896505251196729 0.001975507772903816 2.677195509711556 
1.000414238528753 0.5910019647458759 0.0007709706641870097 2.676018519559473 
1.001026487636902 0.589827145026858 -7.436370149723394e-05 2.677362647349123 
0.9992232199818962 0.5929267418672682 0.006625706091027554 2.673217907863759 
0.9997697243009358 0.5917725435984097 0.004336611598880116 2.674338056494689 
1.000784536562553 0.5900749453819043 0.005779437754298411 2.676720836313562 
0.9991294996582646 0.5930349339094523 0.006717654147742686 2.672970899736339 
1.000914485563115 0.5898322090220771 0.005442259285803381 2.677005275143924 
1.000472349631003 0.590976688970377 0.009141546042339969 2.676240184916503 
1.00046412601777 0.5907252511593599 0.009332906489524204 2.676061101369459 
1.000696755674334 0.5902301803715431 0.005470776663844604 2.676513315324812 
1.00250084942382 0.5870621970941357 0.006450400900498199 2.680668428118782 
0.9996561895359108 0.5922551660912561 0.0007882442890627271 2.674240315426475 
1.000099927239065 0.5913335547377467 0.0007347338980157935 2.675169980700995 
1.000028349676807 0.5915811391966393 0.001692822537872094 2.675079723162841 
0.9996293858490414 0.592322869487285 0.0007054396629644908 2.674190852676203 
0.9999978322462317 0.5914328089010258 0.001977475992474663 2.67489074114196 
0.9992147089382835 0.593096778325466 0.001695185082655743 2.67327307261599 
0.9991303792490502 0.5931468048362807 0.001685017454327118 2.673022239541536 
1.000129307568971 0.5912446142004447 0.001731352615882263 2.675214943507878 
0.9998514484434271 0.5920258781488764 0.003988517752321122 2.67476088881601 
0.9922237707083695 0.5990364911016143 0.08723290468829779 2.65742359235362 
1.001821977930291 0.5824661263107028 0.07353852366225273 2.678293418641859 
1.004564586729889 0.5757531641034154 0.09724104189737971 2.685576221613707 
0.991478512310178 0.5986049393347959 0.08483156634599294 2.654482451877755 
1.004930157521152 0.5756023986252889 0.09738419942001635 2.686510357928924 
0.9918171345364341 0.5965555517964344 0.11560957132062 2.657493128285604 
0.9915459767557822 0.595826337652249 0.1174223143197864 2.656254724824132 
1.005213316612313 0.5731385371387667 0.09659481822155644 2.686044659394522 
1.00964706963646 0.5585955323445353 0.1291370730879893 2.696388183865809 
0.9998625332754014 0.5920128329585794 -0.0004454323297593329 2.674779637479578 
0.9999160002826054 0.5917467967937678 -0.0001114437443089309 2.674800318991861 
0.9997810801329099 0.5919722712628214 -0.0001101998986686385 2.674485423074037 
0.9998968117797091 0.5919914398874229 -0.0005437137255170565 2.674880968397237 
0.9997917772254739 0.5919665451957866 -7.841591782680195e-05 2.674517589122321 
0.9995838259146432 0.592366623042541 -0.0007709116483058414 2.674062965053406 
0.9995484390299401 0.5923787811716212 -0.0007786538372439701 2.673952936580088 
0.9998052744343943 0.5920042992052239 -5.601777946786266e-05 2.674584624812554 
0.9994893400102337 0.5926779125591153 -1.374550474469086e-05 2.673933576512277 
1.000178822881681 0.5914831033802367 -0.0003326982069743337 2.675467017274009 
0.9999499360133615 0.5912483991122918 -8.108385044228144e-05 2.674838054229291 
1.000030158690963 0.591720922135841 -0.0002748387820909908 2.675081856541392 
1.000157082881262 0.5914381986627113 -0.0003691006737415788 2.675422463564606 
1.000039465665381 0.5915980737956377 -0.0002139114816532251 2.675126392581331 
0.9998872155887228 0.5917219927529059 -0.0005481791763840313 2.674694280080572 
0.9998684563513792 0.5918110383730586 -0.0005362260876145491 2.674682646662979 
1.000062578308276 0.5915946962116989 -0.0003002874172408019 2.675202729211398 
0.9999197093605888 0.5917245057053897 -0.0001803561313950062 2.674798807991857 
0.9990822960890858 0.5932671096892534 -0.00182348372414035 2.67293166749925 
0.9977959685511401 0.5954689778060039 -0.0002147843763829524 2.669968535191531 
0.9983225848821131 0.594828629218659 -0.003468932989743768 2.671340916532835 
0.999121554763447 0.593328641764403 -0.001749248142457144 2.673097245412263 
0.9985799411124424 0.5939127355208874 -0.003683652005962323 2.671649645047138 
1.000151113534691 0.5914207062296269 -0.003105956201778058 2.675396608194351 
1.000081139467798 0.5913423231838408 -0.002833564906786274 2.675116768775486 
0.9984293408457218 0.5940854524764591 -0.003826354265139292 2.67125264325942 
1.000225223965917 0.5915570742121414 -0.005534186337502098 2.675733935521511 
1.00109817315697 0.5901299750777895 -0.001554826081826435 2.677677722085336 
1.000579889714387 0.5898867951624187 -2.773625742305283e-05 2.676241932836858 
1.000474969712619 0.590944465637067 -0.001030338375658428 2.676071360405569 
1.001041555258715 0.5896659762170546 -0.00173839519202074 2.677335053932243 
1.000487894489006 0.5906815497541342 -0.0008636038987165383 2.676089431415517 
1.000212994692056 0.5914099876384094 -0.002908699418183997 2.675601714985849 
1.000169123824654 0.5913648956520786 -0.00279924528225451 2.675427472844886 
1.000560608003281 0.590857312138095 -0.001107611033947896 2.676437190573731 
0.9999625601827064 0.591613068117344 -0.001590763598379484 2.674880678336384 
0.9991976725527734 0.5931874338812692 -0.009076801790782263 2.67330074758436 
1.000512353346811 0.5912842750333737 -0.006090586308972841 2.676529326667898 
0.9981933525344265 0.5942866159232063 -0.003491619871289746 2.670587215588466 
0.9989844077864194 0.5936657730482356 -0.008949180316155558 2.672873942075714 
0.9982997561365532 0.5943091030368012 -0.003099353946048099 2.670957111740031 
0.9966733639587072 0.5973141273804845 -0.004079106409510531 2.667355990930834 
0.996948601239891 0.5969410321110051 -0.003933130744271133 2.668041506726535 
0.9984656714030259 0.5946927906189443 -0.003745163822619258 2.671736114929621 
0.9978015609550471 0.5955314489247207 0.000150269030860297 2.670024210129401 
1.001524997760149 0.5877706907620204 -0.00844183579265464 2.677898579025765 
1.004107011490318 0.5839728617722941 -0.01030321285159345 2.684302949943781 
1.004363553915737 0.5844899677962028 -0.004051295083541307 2.685348323023126 
1.001760389450164 0.5876166288127042 -0.008006946624954108 2.67859001388935 
1.004202494497854 0.5845892057100437 -0.004112323097182278 2.684868608958781 
1.002223048377126 0.587780118886425 -0.003663216370363812 2.680171914864901 
1.0021926066427 0.5880883156590754 -0.004042472330894905 2.680064724094855 
1.004184399642361 0.5851375771273687 -0.003609918952824789 2.685027054265869 
1.002874069361863 0.5854143246620328 -0.0003324465468638053 2.681336994859008 
1.00596266050693 0.5820601006043775 -0.0178655789485998 2.689455302941051 
1.007052395844649 0.5777136951837017 -0.03082408036902916 2.690879391018208 
1.011614655136397 0.570149756248629 -0.01847302684702668 2.701543020973153 
1.005696097862163 0.581984728310178 -0.0185414898228169 2.688540087368307 
1.011072547553274 0.5710529750071052 -0.01709780975248803 2.700201723872268 
1.007290850083985 0.5774107074323019 -0.008351985999327688 2.691067122723289 
1.007342173938639 0.5791394986966369 -0.008781491915478449 2.691978592128834 
1.01177587680801 0.5708088654217567 -0.01692605657355148 2.702212875842707 
1.011365280714691 0.5691063469491506 -0.003507450969467207 2.700710422770836 
0.9860597054223846 0.6143193750419085 -0.01021975384077314 2.642748347447184 
0.9824407698703204 0.6208022306725302 -0.006748169688985598 2.634897206720216 
0.9818075231283406 0.622015126281127 -0.01386527583136244 2.633670269340017 
0.9861877206503714 0.614424033183496 -0.009670335607870364 2.643229203366231 
0.9820184100728782 0.6216929061810005 -0.01446972753305665 2.634154524475897 
0.9869006140098835 0.6141707500186354 -0.01628484498816075 2.645509387796892 
0.9869061285615538 0.6138142886693047 -0.01622504474817885 2.645271613207597 
0.9815825468393626 0.622125261168835 -0.01435645645901706 2.632969855228032 
0.9823971421014923 0.6200696504848873 -0.02360657253086173 2.63457615675966 
0.991351478785894 0.6067162992472769 -0.004188771706746652 2.655433413298308 
0.9892772261515523 0.6101558875788999 -0.01031402678187654 2.650763165274867 
0.9927061026611822 0.6042273288483696 -0.01297038683210671 2.658483344028622 
0.9911337890196963 0.6069701715301703 -0.004600657859541064 2.654866516169569 
0.9926950497111711 0.6041040027440937 -0.0125068016753893 2.658368420695318 
0.9938061215486941 0.6019883316075925 -0.006052255292888443 2.660686267373456 
0.9938339593016943 0.6021425801880189 -0.005832872892118231 2.660874890551038 
0.9930255520117164 0.6038234794921622 -0.01271904161744153 2.659277206144164 
0.9964019679702705 0.5983444995224974 -0.01256058781414496 2.667136241951673 
0.9992425074945047 0.592827969235809 -0.008795902716321885 2.673241291343431 
0.9963567574314462 0.5981575305351212 -0.01228864931495032 2.66685030510855 
0.9998453208388887 0.5912450927157178 -0.01403642411744388 2.674383148843507 
0.9989906918576609 0.5925278831481219 -0.009451656268013267 2.672235083837666 
1.000152689626943 0.5910306339530366 -0.01402363151377194 2.675257473108065 
1.002003856789341 0.5889143830866751 -0.007969147316582234 2.680113946308257 
1.00189290363121 0.5884958610796569 -0.007404219181082239 2.679508688884003 
1.000362576228092 0.5912655860123729 -0.01442484117786674 2.676079716848442 
1.004028528734285 0.5831502845083062 -0.01079769643395645 2.683563730078646 
0.9983189716591749 0.5932966691152993 -0.0213979414622659 2.670602551260385 
1.005828248347698 0.580623067831796 -0.03108965867297676 2.688483872668719 
1.005559137737833 0.5807964018679947 -0.01866503125217055 2.687408984630703 
0.9992874692589143 0.5924123497690295 -0.02092590558312073 2.673290783118905 
1.005219267069769 0.5811186464019165 -0.01885435934045437 2.686468096894117 
1.000124323341109 0.5919703784433161 -0.01381825958959005 2.675693695522162 
0.9998479274239458 0.5917072383883315 -0.01492017837203628 2.674635432455117 
1.005127836928986 0.5815064043434111 -0.01805990420960306 2.686372110676258 
1.004131115510153 0.5830711382592154 -0.01074347634335981 2.683857972844898 
0.9935401454007692 0.6007130017888108 -0.04740539225284492 2.660066158862042 
0.9986485479982413 0.5899475222488817 -0.06651254916564163 2.671696133837638 
1.005142411382989 0.5802470922770593 -0.04785633129619724 2.686632526914503 
0.9943336111019776 0.5997153539048804 -0.04697606732406978 2.662038867800256 
1.00442067798273 0.5805391908779438 -0.04730418411578698 2.684410064995294 
0.9995804207581103 0.5928670730135921 -0.0349075755714581 2.674909270843342 
0.9989072888960091 0.5925714583680017 -0.03721948239779631 2.672559573083841 
1.00449978512177 0.5807049679773627 -0.04665518719645075 2.684727672255432 
1.006436020130878 0.5782901036150868 -0.0309930223848157 2.689217434702475 
0.9890820847987418 0.6100625670393282 -0.01966588386467833 2.650156152632793 
0.9922215138100403 0.6043328501144638 -0.03127787139804544 2.657361532001064 
0.9952677235729651 0.5987421071348989 -0.01995511398556698 2.663746725479564 
0.9896804843842276 0.608879066624942 -0.01946584586295335 2.651390353536081 
0.9952583875150982 0.5997048563643369 -0.02031338235320564 2.664293726027477 
0.9930345074035584 0.6041601912025288 -0.01216475604538165 2.65949151536517 
0.99267162297067 0.6045005432852849 -0.01287186538266488 2.658498355959455 
0.9951023032628987 0.5996344093869741 -0.01932800198811487 2.663718936748576 
0.9963620094402207 0.5974945142549395 -0.01211306192320856 2.666488394733281 
0.9693087043632856 0.6398222173979833 -0.06185148878793215 2.606397021413104 
0.9528883047290526 0.6590755684920625 -0.07170102768809629 2.566961082628996 
0.9639575424361255 0.6406599740005369 -0.08867449260896947 2.591611851018304 
0.9679440986545054 0.640639132703973 -0.06315983300802906 2.602559898400324 
0.9648169165481029 0.6402504786661846 -0.0885072239071004 2.594052114806102 
0.9773327743216718 0.6243623665625934 -0.07287039670837563 2.623170124186713 
0.977819458140287 0.6254638916322205 -0.07110421755056186 2.625289503707557 
0.9651479620841495 0.6400077716935844 -0.08901868883844069 2.594849319107155 
0.977923503304614 0.6196285329658077 -0.09770399762677101 2.624185291939294 
0.9873827078659055 0.6096024818696748 -0.06521675388343817 2.646279882342748 
0.977874049894901 0.6255075537436604 -0.0539927187263862 2.624374690714094 
0.9772982592655627 0.624616720559779 -0.07263490214274826 2.623177847835739 
0.9880202156781134 0.6107438979210904 -0.06366158300085596 2.648950457436755 
0.9772747613869228 0.625145181311368 -0.07309138499167253 2.623252497497977 
0.9906836979963562 0.6002715630279394 -0.08294162952479492 2.652772056144847 
0.9914310439939069 0.6003042090505084 -0.0839658226067391 2.655268736810961 
0.9766382954201812 0.6259067257606992 -0.07311578386647424 2.621758614713082 
0.9782424942789624 0.6194373974553646 -0.09824249306739777 2.625083517382226 
0.9765369229513177 0.6305239997414356 -0.02475873960602129 2.622109846506607 
0.9668931104258717 0.643333142308108 -0.01993261146821873 2.598988623019966 
0.9696400251593812 0.6372212636223181 -0.03740975407627824 2.604464228081084 
0.9759082721373645 0.6308712414836866 -0.02505068822861117 2.620280509199846 
0.9707460855314651 0.6366794726422363 -0.03853237806289743 2.607710674117108 
0.9804113322588667 0.6230775029711737 -0.03656304483813056 2.630366560002113 
0.9808459980429848 0.6238435619350063 -0.0350254960818521 2.632201582443118 
0.9704957002485809 0.6381969152413389 -0.03834563564785483 2.607774431789209 
0.9773762762175655 0.6251364265325527 -0.05288185046815026 2.622500606650983 
0.9868548742305512 0.6143570415129864 -0.01505935215323459 2.645408287460544 
0.9828952975335239 0.6197219403460862 -0.02405867578787075 2.635991323272902 
0.9869423788339149 0.6130417525810992 -0.03000257956282477 2.645285154605051 
0.9863540521801444 0.6147934801859782 -0.015586804300714 2.64403546669939 
0.9870904771593908 0.612816718648456 -0.02945871590547563 2.645620787709613 
0.9892510863299521 0.6092112120081643 -0.01923395528844673 2.650211299148658 
0.9893752171369373 0.6096521182497358 -0.01835680553092996 2.650868796775616 
0.9875504401138417 0.6123131525214307 -0.03008688992561986 2.646820863064021 
0.9922886782903158 0.6045113870577953 -0.03260213929065459 2.657729033793664 
0.9786055143825034 0.6269957902441821 -0.00370372688587507 2.626272913999611 
0.9729809143190203 0.6349233416422186 0.007593229813677932 2.613108170035414 
0.9690539912318938 0.6402462912735152 -0.002418203018908158 2.603839699652073 
0.9789646324273177 0.62678994463118 -0.002838522661839632 2.627300721661605 
0.9694617121888737 0.6400772371391062 -0.003937985076076359 2.605051328726218 
0.9778165618230146 0.6290946806572155 -0.01213165240835381 2.625154135880698 
0.9780770663270869 0.6285959788813962 -0.01188768259449495 2.62565279972329 
0.9685462439112994 0.6410984941889563 -0.003623270022950817 2.602700972680031 
0.9671660259977811 0.6419981078335548 -0.01848758942869857 2.59902819792846 
0.9871585426227667 0.6127595662665158 -0.03086973355971098 2.645837744173368 
0.982405349865454 0.6215033803073017 -0.02497939458915195 2.635552073047576 
0.9804247832088797 0.6223695408446374 -0.03586755263650292 2.629917444599123 
0.9875115016882864 0.6132989255120764 -0.02981563408785487 2.647295044770646 
0.9803834810651785 0.6227697122267691 -0.03605957121273524 2.629987716778899 
0.9872406696558127 0.6108596736779092 -0.04230478558343943 2.645329048543827 
0.9877132371530016 0.610648568231027 -0.04311617670231762 2.646776762433723 
0.9798867137983786 0.6244157801805118 -0.03634016848838277 2.629444653649996 
0.9783306255542373 0.6246550790497638 -0.05319322510669644 2.625289227655885 
0.9863321525992228 0.6150523061071872 -0.009911870765080847 2.644109856722542 
0.9891416395119469 0.6107109582398177 -0.01030655631599197 2.65067023760772 
0.9883546271347361 0.6113188517450332 -0.003281389948858432 2.648383275415406 
0.9861182892150099 0.6152528108880502 -0.009508583164905231 2.643532258509502 
0.9883311183507895 0.6112577861771581 -0.003649739881742825 2.648271518926872 
0.9864566309288779 0.6148091851695306 -0.002546353287879787 2.644308614590038 
0.9868394116789857 0.6135642307754223 -0.002936103903786916 2.64479705409635 
0.9883979293742809 0.611456706138966 -0.00353329500283822 2.648623323945782 
0.9879908608400425 0.6123989012457804 0.0001901764926165258 2.647862908296303 
0.9587592839069364 0.6562773607526209 -0.02125476872052855 2.581583541661724 
0.9435601448082001 0.6741765515857457 -0.02295883587176349 2.545631354460402 
0.9449221590603279 0.670464379125509 -0.04656635505181191 2.54822973215112 
0.9577047873879213 0.6569411443909324 -0.02149170686955157 2.578653718608315 
0.9457417065355487 0.6701486179186822 -0.04689266209376756 2.550614391569798 
0.959385675987983 0.6528527731608753 -0.03996586496265353 2.581963675079726 
0.9603056316162062 0.6537337064142682 -0.03696062411609066 2.585271586808687 
0.9457658512187698 0.6701248950325324 -0.04769828269390891 2.550662600236414 
0.9521386833144548 0.6592434129861967 -0.07082496397404513 2.564902551720387 
0.9778469353126507 0.6288217198939355 -0.01093684914266737 2.625030305551526 
0.9680342451572386 0.6414078632807861 -0.01988072518191835 2.601463074748104 
0.9763432033829363 0.6309026920170834 -0.02535835474667858 2.62178607350322 
0.9769607057517913 0.6291392881268572 -0.01095833786287399 2.622329472635753 
0.9759797452553393 0.630249032786431 -0.0238816188495682 2.620132388409903 
0.9820621150652433 0.6213698532867137 -0.0141096963225747 2.634070699477627 
0.9818946995604775 0.6215027630807137 -0.01372942325280622 2.633598939625948 
0.9765535379680295 0.6298721886399936 -0.02460500586717385 2.621764425931512 
0.9826847580854343 0.6208238995621506 -0.02498405301366039 2.636050550722804 
0.9669874445013148 0.6450575541120476 0.01097507824478006 2.600300083197554 
0.9560314101873926 0.6577399661311042 0.01293459912571104 2.57381587420813 
0.9597606775737605 0.6545527030663552 -0.006789386242039846 2.583545361418985 
0.9662164972449182 0.6457491038558548 0.01076602614565642 2.598272795602351 
0.959953218645899 0.6538056450615183 -0.006190788488681662 2.583609671000809 
0.9689101730191155 0.6404657518333058 -0.00392749829112766 2.603479487684981 
0.9692619210961636 0.6402888283312733 -0.002862905272981192 2.604471599524402 
0.9606637328647546 0.6534862839039945 -0.007499334219288675 2.585667350817746 
0.9670005805082744 0.644559449113176 -0.02067960373454322 2.600304713811175 
0.9148805116221328 0.7052902516114624 0.01632629045099276 2.479183481034192 
0.9305528232057161 0.6878944005155385 0.02729600429173007 2.514913298850509 
0.9194591238676816 0.7013225112117343 0.0460635058421618 2.491139730931106 
0.9147642604864503 0.7045363347526363 0.01463540513356667 2.477936930506948 
0.9197915245453953 0.6995727400590054 0.04654913077957521 2.490520909841072 
0.8993812090688847 0.7201432660558134 0.036159266586098 2.444186401195509 
0.8975187258528545 0.7198583369168319 0.03839176575502942 2.438355007047607 
0.9200746661615731 0.698786898036169 0.04703780385368579 2.490966477353906 
0.9088680763479299 0.7091627456428644 0.0742916217787207 2.466563114382152 
0.9341097208987656 0.6831167980219153 -0.00357945701603505 2.52218189106422 
0.9299141580157787 0.688654843239075 0.02626229379499061 2.513429011168957 
0.9161498219193288 0.7051088026706929 0.01472737865840053 2.482844593721998 
0.9355452237632499 0.6831000713146637 -0.001673357166821961 2.52664422805963 
0.9155245293236268 0.7052905804187115 0.01422693957207306 2.480924525614147 
0.9246704514269661 0.6952869497471431 -0.01768802669025311 2.502078186882369 
0.9247237418501346 0.6938255251367715 -0.01976687609409701 2.500736240817615 
0.915077156371025 0.7062777901833602 0.01516624041080346 2.480084602871302 
0.8989565242273144 0.7214646947275797 -0.003990777191912137 2.44290945388448 
0.9699692370804904 0.6383689625806708 -0.03930939575302728 2.606381437113874 
0.9669247014250549 0.6444634020598144 -0.01978462266253874 2.599903857543593 
0.9600751709088223 0.6521876041387199 -0.03885448456387814 2.583612750460576 
0.9709069278815845 0.6393837338604823 -0.03677212028617262 2.609909957159144 
0.9596804392213399 0.6534769512394675 -0.03873234086397726 2.58304194794849 
0.9672696233162792 0.6384737595707856 -0.06301778416236206 2.598935115899741 
0.9677642714325756 0.6385328420576597 -0.06474615943741829 2.600707204923355 
0.9590397613767604 0.6547389703778365 -0.03834662843500346 2.581870160429408 
0.952858847387521 0.6590086714440427 -0.07128583423286855 2.567025620710541 
0.9460690309465234 0.6728902275692313 0.01935188395861232 2.552412875448085 
0.9306459420163653 0.6874761892155852 0.02599211036552081 2.515041534361961 
0.9341787293876562 0.6858968069028467 -0.001499371643898285 2.524544673051534 
0.9449990100282759 0.6733560039165367 0.0193906503741105 2.549425795963924 
0.9345897948781187 0.6855682427466617 -0.00129030601915562 2.525432737221882 
0.9480534871997942 0.6679695306330986 -0.002309661652178568 2.555307037585009 
0.9486780495611307 0.6677795131980465 -0.0008510467329038745 2.557106844489789 
0.9351821882469433 0.6852761843914178 -0.002605828487423956 2.527043092901518 
0.9431280627660814 0.675744392367986 -0.02356009025782977 2.545596787125715 
1.005262306719275 0.5820060314270491 -0.04588817759905551 2.687872132624812 
0.9989843713513069 0.5891400363343046 -0.06674720100853763 2.672236113784173 
1.010595520433039 0.5670012637884063 -0.06987905903384468 2.698601819491782 
1.004320663824481 0.5815348469030811 -0.04778999335962276 2.684540565456203 
1.011229808872597 0.5666384878285632 -0.06969609723896299 2.700448628414744 
1.013948893149377 0.5645803446467244 -0.04402660321362642 2.707112026030944 
1.013747930235834 0.5684930120860507 -0.04193690313538466 2.708121154332511 
1.011765085001066 0.5659584335414723 -0.07055967390992741 2.701663543391793 
1.025265022894769 0.5347940169697972 -0.06224078623437874 2.730801243659878 
0.9952556885177074 0.6005945051313147 -0.01819479416029764 2.664769948187069 
0.9928967713651641 0.603253343246463 -0.031859121304397 2.65891581277815 
0.9988454299636683 0.5921718964605382 -0.03533313179054285 2.672097119135705 
0.9945608858708135 0.6007454441484119 -0.01946527623781689 2.662581236693962 
0.9990497468084337 0.592254033262657 -0.03438324367630414 2.672795172755141 
0.9985685764642772 0.5925605554004024 -0.02032679548216437 2.67103346507258 
0.9987821902617084 0.5938718642810026 -0.01921069117306051 2.672434497615945 
0.999832758541045 0.5910668284629502 -0.03529838163425696 2.674693749505954 
1.006075007561981 0.5799352567283016 -0.03236526922730427 2.688948750288274 
0.9933366113674045 0.5900920199563444 -0.1169812796900562 2.658511350281421 
1.01237867971074 0.5517977298933456 -0.120840299872131 2.701510477374792 
1.004322149343671 0.5806296948722952 -0.08906336321186344 2.686636653616569 
0.9934705632149784 0.5934020386046597 -0.1157071619079797 2.660978823714896 
1.00423059549835 0.5783240374393255 -0.09149658493727406 2.685499612942416 
0.9907204203624619 0.6012219605850091 -0.08320772570548357 2.653343629530549 
0.9912862544558567 0.6005942912383231 -0.08297361245786086 2.654753175758574 
1.00327745521047 0.578282255019148 -0.08977841021414239 2.682161720329941 
0.9992229016295476 0.5901746455987186 -0.06544552328118423 2.673612219978037 
0.9881035909801851 0.611951165078668 -0.04132049934258533 2.648762722792603 
0.9783821668322924 0.6246153448934451 -0.05355925428397252 2.625370725693376 
0.9869492862233401 0.6091173869608477 -0.06347780768804125 2.64445024426735 
0.9871411098780289 0.612310504579487 -0.0426303711479585 2.645852921372637 
0.9875899605653051 0.6087942450612824 -0.06335682813997176 2.646323301293232 
0.9943521802266455 0.5991058566983976 -0.04685684059470752 2.661842141766037 
0.9946766947685438 0.6007665733937169 -0.04491265694455365 2.66378567692943 
0.9879439870868766 0.6085267262604733 -0.06414100109179277 2.647272654528951 
0.9984371482557954 0.5899693843073911 -0.06678134270905987 2.671060055781289 
0.9522644080339295 0.6562587835539671 -0.1159463683565839 2.566801413446952 
0.9662102554272146 0.6202534980520827 -0.1643503436559144 2.595956923394009 
0.9731531881994815 0.6204436814022298 -0.125796641525238 2.612478324613646 
0.9545675959245128 0.6524936406206261 -0.1149816256131471 2.572002527881994 
0.9733013206456717 0.6248910206331242 -0.1279221230713583 2.615830669734316 
0.9642475169426866 0.6415726763027289 -0.08764365206068379 2.593085355580155 
0.9636861463751686 0.6425982711262085 -0.08931626339020203 2.591944985624301 
0.972702713246645 0.6244819110382974 -0.1257001018130517 2.613433721041193 
0.9776294129579984 0.618851851286063 -0.09785126517510703 2.622856897525988 
0.9133206817755054 0.6996197998633494 -0.1031264568085443 2.475027851246371 
0.91839700925769 0.6828299522104535 -0.1499248878393472 2.485217056903714 
0.93978791740574 0.6739197417766758 -0.1018379017798205 2.538601784322597 
0.9154413197646393 0.6977006433159278 -0.1029384271379527 2.480420513083015 
0.9392085292601016 0.6729434289329436 -0.1049343229543035 2.536949907925358 
0.93840171448889 0.6780802916023091 -0.06964121439908101 2.534442700738261 
0.937377092815435 0.6782084688064028 -0.06997028964245601 2.531235488327791 
0.9383035066367285 0.672294960631455 -0.1015665105024247 2.533141971056745 
0.9528728270166176 0.6593102389945068 -0.07084501330530636 2.567079805447353 
0.9827508074575737 0.6203136926122976 -8.194976382916982e-05 2.635598764511521 
0.9826854561827897 0.6196472204256085 -0.005999475830306458 2.634986999183011 
0.9870627306917434 0.614302743149192 -0.003244370336278767 2.645993448387475 
0.9831155194671031 0.6198133178892682 -0.0002796706961462708 2.636488413330846 
0.9868838856104653 0.6143446420646175 -0.00350456293245467 2.64543128832794 
0.9869374445183668 0.6139539655063943 -0.0003524893212309398 2.64535120684021 
0.9864466829402384 0.6146756102946257 -0.0005430716093704502 2.644196431124242 
0.9866442352159022 0.6137400793409611 -0.002614340365635121 2.644264709135279 
0.9879464418184081 0.6123413211953166 -0.0002230268927940264 2.64768252832175 
0.9873254601453194 0.6130806172885417 0.009685673897490865 2.646146361344895 
0.9846341549201313 0.616820272431546 0.005443276383879992 2.63960778415509 
0.9877328238703483 0.6127921811522852 0.003036946537912644 2.647251592053273 
0.9876190139809962 0.6126517598351653 0.009247427393721806 2.64684830509395 
0.9875959928869537 0.612850591031097 0.00296918419960993 2.646838978503073 
0.9900054460065759 0.6089006215353863 0.004704905298664408 2.652333785081437 
0.9897653656835628 0.60913485847092 0.004778598522147311 2.651701080388956 
0.9876183865819159 0.6123533802922422 0.003285842977784282 2.646615489962179 
0.9890699164964999 0.6105475222946098 9.853098020093707e-05 2.650268287324598 
0.9890320739170573 0.6103679155996262 0.01740314876683216 2.650111902567927 
0.9840106176559152 0.6181025040502909 0.02402074382274088 2.638650871898167 
0.9833459190763898 0.6200666899058037 0.01285833812532755 2.637452368980572 
0.9885001522694585 0.6113372462879261 0.01747000867910626 2.649021057751728 
0.9834409261208308 0.6186861465530191 0.01306440391284109 2.636925762496238 
0.9874810339845843 0.6128763079839396 0.009594113987134683 2.64651874970615 
0.98765756887893 0.6126107382747846 0.009838568050680212 2.646923039045629 
0.9837500881409228 0.6192173600642182 0.01188025756652988 2.638266179422412 
0.9845546117499249 0.6174289506676527 0.004994980165961965 2.639713323043408 
0.9960112376078424 0.5985273216642117 0.00424592250247768 2.665884448682703 
0.9973363527077588 0.596257868891377 0.009604380332132329 2.668962131663674 
0.9947786337202383 0.6004103033179349 0.01132541552712025 2.663002434579747 
0.9962258044637493 0.5981737468325732 0.004430026638596912 2.666378510473922 
0.9946865370838376 0.6007403545475122 0.01107410774654621 2.662893951223587 
0.9939816189839655 0.6023389724222772 0.004618427621309425 2.661469104676487 
0.9939224015209839 0.6023458156143879 0.0042334416476555 2.66126910182161 
0.9945067130661835 0.6008861441179519 0.01156812834385396 2.662386516049984 
0.9912782080338465 0.6061479089165512 0.01126022630811897 2.654914680420416 
0.9478410874696499 0.6697817963091207 -0.002119725921302283 2.555791810886692 
0.9431538688229841 0.6744268317499049 -0.02266265584479215 2.544602315449016 
0.9577185338794929 0.6556435871490783 -0.02385739390372358 2.577938889342537 
0.9484403234580457 0.6689761636213936 -0.002545305680137205 2.557241812497472 
0.9576112822204378 0.6570056719436886 -0.02298563951320257 2.57858803370469 
0.9607562315298134 0.6520609686369551 -0.006656417434265188 2.584971607265107 
0.9598914039513762 0.6538718640154674 -0.007534860434065546 2.583396866713014 
0.9575636141405675 0.655570956551453 -0.02194402326590656 2.577384001616039 
0.9671177192837046 0.6436405669605673 -0.02117646308521299 2.600049283106037 
0.9318107881584131 0.685778471689553 -0.0386950118863494 2.517411774849724 
0.9196926769016973 0.6995146436720039 -0.06378538790752175 2.491808934516837 
0.9374235667579979 0.6773860973798577 -0.07172322293409603 2.531214113617862 
0.9319734169407469 0.686686841472813 -0.03961817144568169 2.518723253007498 
0.93686139207705 0.6759879408336207 -0.06993296281280875 2.528190626275045 
0.9455243465673516 0.6717575934378403 -0.04761880902901848 2.551320732311797 
0.9450884637387491 0.6721988732181267 -0.04870771766631295 2.550240324814452 
0.9379078033990008 0.6757413847218396 -0.07118145213626953 2.531355845534577 
0.9519479574762953 0.6592199945969583 -0.07305447823153947 2.564499197824283 
0.9264819049420601 0.6940127949650378 -0.01767933124920825 2.5063122409227 
0.8985598336456028 0.7217681462235411 -0.003949834519701123 2.441753054864082 
0.905221882686954 0.71378408168095 -0.03539203660670769 2.456786225205883 
0.9248720812653289 0.6949361552425992 -0.01795850507558612 2.501992129127637 
0.9071045306998803 0.7135609762802696 -0.03672916620405335 2.462295828071836 
0.9324829869690844 0.6845096740961557 -0.04039479153030705 2.518675693828709 
0.9334926468754626 0.6849381882104492 -0.03853232751203436 2.52212098813447 
0.9066367896852247 0.7135587076632777 -0.03735464341075129 2.460697931826958 
0.9186847301712256 0.6996230393416455 -0.06222865165157432 2.488747678847871 
0.904729089943521 0.7131916715773069 -0.03768778361202841 2.454581584593779 
0.8978620681635098 0.7231303458867331 -0.002614566225620366 2.44071032117794 
0.8792027174154093 0.7350193664312558 -0.03788024715982161 2.395722659953497 
0.9066481740940876 0.7131348652347242 -0.03546668602933369 2.460260619873399 
0.8799869179475055 0.7345284544334811 -0.03907321995949396 2.397426550559774 
0.8967857235833169 0.7186743162074472 -0.07459078494204482 2.43758782812973 
0.8972051603223032 0.7171541706925061 -0.0757906857023897 2.437188702613017 
0.8785349326186088 0.7377752228820612 -0.0381920730683618 2.395284374109175 
0.8655725986163907 0.7398307311384864 -0.0871707372750458 2.363009090871103 
0.934289872979813 0.6829369906136717 0.05473140023635555 2.524187260515517 
0.9294323672119765 0.6880404938251345 0.02716034699617638 2.511723824314428 
0.945091586842028 0.6731891387204449 0.01746693699023744 2.549574695420577 
0.9348555703230118 0.6819016661936065 0.05387725409121605 2.525278122154023 
0.9447457692809591 0.6736435961857203 0.01780231378504119 2.548820467306085 
0.949031580003488 0.6684940983674503 0.03995389625124562 2.55945070464149 
0.9476163312519205 0.6686782656959165 0.03935447757111248 2.555228946912557 
0.9443408332239582 0.6716376907003603 0.01917272379030858 2.546446036901481 
0.9554220808089267 0.6598988430873973 0.01304598594564108 2.573269413512726 
0.9777234122428833 0.628166637037089 0.01977309668798822 2.624353689174272 
0.9841710246448314 0.6173693864174249 0.02529530308738987 2.63866432028212 
0.9788158345101269 0.6256413131759581 0.03237669339758928 2.626663483309168 
0.9776621219173374 0.6276555604229609 0.01897635039996023 2.623806847942376 
0.9783974008232044 0.6267678909538985 0.03363745452197095 2.625983009491639 
0.9698963565574203 0.6385460450402035 0.02328640132025617 2.605710886821159 
0.9696807438483969 0.6408618591392133 0.02292530625115835 2.606506806552093 
0.9792816710394111 0.6251752091526195 0.03365572356424736 2.627719038116043 
0.9701045199286152 0.6381296528154691 0.04304237155798075 2.606853594371509 
0.9765104452580928 0.6175946824657059 0.1239027421725205 2.620802616885235 
0.9719063648601324 0.6150046257143281 0.1641867205955434 2.610369121665269 
0.9527811599046007 0.6526183186894644 0.1257837398155692 2.567796222628939 
0.975138673548805 0.6212403328129154 0.1244379976284356 2.618769948442594 
0.9534786323165205 0.6512312691523354 0.1237109391735028 2.569085103254883 
0.962297398394556 0.6425240452668005 0.09062803756136294 2.587635282098105 
0.9643586863680093 0.6407312465563411 0.09248350171465615 2.592965667882674 
0.9525940664247619 0.6523227086677645 0.1224740957088917 2.566818811323615 
0.9460615147575528 0.6674488732614798 0.08178992643688386 2.552022936932849 
0.9607443611463824 0.6519928724258697 0.03186659937383583 2.585396871336359 
0.9552284469392546 0.6581060355271343 0.01433623411477847 2.571526635532191 
0.9664814144728037 0.6452992049635757 0.009389422826032291 2.598859890233483 
0.9612644723514933 0.6508026657559468 0.03089512124292855 2.586306139618793 
0.966249670133422 0.6457417936441833 0.009732808857010932 2.598411992461121 
0.970689263781191 0.6390898144897718 0.02229006875468095 2.608540483305962 
0.9697137960761423 0.6400661617017882 0.02208346834598365 2.606080435350708 
0.9661841065244429 0.6440376839274315 0.01057705192297552 2.597125821305333 
0.9733521078469047 0.6346814101153806 0.007552537850226038 2.614169085461837 
0.979651039631911 0.6235029884919336 0.05251718569125765 2.628834756778961 
0.9698487435862183 0.6374695368290023 0.04476784662102837 2.605643818993316 
0.9786073884409227 0.6262327595053988 0.03219965005380071 2.626253783459675 
0.9801765939035657 0.6225979056030063 0.05120550297346585 2.629973131420604 
0.9786227650761334 0.6266200223559697 0.03324455093113927 2.626618719755625 
0.9858369089025358 0.6146675041359877 0.03705012922421487 2.642771150758132 
0.9849264378076771 0.6162152293274538 0.03728482166414469 2.640850522998722 
0.9786670195693716 0.6253182714712442 0.03326595858886293 2.625993027389377 
0.9836909188494145 0.6179800533886451 0.02460829301157217 2.637500021067844 
0.9485078545904776 0.6676006038721707 0.03876966722526645 2.557343888478214 
0.9551063329343265 0.6603307961153115 0.01335918898338542 2.572573276580376 
0.9619640727775156 0.6504182383800832 0.03222228058224971 2.588134456293396 
0.9475446667217703 0.6672171910412247 0.0410215333866694 2.554072722360209 
0.9610581613816611 0.6512190898587984 0.03128438659942104 2.585832989987914 
0.9601822694642232 0.6516934810867545 0.05927364425103739 2.584578693123876 
0.9607397937523348 0.6501116293901656 0.05757048630047058 2.585363971974017 
0.9610391161889696 0.651973275053911 0.03242046147330262 2.586334185421361 
0.9705947427503488 0.637406566051716 0.04431582366866894 2.607820489303685 
0.8940447029838117 0.7189675243699171 0.08599489736049096 2.429800143341736 
0.8717870268739679 0.7358708368827654 0.09793317686081701 2.378973933721595 
0.8764166866717683 0.7369603737037775 0.03973890373928159 2.388850384112381 
0.8927633888503439 0.7232422854078222 0.08591115589584629 2.42941765992417 
0.8766098590918019 0.7354984382523198 0.04075459762957332 2.38857891418863 
0.8967817810037945 0.7202855499296086 0.03637823858527003 2.43628153055314 
0.8988074475889349 0.7196949441317441 0.03671586418787267 2.441778312148786 
0.8799402675926069 0.7353716509238559 0.0378772058649723 2.398153154253621 
0.8965904723841133 0.722003847735214 -0.003854290020195314 2.436208714699985 
0.9303209908089952 0.6847068414598243 0.08084270020881314 2.514376460366427 
0.9103262395201585 0.7078402876848879 0.07317997737895764 2.470122624205632 
0.9185595325417583 0.6988932866003276 0.04575544542320845 2.486444642734696 
0.9298813951150269 0.6873072210379302 0.08095437432231814 2.515384052504479 
0.9188436117230574 0.6996934229322834 0.04714915844482929 2.488182993511406 
0.9354707058069774 0.6812553763664926 0.05714046445274599 2.52670508632019 
0.9352861086587901 0.6827927741661282 0.05615593743603142 2.527068653106549 
0.9201807362229096 0.7005077582354169 0.04516554540945655 2.492829499280387 
0.9291233416504023 0.6880139835879712 0.02593955149035575 2.510572238099414 
0.9367383105662768 0.6738275465248496 0.1121669570482969 2.530012298903407 
0.9232361215497469 0.6795733016655855 0.1552781389910986 2.498437237241332 
0.9113571188722954 0.6989623942371733 0.1167862551834259 2.470873803023038 
0.9360203377716045 0.6744676321581852 0.1118978859350962 2.528190943798429 
0.9129234409786335 0.6999803943212676 0.1142254690301655 2.475996764889065 
0.929767970974681 0.6838242926573525 0.07889963507911089 2.512302245908566 
0.9315228645951568 0.6831448850442428 0.08040910795308738 2.517174257804895 
0.9115937773114252 0.7005330151625179 0.1141084805359611 2.472259898748162 
0.9092297259840306 0.7074692995384548 0.0753038027084655 2.466625733666489 
0.9922758183241046 0.6048106158785198 0.01772485239698594 2.657455871820189 
0.9954271552271536 0.5987852662448081 0.02686367503114625 2.66444534824181 
0.9900680459131652 0.6072260508033741 0.02871509928129045 2.651937493699013 
0.9928213844557936 0.6041414254780216 0.01809695738528165 2.658842476069454 
0.9899908520301847 0.6079814304775198 0.02786812894107641 2.652121028015618 
0.9886694107237423 0.6112858828998564 0.01719105051772721 2.649533150777663 
0.9886774551059894 0.611137990102828 0.01654718593674943 2.649443651219775 
0.9895939900066986 0.6084594640707433 0.02883706146545151 2.651113955237945 
0.9838265016724118 0.6173247585545019 0.02542663801292269 2.637582287786092 
0.9915256665019682 0.6001549508203496 0.08680492664703085 2.655684900294778 
0.9787857628557431 0.6194505548465684 0.0938927635872276 2.626552270169527 
0.9857822307240929 0.6116095402502756 0.06711346503793306 2.64228051391272 
0.9918899434009498 0.5996487830136495 0.08580396645975039 2.656616811850212 
0.986197752266526 0.6118280224103356 0.06918237782812896 2.643978404444186 
0.9948989920335192 0.5966744365923411 0.06236644141532034 2.662899077409853 
0.99413309143054 0.5996925147220736 0.06300038888820828 2.662285561621871 
0.9862014447675733 0.6118613876640796 0.06871020354404782 2.644001340734425 
0.9898063513164552 0.6058100535366575 0.05076410689250006 2.651082789839818 
0.9999117723153151 0.5917374822834663 0.0001712971661656025 2.674783300429902 
0.999880563919799 0.5918195313225834 -3.580039783594228e-05 2.674728062835069 
1.000024360218708 0.5915650297944591 2.549948196341143e-05 2.675055577710794 
0.9999136255723091 0.5917904261397237 0.0002467607839892694 2.674820763744846 
1.000037902421258 0.5915402580483534 3.146390255022009e-05 2.675085930769003 
1.000180095471692 0.5912714770442034 0.0002458359978344006 2.675399851932717 
1.000182840177235 0.5913233924313142 0.0001707663029141024 2.675439700056903 
1.000052739514343 0.5915146854615642 2.763428814548978e-05 2.675120160905977 
1.000200055945923 0.5912523024208598 -3.734991605394242e-05 2.675454886637512 
1.00042823643946 0.5907893959628159 0.0008174478188508034 2.675940523837731 
1.000103901157486 0.5916142780054257 0.000839215206943673 2.675349523804003 
1.000184224324931 0.5912164974759904 0.0001296975794482491 2.67538086132687 
1.000450538235368 0.5907427174135409 0.0007543050414300916 2.675987193852727 
1.000157848565641 0.5914081364540361 0.0001327045603828968 2.675406469361806 
1.000333645632246 0.5910480180141374 -0.0001222492964998836 2.67577834110546 
0.9998441926354378 0.5920084620400706 4.880691010537161e-05 2.674718988464925 
0.9999004070292362 0.5917761975481999 -2.835252193709079e-05 2.674768368829798 
0.9999007193654704 0.591713507175563 0.0001967253512976097 2.674732361881437 
0.9997777904253919 0.591990102396069 -0.0001018741338998278 2.674487294895677 
0.9999279606565886 0.5916830813170062 0.0001543663762782889 2.674804784081966 
0.9996914001479094 0.5922168478854775 0.0006814416952295087 2.674334714041331 
0.9997078392571933 0.5922076831495022 0.0007490728618873075 2.674383883141395 
0.9999063841566225 0.5918343417192399 0.000155684982943155 2.674822496556302 
1.000018068221395 0.5914254040304212 0.0008285582792843994 2.674952403193348 
1.003336738797299 0.584701884027215 0.003546427100531844 2.682059862651699 
1.002646714673804 0.5876489366749045 0.005847999850578555 2.681495457235613 
1.001718784934173 0.5881792810267984 0.001231384090332671 2.678690379557957 
1.003369097987894 0.5852761360478582 0.00328519825661571 2.68250227266346 
1.00175788364474 0.5884512698558942 0.001278329880794072 2.678986843540855 
1.001913635446671 0.5882775166354393 -0.0005899488217229013 2.67940137276251 
1.012304245744618 0.5692338027875966 0.01843119877556276 2.703345064573509 
1.016951971774065 0.5593534826218608 0.008101097169578991 2.713309743509182 
1.015645291963526 0.5613694782678507 0.03372611092234871 2.710608155173179 
1.005258667197928 0.5760057503575923 0.09602458759890745 2.687971273553575 
1.00119433861768 0.5831512455135383 0.07299133792898853 2.676655528522303 
1.01225532959023 0.5648373035937686 0.07918334432712906 2.703495744530869 
1.005074282603148 0.5745389739032293 0.09735938351094359 2.686617458216086 
1.012235834426431 0.5621623897269173 0.0785528615340865 2.701983552670024 
1.019974030870207 0.5434135290667677 0.1022515548022493 2.719907210620097 
0.9927209744713223 0.604640197939029 0.0001430877014435217 2.658690009637735 
0.9958397010783844 0.5988570445723052 -0.0001347569366060255 2.665497406206693 
0.99388721922378 0.6020280658566773 0.004486780573622904 2.660976047724651 
0.9925162723224026 0.6046771561915717 -7.137434482354852e-05 2.658034398400764 
0.9939003898573975 0.6021289762925831 0.004742714371643465 2.661069137972785 
0.9899343017027021 0.6086708814312357 0.004901416178304468 2.651972509205685 
0.9898899724624953 0.609355581987157 0.004896256270340513 2.65224207596548 
0.9940815063990203 0.6018896037851609 0.004651495907393007 2.661501907306168 
0.9912965024828312 0.6065026711734505 0.01080434201749189 2.655191347950081 
0.9991161234993836 0.5932465144353023 0.001516323721236406 2.673031199107903 
0.9997382424402682 0.59174600040454 0.004628834624689125 2.674219926723279 
0.9979011711928384 0.5954875208938235 0.003980158004198649 2.670338655400341 
0.9992438640494226 0.5927967255352803 0.001555913432547303 2.673187764600266 
0.9978339627860447 0.5958164992513313 0.003642774249451808 2.67031238102392 
0.9981438702263176 0.5947225009058069 -0.0002302026885156879 2.670680161883295 
0.9982615833959061 0.5945128814822657 -0.000167368334092289 2.670939758981813 
0.9974997172523302 0.5957308801229759 0.004022395906888583 2.669152280742341 
0.9960920780477256 0.5989903663170403 0.0004059935210156479 2.666428289991856 
1.006765644683918 0.5796798115333599 -0.000490702228617047 2.690572751996698 
1.008440691686832 0.5753131033884484 0.01197467129102417 2.69376542849092 
1.005448874064041 0.5815553789089745 0.005724817056644842 2.6872814729946 
1.005738098983351 0.5804284374648088 0.005853762817671242 2.687585389261906 
1.008068171050155 0.5759436238327958 0.01282600498063111 2.692886111738271 
1.004590753841154 0.5842658989699852 0.01726724595737681 2.686121146876513 
1.025335048895968 0.5383483198800283 0.04456268094833168 2.731304059623622 
1.014350169727305 0.5637063973281896 0.05332987138557714 2.708330610110314 
1.014410981229847 0.5647814732437567 0.03380096785537678 2.708226644599331 
1.014898462970906 0.5620236620588767 0.03354719353291204 2.708390789133509 
1.014328745552103 0.5630731603991317 0.05180430398022877 2.707863223701884 
1.007260038852728 0.5763983043705297 0.03748208394352186 2.691043914203739 
0.9999788635044037 0.5916876578611237 -7.256350429997449e-05 2.674974430917985 
1.000022573574309 0.5917858088044382 3.65613442356128e-07 2.675177757564074 
0.9998331809146822 0.5921104259891248 -2.032604162514854e-06 2.674740192532699 
0.9999786932131883 0.591667997374133 -6.295583450708767e-05 2.674962208710758 
0.9998335651303704 0.5921353728491534 -1.394188708599218e-05 2.674756276242651 
0.999795101155135 0.5920288312331961 -0.0001119792459274702 2.674565387759392 
0.9998154137426821 0.5920396593805753 -8.318504899099274e-05 2.674639326370463 
0.9998807118328104 0.5921062022503976 6.343968312710421e-06 2.674895795295254 
0.9995341904517747 0.592571928370485 -9.036544059316441e-06 2.674019781928513 
1.00005769213076 0.5916927848747006 -0.0002754962509601123 2.675168414186949 
0.9999444146634234 0.5912863961555569 -9.389984943168556e-05 2.67481823995078 
1.000022669450163 0.5917484821405993 -0.0002809273229266859 2.675080105596601 
0.999998430844706 0.5916378938432891 -0.0003032315662866031 2.675014735528622 
1.000001909465559 0.591615625028191 -0.0002788726507956451 2.675012363344483 
0.9999715376323713 0.5916694504723282 -0.0001077943816520882 2.674938244880742 
0.9999686337747918 0.5916714260776516 -0.0001036061036760123 2.674929898327758 
1.000004542390616 0.5915996544922635 -0.0002825251773443043 2.675011363808432 
0.999997630472728 0.5916656188715844 -6.574214213063451e-05 2.675022647204568 
0.9991542353722001 0.5931636690103101 -0.001744659453884242 2.673107822707879 
1.000023834013886 0.5914990349145315 -0.001622561042059216 2.675016204325237 
0.9996298248759099 0.5925318139276713 -0.0008108296748995076 2.674313001708594 
0.9990297867552643 0.5933586707915879 -0.001702474065463145 2.672811802180258 
0.9996147241371135 0.5923265655769876 -0.0009225085334933785 2.674142196554214 
0.9989066930419156 0.5935996377228514 -0.0001297899552033854 2.67254451340482 
0.9989649234368044 0.5934866305075843 -0.0001275914961610851 2.672670649375264 
0.9995779222732184 0.5923595495660439 -0.0009063951457013861 2.674039611293606 
0.999563777074444 0.5926367704841251 0.000101020944132213 2.674156630845692 
1.000122338965616 0.5907192095943958 4.853188287098076e-05 2.675198914242557 
1.000141955256265 0.5914998493218966 -0.0003988965194871518 2.675315598350551 
1.000519067078137 0.5910086802762544 -0.0008562652408229669 2.676262835002934 
1.000458684649007 0.5909415173702728 -0.0009272104202787913 2.676140861238566 
1.000184666294712 0.5913249387970616 -0.0002523665099558054 2.675438813716732 
1.000031878500489 0.591588558494364 -0.001388497412807748 2.675108394425045 
1.001350852868467 0.5883926730160391 0.0001655348557471827 2.67799066181591 
1.001018053087364 0.5900856479969881 -0.001886027681941693 2.677355646818129 
1.00225539175521 0.5882461888699286 -0.003539095537737995 2.680373076169423 
1.002084942251442 0.5878705786071917 -0.0037246770242644 2.679775448738366 
1.001129876579371 0.5893478884714237 -0.00145570271433813 2.677435330517817 
1.000603127094041 0.5905480767935886 -0.005517566716527633 2.676410466560815 
0.9937809503846626 0.6022588232547255 -0.006075834028405612 2.660762557857188 
0.9962180210593853 0.5980502850703379 -0.01136596686210829 2.666343065181816 
0.9969623543502887 0.5970579634707089 -0.003764123995856804 2.668159798808476 
0.9939731190638015 0.6019391768386438 -0.006030782425301855 2.661194910498395 
0.9970648248101381 0.5972344972441483 -0.004262696613455635 2.668604017526222 
0.9958243358525221 0.5989128147035514 2.446883607298438e-05 2.665494378099732 
0.995903750475048 0.5988723674222142 2.085575468606127e-06 2.665730933702639 
0.9966892377733019 0.5971868814990388 -0.003877565902821187 2.667328610519378 
0.9980552584693587 0.5954784217649295 0.0003653416956652495 2.670835374834519 
0.9898088280527964 0.6087966379602272 -0.0003036867980844063 2.651625732270589 
0.9877922774075139 0.6126402438075604 0.0001754715591743867 2.647354349928186 
0.9884603189720148 0.6115413567124911 -0.003654701829358181 2.648880749759551 
0.9900883801595256 0.6088449594413109 0.0001433087989354966 2.652576313764339 
0.9883463923240232 0.6115277155069144 -0.003846967253576995 2.648490107777051 
0.9912228131206302 0.6067290289821267 -0.004819543434460995 2.655029175004219 
0.9912166045900954 0.606253232121678 -0.00492970131030221 2.654708349233777 
0.9881535821999332 0.611698014132172 -0.003705378976980206 2.647949761725954 
0.9890990745630754 0.6105116405103218 -0.009890667396276417 2.650402356884404 
1.007562725383101 0.5791644168711849 -0.008093095986740484 2.692735875422578 
1.00552500588414 0.5798353545092089 -0.0002752564900069619 2.687237192443304 
1.003957381953496 0.5851632355904433 -0.003726059225930124 2.684184665978558 
1.016658755009456 0.5584609808890343 -0.008866468562861086 2.712690231318288 
1.011642457791787 0.5715530462186184 -0.01780641430937388 2.702183746770817 
1.014153649963874 0.5650414508634179 -0.03030735450544012 2.707204416231352 
1.012987953493101 0.5668129739574701 -0.03000716639017438 2.704565481478942 
1.011586328976167 0.5695936926833447 -0.01748867488358537 2.701106745031997 
1.006777024499611 0.5786087881184584 -0.03200894770391761 2.690520976845083 
1.013556105319519 0.5667980379135186 -0.04308033676163787 2.706607679160884 
1.024398166563194 0.5390062963725716 -0.03956599801135362 2.72901704200474 
1.013057282666271 0.5691501340288073 -0.02973251251501295 2.705783786158349 
0.9877334865502106 0.6127359076566353 0.003190405393422232 2.647215443008573 
0.984969745081325 0.6172205299964637 0.004051941275835166 2.640958166435178 
0.9862698697625738 0.6146755492368442 -0.0005630548664286134 2.643608314873946 
0.9875444791299548 0.6130486054565143 0.003062087881362306 2.646801902508543 
0.9862228431348169 0.6142569764208282 6.219127908346061e-05 2.643203982135818 
0.987397030896348 0.6134327554794565 0.0001445715830048102 2.646550369935348 
0.987220481074508 0.6136207851538092 0.0001168890298841145 2.646085981722063 
0.9868307668790597 0.6143486321255081 -0.0005916962642122285 2.645259885254409 
0.9874626715619274 0.6124877566779233 -0.0005438779149513222 2.646179690862912 
0.97341777353314 0.621227884800869 -0.1276220902676632 2.613409265873785 
0.9943302228406139 0.5794771440595502 -0.1488782291693279 2.660696112412744 
0.993694552112673 0.5904887649352133 -0.1158926377453843 2.660177838313472 
0.8782525937232871 0.7353210599768065 -0.03764772652329923 2.393092447992732 
0.8990168024139387 0.7213647506964334 -0.001519794018526723 2.442992991943901 
0.8761959425461906 0.7382932667772436 0.002128792537019431 2.388574048989791 
0.8779662038498093 0.7352713687243733 -0.03962660900115607 2.392020973413819 
0.8754893658720563 0.7407097409921081 0.002739460427878595 2.387894094227596 
0.8499582534874592 0.7541658525320188 -0.04093451404334426 2.326691279956095 
1.003898574325375 0.5794710007443369 -0.09076318809719901 2.684468833297641 
1.021809232870574 0.5378001960887477 -0.09146070826369811 2.72285288707151 
1.011496442712085 0.5688789657743062 -0.07049362070626837 2.70248715229402 
0.943855940647071 0.6504980017438845 -0.1624795728612445 2.544117190266921 
0.9529205148124014 0.6541083723556771 -0.113585831986726 2.56774546991094 
0.9368923444955285 0.6777085376941568 -0.1027047276953371 2.531890295074382 
0.9399484595744547 0.6712904891743313 -0.1026777844583883 2.537600247212363 
0.9530433582786589 0.6542521345157158 -0.114401929850665 2.568602543558485 
0.9520295773287439 0.6599174154392217 -0.06999719912640004 2.564765261793569 
0.8966168759266475 0.7104414421325311 0.1342140554484915 2.43713344146185 
0.8916785098426828 0.7206036866141402 0.08549282410492294 2.424416787998626 
0.9126411868073059 0.6967075025384327 0.1154361963677466 2.472550991971538 
0.9116512202411178 0.7020001240788165 0.1157786111681098 2.473426061389133 
0.8919838208153709 0.7208824739187242 0.08607282168152749 2.425651877076075 
0.9078732854462311 0.7069149101779948 0.0732112467983672 2.461850317964095 
0.8967594750501384 0.7202573440724592 -0.07434994673140159 2.437877919251263 
0.8907408694559266 0.7145446071409177 -0.1261081540790133 2.421862555363212 
0.9137472953240032 0.6981452868245923 -0.1044303929075042 2.475776698100054 
0.8529411431986217 0.752330603183902 0.05527513381140669 2.334262395925107 
0.8743146547246942 0.7397909181591608 -1.371050129232256e-05 2.383928434730189 
0.880552065956372 0.7342472416585025 0.04028190641045834 2.398754548263423 
0.879234393602454 0.7371959254163851 0.0389477197749391 2.397334461046425 
0.8738731906704167 0.7388925165451984 0.002069989612839214 2.382406523724254 
0.8970136319827321 0.7211871853755778 -0.004329524397488453 2.436873066277003 
0.9757398415604803 0.619974099977767 0.1225027423420028 2.620150816363058 
0.9777183324898457 0.6199548016707336 0.09268103381103188 2.623194290161262 
0.9907107197351064 0.5976648059416777 0.1169309068657713 2.65442553559209 
0.9752545107283792 0.620754398697822 0.1245977367283279 2.619075740142043 
0.99150040715055 0.5943708247771768 0.1162686063025582 2.655013093927416 
0.9941999685265075 0.582139211321502 0.1504640250646402 2.661272838108935 
0.9492269719980034 0.6462643405840155 0.165076199027287 2.558148009799539 
0.9343776974521212 0.6770446927957753 0.1126893157973231 2.525101107324737 
0.9538597319826245 0.6500040695533574 0.1246320222817441 2.569261902120768 
0.9521174599309833 0.6536817427316711 0.1239643396426377 2.56621719038525 
0.9356007813082813 0.6739379287670521 0.1106685940921207 2.526864335537384 
0.9454624185335064 0.6666823841872771 0.07981432994528483 2.549412452839905 
1.000809669395584 0.5898693515828156 0.0001440856913887954 2.67666634567469 
1.00052862996648 0.5908527483077759 0.0009087868434226796 2.676311955155133 
1.000308773443524 0.5911659152249302 -6.65118850795746e-05 2.67576470375286 
1.003513146412306 0.5846974774155361 0.0002749793971600153 2.682639375291187 
1.003415627218086 0.5850514990368384 0.00327160040773913 2.682529410412209 
1.001923834959515 0.5889458665519454 -0.0003976773387208572 2.679819327364404 
1.011281629310737 0.5589154141374014 0.1265372326582493 2.70185186501543 
1.00402428190776 0.5741915853617996 0.09607057133921304 2.682808498063699 
1.020515043665544 0.5428837053570342 0.1022375856292628 2.721249654469113 
1.003979245075491 0.5848814828274553 -0.0004143759318476055 2.684285924119246 
1.006066986516274 0.5798510788022069 0.0008848473827800546 2.688355223277074 
1.005630068277131 0.5814139551558924 0.006036505556014775 2.687821057657536 
1.022580744325559 0.5460701466661402 0.02218489506543745 2.725289084117818 
1.025923079656107 0.5397276050530219 0.04193415408646287 2.733901496535458 
1.014535754312522 0.5642257106288063 0.03439848781497588 2.708442125316509 
1.00055687660774 0.5899077056620945 -1.250690329574615e-05 2.67617759790236 
1.000034880281157 0.5906854525396743 0.0001584442809586958 2.674900115710994 
1.000598748644714 0.5909498484596043 -0.0008879384097865839 2.676486173068176 
1.00290390571582 0.5854941735972343 -0.0001862647033425257 2.681481891188657 
1.001011325778057 0.5882535712171419 0.0006462712315827037 2.676793929119429 
1.002493189020202 0.5881482672934456 -0.00369315919933685 2.681099669161163 
1.021635655920853 0.5476519299806882 -0.02277815913177843 2.723801756526015 
1.016455063554405 0.5570850264091689 -0.006909321149153149 2.711214321880288 
1.013534816880208 0.5664832896120628 -0.03140521224779348 2.705964589776843 
0.8643688607567616 0.7404479288400729 -0.08737006940030984 2.360171361594622 
0.88068928443423 0.7360105709891166 -0.03775073435526381 2.40053883448618 
0.850523128376324 0.7536737169625836 -0.04144153974516561 2.327514144884355 
0.9208146019432273 0.6810398765684165 -0.1503590917444873 2.491174681208538 
0.9438447831281382 0.6518252757613858 -0.1651791170432413 2.545200094380328 
0.9384600392057253 0.6759122674284184 -0.1013051454109675 2.535678707510015 
0.9246137312258198 0.680803399849863 0.1567637576519213 2.503261210144484 
0.8977298045483135 0.7097851725611112 0.1353053789011009 2.44022328016655 
0.9094256996317971 0.6977854095153591 0.1145633401921265 2.463837089764343 
0.8715915077217609 0.7374708122011325 0.09754528415454489 2.379229571520544 
0.8535375433444241 0.7516865884468006 0.0574295437023553 2.33572100039697 
0.8760001374152927 0.7353465313579406 0.03937958378874039 2.38635730158241 
0.974601224384711 0.6141097669447928 0.1624706247583855 2.618533380275705 
0.9737466320384673 0.6195580620853863 0.1225711060367163 2.613261200070975 
0.9949323911302943 0.5822696626184718 0.1510800964734321 2.66339242579949 
0.9726702176069547 0.6153690787979152 0.1648455714892857 2.612712875789472 
0.9520596630748507 0.6453576744549304 0.1637953817773164 2.566631888802705 
0.9507611760976432 0.6513993671632875 0.1238596990602643 2.560441767442938 
1.000262235442225 0.5910171847642937 4.778229808998277e-05 2.675522718644976 
1.000193404981039 0.5913571363695924 0.0002046852480395118 2.675494779341958 
1.00017751538833 0.59130162232795 -2.604042659478677e-05 2.675409054599079 
1.001711392606394 0.5882838582343434 8.136551334957939e-05 2.678734366615216 
1.001691280500783 0.5884981742323853 0.001279361663630178 2.678795629673554 
1.000977076371226 0.5900222476487059 -0.0001229649499040311 2.677311197743985 
1.013487304293204 0.5685351652244999 0.01905018076709211 2.706981679460731 
1.011314294684449 0.5701210914538403 0.00211783678277922 2.700307152832072 
1.015626380696116 0.5599461844109306 0.009109408230221728 2.709227376936737 
1.016245479933187 0.5629720504831841 0.03463160966680494 2.713562670903074 
1.016744570386988 0.5590447954221474 0.007806486065666429 2.712354016799949 
1.021473828298251 0.5474238584788518 0.02272295087098026 2.72234560882487 
1.02110445061586 0.5439977316911606 0.100030031015095 2.723876904731731 
1.011497226392569 0.5625305931408097 0.07872163243572523 2.699803153059839 
1.025783452938304 0.5362372202313378 0.07570648223994697 2.733398166800563 
1.006629458063077 0.5801761327291863 -0.0004887218669918489 2.690369343628388 
1.010403556609639 0.5707738060353885 0.003550071170746895 2.697692091016049 
1.008897958603812 0.5759149974061267 0.01256066312532076 2.695652097570767 
1.026218592197923 0.5370745938779613 0.04389175919558969 2.733483314817616 
1.025936893061646 0.5378396428215945 0.07279049120541065 2.734679276778291 
1.013415148810971 0.5638292203202547 0.05252048281967321 2.705160061698418 
1.000091749587892 0.5907245960925741 2.471578108412072e-05 2.675100332034254 
0.9998898120537121 0.5910717299869231 2.915221483331205e-05 2.674633878140729 
1.000222234220911 0.5914807663899427 -0.0003491027758537771 2.675571283705573 
1.001184793205556 0.5884421462404693 9.618471010679262e-05 2.677466619762076 
1.000431276977132 0.5897006844325943 0.0002100332517401037 2.675699703654995 
1.001275054996947 0.5900911157840768 -0.001656195458528759 2.67821405770609 
1.007746953420734 0.5791573901231544 -0.008293407565293797 2.693342805645799 
1.010737478733003 0.5702434868004747 -0.002656321602143076 2.699226036427112 
1.004757951050809 0.5793086354369557 0.001104269343025044 2.684393051294706 
1.004398919450474 0.5850411216578381 -0.003394013628072296 2.685587554686685 
1.005104707712607 0.5802086587065092 -0.0002403508824187336 2.686044224454616 
1.002431172541138 0.5846216749134543 0.000253889063945893 2.679687183753517 
1.015676134428719 0.5595015114880408 -0.008440006125286522 2.709930835800778 
1.010946624545162 0.5677135540513945 -0.001334178233359208 2.698571738570766 
1.011755691605636 0.5714755405774142 -0.01781879144879574 2.70252311548489 
1.012077001623707 0.5677791073979324 -0.04330016727428891 2.70217594009601 
1.025825700794086 0.5346297786311965 -0.06186820528515744 2.732538193371363 
1.025959521315448 0.5381677387543583 -0.04106428229542579 2.733936177211461 
1.012160306260648 0.5680048291462055 -0.03063867862066994 2.70217677864765 
1.024912895060216 0.5392283519856084 -0.03913038282889578 2.730827951798289 
1.022457668364042 0.5462100036697337 -0.02384124485472823 2.725850570010554 
0.9730483606203278 0.6205072419868551 -0.126130967367238 2.611979465835077 
0.968850765122297 0.6178430106453316 -0.1648779696722687 2.602679805865451 
0.9959976531819531 0.580471670918309 -0.1531470315492008 2.667123269924067 
0.9922849183980019 0.5904198536811124 -0.1171949492615106 2.655444901956294 
0.996062698256261 0.5779763834614925 -0.1490750104188646 2.665401650900924 
1.013947627880914 0.5529205641838896 -0.1246148396735007 2.707769530812139 
0.8481920814935646 0.7544047912619608 -0.0399057304141949 2.32161605392722 
0.8779180115150098 0.7394290352642562 0.002219324058313445 2.394234849475004 
0.8452467736965871 0.7580379198930226 0.009539272588469198 2.315219349986934 
1.002557736189879 0.580329166739795 -0.09051804156086257 2.680558012400216 
1.012884079917776 0.5510423557487961 -0.1210373499920359 2.702740329227702 
1.023655893575588 0.5373898868904537 -0.09395544082114798 2.728975913175235 
1.009998171118975 0.5678569418206109 -0.07220180345616575 2.696931782055508 
1.022594427241632 0.5376757562929043 -0.09103352165140322 2.725370759488041 
1.026721741129986 0.53439652925448 -0.06474385754866994 2.735730803992208 
0.9462263057535727 0.648718364045669 -0.1629089443039917 2.550297167318417 
0.9667742445324398 0.6210693044729484 -0.1674997084166235 2.598574731515238 
0.9526699998009486 0.6548862871095191 -0.1134048186730101 2.56726239643513 
0.8967108361157564 0.7117595123941257 0.1343185961990962 2.4379227434633 
0.8720190552628254 0.7350402328601752 0.1003921252135963 2.379317895392466 
0.8912516920029914 0.7196502392025527 0.08490676823963172 2.422359912108891 
0.8993004385771514 0.718291781509837 -0.07404288676695849 2.444296652334917 
0.8674934359896385 0.7387491830611934 -0.08748220546599149 2.367258801412171 
0.8897553695321588 0.7155660289052894 -0.126813197856637 2.419753767805612 
0.9150344112660257 0.6990179488290311 -0.1032510133152244 2.480197439513185 
0.892826163680535 0.7131692855453778 -0.1265941133577454 2.426678383000136 
0.9179996318719844 0.6845715435868798 -0.1538530452538817 2.486173881798025 
0.8528402110106427 0.7537740285727266 0.05502385060158033 2.334780045412743 
0.844541465745006 0.7583865791510748 0.009798658102409388 2.313813120423156 
0.8744534996384226 0.738750266681957 0.000128068671753504 2.383610749363801 
0.9962976940099753 0.5818402763156773 0.1483591143226978 2.667928621961741 
0.989958355927769 0.5954122173831596 0.1157550516708491 2.65065938859816 
1.010362632141297 0.5581530828227257 0.1294668674256912 2.698259411675979 
0.9502097212280489 0.6470584402781315 0.1658787574150836 2.561389623126206 
0.9259384817031283 0.6783918258534075 0.1545164287270835 2.506029624611005 
0.9328334343328132 0.6754169322627408 0.1111457998528772 2.519058985813412 
