1.002514490334014 0.5882286698550987 0.00380978807340197 2.68138371538625 
1.003010193320141 0.586620140030062 0.001700734988014169 2.682086957504004 
1.003831357388988 0.5865895163918894 0.004921244263331379 2.684819234142623 
1.002521694303938 0.588006220030906 0.003955216316419539 2.681276327627583 
1.002623065604775 0.5890624673650066 0.006060251474399625 2.68224650629436 
1.001022315369531 0.5914772826411994 0.003631025585939967 2.67832791978614 
1.006972833486222 0.5808498055591136 -0.0004474011182083076 2.691955720416539 
1.009212727660038 0.5770677703760458 0.005669602562010502 2.697300940645622 
1.006649239659503 0.581295262983947 0.003052651112107245 2.691140128811486 
1.001811450979395 0.5912581227361838 0.009317996599140975 2.680856186813494 
1.004310253835357 0.5860657787787227 0.009167504205084387 2.686134123587036 
1.004406439706883 0.5871436447571966 0.01334505226481478 2.687133596792794 
1.013931563626559 0.569126509667581 0.03674674869555246 2.709293834785195 
1.010854098637716 0.5762606504760294 0.02364081028919413 2.702540578988683 
1.017908790194653 0.5610859168871758 0.01959077863140049 2.717684553693817 
0.9737818072916047 0.6327415680977678 0.04709776583878326 2.615382936920985 
0.9866716940128381 0.613985602761447 0.0535691566953107 2.645743836176518 
0.9772561859486765 0.6280418506813311 0.06738259159348031 2.624892138601298 
1.009439219626643 0.5760345970867949 0.07374580146105583 2.700154988951185 
1.012978900233666 0.5700251176500472 0.05166456504191483 2.7071345690564 
1.018747682569324 0.5583903609845283 0.07805422741529171 2.721783845157566 
0.9968586174846954 0.5990019326942967 0.05250872710217379 2.670379828349752 
1.007140984661506 0.5821266957166235 0.0487797244643275 2.694294036972372 
1.002127210701595 0.5917730823768806 0.06208960737876178 2.684066299102715 
0.9508240418447059 0.6589059976488378 0.08254116226599954 2.561466276451432 
0.964444206452132 0.6440378373608492 0.05883255372435716 2.593058986822649 
0.9685259154691218 0.6373362050570841 0.09326114513886066 2.604521994300361 
1.001379378927197 0.5921262244247641 0.02634701967499922 2.680228123658305 
1.006160768166234 0.5851730715186976 0.03377145011078923 2.69229146428779 
1.000369736772829 0.5938916832978791 0.03695980604108696 2.678267429589372 
0.9883942771847593 0.612427800659202 0.02746562427011373 2.649577627529815 
0.9960699735417781 0.6010014266337452 0.02971436386960857 2.667932509037567 
0.9912376750438259 0.6089287904681825 0.03791556815192011 2.657147454754272 
0.9835484805386938 0.6180963339353449 -0.00621718965537638 2.636840538708609 
0.9846440825312336 0.6169063009767871 0.001831602037784635 2.639658639912085 
0.9792757235370521 0.6240315918163568 -0.001253817515506713 2.626564680755194 
0.9961474936382478 0.6013608653836758 0.01217208245690143 2.668112139214464 
0.9998488944211512 0.5950007983057533 0.01158088079657014 2.676552842916274 
0.9979863667346089 0.5986857485900557 0.01846297855855522 2.672697853457373 
0.974223258443511 0.6298530285628552 0.01122031153440068 2.613913172488514 
0.9827873523672196 0.6203280336738736 0.008188387288926438 2.635722550122515 
0.9800914961643029 0.6237327827884763 0.02178148158068975 2.629290622073528 
1.001736897300642 0.5913503397074577 0.008917364325243969 2.680654800947866 
1.004234003871808 0.5872083627772615 0.01373745305305884 2.686600240466796 
1.002190412064888 0.5909157769687741 0.01557461647877525 2.682000826444972 
1.001754002007987 0.5919532639360232 0.02718126081483318 2.681405051990427 
1.006618094546307 0.5835450229992875 0.02330535997176393 2.692568921806027 
1.006359405220084 0.5849770541887189 0.03286322080000707 2.692825103704614 
1.002457169008552 0.5881735975993373 0.003588042767184142 2.681160436486341 
1.001753205112174 0.5889666330199802 0.001538904768265859 2.679274755225562 
1.002907167387191 0.5868315391218315 0.002031127160854992 2.681869361012129 
1.002003877116272 0.5911332659422872 0.009357577299993158 2.681424249487801 
1.002448001576657 0.5889830628961418 0.006341205163573135 2.681612557389501 
1.004116275542558 0.5863703176943091 0.009447510870181853 2.685671693971603 
1.001111983132204 0.5898496940710565 -7.824820229551302e-05 2.677660609280163 
1.001265177428534 0.5894076067638715 0.0006125366305910813 2.677910492437367 
1.001368406150361 0.5899278637843257 0.001348304016557596 2.678561276796731 
0.9860593671684914 0.6129022108787384 0.09497007614698674 2.646280300846117 
1.000146695584458 0.589923344023445 0.08548116394000127 2.677911333544138 
0.9987328780962835 0.5896283315986077 0.1148389624350981 2.676113274874254 
1.000365238796493 0.5867614652513075 -0.001942867166763583 2.673364262618185 
0.9998700046215586 0.5886537196283951 -0.001028010227613945 2.672823890720028 
0.9999368784916774 0.5897534628250531 -0.001149604096237661 2.673691392274429 
1.000329829728739 0.5863698088437141 -0.002031038449354534 2.673023200637564 
1.000219609115958 0.5875729900664343 -4.989782107529263e-05 2.673349367467843 
0.9998125054865558 0.587738350755362 -0.001647457555852858 2.672100789708387 
1.000355198223757 0.586636600579142 -0.002018398469931392 2.673257766886772 
1.000025528246957 0.5904877014768185 -0.002043666794611105 2.674419281763951 
1.000905517974084 0.5861469423970216 -0.003318566417963024 2.674805529188417 
1.002071054960132 0.5838059461702646 -0.00607352870373742 2.677342653468336 
1.002073541138958 0.5843841043493665 -0.001664933649388687 2.677674160819977 
1.000988726276039 0.5854290449491093 -0.003715330088421263 2.674668421646445 
0.9991792282526675 0.5928989920090866 -0.01161161268782318 2.673088778239009 
1.001493388071332 0.5881271749574394 -0.009771810177380796 2.67794842001335 
0.9988892046265783 0.5943562958621927 -0.003584842547041814 2.672939244080977 
1.001950811402372 0.583941535058374 -0.006494104358524331 2.677012697955695 
1.003577452868056 0.5810048853110259 -0.008673496615449087 2.680772865691219 
1.003781500883759 0.5811283676702188 -0.004332086748663313 2.681512395006966 
1.006721877629781 0.5767144333898889 -0.01079844061748597 2.688837609210517 
1.008440634036323 0.5727905268913641 -0.01830881929130445 2.692443941220969 
1.010080745290286 0.5705801041815165 -0.009564255894624714 2.696544652084941 
0.9914657638448299 0.606980499398455 -0.01026100769483625 2.656033999790608 
0.9874740244997052 0.6121877020165419 -0.009590884854912499 2.646061997815454 
0.988396362668338 0.6099777984534235 -0.01501116682729401 2.647806131612777 
0.9954249271066635 0.6012262394043665 0.0001060376207517067 2.665564820693414 
0.9940418075891155 0.603395211887268 -0.00455407059156553 2.662301898534183 
0.9964981468943972 0.5991862079272163 -0.006024200325732359 2.667902688325747 
1.002187104964932 0.5844642395352597 -0.005479646494469135 2.67810615968688 
1.001372251956351 0.5866673230943078 -0.009285555828571998 2.676703498925774 
1.003743481658443 0.5817913040039119 -0.008282765355506224 2.681757275888656 
0.9986316025063333 0.5935479232272082 -0.01214425536579651 2.6716430358987 
1.001339916448919 0.5872058441322682 -0.02072945552869819 2.67708588375252 
1.002632677378478 0.5848199801049113 -0.01498399672782527 2.679898264640522 
0.9942574942406561 0.5990117301230399 -0.03295816684668004 2.660863473928002 
0.9955546052513267 0.5928215004486109 -0.04618024671189037 2.661999903261793 
1.001375746389193 0.5846057880942539 -0.03659006833367697 2.676112020045936 
0.9912130161141278 0.6075608643171678 -0.0102549542442194 2.655542943431182 
0.9917478003858856 0.6049229838096014 -0.01864813596442217 2.655794627631863 
0.995489957487348 0.5996291303076192 -0.01291055380948226 2.66489743995995 
0.9788481090747632 0.6198907626208366 -0.05103336305049177 2.62386798923634 
0.9684645121890008 0.6323461505761687 -0.06086341379431234 2.598561392043211 
0.9769169371085443 0.6179613263079996 -0.07033973036348054 2.617578184906394 
0.9996285412486366 0.5806787857392037 -0.06669332899149596 2.669559465411192 
0.9877350532066007 0.6034240533160475 -0.06503374630988258 2.643522966146668 
0.9911137510455361 0.5921791101349202 -0.08174739607578087 2.649196545396704 
0.9837337206863255 0.6173512328937418 -0.02353517029798671 2.637268922785439 
0.9760211997631806 0.6267169632666115 -0.02375172152372553 2.617918446500176 
0.9804171232757984 0.6184544087073202 -0.03426488305735314 2.627373987091343 
0.9915036302197189 0.6072445707122304 -0.009580737910250815 2.656314963876635 
0.9886972429278263 0.6098603448165902 -0.01515707429389407 2.648710026992599 
0.9916415904339076 0.6050079547079913 -0.01875301690149964 2.655501326076007 
0.9839106255917798 0.6178522926146464 -0.005972742601645752 2.63785598949269 
0.9787102070061943 0.6246161307373411 -0.001071926156361337 2.625072503963492 
0.9773796796232429 0.6250971930951797 -0.009246910524313848 2.621098381506827 
0.9946037622999101 0.5981247887925821 -0.03245693713289971 2.661502480606943 
0.988381019587417 0.6093936159002014 -0.03043421561934771 2.64773353349535 
0.9887426321189575 0.6055517312695234 -0.04149381963039899 2.646962653981654 
0.9841606295554224 0.616431709311726 -0.005685326026812613 2.637798529370846 
0.9876290769983744 0.6124493949595002 -0.009357716973950238 2.64675622941987 
0.9889089589222471 0.6117256736731425 -0.002001650371155611 2.650462802623368 
0.9670658633492198 0.6401811264448982 -0.01747592875256871 2.597500753445626 
0.9573959924640115 0.6514213847337403 -0.01948978306039531 2.573903401818615 
0.9588651206570614 0.64760449113101 -0.03572340064898889 2.576522418747821 
0.9839465644435127 0.6178923570235492 -0.005466106227346249 2.637994308572706 
0.9778077886263489 0.6247743403963784 -0.01003631243194441 2.622293152206984 
0.9827039486758223 0.618891774694235 -0.01347854461979642 2.634645786239755 
0.9746595729602724 0.6306227475524694 0.01118515542127541 2.61579026471999 
0.9671405308954062 0.639839931648706 0.01234657078996759 2.597448462983983 
0.9685607378912594 0.6379171817857235 -0.001039853374789716 2.600727292117177 
0.90005076838188 0.7147852646106134 -0.0008718812123995819 2.441234677581396 
0.9179919004654595 0.6983052367458276 0.01760127171854586 2.483108967278849 
0.9011039955743934 0.714672433603441 0.03674669319473572 2.444903972263224 
0.9428212735780206 0.6689222635704162 -0.02224779568128688 2.539560901696353 
0.934469637535563 0.6796026699097646 -0.0005834046398195752 2.520645111056224 
0.9262051489406853 0.6880826150970719 -0.01577589706505368 2.501330977581023 
0.9777788667760403 0.6194798738741581 -0.05276649146515536 2.620214344721538 
0.9697001539418335 0.6359931467766929 -0.03653197458847803 2.60369766722652 
0.9680102307294649 0.6320764194560553 -0.06101746303310902 2.5970017477187 
0.9564126985101176 0.6549353068220216 0.01676484450626236 2.57304666640647 
0.9457802694766085 0.6661735619657673 0.02042857756555457 2.547152878456194 
0.9476757669029068 0.6644694240652551 0.0008674519575754357 2.551770035604925 
1.00903060949836 0.5709536704492907 -0.03031993650537731 2.693611680102422 
1.006698884068924 0.5718507146686164 -0.04685721982569137 2.686898036989572 
1.014512978058103 0.5569183967890813 -0.04329363003494614 2.704735225879461 
0.9989934603609172 0.5935758134367091 -0.0114478726161035 2.67285529669984 
0.9982951642292314 0.5943432851436464 -0.01924028018083381 2.671120068190084 
1.001248530716385 0.587218498421771 -0.02086321730123136 2.676794169908369 
0.9776969754775799 0.6118017389627763 -0.09686001999211338 2.618248132400922 
0.9919937122655624 0.5871979960142191 -0.113890126594398 2.652303547612508 
0.9918543432022432 0.5932243058764293 -0.08068144453116484 2.652122119577124 
0.9948505413727777 0.5991390222584927 -0.03134745821955429 2.662871508543371 
0.9889990872818308 0.6058491948459863 -0.04154230469001782 2.647931806472913 
0.9953439694452866 0.5930196129999306 -0.04592971512694009 2.661424350389604 
0.9514167787396036 0.6539247383529019 -0.06923118600353502 2.558483261187683 
0.9526798899990303 0.6471106574019954 -0.1110122950348817 2.562211500147507 
0.9633931338723312 0.6334005441142735 -0.08779943668573781 2.584988447723926 
0.9187322070463362 0.6942298994121865 -0.06066743765912997 2.484223597770254 
0.9143559633184829 0.6918300357072511 -0.09967613860214448 2.472427168030265 
0.9387750633391075 0.6714311255854457 -0.06796592390753851 2.530713752686576 
0.9870234717840677 0.6142039021396419 0.005994151090222962 2.645821508345044 
0.9844279878450212 0.6168453756133658 0.002079592889793947 2.638928467220507 
0.9887663659647503 0.6110823776214672 -0.0002594770580712202 2.649589291373412 
0.9958514481671973 0.6014126572703831 0.01200211586767788 2.667157271673234 
0.9915635325630821 0.6074504819955342 0.01128310786885359 2.656657227296602 
0.9939288269345586 0.6044348772653143 0.004983199838174328 2.662563679572859 
0.9962068491662656 0.6009412668738645 0.01208039734945073 2.668030466036842 
0.9935483807061208 0.6051156876585003 0.01792249932012258 2.661882498645787 
0.9915153312886005 0.6082111520546901 0.01131640576571884 2.656953352440192 
0.9997007567015939 0.5941616757595267 -0.00032995203585282 2.675513898632638 
1.000070844157495 0.5938423762110319 0.004522982056608723 2.676568872047774 
0.9985160392012368 0.5968012459324012 0.004496710499235175 2.673168423595764 
0.9555386422070639 0.6554777266212766 0.01602484190834072 2.570608280723223 
0.94788282024975 0.6643789263667554 0.0007994987492098891 2.552292111378912 
0.9589832531822381 0.6484023637147415 -0.005868789052823982 2.576808297426944 
0.9429015589896296 0.6695991226796308 -0.02089840588516292 2.540238765937663 
0.9327687429127977 0.6798943936086072 -0.03738177397307135 2.516509807882099 
0.9442686189976004 0.6655645593838361 -0.04640657562753671 2.542843520898916 
0.9438662196683185 0.6690908685133569 -0.02076525460624751 2.542966394585536 
0.9260449589932062 0.688046159665604 -0.01610186219469277 2.50072460594226 
0.9320696569366057 0.6799876793322711 -0.0361116611823074 2.514363060388498 
0.9185718248723304 0.6923810392551961 -0.06154147193141003 2.482415383950004 
0.9068027574997025 0.7086731083003051 -0.03450258322292905 2.45703457947743 
0.8977738706900643 0.7113610918589931 -0.0717568820978992 2.434439806137982 
0.9498884582326441 0.6611203812946608 0.08141691671026416 2.559784840455094 
0.9363595489706495 0.675431620915364 0.05786973581874184 2.525622497553881 
0.9485849960764974 0.6644205969499047 0.04125426762216431 2.555290435890927 
0.9739348679220983 0.6312772393995556 0.01052815780826084 2.613881865315871 
0.9809198197530965 0.6220088694626283 0.02223314555207666 2.630845933666066 
0.9724682544979655 0.6344463630056916 0.02444771622224751 2.611419102720625 
0.9863962424510021 0.6113466339379368 0.09381704495407686 2.646133889691213 
0.9827612593032751 0.6127740200373794 0.1219178920529562 2.63837115120741 
0.9694877710031952 0.6364020340241535 0.09415696722208712 2.607130922580287 
0.9733211952332517 0.633527274053391 0.046371251937828 2.614341932108066 
0.9629896214280794 0.645247012880946 0.03497553827854376 2.588247650136483 
0.9715273296657898 0.6353249505182295 0.02440124685473739 2.60888569704731 
0.9963328604206184 0.600879009392235 0.05216523472952405 2.669655001072369 
0.9863272068535736 0.6150011595298974 0.05356964428668812 2.645467806884176 
0.9906256909498173 0.6092704354506399 0.0377214532435239 2.655271635982526 
0.9507201726234831 0.6597583627930546 0.08052208473710067 2.561578206906732 
0.9488811749708488 0.6653210969167752 0.04288862286561614 2.556948587510854 
0.9659959138486593 0.6425145850828754 0.06094878743123925 2.596899720776983 
0.9123202467341481 0.700207287952521 0.07422149355169753 2.470079505833913 
0.896051237223344 0.7150333382988231 0.08354185290128613 2.432964594192111 
0.8992813164447088 0.7147775547473788 0.03739170117172483 2.43949419281163 
0.9512430436911139 0.6600214177534859 0.08247068239265413 2.563039133532678 
0.9342911875289627 0.6800020485468041 0.08023488688978334 2.523954344475226 
0.9365991982638781 0.6757835673207963 0.05751771350695662 2.526439220478347 
0.9517584467142304 0.6594178092527861 0.08207553539318189 2.564423038665832 
0.9410012807174228 0.6670573650219548 0.1108215709373045 2.538917545083847 
0.9335013163741339 0.6787229471644256 0.08236651836329084 2.520759081479021 
0.9959456034224257 0.6013715937050286 0.01167262447175639 2.667439046718888 
0.997646613334263 0.5990255948110883 0.01894619381869915 2.671775410193675 
0.9935725007309175 0.6048022453677442 0.01837826198527226 2.661778179182797 
1.008660171515286 0.5780528138120358 0.07307139041913523 2.698540100767433 
1.000057183585683 0.5916875415175304 0.08543890388100285 2.678861762351331 
1.001390554969598 0.590579599983071 0.06135904171315947 2.68083945799542 
1.001409264270686 0.588974397444198 0.0006047581342592179 2.678135366586129 
1.001190953005939 0.5893457649325694 0.0002066842385859328 2.677626916754105 
1.001466071469263 0.5888444476275007 0.0001839370878989606 2.678247798581437 
1.001171770656097 0.5898790827784859 8.725960607454207e-05 2.677877121112362 
1.001126043981449 0.5894056147405216 -5.282624599149063e-05 2.677446008719996 
1.001204584278648 0.5894658230018606 0.0006369019896003796 2.677743221115912 
1.014258166607146 0.5701617559312765 0.03808535680985484 2.711017444607356 
1.018017981737384 0.5598452877812542 0.01851401920454658 2.717299835725267 
1.020634144071337 0.5563481689048583 0.03372347564262577 2.724676513940955 
0.9927244533298309 0.6059936044808969 -4.188114662620368e-05 2.659526149050377 
0.9970058280792081 0.599155744069031 -0.0001279257273904672 2.669533041023834 
0.9941912395928558 0.6040648850378622 0.005392591484890285 2.663219780879255 
1.001144974933893 0.5897768966197197 -7.099266869956875e-05 2.677727088175004 
1.00129116026498 0.5897900647525568 0.001539820941572526 2.678223165359362 
1.00109349363909 0.5910370544908304 0.0002392455351109256 2.67829934716546 
0.9999206234986511 0.5893934318257268 -0.0007935887146850305 2.673428094331781 
0.9998825361222214 0.5888656898906618 -0.0002978879907201684 2.672990222779668 
0.9998533877377759 0.5904822912967086 -0.0005980895298034351 2.67384550095851 
1.000078108983985 0.588789595451746 -0.001275119549320853 2.67359668134283 
0.9997516303784327 0.588326397483375 -0.0008361622718767022 2.672241870797118 
1.000120214899507 0.5887155145525536 -0.001015753285167078 2.673692621257134 
0.9994490439982094 0.5936114896352723 -0.0001227067936926175 2.674351719365975 
0.999944496196508 0.5905112459134157 -0.001866703376563066 2.674166577264275 
0.9998347344934497 0.5923940325191966 0.0001562601600002172 2.674912654924945 
0.9954046259207757 0.6013124873966836 9.51240828293734e-05 2.665543778217164 
0.9963409525284566 0.5989690053887802 -0.005656264499669538 2.667248526710423 
0.9984076827800926 0.5962715847145689 0.0003199721722546073 2.672476834965128 
0.9954591338648614 0.6011058523757801 -2.199685379811271e-06 2.665605383278687 
0.9924895810301333 0.6058654790891411 0.0001444491985958081 2.658667114293934 
0.9938730259225755 0.6034157798528584 -0.004577793768220016 2.661765010754841 
1.006671721534901 0.5767336718208599 -0.01085082096179576 2.688707620829293 
1.009669396955833 0.5713649693204614 -0.008257947449433367 2.695577712624457 
1.006012624071842 0.5774072008271555 -0.002941811026650771 2.686720963077214 
1.008509445682268 0.5703050730356991 -0.03170737472232562 2.691576114860562 
1.014612916456364 0.5571329134133776 -0.04291315097947686 2.705149000800622 
1.015374907615261 0.5579985403815436 -0.03102533529855983 2.707755145438679 
0.9926573586713642 0.6061577107387602 5.198075100228706e-05 2.65940165104849 
0.99112289133333 0.6085032402681283 0.003564680527288185 2.655787642052926 
0.989528465115341 0.6098865491784039 -0.0004725394320686434 2.651370872601725 
0.9773733362923522 0.6117594331835264 -0.09659579685428377 2.61735242530978 
0.9739774442153318 0.6155727469885363 -0.1257154435324628 2.611701218594672 
0.9930890291447025 0.5883494795022214 -0.1173231175406056 2.656860330874971 
0.9992152169744415 0.5813469273472566 -0.06688538930457737 2.668517008855583 
1.003844342645694 0.5703799689379107 -0.08894663699964946 2.679395723360165 
1.012095291670507 0.5596762400465263 -0.07181747617112919 2.699659665780649 
0.9197024755358998 0.6927896631694708 -0.05930227455607196 2.486087197752223 
0.8993707374786959 0.7104798272522953 -0.07285629420291806 2.438420696996109 
0.9140156374715818 0.6929575479094499 -0.1019344851287554 2.472723899062817 
1.003043623784646 0.5867661971957208 0.001978628498980352 2.682285651381509 
1.002506468825557 0.5871780887802253 -0.0002125590198676666 2.680733604309171 
1.003857080015814 0.5855258913999842 0.001230916563370846 2.684272564630566 
1.002805588605658 0.5869453431076741 0.00173815768026266 2.681594101992692 
1.0039944673754 0.5851550022656588 0.00152681580895607 2.68451407448293 
1.003878157777673 0.5861670721679816 0.004850573622166627 2.684727343643308 
1.003929420997932 0.5863014008845105 0.005249563965530988 2.684977292200136 
1.004062956918063 0.5849434641868724 0.001137603451633978 2.684615757303147 
1.005709982027346 0.5836406922338039 0.005348115084763715 2.68937316066445 
1.002640141438414 0.5887687454467874 0.006486427859443574 2.682128247566129 
1.001933850770379 0.5912121370209382 0.008957935939177087 2.68123992934445 
1.000152902720965 0.5937713781459649 0.004683433130527995 2.676797253614857 
1.002505952730649 0.5889625866665801 0.006632194297924619 2.681799125553635 
1.000270397784999 0.593731935401234 0.00478141325582845 2.677165183182216 
1.000879907558325 0.5915765473075663 0.003554679885807108 2.677911160357892 
1.001009982542774 0.5913913663416139 0.003564693949232706 2.67823455357452 
1.000275457451218 0.5936965314007585 0.004292309367923788 2.677163088456393 
0.9996395188767471 0.5942195959393916 4.337328732612903e-05 2.67534756119072 
1.009526132176081 0.5766426058754266 0.006127615686101984 2.698104913267988 
1.009207402673601 0.5785882902969607 0.01587974805402966 2.698258480965316 
1.007163744174074 0.5818887498144238 0.009262507518590996 2.693231283035153 
1.009146260110726 0.5768405064073737 0.006231952009884743 2.696951368116783 
1.007529180422073 0.5816213502135463 0.009716067259377023 2.694312615417444 
1.006700718575632 0.5809116433369036 0.003035094357627008 2.691083250000633 
1.006741374363434 0.5809294193825363 0.003108635272187343 2.691236823540235 
1.007457404140663 0.5811522508454479 0.009166422505256658 2.693799269426464 
1.005557139859821 0.583952575501221 0.005414834539327407 2.689039885651453 
1.004202879701651 0.5867897678002119 0.009504651191243475 2.686201260418232 
1.005858897610186 0.5828746573354822 0.00570941752015225 2.689424062388607 
1.00742116023551 0.5810916614337057 0.009415077636568901 2.693643027591574 
1.003877781623493 0.5871183828322143 0.009156041220342467 2.685300238939656 
1.007453225940466 0.5808352135302438 0.01009922246817765 2.693609610658341 
1.004456548942197 0.5867123142547085 0.01370993306233052 2.687048911196146 
1.004383803487239 0.5869885558241688 0.01408265166067837 2.686968746233071 
1.007666382999359 0.5803643163111141 0.009548023554665375 2.694037530361511 
1.008895824429457 0.579415014861239 0.01593692292476601 2.697690309075292 
1.011434021875444 0.5745087085802858 0.02365229953221048 2.703551833650968 
1.008685514286286 0.5798157592794996 0.01600694062599368 2.697196792007772 
1.01287240062002 0.5710122681735973 0.01250173944227613 2.706186948227975 
1.011604384567018 0.5757214668123268 0.02515406366615965 2.704819544202163 
1.012911666650046 0.5707931191346713 0.01218948205175019 2.706160402078664 
1.017372267053622 0.5614235366819408 0.01925560003651616 2.716078619702754 
1.01775574015106 0.5622538326139336 0.01774366551050099 2.717827562036759 
1.012664884610123 0.5716059190520564 0.01186634644893395 2.705803968604759 
1.01596275147168 0.5652200724433981 0.00237782553917967 2.713237592874273 
0.9863349008022805 0.6155785884899336 0.05404005235883913 2.645855776209847 
0.9971478038002624 0.5979675511117306 0.05193463486589673 2.670551764530155 
0.992898467911112 0.6049042028048858 0.06859125749027685 2.661780921798483 
0.9858387126905568 0.6152599995906802 0.05236683800555289 2.643904869544972 
0.9926434601146266 0.6057102805615378 0.06991181106115317 2.661378767094767 
0.9774374758214209 0.6267812483463543 0.06901523697309897 2.624751082548303 
0.9772121527089092 0.6286879056268634 0.06955339309538357 2.625188403299726 
0.9936831973565402 0.6025623369955858 0.06913307792453356 2.662657490158607 
0.9856762087774169 0.6131965026644315 0.09282979069783766 2.645092533160956 
1.013156607942336 0.5705395188357291 0.05314880232593786 2.708220686147056 
1.013504616455493 0.5704218201189146 0.0364355191456457 2.708511164809548 
1.020039658840677 0.5565459215164753 0.05226220485910556 2.723549350775723 
1.012605423139737 0.5704379390961606 0.05144741773566886 2.706162196986039 
1.020690192837238 0.5559853944853651 0.05120371536216518 2.725270431742892 
1.019517226658081 0.5584755404570688 0.07696071012259308 2.724345292641827 
1.019530600743928 0.5557605222645661 0.07862741912966441 2.723126307745806 
1.020232216492281 0.5578765229874615 0.05083793522992629 2.724663075390297 
1.030937299158889 0.5307355494149243 0.07460552325651759 2.74813426381555 
1.007223833817135 0.5828508901387887 0.04927729894852698 2.695161646744769 
1.013938837921778 0.5692108585994061 0.03710796311088359 2.709246429778748 
1.013363060967003 0.5711950954612409 0.05262607316150299 2.70920432869388 
1.006523750422658 0.5833007689717181 0.04834206124736765 2.693013939488455 
1.013045344064447 0.571433018698688 0.05420160850437451 2.708302086861948 
1.002207520855039 0.5896814770829248 0.06298156168122425 2.683151721961991 
1.002048837961664 0.5906301462635123 0.0634223058531861 2.683220495886943 
1.013392819016638 0.5690538497233475 0.05280243054020718 2.707910671075789 
1.009540850844052 0.577344045421042 0.07260941827082561 2.701117359657324 
0.9646676287230799 0.6433762095069475 0.0607171108337843 2.593663678015588 
0.9735856364819012 0.6321755260866768 0.04568330359797725 2.614285065362203 
0.9763403846148261 0.6291583670311323 0.06823219886059168 2.622599693298935 
0.9646661113540077 0.644886753328285 0.06091435864494146 2.594526375896421 
0.9778722412481357 0.6266833856072258 0.06795975323103751 2.625782845129776 
0.9689582124833508 0.6361335653592661 0.09164261826995554 2.605186813585738 
0.9695701510820975 0.6352089624345689 0.09284814500858782 2.606678328971102 
0.9763804209637641 0.6279557043614464 0.06686996979719005 2.621801418177657 
0.9850634458142058 0.6142633483653088 0.0939233155158203 2.643677177817992 
1.005878777607601 0.5853457416328859 0.03278823577269185 2.69139797848948 
1.013494953499253 0.5706982799530148 0.03777009196684843 2.708675196277483 
1.006956214441861 0.5817632306423788 0.04819393068571706 2.693598011713018 
1.006774906890439 0.5842039568312446 0.03322909552880383 2.693715721760085 
1.006663950995434 0.5831368557133721 0.04762326550040015 2.69336008642057 
1.000364715480317 0.5955835247377117 0.03791103092717503 2.679248419336277 
0.9999492822912929 0.5957585047287529 0.03644472237245584 2.677894863227282 
1.006434938417046 0.5834009220690948 0.04902315946339816 2.692769363471406 
0.9968624000684316 0.5985779267132511 0.05230010946276525 2.670112725746634 
0.9960146426191513 0.6019045259360921 0.03005959939732682 2.668372719337948 
1.001880996903325 0.5914592830399928 0.02676043569200258 2.681478993013273 
1.000356555057825 0.5941549912159859 0.03670215252782159 2.678362561540103 
0.9955778216213477 0.6018932474434174 0.02904090943966497 2.666877350754151 
1.000228715111137 0.5945879048467547 0.03770453364959064 2.678188917925397 
0.991304770082971 0.6077583069293419 0.03904926254378002 2.656690368021607 
0.9911970471029113 0.609624941631931 0.03958697443280806 2.657466200840674 
1.000813189689715 0.5940431361694467 0.03745633808882162 2.679704819484293 
0.996769260971153 0.6001183180559534 0.05114036153294787 2.670651619892798 
0.9844071292026115 0.6173614320898464 0.001611818981432742 2.639182949787044 
0.9876184692778939 0.6131515419929802 0.006845724760779654 2.647111366573583 
0.982862360577262 0.6195352170151918 0.00818861379571909 2.635507918540028 
0.9845681923428197 0.6170197536086589 0.001545538285734268 2.639487249200047 
0.9824108216473458 0.6204640322796041 0.008876632486695388 2.634587896737322 
0.9786929529937475 0.6241361494444075 -0.0001924917182060524 2.624724594232856 
0.978757654423157 0.6253734871501315 -0.001188599517694417 2.625750896536602 
0.9830647970854978 0.619976118688001 0.00901112220978246 2.636391773677589 
0.9747673130751949 0.6299238721779968 0.009540025601330524 2.615724981629103 
0.9998662543773299 0.5956786277065855 0.01186235822491337 2.677037270272184 
1.001963220656708 0.5909188239477884 0.009163378000928098 2.681151577883303 
1.002145053253706 0.5910512368751333 0.01553876043828698 2.681924285664036 
0.9995476232170988 0.5957528800801554 0.01111717387967032 2.676008496043833 
1.002131394220025 0.5911669195901318 0.01601673400387148 2.68194356782065 
0.9981233635242871 0.5979125285840302 0.01897178190687834 2.672698486283671 
0.9981077742930299 0.5990599437122257 0.01948009529507037 2.673325530543543 
1.002498615726018 0.5907958431524772 0.01576814895706279 2.682909371858966 
1.00157953893468 0.5922312940570337 0.02606999198822848 2.680957439885722 
0.9825721805586709 0.6195413478036561 0.00897287206489661 2.634563174449235 
0.9873693656541311 0.6133750124604119 0.006504792288049871 2.646438006014823 
0.9865107363915784 0.6153924915088038 0.01444207533603033 2.644951799888048 
0.9825530395977267 0.6205997993294819 0.008373669329979129 2.635139388459588 
0.9873049064955817 0.6143321616112456 0.01450462273043286 2.646843689387573 
0.9806890808176172 0.6228299824932619 0.02103707227543836 2.630690124245164 
0.9806720860122068 0.6223790531357093 0.02238161290499003 2.630364475113059 
0.986596964634432 0.6149870497699569 0.01384290842128991 2.644942660062874 
0.9879518044873249 0.6132931671631963 0.02690395200169525 2.648630077244084 
1.004115103645944 0.5872628150882009 0.01310465464193152 2.686205985338211 
1.008767028735964 0.5794348735671212 0.01649972701210946 2.697277147321695 
1.006258936117642 0.5835129709662908 0.02261897223502462 2.691378425810683 
1.004598187503097 0.5866494268094865 0.01325690943795464 2.687462277218724 
1.006069932165711 0.584129618591835 0.02243715473757183 2.691088385108944 
1.002231158983454 0.5916609441200128 0.01621025111607237 2.682567163908836 
1.001992182067265 0.5919143386167648 0.01521814376472477 2.681891652952474 
1.005957235778598 0.5841137291002398 0.02333901326067237 2.690715074617199 
1.001668245040044 0.5913620226003756 0.02659571418239868 2.680761928721945 
1.006564483278901 0.5846171451088644 0.02389556851643631 2.693056401746776 
1.009157305061366 0.5788956292288375 0.01629834856968259 2.69825096311935 
1.011229357901498 0.575099991269168 0.0239956100150525 2.703190510735765 
1.006029490477134 0.5849757183087391 0.02285093398333827 2.69144027383987 
1.011362893242252 0.5750092719670122 0.02475327939698487 2.703592369565597 
1.006495041878119 0.5836941384472309 0.03327091405927581 2.692562028029784 
1.006558797862214 0.5850158626481053 0.03447822381273642 2.693556731483036 
1.011710125591356 0.5743243736780661 0.02417989851505538 2.704310090306118 
1.013522365968834 0.5706077793208842 0.0368370787046314 2.708710406521929 
1.00181055502984 0.5886654952956099 0.001518894003739348 2.679290773866109 
1.001399809056271 0.5891612268964243 0.0006677537472993552 2.678213343497113 
1.001929552054145 0.5881091842398708 0.0008030062073505009 2.67935946250999 
1.001858643990576 0.5887747605523337 0.00178995853720584 2.679515089275781 
1.00197645181723 0.5880172017780977 0.0006879560484927025 2.67946100954871 
1.002840526636041 0.586982777930543 0.001833363304081346 2.681735064203312 
1.002890452623293 0.5867526630746742 0.001693379474168138 2.681767009100612 
1.001882490970234 0.5883911134241624 0.0006983894273526976 2.679366791842188 
1.002560832041246 0.5871765758528917 -0.0001242951488420781 2.680915007117427 
1.002614033042694 0.5888489191312695 0.00617860613485738 2.682090144654982 
1.00230628845882 0.5883288891754856 0.003834630228312479 2.680747418447818 
1.003641661017639 0.5864656511297645 0.00539832828863552 2.684117000214084 
1.002550675804823 0.5889530162083028 0.006298271272573336 2.681939659450348 
1.003765761447095 0.5862291835578155 0.005077928643515258 2.684388974560135 
1.004273262636987 0.5866609143328254 0.008736538286063442 2.686360525034848 
1.004266638405041 0.5863947377884013 0.008898041507040993 2.686181202282157 
1.003546657114365 0.5866313086039692 0.005118302340860603 2.683889267569103 
1.005651721266564 0.5832480694281604 0.006092688259845751 2.688954904298499 
1.001237629399103 0.589519251976932 0.0007204978091599362 2.677884577986627 
1.001471410375984 0.5888074641266303 0.0006626115739692125 2.678243992356234 
1.001794442569933 0.5886850779003162 0.001500765670431416 2.679248452556124 
1.001209790482916 0.589593980730048 0.0006229689702473036 2.677835496149225 
1.001806614662138 0.5885283180223613 0.001739760239911793 2.679197252151678 
1.001385976016642 0.5898578242413213 0.001489841939812857 2.678578610926407 
1.001353838931361 0.5898844374647806 0.001497184785320241 2.678486742317575 
1.001921308216182 0.5883612212652267 0.001534597757902069 2.679480108786057 
1.002368303028772 0.5885240962325622 0.003516803525267557 2.681069645312681 
0.9999681925439972 0.5916301563306735 0.08652397154981521 2.678588937422071 
1.009134659201263 0.5754961921999324 0.07268120992118342 2.698642030392025 
1.012149731430376 0.5685839625527964 0.09606707147760735 2.706779319423852 
0.9991970791528079 0.5912503760608621 0.08415654154494966 2.67559037382385 
1.012514997982014 0.5684067384416591 0.09617567189886783 2.707711372924119 
0.999847725536273 0.5889907073329554 0.1145099047164582 2.6794474976468 
0.9996382583612842 0.5882160812530306 0.1161889202969501 2.678380987028947 
1.01276343652129 0.5660109678900267 0.09541420282635837 2.707205757901431 
1.017241220814188 0.5512457116791956 0.1274602792998137 2.717685631713101 
0.9999368953354972 0.5887866283018228 -0.001074389495941582 2.673123793102587 
0.9998577529781563 0.5894989309265445 -0.0008211522057231186 2.673281073666384 
0.9998612682060327 0.5903006543962381 -0.0005008858380708634 2.673764703935277 
0.9999558356257632 0.5887617774909034 -0.001192830651658101 2.67317208494801 
0.9998336939240011 0.5903354287575194 -0.0004415705352735077 2.673693574219244 
0.9999352757357165 0.5896647380432941 -0.001100774540761729 2.673635193932845 
0.9999063347951792 0.5896913827465302 -0.001099831848912139 2.67355516047323 
0.9998339477797885 0.5903900558854329 -0.0004128374268163824 2.673726666315338 
0.9998247748557004 0.591589862062747 -1.862443789223427e-05 2.674403933612576 
1.000273370016493 0.5886291612445017 4.75460855315543e-05 2.67409366540724 
0.9998080343292608 0.5824616301923988 -0.001096419807184513 2.669213537767179 
1.000212999362057 0.5901473060231105 0.0003846411079435267 2.674749756176085 
1.000170859303747 0.5876433027078086 -0.0002089297281750443 2.673228611180974 
0.9999656987150614 0.5882991801825381 -0.0004239863202592891 2.672935007128021 
0.999942652111302 0.5875941749975299 -0.001415605576119345 2.672448752239774 
0.999883222632966 0.5880087132373123 -0.001450860834605188 2.672492063134832 
0.9999051134557494 0.5881002761572233 -0.0005568093016172809 2.672619227603146 
0.9998937169558205 0.5889009715758873 -0.001320913100712428 2.673048823594803 
0.9999954720266084 0.5905254152050341 -0.001894743006295045 2.674343736148417 
0.9993092349971771 0.5937426172083966 -7.599978336389452e-05 2.673965411985715 
0.9998997807451219 0.5915567817934156 -0.003467201810103198 2.674638278534414 
1.000040263811587 0.5905267631005043 -0.001859181836834475 2.674490453122548 
1.000141596146416 0.5905342026748645 -0.003718080605890873 2.67483782124338 
1.001061269208224 0.586003971830372 -0.003590198351231898 2.675241059259169 
1.000990485604871 0.585912919628188 -0.003305796411664671 2.674951905948328 
1.000000144557923 0.5906995515140715 -0.003858194142899632 2.674464783561644 
1.001753291298131 0.5855151402189928 -0.005911854236407573 2.677269410082809 
1.00188247379225 0.5862528501092735 -0.001086840365942625 2.678010253929594 
1.000816591042657 0.5795241472568985 -8.040336767710638e-05 2.670976168716817 
1.000789208372569 0.5884348444346102 -0.00053590382844434 2.675629268008551 
1.001796018167843 0.5845861981308471 -0.001560424024323089 2.676866829629535 
1.000774888411713 0.5863132597266846 -0.0008827551882126907 2.674472994482708 
1.001146200962712 0.5852800819547265 -0.003509439362761568 2.675104951046141 
1.00105662307131 0.5853213694211375 -0.003400391540201995 2.674828719095956 
1.000868772933032 0.5863891513497119 -0.001110237413512974 2.674832021056566 
1.00036234974633 0.5862145665483828 -0.002251643876191769 2.673034362646762 
1.001404053685816 0.5876957766855714 -0.009306121642750772 2.677400509256865 
1.002093479391791 0.5852107765113032 -0.006454303666261466 2.678226593577123 
0.9997523242138373 0.5909194415243622 -0.003507558233778914 2.673767860350936 
1.001182135352886 0.5882659956914188 -0.009118391959633303 2.676992000506253 
0.9998591270590147 0.5908990389146886 -0.003096300539107498 2.674116632795575 
0.9988144490504548 0.5944261519307779 -0.003882328457379633 2.67273225889209 
0.9991234794368758 0.5938808552707661 -0.003688913746727565 2.673435232121765 
1.00005152927596 0.5914335584193681 -0.003732444761517341 2.675070395460221 
0.9993401213024763 0.5937610969078772 0.0002710929236966413 2.674078847715982 
1.00354815146134 0.5802708219892739 -0.009126760220910671 2.680279397155935 
1.006474378825827 0.5759816007892312 -0.01061366427637832 2.687602508360851 
1.006310984206188 0.5778032780572633 -0.003647538535505168 2.687988722891196 
1.003751504448126 0.580118774147901 -0.008575412470298905 2.680865882189947 
1.006166084298654 0.5778979902658844 -0.003592720707959817 2.687558067144851 
1.003667572023096 0.581549300317032 -0.003791089425607487 2.681356162997867 
1.003655670813195 0.5831483222376875 -0.003380789796303695 2.682052410061426 
1.006235948600344 0.5782970794634832 -0.003185000627228172 2.687923327245357 
1.004331942251526 0.5755769930500522 -0.0005136660583390628 2.680513316355414 
1.008513989461172 0.5735526143499693 -0.01836784881878563 2.693123595442021 
1.009337812512588 0.5688876659130299 -0.03135806584435931 2.693535219723064 
1.01399055948731 0.5620893726806108 -0.01839506778413218 2.705026249920631 
1.008216427853646 0.5735306509017714 -0.01904534753955237 2.692132286977924 
1.01345972003884 0.5629870774462962 -0.01701238828958617 2.703706017322703 
1.009752354765745 0.5698165049385668 -0.008273650701846692 2.694994404754548 
1.009766753337146 0.5715703177022611 -0.008699893093170308 2.695779503273851 
1.0141417322541 0.5627671561722916 -0.01679833218993983 2.70566896947127 
1.013716582479409 0.5594399847923669 -0.003239785537334303 2.703231252129033 
0.9876231716049643 0.6114461184430223 -0.00973739038924681 2.646099585625794 
0.9834411058758726 0.6180337781051083 -0.005682800843634892 2.636421796645863 
0.982553528963983 0.6187967441374717 -0.01294871929670966 2.634068927829715 
0.9878178820564573 0.6115446863852538 -0.00913043646309809 2.646796140801017 
0.982805878170641 0.6184225031640621 -0.01357449813215459 2.634655338622562 
0.9885968131174881 0.6105884937170774 -0.01588824219886242 2.648863563240577 
0.9886342614934432 0.610111911136903 -0.01585591717709906 2.648659285344229 
0.9823431416035966 0.6189644481412226 -0.01344522757547392 2.633444440284827 
0.9832396538905491 0.6161707443019819 -0.02301113042425161 2.63486970487612 
0.9939830148533302 0.6035915447566532 -0.004008057230491819 2.662221259801722 
0.9916222904323905 0.6069359683567637 -0.01006913122128138 2.656513951747812 
0.9953631246580056 0.6005229362118664 -0.01284370695033464 2.665026772843141 
0.9937299691759219 0.6038894799597254 -0.00442845735655736 2.661560713347803 
0.9953351556743443 0.600382184270506 -0.01232016818952766 2.664846032057578 
0.9964647688285249 0.5986491228454077 -0.005886251964606223 2.667474544798084 
0.9964669620173455 0.5989888017149971 -0.005539939556250348 2.667686147642129 
0.9957046432199675 0.6000015913479437 -0.01260802518942362 2.665826758128376 
0.999055212557458 0.5938083677076684 -0.01259872914540571 2.6732299877189 
1.001476000128738 0.5872406934467652 -0.008947229362303036 2.677378655078982 
0.998923332706227 0.5934059394449754 -0.01225288954470915 2.672524455846847 
1.002357573324636 0.5848418668920615 -0.01438413571726388 2.678990528042692 
1.001191973672303 0.5869001694987729 -0.009703231612605391 2.676242113158577 
1.002647051656846 0.5844064752388942 -0.01455450431536856 2.679683329371873 
1.004087723735662 0.5815949174253329 -0.008433912234525906 2.682793084512124 
1.004014972775502 0.5812841724466643 -0.007886283336666768 2.682381971088978 
1.002879988594375 0.5845207213770016 -0.01499244639434613 2.680512451777848 
1.00636560327006 0.5748902968930817 -0.01129032990123491 2.686617257978326 
1.001005449588897 0.5869355653340302 -0.02204929603823674 2.67578913203459 
1.008079217682286 0.5716162139057841 -0.03170077285987777 2.690878942206079 
1.008052772573524 0.5718813043205558 -0.01926131161874712 2.690655664070994 
1.001935372034633 0.5859788523283198 -0.02144437892927081 2.678320998312689 
1.007704473385421 0.5723459747466548 -0.01960312463861862 2.689764241541106 
1.002742181804638 0.585386804465619 -0.01427457671665378 2.680542078036798 
1.002393610331308 0.5850372545608716 -0.01560214342760998 2.679197755884452 
1.007617013020925 0.5727915242428023 -0.0187139731594628 2.689707581910736 
1.006481261552663 0.5747262915169462 -0.01116760584792213 2.686908603479624 
0.9950619958302681 0.593592589242286 -0.04724771003288392 2.660817773243823 
0.9994676192238934 0.5813962358438118 -0.06600316327571779 2.669374043806406 
1.006742133798333 0.5713264570733564 -0.04794948677746911 2.686873007422401 
0.9958258490684645 0.592579593845153 -0.04677614182608989 2.662692398528137 
1.006026397704683 0.5716450315054369 -0.04741531593602565 2.684684408012026 
1.001743994172998 0.5853199237346551 -0.03530018212368595 2.677682401359236 
1.001037443345118 0.5849987782857415 -0.03763657638219156 2.675200916384002 
1.006110332054018 0.5718334271820387 -0.04675788988390354 2.685032496231405 
1.008723109576515 0.5691904077893941 -0.03152532500857563 2.691706686607534 
0.9913157318652217 0.6055878321530813 -0.01944069654262898 2.654765092432489 
0.9943028649871188 0.5991699758005181 -0.03122602288941088 2.661114436691165 
0.997939715609242 0.5933853416213284 -0.02009201708626962 2.669406077328034 
0.9919258291128767 0.6044087007266566 -0.01924337489994975 2.656053738582499 
0.9978703420269461 0.5942124646506318 -0.02035411024879619 2.669664079685104 
0.9957026129119078 0.6002312428927351 -0.01206109194645773 2.665935996218521 
0.9952984782448907 0.6006134085644805 -0.0127615415006824 2.664824104077775 
0.9977012091360704 0.5941619383088668 -0.01941661616393143 2.669059206871933 
0.9990523980532036 0.5926645471984265 -0.01212259641584145 2.672537500492252 
0.969011181971678 0.6337763733188119 -0.05988028611772928 2.601331287360177 
0.9526476584857451 0.6523897061251358 -0.06946926946094668 2.561424277469035 
0.96367948449244 0.6333268928871217 -0.08666364792893472 2.585685413974891 
0.9677306106647963 0.6345442532402923 -0.0611622360286482 2.597712137439984 
0.9644969573429388 0.6329414836219575 -0.08652603656695283 2.588017345868983 
0.977267115694904 0.6174206462171714 -0.07123128028116842 2.618420110591889 
0.9777255669883653 0.6183001315486011 -0.06958185315346847 2.620311450703852 
0.964789318331232 0.6327800346539466 -0.08703215273398809 2.588743154148292 
0.9775660017298983 0.6121586709671996 -0.09603828897472827 2.618152557861636 
0.9878696140454029 0.6024291843286105 -0.06430224356558589 2.64341550861966 
0.9781113167545959 0.620122831338854 -0.05253480306962323 2.621635143377578 
0.9772448447790718 0.6177098878001921 -0.07103980793053354 2.618496277534677 
0.9884859059280202 0.6032814077418842 -0.06280498669760121 2.645845526126975 
0.9772127110994518 0.6179630845964558 -0.07155388918705621 2.618354635955751 
0.9907934738120491 0.5923164071325095 -0.08183170761533935 2.648253925854662 
0.9915036155662198 0.5924449230967376 -0.08288001814996251 2.650687322918966 
0.9766107131195505 0.6186822103094064 -0.07158232810224673 2.61694182829784 
0.9778992558288617 0.6119634508536028 -0.09660605666187731 2.619098173374154 
0.97650197166153 0.6268630075342451 -0.02342451724113553 2.619607108974615 
0.966361441946251 0.6395267481556628 -0.01808170885636949 2.594702841065568 
0.9693760274520232 0.6328533821556729 -0.03570693208710123 2.60068750193204 
0.9759219620121191 0.6271965118179297 -0.02375351700296846 2.617922734097422 
0.9705117441045935 0.6322743872300919 -0.03678783115863607 2.604005030094474 
0.9808824560677754 0.6187962429166711 -0.03542825569879632 2.629152407666798 
0.9813332177212568 0.6196537279932838 -0.03381289801195102 2.63109771883941 
0.9702859157146788 0.6338791002319124 -0.03652615088824955 2.604180842351443 
0.9775966817993018 0.6197641543500798 -0.0514732621285774 2.619728992426991 
0.988591625468295 0.6105985343369592 -0.0147236236385594 2.648788422500882 
0.9837601070113581 0.6158284574665857 -0.02341813437990129 2.63636023860992 
0.9884109127070777 0.6084868298128338 -0.02957624382452357 2.647288938157778 
0.9880757095775589 0.6110393187570191 -0.01522079908079764 2.647359976089513 
0.9885817444464986 0.6082636662812383 -0.02908290440397146 2.647704042813471 
0.9915364905762232 0.6047310964809552 -0.01905550780009416 2.655000732698349 
0.9916409992800607 0.6051512741128965 -0.01816815719498273 2.65557835450112 
0.9890576643621981 0.6078141401313474 -0.02964735538416277 2.648989299559177 
0.9943548432362983 0.5993371775898049 -0.03249130164165545 2.661422307286289 
0.9790970739704522 0.6242261300740143 -0.001843253721588048 2.62610107672764 
0.9738694101863488 0.6313219665460674 0.01019300793716329 2.613673646561729 
0.9687468857257776 0.6367772848997578 -0.000271825826301901 2.600554858959112 
0.9795631124486847 0.6239586757368976 -0.0009778156703335833 2.627440564287369 
0.9692095349975545 0.6365718142629123 -0.001778239926425347 2.601919470044351 
0.9777913317134104 0.6261663828276005 -0.01073343662612451 2.623175073968601 
0.9781203141576982 0.6256712676570713 -0.01042773805429963 2.623900934088835 
0.968287391828012 0.6375880979783399 -0.00144834404936921 2.599536091479596 
0.9665164667231988 0.638166143387869 -0.01675076931763197 2.594360138132895 
0.9886478454861855 0.6083180283658349 -0.03045498129654942 2.647979062602019 
0.9832805766513607 0.6176198218669617 -0.0243164721018164 2.635953395989976 
0.9809637077543573 0.618186576981736 -0.03480621894912687 2.628994394410524 
0.9890074959252374 0.6089905325561711 -0.02933768577474737 2.649540294798131 
0.980941257617167 0.6186441135309471 -0.03493314864158376 2.629147431399081 
0.9883941955294371 0.6057420750566768 -0.04164487160710128 2.645948910888777 
0.9888379656573625 0.6053799403170308 -0.04239874539028961 2.64720509028152 
0.9804280349055414 0.6202252698238546 -0.03514353013867348 2.628502113651064 
0.9785631811198844 0.6192498123837549 -0.05176440306423103 2.622540465630125 
0.9879976503428639 0.6120877431704126 -0.009470434466876043 2.647739288818265 
0.9914272392246426 0.6074619351014879 -0.01015721109221004 2.656206907293355 
0.9906289414062851 0.6083905453859728 -0.00307351193603301 2.65407195089998 
0.9877309920374495 0.6123262505975351 -0.009049367024178051 2.647010956288717 
0.9905877554318543 0.6083339737275638 -0.003479256300821405 2.653904752422431 
0.9883487164474816 0.6120591578065617 -0.002074235730008736 2.648821614954356 
0.9887971490000657 0.610682151699192 -0.002500246721702936 2.649452004052237 
0.990624053467878 0.608467191841188 -0.003321715477126976 2.654115779663341 
0.9902699935103547 0.6092889629551612 0.0001944631237520738 2.653450145400351 
0.9579568189522392 0.6519693902949227 -0.01889909340191276 2.576025610191183 
0.9431848890242038 0.6689935082750114 -0.02050562829497259 2.540709686878592 
0.944569948652256 0.6647534097517035 -0.04414874661227454 2.542977241015625 
0.9569569623166186 0.652638950094739 -0.01919093705472317 2.573268551960098 
0.9453915692952103 0.6643981505681296 -0.04442964588234713 2.545343489297709 
0.9587855639245145 0.6480338855594387 -0.03774226762751817 2.57667830525101 
0.9597440052392623 0.6489626120989508 -0.03465596212535793 2.580150035392049 
0.9454687571135877 0.6643038202882641 -0.04527197914563594 2.545499622153049 
0.951958680091232 0.6526258948902368 -0.06858305050167847 2.559603434272347 
0.9779464510110878 0.6258494767300889 -0.009511887881654498 2.623432815729059 
0.9674579992532628 0.6375416515436692 -0.01810950004050266 2.597007866287496 
0.9762430064236215 0.6271937430389428 -0.0241207365110653 2.619037077149391 
0.977088401814564 0.6261907092668203 -0.009567600292541383 2.620832487611623 
0.9759260160571571 0.6265895228901781 -0.02274818617489256 2.617571718737759 
0.9827930207645021 0.6182668097157334 -0.01319238553641751 2.634495072417422 
0.9826543346399501 0.6183678167604489 -0.01282270723621261 2.634096823618057 
0.9765463188528862 0.6261994467648543 -0.02344950273567481 2.619345196328309 
0.9834998832676346 0.6169234080038931 -0.02435306086362539 2.636249700899168 
0.967399692498956 0.6410142686009247 0.01357014986686191 2.598972511082726 
0.956205261047993 0.6532284293914922 0.01538738316650352 2.571315919737292 
0.9589923230006701 0.6506331674158892 -0.004549487071497994 2.5783943255384 
0.9666121196168659 0.6417914940851246 0.01333133083363491 2.596942404111412 
0.9592543231501021 0.64987577528239 -0.004036397499608217 2.578686617449763 
0.9685754114034253 0.6369032303871734 -0.001647102012662251 2.600038077789026 
0.9690114913154336 0.6366552766673046 -0.0006227311317471429 2.601258639240791 
0.9600554772608809 0.6495055687817919 -0.005299355292468579 2.581000244459509 
0.9662888815525 0.6407267694924265 -0.01887096952642115 2.595420656131493 
0.9165371984488992 0.699071368079041 0.01733344268771315 2.479550223270706 
0.9315671635910661 0.6823935656642083 0.02868771688743988 2.514093087492228 
0.9213069277129045 0.6953606924755933 0.04659857036796337 2.492382555539283 
0.9164992064435613 0.6981804642970459 0.0156694995387353 2.478455460078086 
0.9215544289775658 0.6936146678556061 0.04709993952041644 2.491527057648645 
0.9020187459226153 0.7139265801158755 0.03628855433379893 2.447261573546194 
0.8999844244138063 0.7137384129121264 0.03852150077291473 2.440964356448149 
0.9219104796376076 0.6927161031233932 0.04770025788206568 2.492116170310134 
0.911364436818622 0.7032457962876145 0.07431692754440533 2.469626867158943 
0.9344031102472943 0.6777903638858943 -0.001396239487033182 2.519226714639628 
0.9309169013525318 0.6832204107801046 0.02761811851079516 2.512607704486631 
0.9177901760292704 0.6987962155284098 0.01584169820628884 2.483119779911887 
0.9357727075216606 0.6777613861557705 0.0004387433084534406 2.523484017705477 
0.9172906545290406 0.6989517462234665 0.01538256507648904 2.481573478049226 
0.9254131435717755 0.6891856052840027 -0.0155109464327291 2.499768041786075 
0.9254342778230329 0.6876283833701866 -0.01752835471014557 2.498307007469281 
0.9168884436674362 0.6998091690469275 0.01624866599973843 2.480761828729052 
0.901706261965584 0.7148308780217616 -0.00249556888676227 2.446001497554514 
0.9696758135585407 0.6339487379537201 -0.03755065020744774 2.602459728859416 
0.9663675904046964 0.6406679719449409 -0.01790845906942273 2.595545964551337 
0.9595378632210977 0.6474585593128747 -0.03671133565959817 2.578602298641444 
0.9706430070457406 0.6350877215377402 -0.03491672651901521 2.606164567259695 
0.9592208021825896 0.6487441073097527 -0.03651712403918037 2.578259172216395 
0.9670753980323782 0.6326015396320521 -0.06106111555995834 2.594327935549801 
0.9675232086350248 0.6325559221639724 -0.06271590938434528 2.595864160298017 
0.9585647161366819 0.6499553179584733 -0.03608083114132805 2.576997066261014 
0.9526312665432641 0.6523868372954087 -0.06900325748992674 2.561576504540675 
0.9463659563326197 0.6679215737078152 0.02137710895317449 2.549904136102164 
0.9316436988933618 0.6820716768227836 0.02732630346258335 2.514222563463444 
0.9343930511096632 0.6805249762568722 0.0005230112777803111 2.521279538088036 
0.9453569254756262 0.6684036053871193 0.02138176947251354 2.54710401616958 
0.9347725694543376 0.6801925057045592 0.0007215445501569321 2.522092641345494 
0.9476599894208853 0.6632372244551873 6.303363136349078e-05 2.550735225748334 
0.9482995445823533 0.6630318595186728 0.001464114549452873 2.552577804674039 
0.9354266475034158 0.6798709516855911 -0.0005010508459312208 2.523879632596464 
0.9426757780298595 0.6705718727307741 -0.02108835658771242 2.540415477755864 
1.00686601670205 0.5732164442920052 -0.04594494909123392 2.688199423931571 
0.9998083143449085 0.5807620964904282 -0.06622564801190038 2.670042230476733 
1.011293282812226 0.5592129913590459 -0.06916420923284665 2.696568466016084 
1.005931709717484 0.5727830318986209 -0.0478193389361267 2.684907508628652 
1.01192207211741 0.5588227163289871 -0.06900395176674926 2.698391525614003 
1.01543397982329 0.5563719071037687 -0.04385608105018593 2.707571968542573 
1.015222816298829 0.5602517747352292 -0.04179186760714478 2.708501957612482 
1.012459419569867 0.558098827196112 -0.06986439771904891 2.699585920425738 
1.02580508643044 0.5268670464887681 -0.06140674820942967 2.728519201312641 
0.9979690597145445 0.5955795580558411 -0.01817756834649643 2.670749454363649 
0.9949859142949702 0.59815943764888 -0.03176279145385318 2.662739591631103 
1.001036026861513 0.5852925198090333 -0.03579077318840715 2.675349673837155 
0.9972081439791327 0.5957625848024358 -0.01953851749076912 2.668353117200495 
1.001273270860137 0.5853578771593858 -0.034816188642499 2.676149331676821 
1.001235346605998 0.5862090317578222 -0.02071050882389048 2.676169571772312 
1.001520713651631 0.5875946725345352 -0.01966112502813478 2.677838215639597 
1.002011086507576 0.583805105197523 -0.03585315086767013 2.677703596498806 
1.008327381098997 0.57087498178721 -0.03305037219435716 2.691327422682885 
0.9928947237990592 0.5829707935496378 -0.1154948951917359 2.652666907273765 
1.011927753022118 0.5443008170079543 -0.1192274095823947 2.695759082850024 
1.004366269414005 0.573304166143637 -0.08800032189792634 2.682489530959626 
0.9930126016309204 0.5864756959464699 -0.1142274665701795 2.655184785940956 
1.00428130419813 0.5708890903923961 -0.09043814623823759 2.681321048943377 
0.9908073776299139 0.5933758955266372 -0.08209843052566453 2.648817298229679 
0.9913910775358471 0.5927140908899164 -0.08185922087920923 2.650267505031932 
1.003371938547772 0.5707974077434743 -0.0886905957302004 2.678102922009054 
1.000032195663344 0.5818177912725108 -0.06498037796033304 2.671381984090557 
0.9892298324369501 0.6067963525675321 -0.04054059249412078 2.649262121354022 
0.9786178136655852 0.6192290486603236 -0.05211844806610097 2.622629393981418 
0.9874767542816856 0.6019834128612339 -0.06258136873869127 2.641758809925156 
0.9882971728266601 0.6071471631883569 -0.04187571813908333 2.646429649813518 
0.9881158013314403 0.6016521588766438 -0.0624685666590069 2.643629482779829 
0.9958512028291748 0.5922466258247223 -0.04653074629407254 2.662687301697557 
0.9961711521851319 0.593715827757644 -0.04468834241627597 2.66450058596555 
0.9884370761255342 0.6011907735485912 -0.06332831316976027 2.644349590907541 
0.9992678056659694 0.5813944584296677 -0.06627055269221185 2.668758066313306 
0.9520433794594916 0.6493882822262825 -0.1139954730762095 2.561175596567813 
0.965657270298518 0.6131763789344991 -0.162439039559017 2.589310047720653 
0.9725460519428251 0.6135088418500442 -0.1239696693391746 2.605881428196643 
0.9543258509211324 0.6457100151218991 -0.1130308160755638 2.566398209825756 
0.9727232016386677 0.6180527730007896 -0.1261600917696741 2.609366768781679 
0.963919971672183 0.6345502163558071 -0.0857049368053282 2.587207857535823 
0.9633838563388106 0.6355497069081845 -0.0874077787108562 2.586123902072458 
0.9721655959317285 0.6176403065348368 -0.1239300526830566 2.60710290027096 
0.9772714025709051 0.6116879808092787 -0.09627444418515249 2.617025019007836 
0.9139432002815662 0.6927762478606322 -0.1014229669597992 2.471570241232786 
0.9190998256194154 0.6757712259070643 -0.1482851740612102 2.481889523291472 
0.9399370878336533 0.6670891862697065 -0.09981298938597682 2.534006006051254 
0.9160392347978407 0.6910156488830992 -0.1011739700039159 2.477019508334724 
0.9393709127101606 0.6661643645892816 -0.1028846251010221 2.532403637401794 
0.9384064273756796 0.6716647524281878 -0.06737516517284196 2.52967639608124 
0.9374102810870297 0.6716948236943062 -0.06768183925751484 2.526482576443018 
0.9384788599567124 0.6655765842683066 -0.09952504249102898 2.528695484413686 
0.9526362299145619 0.6525557014592899 -0.06858705887121831 2.561504274922511 
0.9842097614683886 0.6173459695293125 0.00138446938549699 2.638514521298211 
0.9836834150571409 0.616860520234449 -0.004945134240089905 2.63649941637357 
0.9889574894330457 0.6115336706167228 -0.002826234799601854 2.650508521571562 
0.9846497173289114 0.6167846074299348 0.001165443460810588 2.639618107531549 
0.9887020802789348 0.6115658633387875 -0.003121568524967904 2.649687468255877 
0.9891711554192756 0.6108149849894657 0.0002236482486044188 2.6507545129616 
0.9885827410262324 0.6116597387126259 -2.428111340507713e-05 2.649350406874156 
0.9885426582956248 0.6109064100874374 -0.002174480249944348 2.648752721796067 
0.9901696881997891 0.6092513196158422 -0.0002535551338639467 2.653097764080834 
0.9912270001102315 0.608271465807376 0.01103612789815847 2.656040902195863 
0.9872460040404586 0.6130257535497925 0.007063192341854455 2.645831462514695 
0.9909141408728167 0.608739624543676 0.003759524594487531 2.655231660704992 
0.9915419195851753 0.6078182500418862 0.01059430369392769 2.656807085824467 
0.9908266249810275 0.6088080986129678 0.003796608287782708 2.654987483247833 
0.9941828583400178 0.6040930455257806 0.005322829002931122 2.663188121217233 
0.9939249338540189 0.6042869964814237 0.005442272166944023 2.6624688149277 
0.9908854513752265 0.6082512912725794 0.004049885038021318 2.654850570274589 
0.9927149933818495 0.6060762816689332 9.962463053869189e-05 2.659546737809785 
0.9938747368651999 0.6047612329549699 0.01866509161386925 2.662668577937583 
0.9885613558788994 0.6123728709833284 0.02617727249690279 2.65008242679435 
0.9866964620351092 0.6156171867123584 0.01501166383545651 2.645688806294885 
0.9933091096534368 0.6057352913607668 0.01875001106815172 2.661459303131888 
0.9868488461456189 0.6141228466047657 0.01514379539179599 2.645287409322293 
0.9913918384942157 0.6080443143807122 0.01080840372039588 2.656433269514093 
0.9916243446341373 0.6076628177786806 0.01114688782714593 2.656948644116069 
0.9870539156813892 0.6147026216298714 0.01398330716992097 2.646315280264482 
0.9871179487151357 0.613652190959817 0.006667428409984942 2.645785714416271 
1.0001168015786 0.5937524222170084 0.004059961207567919 2.676658462845858 
1.001718178937764 0.5913696401885572 0.009260439129296673 2.68061498970577 
0.9997601525801616 0.5949870216491319 0.01136401534476412 2.676273752036383 
1.000355399537002 0.5933615460847084 0.004270011261238578 2.677216686086851 
0.9996037293023536 0.5953212705856209 0.01117017615311083 2.675950411100801 
0.9985499587806868 0.5972028126529585 0.00474132652125715 2.673515104534031 
0.9984131923949173 0.5972552014468068 0.004246570156535476 2.673083540217055 
0.9994237370883405 0.5954800313112213 0.01165958450662472 2.675446621587439 
0.9961685403113649 0.6007045048413331 0.0119618416398098 2.667788771414183 
0.9474960845865675 0.6649586677855157 0.0002042318188518786 2.551306056062942 
0.9427466322502139 0.6692404543862513 -0.02023531330914183 2.539574668238341 
0.9568886711242458 0.6513225836375093 -0.02157035325312411 2.572278544981552 
0.9480581317674409 0.664113256535222 -0.0002325822228173805 2.552614806387571 
0.9567728706854256 0.6526543296086894 -0.02078383701569059 2.572869850527047 
0.9601400845293365 0.6481243907778921 -0.00434779971354125 2.580311783837134 
0.9593127853026183 0.6499408698004996 -0.005297055561415817 2.578852952058991 
0.9568017460620221 0.6512859490536563 -0.01984250086186 2.571968899582144 
0.966451451872325 0.639892592235256 -0.01926742509053107 2.595372159081683 
0.9318402253860427 0.6795473414462049 -0.03628486625389837 2.512843513097802 
0.9200852096233004 0.6932733738657032 -0.06165563942977258 2.488148666008737 
0.9373902621487801 0.6709000861058089 -0.06945453969328726 2.526272811075015 
0.931980255309279 0.6805884091997918 -0.03723688068334412 2.514162333133059 
0.9368490798425229 0.669321353345364 -0.06762577749937347 2.523200471955908 
0.945161979242395 0.665856159509908 -0.04517460379407327 2.545858892666934 
0.9447865717680763 0.6662596191081638 -0.04626759574991081 2.54493076315419 
0.9379141672608873 0.6690770837218245 -0.0689037407799709 2.526434062291889 
0.9517538585864638 0.652560378881758 -0.07077744918284122 2.559106666662936 
0.9270567499218141 0.6878264080480864 -0.01551376014349551 2.503469188470401 
0.9012589601076569 0.7151672642933494 -0.002480718016021337 2.444729940549683 
0.9066495226087411 0.7074307713160641 -0.03334398612495109 2.456089211082424 
0.9255743100984718 0.6886846567787307 -0.01579180251904759 2.499473674195782 
0.9084403909484567 0.7072230404777105 -0.03466401296664125 2.461359058391499 
0.9324053384650366 0.6783565642771636 -0.0379803642059225 2.513853663019462 
0.9334378925128444 0.6787593521737512 -0.03610903412093905 2.517343849506527 
0.9078708482155462 0.7072812754065901 -0.03529467707868404 2.459501168885752 
0.9189726680691398 0.6934113656618791 -0.06005145879559755 2.484776692427733 
0.9060869376960974 0.7068776279733293 -0.03560829892107786 2.453724323121249 
0.9006862989142564 0.7165025884624178 -0.001225159882227561 2.443979608317217 
0.8819648727264772 0.7283295200150831 -0.03632135951594261 2.398341425710395 
0.90795140667833 0.7068719698803796 -0.03332064642684491 2.459268644665402 
0.8823797179699702 0.7279121046311293 -0.03756201267314093 2.3990409941988 
0.8974126560434459 0.7122852396925019 -0.07281921509404149 2.434233066169822 
0.8977691793555632 0.7107473706748909 -0.0740606099702639 2.433677375142841 
0.8809158983311722 0.7313767881588339 -0.03669271436943271 2.396982915659193 
0.8668119970592406 0.7334727828760359 -0.08643325747660031 2.361164326827013 
0.936436869912925 0.6774008712474153 0.05593564926035372 2.526982857255036 
0.9303136302311491 0.682692062595876 0.02848560011008477 2.510568914124739 
0.9453750908807097 0.6682560611752739 0.01960851933376879 2.547039284871662 
0.937000644369825 0.6763639408293906 0.0551080222034926 2.528079758880139 
0.9449509600961937 0.6687244118765587 0.01985166837144711 2.546042832264891 
0.9508606458760105 0.663194963189613 0.0421449767143306 2.56165407388192 
0.9494514231582158 0.6633607634840777 0.04154290601719976 2.55742976951498 
0.9445835005188495 0.6667615891029851 0.02116004715519616 2.543799290366188 
0.9555473757678788 0.6552918301027452 0.01566505898554398 2.570544889528509 
0.980597638570369 0.623189836200813 0.02239524715146311 2.63061778205879 
0.9887471247301495 0.6115157395658352 0.02738176192725551 2.650102425821099 
0.9830735481542581 0.6197783991804948 0.03461003294039441 2.636943340203888 
0.9804415835163709 0.622652513164572 0.02147064276034914 2.629737543260471 
0.9826766543715211 0.6209184849656829 0.03584639212809789 2.636314750858447 
0.9720224144847353 0.633946492360815 0.02615824795865624 2.609664793930644 
0.9717537359594502 0.6362680640876613 0.02587753750352413 2.610281368907269 
0.9835807846409467 0.6193792005891242 0.03586043974582061 2.638169408402918 
0.9740497439323867 0.6322300353616457 0.04554219667873435 2.615915339879655 
0.9842254954402747 0.6100965688426159 0.1228833021270664 2.641206921982775 
0.9801180472399911 0.6071979762153247 0.1621944192284873 2.631892311022126 
0.9599798127399712 0.645124322960795 0.1254264003364532 2.585694253949227 
0.9829674875062099 0.6136044876722889 0.123432133354897 2.639358801169582 
0.9605338686648237 0.6438761239926605 0.1234649131758269 2.586671692824309 
0.9686990453175159 0.635316563554832 0.09109016050724328 2.60358290443086 
0.9705935545506232 0.6336073538012947 0.09296916371397286 2.608466996295299 
0.959521739440544 0.6450213255656975 0.1222812138083497 2.584000891017646 
0.9505750922349435 0.6609746122388716 0.08320413396099488 2.561957322150773 
0.9626562348370147 0.6467866101681448 0.03431009840213112 2.588113846544322 
0.9553820709991212 0.6536162253195622 0.01675121450154087 2.568974091969741 
0.9667657803274629 0.6413507425917677 0.01202209637813428 2.597182613104196 
0.9631648665004159 0.6455914370027779 0.03334744955043519 2.588997138478677 
0.9665120715696731 0.6418476335634 0.0123882972228431 2.596703445935894 
0.9727221592139996 0.6345016271403373 0.02520548504886914 2.612194378990079 
0.971731168988111 0.6355022365286565 0.0249784350719225 2.609693452499456 
0.9665495351763359 0.640147713413365 0.01313559144948552 2.595754589466347 
0.9741825349620236 0.630873151198132 0.01029405238346142 2.614417213117648 
0.9855388202667364 0.616728203879114 0.05379551835889847 2.643897074326539 
0.9739517163520283 0.631553592601505 0.04715690150644847 2.615210418276941 
0.9828353444829375 0.6204817948429696 0.03435819429742818 2.636500467393898 
0.9860132010819879 0.6158449098859702 0.05253447148132748 2.644912018403323 
0.9829699550244513 0.6208303519528289 0.03549542514394848 2.637234275336684 
0.991531080455356 0.608293074130914 0.03844443449678374 2.657622062324236 
0.990637054034591 0.6096744763389527 0.03867130505900209 2.655623951845135 
0.9830437873040214 0.619424746561872 0.03542052933566642 2.636644364183371 
0.9882483227472942 0.6121747470392587 0.02660533000250584 2.64890360838764 
0.9503125652015211 0.6622835413823089 0.04096404388209197 2.559461607211373 
0.9552053221687331 0.6557199673670175 0.01591194309347658 2.569761730373052 
0.9639167007364451 0.6449718584509035 0.0346534261676616 2.590826982379877 
0.9493935720531795 0.6619282247542955 0.04315537936535713 2.5563424965748 
0.9629661646673116 0.6458186882514214 0.03371280074130768 2.588414854551699 
0.9641364550571583 0.6454795759263763 0.06104011040407548 2.593203547707446 
0.9646527867073674 0.6439049192442133 0.05935074592773491 2.593897282286005 
0.9629875520406395 0.6466083650682117 0.03491283861983791 2.589075538158151 
0.9745602021751932 0.631285463029587 0.04672903337268698 2.616804763257245 
0.8968128358775428 0.712973211059732 0.08547731067182172 2.433346447325197 
0.8749709987140727 0.7298831799739969 0.09704699091014032 2.383295300011771 
0.8798418962345138 0.7307872741915072 0.03950591751272867 2.393861467478502 
0.8954946723146262 0.7173744932476085 0.08541373197743378 2.432908346122333 
0.8800802660463369 0.7291143701061195 0.04051143700913855 2.393580649364064 
0.8995027981053825 0.7140052245512776 0.03665928951162754 2.439519193729757 
0.9015737082224512 0.7134259142647911 0.03682614134616108 2.445210228080995 
0.8839080909538034 0.7287941208358251 0.03764603495493773 2.40453391968869 
0.8998080800494663 0.7152408869658733 -0.002533558002611456 2.440560071863917 
0.9334571887413927 0.6784824030941907 0.08139267018484894 2.519666795071902 
0.9127897715892626 0.7019271671947502 0.07312793992090884 2.473108264361505 
0.9201746668094187 0.692916802551253 0.04629550648409684 2.486959090619648 
0.9330405520565658 0.6811065611066709 0.08156192385559448 2.520762827587273 
0.9204125173738215 0.6938775452756283 0.04769979281845903 2.488656385783016 
0.9376509647091512 0.6756047789198484 0.05844630986976115 2.529554007707967 
0.9374005313517407 0.6772733844957297 0.05736042092867751 2.529780939213389 
0.921880451826009 0.6946090155310674 0.04567708369513823 2.493666818533672 
0.9300186509173181 0.6825875448011159 0.02726451709698859 2.509417441871287 
0.9419761677001744 0.6669486591180629 0.1119013597898282 2.541567319878477 
0.9297832476564769 0.6723392000141684 0.1537352535854381 2.513316779910675 
0.9155782831955384 0.6925502381095912 0.116292841133936 2.478890436894546 
0.9412931279474051 0.6675802818720783 0.1116641686973562 2.539814652754577 
0.9170957748036928 0.693588965183987 0.1136517008662196 2.483923883572363 
0.9329361760889766 0.6775739672322669 0.07950353765959613 2.517715608024937 
0.9347185639619102 0.676860172400694 0.0810143317622882 2.522656653666221 
0.9157283092555371 0.6941673323184611 0.113591725147923 2.480070150970499 
0.9115476640262667 0.7015444647939783 0.07539296712663109 2.469136096063779 
0.9976571815501996 0.5990501003720906 0.01825148976991889 2.671791510965237 
1.001356310822752 0.5925763156686844 0.02682326501736473 2.680420366919574 
0.9959367465588044 0.6008752447689252 0.02949812834060305 2.667492384458859 
0.9982075742268365 0.5983320119544695 0.01867530436784179 2.673177710613392 
0.9957315161319482 0.6016363721216796 0.02879073684235207 2.6672486890058 
0.9935475233061251 0.6057222233873452 0.01851342787379519 2.662233259208891 
0.9934337390497989 0.605623803359708 0.01774926882627719 2.661769178691862 
0.9953646072517599 0.6021098976775849 0.02972157939825515 2.666322984299829 
0.9885285277818603 0.611584508402927 0.02745154844611572 2.649509845215118 
0.9992028010383366 0.5927600572421403 0.08612535731152761 2.676604560261268 
0.9861852029856637 0.6120196337473522 0.09391276027525694 2.646127430987831 
0.9927876983670368 0.6043393726802276 0.06725964929477146 2.660899391341266 
0.9995280427465127 0.592279740432144 0.08520317907115967 2.677446123615732 
0.993292875323549 0.6044990360113303 0.06934363076375448 2.662859794836466 
1.002078236854526 0.5895541939201363 0.06203600056908681 2.682482719178688 
1.001354151757097 0.5924230310972325 0.06265283258351102 2.681869302227715 
0.9932615542698513 0.6045125891397332 0.06887791646665339 2.662759304408528 
0.9965411774183995 0.5988630693359525 0.05105907293601775 2.669144794017861 
1.00117906573325 0.5893147612912515 0.0001588402344502925 2.677569164668022 
1.001257744680412 0.5893645211640229 -3.325029961500417e-05 2.677860304019363 
1.001391619183877 0.5891242590097527 2.545396373564758e-05 2.678164538814626 
1.0011939813239 0.5893441186700119 0.0002314893262467031 2.677636081830109 
1.001395302803504 0.5891100020637938 2.856986298103218e-05 2.678168403074668 
1.001428138313203 0.5888691669529225 0.0002203389897267758 2.678136080749882 
1.001416356224311 0.588934817250983 0.0001576425921359016 2.678135499311059 
1.001417817993787 0.5890783227231324 2.470231251705993e-05 2.678224747879542 
1.001551727192804 0.5888367056274797 -3.448643789103009e-05 2.678528442665994 
1.001834295721606 0.5882077071006301 0.0007422020292606976 2.679099940245793 
1.001468657007118 0.5890626799497989 0.000781209838110547 2.678385049875761 
1.001428803786122 0.5888306568878692 0.0001250095692464291 2.67811541138463 
1.001846316265838 0.5881916811394755 0.0006932843483220008 2.679130658232221 
1.001409302774004 0.5890215297655382 0.0001197304228805034 2.678162703379925 
1.001599672268793 0.5885861005412906 -0.0001457675831099029 2.678540694589914 
1.001134951033693 0.5894943284736391 4.295994677925578e-05 2.677528013950251 
1.00126123157017 0.5893346837256572 -3.576552244027785e-05 2.677854326120828 
1.001192794515668 0.5892961501812081 0.0001625737801935194 2.677603906389493 
1.001124133183461 0.5894557601951208 -5.76278266458649e-05 2.677469245726872 
1.001213678321722 0.5892682717136508 0.0001492289689564251 2.677656961858012 
1.001206681899345 0.5895230610584843 0.0005881919769697517 2.677783874071471 
1.00122400749766 0.5895011104974976 0.0006527546395762517 2.677828628917247 
1.001193020400716 0.5893894169491289 0.0001408054090644752 2.677659385572974 
1.001397108756072 0.5888873634247892 0.0007249938497876971 2.678043778297073 
1.006329532783135 0.5811129704798422 0.003373292807376113 2.689969512410638 
1.005727607132646 0.5838526437299771 0.005523136270655244 2.689556215268381 
1.003862884638772 0.5851890302433568 0.001086218168242708 2.684084266573376 
1.006348483271721 0.5816455403495269 0.00312484024252453 2.690338450257522 
1.003908827602836 0.5853707290905726 0.0011426261938892 2.684351175249423 
1.004011479036535 0.5852611264429751 -0.0005771304444834763 2.684628027891311 
1.01732050091789 0.5638994728260932 0.01799376285867786 2.717234466334515 
1.021714778680628 0.554211551694917 0.008017552065893128 2.726594272874177 
1.021215594568915 0.5556439643858783 0.03316602223873431 2.726248623119137 
1.012841918254482 0.5687979530164917 0.09487288046752242 2.709155664311898 
1.008559327441451 0.5761622181065874 0.07210367941725614 2.69714289611246 
1.019218190339844 0.5580873824873325 0.07813420258108686 2.723131605428435 
1.012685163438499 0.5673331234186141 0.09612773453741803 2.70790732163064 
1.019198286109731 0.5554397532046025 0.07751842821671459 2.72165661266671 
1.026937758012933 0.5364977545898159 0.1009825277444903 2.739740274126186 
0.9973240578281143 0.5993056880796228 0.0002314351542170782 2.670699550999059 
0.9998248682459274 0.59384239492846 -0.000184364254079977 2.675727119549277 
0.9984120323236025 0.5967820287871489 0.004587610946381272 2.672812839975229 
0.9969182957116011 0.5993710630127221 -0.0002365842701596041 2.669390219448634 
0.9984641718655294 0.596871532403033 0.004784090831425524 2.673025751193288 
0.9942547000930811 0.603803867623899 0.005531238486572884 2.663267337644375 
0.9942030732855737 0.604552615455008 0.005592281105451951 2.663547202263778 
0.9986567609686675 0.596727831150291 0.004696735430778648 2.673557929044744 
0.9960827486468863 0.6010353726663531 0.01163561168889375 2.667703444803903 
1.00133784330276 0.5899773648941938 0.001334017719880405 2.678486366212427 
1.00229966337263 0.5882561866911643 0.004078113382356194 2.680685349305479 
1.00114375382546 0.5913209937199541 0.003536924827717663 2.678639805673204 
1.001450954033001 0.5895818339452248 0.001373060867298748 2.678630551245843 
1.001081219678757 0.5916370277305149 0.003239731373967953 2.678618267666719 
1.00090198949559 0.5909537694228466 -0.0001880239351413443 2.677611809301559 
1.00101212879201 0.5907752674536394 -0.0001364427532973847 2.677869943616062 
1.000804419956386 0.5915522876301657 0.0035714504311526 2.67764778405244 
0.9999889471769774 0.5941278724313724 0.000347471811498242 2.676455199469657 
1.010442078103668 0.575366154068281 -0.0004669961082596094 2.700412311104676 
1.01294215749218 0.5705390939807196 0.01169788262583856 2.706153500746337 
1.009231335226694 0.5773506379666907 0.005578981922334783 2.697511516338833 
1.009517267865356 0.5762457225027544 0.005697439596240595 2.697829882946373 
1.012589638510486 0.5711852272955125 0.01252387189903056 2.705343784514739 
1.00931000585643 0.5793937061289632 0.01679023736405234 2.699072488055477 
1.031075670747939 0.5324025586413124 0.04409535932473936 2.747730876747158 
1.020581773879131 0.5574936294146366 0.05259298062074255 2.725879516695905 
1.020032057612512 0.5590381253043447 0.03326170518096838 2.723978244424639 
1.020500206784422 0.556289914857143 0.03299537169044285 2.72412568412971 
1.020563524060567 0.5568717875802885 0.05111852369823796 2.725435844272018 
1.013220089875606 0.5704454779926386 0.03672620500617157 2.707613876765077 
0.9998659545500524 0.5887994705683067 -0.0003052283944209068 2.672895986414106 
0.9998188940015241 0.5877542171839187 1.89573434712115e-05 2.672123311790535 
0.9998672706989403 0.5892672174611809 -2.038075291004519e-05 2.673175042654213 
0.9998799314228378 0.5887892821450634 -0.0003162690030881431 2.672936502835998 
0.9998482682511051 0.5894770344443809 -8.779087457125447e-05 2.673235473596727 
0.9998530594669232 0.5906013591668653 -0.000596036665382511 2.673914792798308 
0.9998633172102291 0.5905895419238734 -0.0005237832219556006 2.673942186786231 
0.9998433045792575 0.5895857573292655 1.258369120183175e-05 2.673282972582633 
0.9998566830257311 0.5915267949135891 -1.81033037819478e-05 2.674472362990433 
1.000171564566499 0.5900210869300412 0.0003581840567869459 2.674550345884657 
0.9998591808770484 0.582761461944445 -0.0009965442529764812 2.669534125416897 
1.000068632471287 0.5906264220965114 0.0002751985415181302 2.674559843319407 
0.9997220279654524 0.5883773256876719 -0.0008102320265935928 2.67217335713866 
0.9998768002801602 0.588452268049945 -0.001005650281107266 2.672732013585372 
1.000128838416176 0.5886617702621163 -0.001005658044527123 2.673689659321025 
1.000042463825903 0.588630156112747 -0.0008406653241664931 2.673383630902571 
1.000020263405005 0.5886106664702474 -0.001342568020162494 2.673302605892402 
1.000004045359265 0.5881874794758519 -0.0002795120362239718 2.672994553301107 
1.000059847927746 0.5903164209110381 -0.001865343363884103 2.674432330522938 
1.000429459852379 0.5867135544555911 -0.002187411549549424 2.673550309594643 
0.9999817294388382 0.5897526426043964 -0.001115591396772523 2.673839893513774 
0.9999455345578018 0.5905228630511279 -0.001786881332288448 2.674176728568315 
0.9999589673080409 0.5896486360876584 -0.001215706056439819 2.673704447490497 
0.9997156511214922 0.5924122085917712 -6.075816967765212e-05 2.674527627577765 
0.9997738274100444 0.5923471803584067 -6.799596696344392e-05 2.674682311132563 
0.999932303064287 0.5896765149016561 -0.001230170546996762 2.673632615348764 
0.9998423808522408 0.5915815234158774 5.184413618629131e-05 2.67445773023932 
1.000075392148102 0.5798747722172853 0.0001103877369234594 2.668694620402444 
1.000158763562756 0.5895093685037426 -0.0002720442583741564 2.674188220237264 
1.000886678676251 0.5887837485625843 -0.0006014346950761602 2.676167526471056 
1.000821923395122 0.5865458182328926 -0.0007889051165310446 2.674760576494596 
1.000204827867817 0.5880835214803233 -8.353865191185645e-05 2.673590809334354 
1.000398936250464 0.5860308794069395 -0.001960181940686414 2.673059606816646 
1.002052379123979 0.578147017164965 0.0004424632311181571 2.674361998149962 
1.001744244538223 0.5861493111615511 -0.001637756619832034 2.677458245517155 
1.003788451676765 0.5836393464942121 -0.003252248901188187 2.682791631581627 
1.003615005137226 0.5814178565695195 -0.003635770342245692 2.681112405043298 
1.001887718144357 0.5842265425673264 -0.001189000524849577 2.676955692810025 
1.002159902340872 0.5837002629169176 -0.006200290244774942 2.677582972408778 
0.9963974803827614 0.5991598468269508 -0.005828122584388741 2.667551330246354 
0.9988031654598738 0.5935029974126556 -0.01127949925643195 2.672205296304755 
0.999172131843142 0.5939982407504099 -0.003588207491716283 2.673668257132013 
0.9966331318462333 0.5986024682113191 -0.005813711581590239 2.667993341034113 
0.999274487165847 0.5942146900979238 -0.004074505746363587 2.674136490074828 
0.998134578202364 0.5963189143232724 5.53544601703284e-05 2.67160033417819 
0.9981939330153748 0.5963313142618741 5.020681347743158e-05 2.671803370864572 
0.9988237852576225 0.5941416415643358 -0.003636285839203987 2.672595358398771 
0.9996197919300227 0.5935738965933408 0.0003881609661482219 2.674898483357997 
0.9922798885922466 0.6056339757571068 -0.0003491262888524825 2.657841628394284 
0.9900131697913552 0.6095599344602408 0.0001734915113277494 2.652764929604126 
0.9907397789791405 0.6085478636090119 -0.003439180279681248 2.654546556431607 
0.9926127183666354 0.6056841701387908 0.0001533954840699266 2.658970808694537 
0.9906027214649554 0.6085279091598228 -0.003656253483317453 2.654074046132924 
0.9938471241413243 0.6035683030319908 -0.004687831230754894 2.661772059730893 
0.9938577891577092 0.6030658476023987 -0.004824421120749905 2.661492290472383 
0.9903804073707599 0.6088151723328044 -0.003507484592844164 2.653505239959525 
0.991390679965516 0.6072512104152707 -0.009710016694815936 2.655952127412405 
1.009981264870121 0.5719271384795775 -0.007927752313256719 2.696714639853126 
1.007630725334062 0.5695591394564572 -5.643133188223044e-05 2.68841128823229 
1.005941734309751 0.5782311362337967 -0.003424634214761392 2.686801258476099 
1.018846856720176 0.5493310164539339 -0.008553393437527902 2.715119250598544 
1.014015284508825 0.5632835913506931 -0.01772919681671638 2.705523889971571 
1.016151082622627 0.5568000202312891 -0.03011135586589458 2.709373922853838 
1.015022752920028 0.558479454308871 -0.02984420289372098 2.706785832743014 
1.01399352475471 0.5614935006379614 -0.01742224979325835 2.704672967408515 
1.009044143672899 0.5698074277840705 -0.03254190940544983 2.693121018820279 
1.01503160251271 0.5585647778888169 -0.04289445555226092 2.706996937443997 
1.025510721605642 0.5308400780305945 -0.03895165612157221 2.728544051882823 
1.015102537130047 0.5606737211235407 -0.02961278499803291 2.707944886058367 
0.9909712527020198 0.6085930392327378 0.003962320961530448 2.655323422293951 
0.987553522713869 0.6134651246362339 0.005608227762987074 2.647113497339388 
0.988327706264692 0.6116764105565297 2.673871742067612e-05 2.648514037402685 
0.9907243715897259 0.6090211568327187 0.003872028050922055 2.654789164786136 
0.9883392353060257 0.6111190160870396 0.0006592854022075853 2.648218771403684 
0.9899690254088767 0.6099921624073362 0.0001682819793355388 2.652890037522398 
0.9897713891181931 0.6101634579994636 7.685290028919027e-05 2.652343999229223 
0.9890781482786934 0.6112332263149575 -9.581971849797597e-05 2.650723354048397 
0.9895303207152394 0.6094640656283518 -0.0006232659517456491 2.651119317278293 
0.9728459061030538 0.6142766489418802 -0.1258140317808017 2.606904419332266 
0.9935983192977119 0.5722302198955377 -0.1470328448375434 2.653797794449533 
0.993169278473331 0.5833792013347603 -0.1143636101346885 2.654067735258052 
0.8810863777384577 0.7285788499764138 -0.03610623769109374 2.395857315187754 
0.9018193981612357 0.7148282445057735 -0.0001790384730753195 2.446289844176308 
0.8805652027096635 0.7314064437745862 0.002859121277443404 2.395835560050863 
0.8806876703319861 0.7286673527301171 -0.03817545857348661 2.394588890776631 
0.8799787271147612 0.7339320947820966 0.003328581116221294 2.395532406127991 
0.8539619402306102 0.7477657955283847 -0.04031620344010998 2.332614982445774 
1.004005691696531 0.5720673262779489 -0.089683260874307 2.680477529680674 
1.021799674645387 0.5300663781545534 -0.09020512899919653 2.718696648988569 
1.012162702654025 0.5611103207481223 -0.06981527044814956 2.700346349040774 
0.9438335347433713 0.643434447968766 -0.1606363619032588 2.538864177632612 
0.9527228318855472 0.6472145947919826 -0.1116019465549462 2.562192605044217 
0.9370901200303745 0.670864917712006 -0.1007145978070339 2.527396453325344 
0.9400620199025148 0.6645989042505598 -0.100631886020413 2.53299384963725 
0.9528781863458331 0.6474446277064354 -0.1124304650579459 2.563198802891753 
0.951815447872683 0.6531317474285692 -0.06777117535627232 2.559232330153313 
0.9010898316416424 0.7038547915078028 0.1329770533000366 2.44536142308645 
0.8941621612422117 0.7148076682854022 0.08503960649440742 2.427200323421114 
0.9168253940072324 0.6902767631157293 0.1149483256983346 2.480471733681593 
0.9157883318155847 0.6956983427918723 0.1153271359401246 2.481263086205219 
0.894557823130554 0.7149919326251939 0.08552023984866225 2.428646772443177 
0.9102438950062235 0.7009711524454783 0.07331031306776548 2.464499748950809 
0.8975125714913647 0.7137721467253287 -0.07269278263478861 2.434852711567427 
0.891718092893131 0.7078099859247865 -0.1249984928982782 2.419247502024521 
0.91427371929712 0.6913105475092566 -0.1026445171217066 2.472027391574591 
0.8573967184957977 0.7463494598593008 0.05472979859588748 2.341941267399476 
0.8793098192593732 0.7328201762420927 0.0005668713074141296 2.392896053304182 
0.8844121527058392 0.7278668927793649 0.04004187496394732 2.405009776851209 
0.8832773435899756 0.7305464176994275 0.03872844221823912 2.403865613052349 
0.8785803609222443 0.7319452988274389 0.00290910356692068 2.390556957562536 
0.9001951707484308 0.7144612294497261 -0.003013518543463125 2.441164353035906 
0.983598870366679 0.6123468951052932 0.1216111264296466 2.640910293389687 
0.9851717506775346 0.612486944592172 0.09260348459533763 2.642895219754875 
0.998763677618233 0.5900988148109506 0.1157516313248282 2.676404491458054 
0.9832298245806542 0.6130469099917517 0.1235539961148543 2.640127875889768 
0.9994873953080698 0.5868555526105123 0.1150606916073775 2.676868879542261 
1.002249968940331 0.5744882056994176 0.1484820233397286 2.683266874281987 
0.956994079607577 0.6385217336262986 0.1630948823125799 2.577381622965308 
0.9398625688484269 0.6700845563190417 0.1125375696689145 2.537316373815732 
0.960777418654322 0.6426545237876402 0.1242299197735458 2.586401796606075 
0.9591022881960641 0.6463261921587876 0.123703682207902 2.583486184095102 
0.9409692167574567 0.6670604985411789 0.1105545095728254 2.538852253587054 
0.9499336853387209 0.6602397317947788 0.08123784681905287 2.559248030049127 
1.002324818965312 0.5872246783517748 0.0001255578942477947 2.680157053327449 
1.001955532530239 0.5882653608861312 0.0008524653681039191 2.67953765821122 
1.001567316900609 0.5887269899987306 -6.560402451551774e-05 2.678514908670868 
1.006455580343942 0.5810352457386373 0.0002684189470799025 2.690339649306025 
1.006402900903852 0.5814299232641159 0.003133136853455616 2.690400309202115 
1.004018720413598 0.5859278356849386 -0.0003954940151424792 2.685028473841986 
1.018825583653342 0.5515230364467035 0.1249352953107977 2.722988484187217 
1.011660766383234 0.5670290610148969 0.0948538970218574 2.704194004721541 
1.027440767500483 0.5359702368973231 0.1009386059192823 2.740980013042563 
1.006922996540283 0.5811956912723836 -0.0004074552482880692 2.691975304839887 
1.009767190045437 0.5755445364831506 0.0008690171908629513 2.698271331400909 
1.009398044715017 0.5772101813229347 0.00589022245532211 2.698007709680744 
1.02782066520458 0.5405556037104275 0.02193552499729211 2.740157760454617 
1.031645799510006 0.5337781231029484 0.04149581110259858 2.750258584520322 
1.020146723707855 0.5584814477200117 0.03386945371073297 2.72416625192357 
1.000862554312532 0.579406277518281 8.543899801954201e-06 2.67105950094994 
1.000008577080204 0.5799431457715311 0.0001467592244603482 2.66852620091665 
1.000907125199256 0.5885873483551265 -0.000477887182807554 2.67611267210728 
1.00436290960384 0.575638543803957 -0.0002671655497016101 2.680647744290245 
1.00175742569562 0.5782643702140419 0.0006928278993691671 2.673465627346118 
1.003908020546114 0.58335213327448 -0.003131024422196342 2.683014488113513 
1.023338387984451 0.5390373120855018 -0.02240014798852563 2.725011573778236 
1.018674974798606 0.5480564976383792 -0.006705339233829821 2.71382128415751 
1.015553362284757 0.5581883493872521 -0.03118595709485541 2.708154604177596 
0.8654234687077571 0.7341269864280876 -0.0865831576877393 2.357761697186881 
0.8832664377320041 0.7295559542339838 -0.03627739500739582 2.402791480363726 
0.8538444546204973 0.7473232819631634 -0.04090352939519163 2.331555634474324 
0.9213628207079528 0.6740072907888037 -0.1487048273346581 2.487425362400774 
0.9438053847232811 0.644742823440387 -0.1633384607032385 2.539865596843788 
0.9386746651814325 0.6690814185276972 -0.09933573931843746 2.53126806435056 
0.931143180302071 0.6735129744494642 0.1551615713225242 2.517990402743274 
0.9022952742826381 0.7032076114249615 0.1339916533635563 2.44876656676901 
0.9136884788646421 0.691377750807329 0.1140944041719653 2.471989434612849 
0.8747185691358705 0.7315553909470317 0.09664961815324831 2.383442227944566 
0.8576447616061128 0.7456697129113576 0.056994241869957 2.342374411705003 
0.8796135995400286 0.7290897446311463 0.03924445270179635 2.391878497757576 
0.9826597601319969 0.60628575196016 0.1605418385904332 2.639627642715324 
0.9817377424831752 0.611936796496518 0.1215235269295813 2.634409876831913 
1.002954551021944 0.5746084334424671 0.14910078287957 2.685307531682969 
0.9808617808598024 0.6075204015176321 0.1628604823373069 2.634144259943381 
0.9597140861583019 0.6375621838635428 0.1618472739095675 2.585559380464181 
0.9579872796563758 0.6439600243965455 0.1234650808188663 2.578448020750655 
1.00148791970126 0.5885805503295746 4.204939488655483e-05 2.678165448963073 
1.001446042965595 0.5889729913303133 0.000209302567722501 2.678256781031875 
1.001516082860172 0.5888914807705682 -1.317958716315517e-05 2.678441954390875 
1.003780026956964 0.5853101493575961 8.807591444244737e-05 2.683888229301531 
1.00378330715078 0.5854460033353438 0.001145061628562902 2.683980837016903 
1.002508861677056 0.5874293065315627 -0.0001473901523249643 2.680886291339399 
1.018448830440086 0.563221762780463 0.01860119134730583 2.720717900685159 
1.015628509950337 0.5653161940276493 0.002065812880299258 2.712119582098014 
1.020427162922407 0.5548047032435408 0.009019584697569439 2.722619362856102 
1.021797848658808 0.5572467462459481 0.03408077183452608 2.729133750486097 
1.021520281736704 0.5539007104575642 0.007721550096714509 2.725680091346717 
1.026749304463342 0.5418831010227046 0.02248333724406274 2.737294481066357 
1.028035778976701 0.537063307102387 0.09880342008195668 2.743602525904346 
1.018497084423921 0.5557989350634934 0.07766850051587065 2.719575797551862 
1.032063596501069 0.5298145806032444 0.07479044848169032 2.751398356497861 
1.010317951052773 0.5758403227963963 -0.0004671749844507274 2.700228206918375 
1.014766506397273 0.5659213966769293 0.003470845966746485 2.70962958299603 
1.013375509488652 0.5711315828060137 0.01227642382438637 2.707955292564439 
1.031915327837194 0.5311481607721179 0.04340079991210879 2.749800395070777 
1.032239394046727 0.5313848888420163 0.07196206538444602 2.752718794453687 
1.019690672004631 0.5576245542728174 0.05180831311741606 2.722844784932435 
1.000079154055697 0.5797728162409221 8.117092978569869e-05 2.668646896624071 
0.9995613443350376 0.5804073132800965 -9.715152992309209e-05 2.667290586640381 
1.000332362890709 0.5894872745901492 -0.0003743194901598737 2.674754776288846 
1.001923909138114 0.5780122153523235 0.0002855787380606915 2.673853094834182 
1.000611421795196 0.579130920397917 0.0002521827498057099 2.670126404173383 
1.002127896972756 0.5863183393722777 -0.00130075549917694 2.678837322624191 
1.01018115974582 0.5717899730920373 -0.008067769747986151 2.697299912940818 
1.013086495757507 0.5604800897150747 -0.00255281884587882 2.701663937221427 
1.006947603882955 0.569204371472962 0.001151371510732272 2.685950912337187 
1.006399412434065 0.5782375123007826 -0.003050293938949689 2.688341486680315 
1.007175478023338 0.5698457785002605 -0.0001685374138006882 2.687040024752105 
1.003787268987203 0.5741086581986607 0.0002397292686539441 2.678136116126308 
1.017863697722933 0.5503107611414914 -0.008209766868757736 2.712306523731829 
1.013347468639366 0.5581875917597213 -0.001210634358943215 2.701353624456367 
1.014149932016813 0.5633407698464199 -0.01765578237116196 2.70601383479052 
1.013561724860346 0.5595450621710895 -0.04312647587734089 2.70258024415574 
1.026360258225499 0.5267301368935526 -0.06105406379513589 2.730263587715732 
1.027039973495913 0.5300193235466631 -0.04042393918214242 2.733373562532135 
1.014219073223478 0.5596000902219044 -0.03047474182704513 2.704419532326989 
1.026013992905206 0.5310441071765581 -0.03854150505329206 2.730313857691304 
1.024135966378878 0.5376332601057392 -0.0234123471472757 2.727012633940884 
0.9724727193361796 0.6135412991053559 -0.1242946781101273 2.605459359644968 
0.9682478869803142 0.6107605716377411 -0.1629512929048265 2.595897004769391 
0.9952318754425273 0.5732619144052844 -0.1513175570009987 2.660121997365101 
0.9918105098345487 0.583262444628753 -0.1156542541777548 2.64946085275205 
0.9953372127802788 0.5707276291971414 -0.1472104195082259 2.658538658785913 
1.01348525201778 0.54544819079311 -0.1229848765878585 2.701977404122131 
0.8522556016411217 0.7479273059716325 -0.039261041635778 2.327600593442964 
0.88251877471679 0.7327247716514491 0.002648400401214751 2.40231666835465 
0.851037322312028 0.751548326505061 0.009496160793938313 2.326188571065913 
1.002633561886479 0.5729541934204269 -0.08944264577288172 2.676472038883963 
1.012427843385356 0.5435662817503896 -0.119436000608669 2.696996038055798 
1.023637906442091 0.5296509865702479 -0.09268071112255334 2.724785902589629 
1.010658782246278 0.5600415422835329 -0.07154028519967803 2.694738750186704 
1.022589114670745 0.5299574941483357 -0.08978963998677934 2.721249604834707 
1.027279772627451 0.5264490606012235 -0.06387381864967977 2.733499151687452 
0.946070165247945 0.6416811835309391 -0.1610403754642123 2.544664221596967 
0.9661742980916476 0.6140166633288778 -0.1656071867569108 2.591783636376009 
0.9524934544060085 0.6479989371304173 -0.1114526565824982 2.561778694707743 
0.9011632606457395 0.705206141814345 0.13307832270899 2.446072669858582 
0.8749981173768584 0.7290990445587733 0.09956399630931966 2.383089936570867 
0.8938269001557534 0.7137992224386998 0.08448512418099068 2.425386964493086 
0.9000321338811772 0.7117612738319926 -0.07230130536900106 2.441197784160159 
0.8688212435215174 0.7323370640265553 -0.08667700540743989 2.36565758532807 
0.890674310487117 0.7088749461925735 -0.1257380248281586 2.41697886854639 
0.915579379286836 0.6921193870295816 -0.1015036911032138 2.476467251182446 
0.8939245020347343 0.7064158088789634 -0.1254525733666655 2.4244462016777 
0.9187440686550488 0.6775940696918822 -0.1522665627789389 2.482990881004309 
0.8572962882316526 0.747843581370194 0.05458013359486651 2.342497918772823 
0.8503542773129361 0.7519370671213665 0.009843628426797407 2.324823320113467 
0.8794926634156277 0.7317752876357908 0.000632430373386572 2.392735240281802 
1.004273239574075 0.5741297029527231 0.1464595450276977 2.689696263997267 
0.9980874567829685 0.5878426156778704 0.1145104333661423 2.672904964194672 
1.017910755131333 0.5508004314483288 0.1277694786493016 2.719430059671166 
0.9579748450575145 0.6393190131076033 0.1639119838057467 2.580597002047209 
0.9323673101183196 0.6711617601767035 0.1529248428666749 2.520611823161025 
0.9383137474180065 0.6684772137400066 0.1109478862799597 2.531278003903254 
