1.000000000000475 0.4999999999999426 4.859175591129684e-13 2.675000000001607 
0.9999999999987341 0.5000000000001517 -1.293509250182352e-12 2.674999999995716 
1.000000000000317 0.4999999999999633 3.226972278319177e-13 2.675000000001072 
0.9999999999999997 0.4999999999999983 -6.129091215893831e-16 2.674999999999999 
1 0.5000000000000013 -6.984313246018549e-16 2.675000000000001 
1 0.5000000000000003 1.083281238157979e-15 2.675000000000002 
1.000002788371846 0.5000006588348523 2.103125508033409e-06 2.675009935363496 
0.9999933160210014 0.5000023031107511 -5.522549430404058e-06 2.674978125413979 
1.000001540160914 0.4999988781732895 1.701332211178391e-06 2.675004744854268 
1 0.5000000000000004 1.097287250339848e-15 2.675000000000001 
0.9999999999999998 0.4999999999999985 -8.331255048876619e-16 2.674999999999999 
1 0.500000000000001 -5.080033566388179e-16 2.675 
1.000005729680475 0.4999997601078805 4.814050813809638e-06 2.675019619075365 
0.9999993387891775 0.5000036180138876 -1.363442882392072e-06 2.674999530914017 
0.9999965301061966 0.4999946083005101 -1.809049407967286e-06 2.6749853506067 
1 0.5000000000000011 6.451485661974218e-16 2.675000000000001 
0.9999999999999994 0.4999999999999981 9.923137139269757e-16 2.674999999999998 
1 0.5000000000000006 -1.495703178134829e-15 2.675000000000001 
0.9999999230725464 0.4999629064590876 -1.035912634196921e-05 2.674981184211566 
1.00009539027902 0.5001255635918195 8.314561104559963e-05 2.675391385334816 
0.999921641742502 0.4999374460414488 -5.77176520536516e-05 2.67469881595146 
1 0.5000000000000009 1.037514733498632e-15 2.675000000000002 
0.9999999999999996 0.499999999999998 -1.792527182962289e-17 2.674999999999998 
1 0.5000000000000009 -1.208163321316651e-15 2.675 
1 0.5000000000000012 -4.196341322828125e-16 2.675000000000001 
1 0.5000000000000006 1.102151903855635e-15 2.675000000000002 
0.9999999999999996 0.4999999999999983 -8.376354469302831e-16 2.674999999999999 
0.9999999999999998 0.4999999999999994 1.360324900363529e-15 2.674999999999999 
0.9999999999999999 0.4999999999999994 -1.289210081076413e-15 2.675 
1 0.5000000000000014 -5.993963339913889e-17 2.675000000000002 
1 0.500000000000001 8.359717809165438e-16 2.675000000000001 
0.9999999999999993 0.4999999999999978 6.317649336697548e-16 2.674999999999998 
1 0.5000000000000009 -1.350743208351158e-15 2.675000000000001 
1 0.5000000000000013 2.566995092400196e-16 2.675000000000001 
0.9999999999999997 0.4999999999999989 1.543619715563317e-15 2.674999999999999 
1 0.4999999999999999 -1.536774395316916e-15 2.675000000000001 
1 0.5000000000000009 8.99140808061193e-16 2.675000000000001 
0.9999999999999994 0.499999999999998 3.061196949582386e-16 2.674999999999999 
1 0.5000000000000008 -1.181924024031583e-15 2.675000000000001 
1 0.5000000000000012 -3.331432853960065e-16 2.675000000000001 
1 0.5000000000000007 8.235572588215992e-16 2.675000000000002 
0.9999999999999997 0.4999999999999983 -7.322387948044196e-16 2.674999999999999 
0.9999999999999998 0.4999999999999993 1.223239672191632e-15 2.675 
0.9999999999999999 0.4999999999999997 -1.319389515420668e-15 2.675 
1 0.5000000000000011 6.944155344319384e-17 2.675000000000001 
1 0.5000000000000007 1.050893332434736e-15 2.675000000000001 
0.9999999999999993 0.4999999999999979 -2.301226275404451e-17 2.674999999999998 
1 0.5000000000000011 -9.741857899212513e-16 2.675000000000001 
1 0.5000000000000007 2.835817739608302e-16 2.675 
0.9999999999999996 0.4999999999999985 9.137634938737851e-16 2.674999999999998 
1.000000000000001 0.5000000000000011 -9.263671282720446e-16 2.675000000000002 
1 0.500000000000001 4.522960542848702e-16 2.675000000000002 
0.9999999999999992 0.4999999999999981 1.065243712550704e-15 2.674999999999998 
1 0.5000000000000007 -1.258025637327862e-15 2.675000000000001 
1 0.5000000000000004 1.332526424197387e-15 2.675000000000001 
0.9999999999999994 0.4999999999999981 -1.126590522275971e-15 2.674999999999998 
1 0.5000000000000013 -3.513024209247645e-16 2.675000000000001 
1.000024985367635 0.4999717085425544 7.2216241567845e-06 2.675071937390519 
1.000071841103917 0.5000952176576673 6.84854305319595e-05 2.67529503171937 
0.9999089621433276 0.4999423976833837 -6.97748553139343e-05 2.674657655351879 
0.9999999999999999 0.4999999999999996 -1.440246852142359e-15 2.675 
1 0.5000000000000011 -7.154573995523685e-17 2.675000000000001 
0.9999999999999997 0.4999999999999994 1.533567382518753e-15 2.674999999999999 
1.000001450758186 0.4999990131756121 -2.715592857526907e-07 2.675004504352808 
1.000000471266807 0.4999996794303632 -8.820581742423726e-08 2.675001463215382 
0.9999966272168208 0.5000022942184107 6.313243889944092e-07 2.674989528079002 
1 0.500000000000001 -1.377671289141086e-16 2.675000000000001 
1 0.5000000000000004 1.395640914651622e-15 2.675000000000001 
0.9999999999999996 0.4999999999999986 -1.551377669076266e-15 2.674999999999999 
0.9999999999345947 0.4999999999223116 -6.553055839863406e-11 2.674999999735836 
1.000000000261824 0.5000000003108543 2.622493677145909e-10 2.67500000105741 
0.999999999901766 0.4999999998834346 -9.835596930943756e-11 2.674999999603301 
0.9999999999999997 0.4999999999999983 -3.023119876129827e-16 2.674999999999999 
1 0.5000000000000009 -5.391749882169687e-16 2.675000000000001 
1 0.5000000000000008 7.074723833829588e-16 2.675000000000002 
1.000000005532049 0.5000000052532476 6.864367498413592e-09 2.675000021684533 
0.9999999949228656 0.4999999951875715 -6.292979907639649e-09 2.674999980103057 
0.9999999939565506 0.4999999943451426 -7.433195457681593e-09 2.674999976352888 
1.000001779410646 0.5000024421087835 1.838385404798013e-06 2.675007351187802 
0.9999963856312492 0.4999961482173892 -3.380018827138709e-06 2.674985622523578 
1.000000282382879 0.4999988246366552 -2.086365275528601e-07 2.675000385089793 
1 0.500000000000001 5.879611021349388e-16 2.675000000000001 
0.9999999999999993 0.4999999999999978 8.146449005484083e-16 2.674999999999998 
1 0.5000000000000008 -1.168838335569456e-15 2.675000000000001 
1 0.5000000000000007 1.166021912263305e-15 2.675000000000001 
0.9999999999999993 0.4999999999999976 -7.960541753954459e-16 2.674999999999998 
1 0.5000000000000011 -5.882071322112561e-16 2.675000000000001 
1 0.5000000000000011 2.489345103422797e-16 2.675000000000001 
0.9999999999999998 0.4999999999999992 1.417011828102205e-15 2.675 
1 0.4999999999999998 -1.608499912980881e-15 2.675000000000001 
1 0.5000000000000003 1.03993522838981e-15 2.675000000000001 
0.9999999999999997 0.4999999999999987 -8.53464083988878e-16 2.674999999999999 
1 0.5000000000000011 -3.657703217095189e-16 2.675000000000001 
1 0.5000000000000002 1.315396078983257e-15 2.675000000000001 
0.9999999999999997 0.4999999999999988 -1.269966387087445e-15 2.674999999999999 
1 0.5000000000000011 -2.292134454743185e-16 2.675 
0.9999999999999998 0.4999999999999991 1.340837112699506e-15 2.675 
1 0.5 -1.340837112699505e-15 2.675000000000001 
1 0.500000000000001 1.257034793155794e-16 2.675000000000001 
1 0.5000000000000007 9.468198766457472e-16 2.675000000000001 
0.9999999999999993 0.499999999999998 -6.876345472846168e-17 2.674999999999998 
1 0.500000000000001 -8.939249114700061e-16 2.675000000000001 
1 0.5000000000000014 -1.596579585076809e-16 2.675000000000001 
1 0.5000000000000001 1.475239536610971e-15 2.675 
0.9999999999999994 0.4999999999999987 -1.411376353207898e-15 2.674999999999999 
1 0.5000000000000008 9.052101744869057e-16 2.675000000000001 
0.9999999999999993 0.4999999999999981 8.994623151328657e-17 2.674999999999998 
1 0.500000000000001 -9.061422597875609e-16 2.675000000000001 
1 0.5000000000000009 9.262692704048871e-16 2.675000000000002 
0.9999999999999994 0.4999999999999983 -6.655216210554942e-16 2.674999999999998 
1 0.5000000000000009 -4.686856499729015e-16 2.675000000000001 
1 0.5000000000000011 8.70557859466569e-16 2.675000000000002 
0.9999999999999991 0.4999999999999974 -2.53569429098043e-16 2.674999999999998 
1 0.500000000000001 -8.028172899602314e-16 2.675000000000001 
1 0.5000000000000013 1.33111910609051e-16 2.675000000000001 
0.9999999999999997 0.4999999999999991 1.578326940078743e-15 2.674999999999999 
0.9999999999999999 0.4999999999999996 -1.711438850687794e-15 2.675 
0.9999999999999999 0.4999999999999993 -8.364217333676406e-16 2.675 
1 0.5000000000000012 -1.458196885229503e-16 2.675000000000001 
1 0.4999999999999998 9.227469889732263e-16 2.675000000000001 
1 0.5000000000000004 1.073142588420717e-15 2.675000000000001 
0.9999999999999993 0.4999999999999983 -7.682553832716517e-16 2.674999999999998 
1 0.5000000000000011 -4.241252705291434e-16 2.675000000000001 
1 0.4999999999999998 1.246872788928561e-15 2.675 
1 0.4999999999999993 -1.141714842874344e-15 2.675000000000001 
1 0.5000000000000013 -9.013538233218466e-17 2.675000000000001 
0.9999999999999997 0.4999999999999991 1.650257614482977e-15 2.674999999999999 
0.9999999999999999 0.4999999999999997 -1.622144196859756e-15 2.675 
1 0.5000000000000012 5.341549348411762e-17 2.675000000000001 
1 0.5000000000000013 -4.930665463458856e-16 2.675000000000001 
1 0.5000000000000003 1.502678998387461e-15 2.675000000000001 
0.9999999999999998 0.4999999999999986 -1.1504886081404e-15 2.674999999999999 
1 0.5000000000000008 5.867593857277037e-16 2.675000000000001 
0.9999999999999994 0.4999999999999982 5.495048215545166e-16 2.674999999999998 
1 0.5000000000000007 -1.201459694585297e-15 2.675000000000001 
1 0.5000000000000011 2.277123897370944e-16 2.675000000000001 
1 0.4999999999999996 1.127587857613803e-15 2.675000000000001 
0.9999999999999999 0.4999999999999996 -1.341582633511313e-15 2.675 
0.9999999999999996 0.4999999999999991 1.469700767045142e-15 2.674999999999999 
0.9999999999999999 0.4999999999999994 -1.341192966478098e-15 2.675 
1 0.5000000000000014 -1.331321979965029e-16 2.675000000000002 
1.000000093003394 0.5000153395638861 1.670911544929209e-06 2.675007996658049 
0.9999656977321634 0.499953633667387 -2.967552295197602e-05 2.67485862820431 
1.000028605862658 0.500018417114002 2.269163708293595e-05 2.675107762022386 
1 0.500000000000001 3.800447231408173e-16 2.675000000000001 
0.9999999999999993 0.4999999999999979 1.988313452193681e-16 2.674999999999998 
1 0.5000000000000007 -5.562243961200037e-16 2.675 
0.9998138432080986 0.4997501365288418 -0.000142505495180447 2.674233652901299 
1.000118911915786 0.500061228631649 7.696029502556971e-05 2.675440305397904 
1.000020992343113 0.5001021948068194 2.766215917583892e-05 2.675123469704433 
1 0.5000000000000011 7.045456008844844e-16 2.675000000000002 
0.9999999999999993 0.4999999999999978 1.47988143214644e-16 2.674999999999998 
1 0.5000000000000007 -8.569581334977191e-16 2.675000000000001 
0.9999265477599379 0.4998962128490764 -5.083608423737279e-05 2.674695010341988 
1.000057432936148 0.5000278010263964 3.567720683527061e-05 2.675211780347564 
0.9999999543458734 0.5000428649371353 3.91230056567417e-06 2.675021298755739 
0.9999195443823884 0.4998881348371944 -6.733453377115557e-05 2.674666868259747 
1.00006851579516 0.5000510054362663 4.4376045835752e-05 2.675261577217696 
0.9999958509171547 0.5000373695671019 1.000393622097001e-05 2.675004392997318 
0.9999999999999996 0.4999999999999981 -3.315015847382832e-16 2.674999999999998 
1 0.5000000000000011 -5.313107591010834e-16 2.675000000000001 
1 0.5000000000000007 5.767219350926293e-16 2.675000000000002 
0.9999999999999996 0.4999999999999983 -9.786097363365877e-16 2.674999999999999 
1 0.5000000000000013 -4.73520840162865e-16 2.675000000000001 
1 0.5000000000000003 1.362283032468549e-15 2.675 
0.9999999999999996 0.4999999999999986 8.333568877608086e-16 2.674999999999999 
1 0.5000000000000004 -1.108089927681953e-15 2.675000000000001 
1 0.500000000000001 3.81573666557147e-16 2.675000000000001 
0.9999999999999998 0.4999999999999996 1.328909625757706e-15 2.674999999999999 
0.9999999999999998 0.4999999999999991 -1.422219248404339e-15 2.675 
1 0.5000000000000014 -7.374470176911281e-17 2.675000000000002 
0.9999999999999996 0.4999999999999982 3.207753423135355e-16 2.674999999999999 
1 0.5000000000000008 -9.347324491071842e-16 2.675 
1 0.5000000000000009 7.070854319814493e-16 2.675000000000002 
0.9999999999999997 0.4999999999999988 1.178683037622917e-15 2.674999999999999 
0.9999999999999999 0.4999999999999997 -1.416849919451877e-15 2.675 
1 0.5000000000000016 2.746209963946183e-16 2.675000000000001 
1 0.5000000000000002 1.112695701716356e-15 2.675000000000001 
0.9999999999999998 0.4999999999999988 -7.936355609333376e-16 2.675 
1 0.5000000000000011 -4.907792072417177e-16 2.675000000000001 
0.9999811090392845 0.5000164941077408 -3.466905051943861e-06 2.674943162754649 
0.9999423728085775 0.4999369532443401 -5.524092240280711e-05 2.674769927161344 
1.000078313688882 0.5000414426668646 5.770943985431667e-05 2.675290562261912 
0.9999999999999999 0.499999999999999 -5.270578156657238e-16 2.675 
1 0.5000000000000011 -6.425773369075258e-16 2.675 
1 0.5000000000000004 9.169361998568065e-16 2.675000000000002 
1 0.5000000000000013 3.56626825388533e-16 2.675000000000001 
0.9999999999999996 0.4999999999999983 1.33560242449431e-15 2.674999999999998 
1 0.5000000000000001 -1.526735755748295e-15 2.675 
1.000048356619642 0.5000603154711806 4.496093378581531e-05 2.675196660578848 
0.9999077332749722 0.4999684420328959 -6.797636130018092e-05 2.674666461819484 
1.000040034186031 0.4999754301709298 2.137488617501107e-05 2.675125650135274 
0.9999999999999997 0.4999999999999985 -5.766488139232383e-16 2.674999999999999 
1 0.5000000000000012 -6.875428166007841e-16 2.675000000000001 
1 0.5000000000000004 1.020224824633421e-15 2.675000000000001 
0.9999999999999998 0.499999999999999 -9.455841463847496e-16 2.675 
1 0.500000000000001 -3.43421107890979e-16 2.675000000000001 
1 0.5000000000000002 1.180804083296378e-15 2.675000000000001 
1 0.5000000000000002 -1.28860005041647e-15 2.675000000000001 
1 0.5000000000000014 2.781897078738756e-16 2.675000000000002 
0.9999999999999993 0.4999999999999982 1.261923382596029e-15 2.674999999999998 
1.000046792958992 0.5000637710554718 4.18013587063494e-05 2.675192996703691 
0.9999027428886088 0.4999574773792411 -8.46346164861247e-05 2.674643791075994 
1.000046674896046 0.4999821042723985 3.967777983686255e-05 2.675151866973126 
0.9999999999999991 0.4999999999999978 5.35701333510768e-16 2.674999999999998 
1 0.5000000000000006 -1.406216000465766e-15 2.675000000000001 
1 0.5000000000000012 8.481937780587164e-16 2.675000000000002 
1.000032034266513 0.5000422204920835 2.851953863375074e-05 2.675131405184033 
0.9999315599879322 0.4999704637358897 -5.672099754219637e-05 2.67474953032664 
1.000030445562705 0.4999886138147476 2.355824741852389e-05 2.675099202291714 
1 0.5000000000000001 1.317644032513005e-15 2.675 
0.9999999999999997 0.4999999999999989 -1.232378954504951e-15 2.674999999999999 
1 0.5000000000000012 -1.775522356072239e-16 2.675000000000001 
0.9999999999999997 0.499999999999999 -1.114265806874325e-15 2.675 
1 0.5000000000000012 -1.399004336548271e-16 2.675000000000001 
1 0.4999999999999998 1.236061478526762e-15 2.675 
1.000713147778961 0.5011730445686529 -9.567202383883922e-08 2.677865636174281 
0.9991680850902881 0.4986407594548808 5.40880155390872e-05 2.671634667852289 
0.9991323792149005 0.498581143072791 -5.696074550139227e-05 2.671490189734538 
0.9999771330722129 0.4999645677209364 -1.359997463272838e-05 2.674904698774335 
0.9999921951021119 0.4999879025472819 -4.625140007594972e-06 2.674967494791903 
1.000053538753463 0.5000829620108465 3.182508927508408e-05 2.675223107659429 
1.000086965612491 0.5000324253867456 9.834665706144179e-05 2.675315715504759 
0.9999754428056001 0.4999904725052102 -2.854218632151049e-05 2.674910627069044 
0.9998442103677052 0.4999373436950084 -0.0001812466791450866 2.674432176580003 
1 0.5000000000000012 1.27681757387595e-15 2.675000000000002 
0.9999999999999998 0.4999999999999985 1.436920090976381e-15 2.674999999999999 
0.9999999999999999 0.5000000000000003 -1.909222516422657e-15 2.675 
0.9999999999999997 0.4999999999999983 1.595055612032626e-15 2.674999999999999 
1 0.5000000000000003 -1.849339840037826e-15 2.675000000000001 
1 0.5000000000000013 9.709034160198585e-16 2.675000000000001 
0.9999941071421065 0.5000004678556906 -1.350854246025135e-06 2.674979933153267 
1.000013835490886 0.5000008464071506 -1.688211455204332e-06 2.675048088213339 
0.9999954340415625 0.4999990509542991 2.230078615387666e-06 2.674983794908714 
0.9998408576564499 0.5001115759363047 -3.417646388913653e-07 2.674507237601939 
1.000100776715574 0.4999301214435022 -1.603731708308651e-06 2.675312319029121 
1.000242649796969 0.4998298673479626 7.409555313816595e-07 2.675751387233036 
0.9999999999999994 0.499999999999998 9.509096325045994e-16 2.674999999999998 
1 0.5000000000000009 -1.413514318587917e-15 2.675000000000002 
1 0.5000000000000011 1.079410934194409e-15 2.675000000000001 
0.9999999999999997 0.4999999999999989 1.584668041400211e-15 2.674999999999999 
1 0.5000000000000004 -1.584668041400211e-15 2.675000000000001 
1 0.5000000000000009 5.464372556552456e-16 2.675000000000001 
1 0.5000000000000011 9.098161995811491e-16 2.675000000000001 
0.9999999999999998 0.4999999999999985 1.652523301280045e-15 2.674999999999999 
1 0.5000000000000004 -1.875335431789714e-15 2.675 
0.9999928642613107 0.4999968787047846 -8.826515905296936e-06 2.674973855625381 
1.000019650912023 0.5000098062650379 2.42669134676531e-05 2.675072602898369 
0.9999973968997122 0.4999995996065212 -3.572272134288541e-06 2.67499083198847 
0.9998162077639171 0.4998914496654031 -0.0002286452593876943 2.674312148157926 
1.000239778480868 0.5001539496084152 0.0002976971781634094 2.675903583970336 
1.00016025198514 0.5000958031221928 0.0001848648972084274 2.675600231298881 
0.9999999999999997 0.4999999999999983 1.848867402464942e-15 2.674999999999999 
0.9999999999999999 0.5000000000000002 -1.996063118463356e-15 2.675 
1 0.5000000000000013 8.586416766574216e-16 2.675000000000002 
0.9985184467005205 0.4988094807366774 -0.001805130022966498 2.669282283627738 
1.002196259295428 0.5018792085348229 0.002611888327647755 2.683535310282089 
1.001208001318351 0.5009986229585482 0.001385427165237701 2.679668794540502 
0.9993792262296765 0.499563645438967 -0.0007731732826574624 2.672638944821081 
1.00091622952916 0.5006833063766556 0.001117703738487704 2.678505061490275 
1.000478868532914 0.5003659071286777 0.0005554713335029773 2.676834395657504 
0.9992075980820787 0.4994581381599106 -0.0009841476939835476 2.671993268313535 
1.001035674255728 0.5007549167488768 0.001256963391767985 2.678953155884634 
1.000759007063336 0.5005456087298242 0.0008989668779003028 2.677891846070557 
0.9999999994105333 0.5000000000894645 -6.110023598935312e-10 2.67499999801402 
1.00000000029525 0.4999999999454326 3.105329322895225e-10 2.675000000989854 
1.000000000969651 0.499999999906755 1.001805414995707e-09 2.675000003293823 
0.9999999999784391 0.4999999999732189 -2.766593729884807e-11 2.674999999912334 
1.000000000003835 0.5000000000046553 4.776554442281043e-12 2.675000000015538 
1.000000000007666 0.5000000000088153 1.120248809541367e-11 2.675000000030818 
0.9999999974971073 0.500000000303787 -2.557022043429194e-09 2.674999991529429 
1.000000002985521 0.499999999641118 3.048414503862661e-09 2.675000010105678 
1.000000002022078 0.4999999997546918 2.06575223781293e-09 2.675000006843405 
0.9999999999999998 0.4999999999999988 -5.478781855534964e-16 2.675 
1 0.5000000000000012 -4.801729138428201e-16 2.675000000000001 
1 0.5000000000000003 7.634660244217009e-16 2.675000000000002 
1 0.5000000000000006 -9.913937631103565e-16 2.675000000000002 
1 0.5000000000000009 9.765347796147794e-17 2.675000000000001 
0.9999999999999992 0.4999999999999983 1.166684083919519e-15 2.674999999999998 
0.9999999999999998 0.4999999999999987 -5.202618640904911e-16 2.674999999999999 
1 0.5000000000000011 -6.342918616993655e-16 2.675000000000001 
1 0.5000000000000003 9.336206054226613e-16 2.675000000000001 
1.000000121662668 0.499999837839345 1.11138312648766e-07 2.675000338048106 
1.000000365923288 0.4999999206498615 3.046366252621141e-07 2.67500122093226 
0.9999997504199613 0.5000001106892419 -2.119302183334125e-07 2.674999195540322 
0.9999989619653166 0.4999995208593482 -1.280595904809483e-06 2.674996184409575 
1.000000403919994 0.5000002068411302 5.008002566692794e-07 2.67500149492064 
1.000000149515831 0.5000000946984755 1.998043035375495e-07 2.675000562430499 
1.000000020986811 0.4999999834209058 1.836693784370286e-08 2.675000064010025 
1.00000003696418 0.4999999914679579 3.079634010274263e-08 2.675000123075596 
0.9999999701330419 0.5000000110056552 -2.519238173325784e-08 2.674999902611145 
1 0.5000000000000007 1.009655970334621e-15 2.675000000000002 
0.9999999999999997 0.4999999999999986 -6.159536422796106e-16 2.674999999999999 
1 0.500000000000001 -5.905534920825134e-16 2.675 
0.9999999999999994 0.4999999999999982 9.919307415393402e-16 2.674999999999998 
1 0.5000000000000006 -1.014754767453389e-15 2.675000000000001 
1 0.5000000000000011 2.450935570108817e-16 2.675000000000001 
1 0.5000000000000007 8.30585488104469e-16 2.675000000000002 
0.9999999999999997 0.4999999999999984 -6.527843132808813e-16 2.674999999999999 
1 0.500000000000001 -4.394229034925776e-16 2.675 
1.00000147818255 0.5000000192849839 1.259333630515357e-06 2.675005102001061 
0.9999996077235193 0.5000004355670872 -3.76134059077511e-07 2.674998866377072 
0.9999992285174796 0.4999989746321322 -5.634544338109754e-07 2.674996829568353 
1.000021798292537 0.5000206008899638 2.576202659199205e-05 2.675085389967231 
0.9999895915271175 0.4999883269984661 -1.063300273355486e-05 2.674958304496015 
0.9999622478279183 0.4999676150689225 -4.475290160363031e-05 2.674853764296506 
0.9997520309287333 0.5000225034805601 -0.0001893356864589873 2.674157170636972 
0.9999625311479602 0.4998850202539025 3.839944611690168e-05 2.674813263625306 
1.000302151562309 0.5002129845531829 0.0001634931185386324 2.676147569794722 
1 0.5000000000000013 6.885449442889261e-16 2.675000000000001 
0.9999999999999994 0.4999999999999978 6.654005764136672e-16 2.674999999999998 
1 0.5000000000000004 -1.255581957232746e-15 2.675000000000001 
1 0.5000000000000002 1.614447347710292e-15 2.675000000000001 
0.9999999999999997 0.4999999999999988 -1.193901325226808e-15 2.674999999999999 
1 0.5000000000000011 -4.301428696619318e-16 2.675000000000001 
1 0.500000000000001 5.004932303512263e-16 2.675000000000001 
0.9999999999999997 0.4999999999999982 7.087909909598291e-16 2.674999999999999 
1 0.5000000000000007 -1.108028365459651e-15 2.675000000000001 
1.000014858747218 0.4999886751176168 3.698332051985193e-06 2.675045525494986 
1.000036763238714 0.5000416917193393 3.370359917814833e-05 2.675147481982706 
0.9999463173358124 0.4999724849134018 -3.7526456236078e-05 2.674801330358361 
1.000663386540326 0.5004535889574374 0.0008168345077326498 2.677508245803732 
0.9991234452666639 0.4993646941360076 -0.001056041991454563 2.67166781407261 
0.9993636781893714 0.4995415525625621 -0.0007510328216549215 2.672581346518454 
0.996333274061066 0.4998729579330154 -0.00140784457615095 2.662295520063809 
0.9960606750294222 0.493941321141637 -0.002536185008864853 2.658311894788852 
1.009437885483697 0.5081951920355645 0.006544314291475099 2.711795627737445 
1 0.5000000000000006 1.182348445885204e-15 2.675000000000002 
0.9999999999999994 0.4999999999999981 -1.943095384080587e-16 2.674999999999998 
1 0.5000000000000013 -1.160838164880621e-15 2.675000000000001 
0.9999999999999993 0.4999999999999988 1.654427278283084e-15 2.674999999999998 
1 0.5 -1.323938940594199e-15 2.675000000000001 
1 0.5000000000000011 6.839213098591572e-18 2.675000000000002 
1 0.5000000000000007 8.819191124010817e-16 2.675000000000002 
0.9999999999999997 0.4999999999999984 -2.882369781993769e-16 2.674999999999999 
1 0.500000000000001 -8.331626086260619e-16 2.675000000000001 
1 0.500000000000001 -5.208763463899169e-16 2.675 
1 0.5000000000000004 1.209935337538961e-15 2.675000000000001 
0.9999999999999998 0.4999999999999986 -9.715405206959267e-16 2.674999999999999 
1 0.500000000000001 2.432353589596026e-16 2.675000000000001 
0.9999999999999993 0.4999999999999983 8.87726677316197e-16 2.674999999999998 
1 0.5000000000000006 -8.691850983114529e-16 2.675000000000001 
1 0.5000000000000012 -4.343307059052647e-16 2.675 
1 0.5000000000000006 1.133178608640051e-15 2.675000000000001 
0.9999999999999997 0.4999999999999983 -8.784583450264374e-16 2.674999999999999 
0.9999999999999998 0.4999999999999994 1.362864715338069e-15 2.675 
0.9999999999999999 0.4999999999999994 -1.264319894325923e-15 2.675 
1 0.5000000000000013 1.574685284214774e-17 2.675000000000002 
0.9999999999999992 0.4999999999999979 6.753484239234595e-17 2.674999999999998 
1 0.5000000000000009 -7.63460302703199e-16 2.675000000000001 
1 0.500000000000001 6.466449711613096e-16 2.675000000000001 
0.9999999999999999 0.4999999999999997 1.324767901530768e-15 2.675 
0.9999999999999998 0.4999999999999993 -1.292258259775411e-15 2.675 
1 0.5000000000000013 -5.689187307187259e-17 2.675000000000001 
1 0.500000000000001 6.509093255991407e-16 2.675000000000002 
0.9999999999999994 0.4999999999999981 5.147714274346145e-16 2.674999999999998 
1 0.5000000000000007 -1.101866113269132e-15 2.675000000000001 
0.9999999999999998 0.4999999999999996 1.604767847535156e-15 2.675 
0.9999999999999998 0.4999999999999991 -1.465198253302646e-15 2.674999999999999 
1 0.5000000000000012 -2.399571698219109e-16 2.675000000000002 
1 0.5000000000000012 6.849495792871546e-16 2.675000000000001 
0.9999999999999994 0.4999999999999978 4.807410090648977e-16 2.674999999999998 
1 0.5000000000000008 -1.169944933565015e-15 2.675000000000001 
1 0.5000000000000013 4.843049983156166e-16 2.675000000000001 
0.9999999999999997 0.4999999999999987 1.134608529622804e-15 2.674999999999999 
1 0.4999999999999999 -1.377616691321805e-15 2.675000000000001 
1 0.5000000000000009 1.111807438854274e-15 2.675000000000001 
0.9999999999999993 0.4999999999999978 -4.892546972223663e-16 2.674999999999998 
1 0.500000000000001 -8.17830069049591e-16 2.675000000000001 
1 0.5000000000000014 1.985128691244422e-16 2.675000000000001 
0.9999999999999997 0.4999999999999987 1.19792248609577e-15 2.674999999999999 
1 0.5 -1.280065742285195e-15 2.675000000000001 
1 0.5000000000000009 8.318808268691423e-16 2.675000000000001 
0.9999999999999994 0.499999999999998 3.047484217243397e-16 2.674999999999998 
1 0.5000000000000009 -1.046028366459218e-15 2.675000000000001 
1 0.4999999999999998 1.511653700528892e-15 2.675 
0.9999999999999998 0.4999999999999993 -1.367796008608056e-15 2.675 
1 0.500000000000001 -1.37820396603517e-16 2.675000000000001 
1 0.500000000000001 1.026811406172032e-15 2.675000000000001 
0.9999999999999994 0.4999999999999982 1.866929829403703e-16 2.674999999999998 
1 0.5000000000000008 -1.114666927555735e-15 2.675000000000001 
1 0.5000000000000011 -4.836501680551497e-16 2.675000000000001 
1 0.5000000000000007 1.018032871220979e-15 2.675000000000001 
0.9999999999999996 0.4999999999999983 -7.271663365864137e-16 2.674999999999999 
1 0.5000000000000012 1.796331294418287e-16 2.675000000000001 
0.9999999999999994 0.4999999999999983 1.254668371086836e-15 2.674999999999998 
1 0.5000000000000004 -1.227862049276384e-15 2.675000000000001 
1 0.5000000000000011 -6.6291003050571e-16 2.675000000000001 
1 0.5000000000000003 1.231118628082032e-15 2.675000000000001 
0.9999999999999997 0.4999999999999983 -6.629100305057102e-16 2.674999999999999 
0.9999999999999999 0.4999999999999992 1.207214698320127e-15 2.675 
0.9999999999999999 0.4999999999999996 -1.378147752949524e-15 2.675 
1 0.5000000000000014 1.388831068863869e-16 2.675000000000001 
0.9999999999999992 0.4999999999999974 -3.384822680841023e-16 2.674999999999998 
1 0.500000000000001 -5.833686643896203e-16 2.675000000000002 
1 0.500000000000001 9.977620909323153e-16 2.675 
1 0.4999999999999998 1.08168931472843e-15 2.675000000000001 
0.9999999999999999 0.4999999999999996 -1.204547854179066e-15 2.675 
1 0.500000000000001 1.041626747516273e-16 2.675000000000001 
1 0.500000000000001 8.859698699215368e-16 2.675000000000002 
0.9999999999999994 0.4999999999999981 -4.985977622934996e-17 2.674999999999998 
1 0.5000000000000009 -9.089820743350822e-16 2.675000000000001 
0.9999999999999996 0.499999999999999 1.61872621521643e-15 2.674999999999999 
1 0.4999999999999999 -1.398697703177875e-15 2.675000000000001 
1 0.5000000000000011 -1.796543836509091e-17 2.675000000000001 
1 0.5000000000000009 1.020205015774674e-15 2.675000000000002 
0.9999999999999996 0.4999999999999982 -1.76426431299379e-16 2.674999999999999 
1 0.5000000000000009 -9.434978717314653e-16 2.675000000000001 
1 0.5000000000000011 2.678272309630065e-16 2.675 
0.9999999999999999 0.4999999999999987 1.301325251620253e-15 2.675 
1 0.5000000000000003 -1.458870681598493e-15 2.675000000000001 
1.000000000001563 0.5000000000007013 1.868022120648399e-12 2.675000000005737 
0.9999999999986952 0.4999999999994134 -1.55884679605002e-12 2.674999999995213 
0.9999999999981787 0.4999999999991843 -2.1758199071136e-12 2.674999999993317 
0.999999999977473 0.5000000000152723 -1.096655444535231e-11 2.67499999993003 
0.9999999999838708 0.5000000000105257 -7.890308943433278e-12 2.674999999949699 
1.000000000057365 0.4999999999650486 3.108159801769698e-11 2.675000000180148 
1 0.5000000000000011 4.399364325174158e-16 2.675000000000002 
0.9999999999999991 0.4999999999999978 8.947021829848561e-16 2.674999999999998 
1 0.5000000000000006 -1.122085058218577e-15 2.675000000000001 
1 0.5000000000000002 1.399955284759558e-15 2.675000000000001 
0.9999999999999998 0.4999999999999989 -1.079598644078877e-15 2.675 
1 0.5000000000000011 -5.061967217473162e-16 2.675000000000001 
1 0.5000000000000011 3.460184014069774e-16 2.675000000000002 
0.9999999999999992 0.4999999999999979 8.798753635777414e-16 2.674999999999998 
1 0.5000000000000004 -1.038055204220931e-15 2.675000000000001 
1 0.5000000000000003 1.329493628303823e-15 2.675000000000001 
0.9999999999999997 0.4999999999999983 -1.044818455045145e-15 2.674999999999999 
1 0.5000000000000012 -3.301020626084653e-16 2.675000000000001 
0.9999999999999997 0.4999999999999982 8.015967642257544e-16 2.674999999999999 
1 0.5000000000000008 -1.062674228244889e-15 2.675000000000001 
1 0.5000000000000011 3.90986230948358e-16 2.675000000000001 
1 0.5000000000000006 1.172013745224555e-15 2.675000000000001 
0.9999999999999997 0.4999999999999985 -9.963631064053698e-16 2.674999999999999 
1 0.500000000000001 -2.453052024888594e-16 2.675000000000001 
1.000032424504242 0.4999735050499323 1.201881186225441e-05 2.675098469224906 
1.000050979093786 0.5000614726570689 4.791924533154393e-05 2.675206303831795 
0.9999165066604803 0.499971587420757 -5.812916601759968e-05 2.67469822575338 
1.000868617408605 0.5002474303240293 0.001067041714062719 2.678107575534129 
0.9989958572475388 0.4997189971039701 -0.001205932006776028 2.671409580473859 
0.9990960967690045 0.4996815661117175 -0.001088295320798956 2.671734628535401 
0.9937402750738984 0.5002108251795031 -0.002627334963538428 2.653542463546977 
0.9935145345010969 0.4898724328695607 -0.003820673836595718 2.647337717137526 
1.014584675786512 0.5109034615410315 0.009637580063026794 2.73116076556953 
1 0.4999999999999999 -1.440245580611333e-15 2.675 
1 0.500000000000001 -1.710874879775892e-16 2.675000000000002 
0.9999999999999996 0.4999999999999991 1.707764198176287e-15 2.674999999999999 
0.9999999999999999 0.500000000000001 -1.09485931992695e-15 2.675 
1 0.5000000000000009 8.211862467870529e-16 2.675000000000002 
0.9999999999999997 0.4999999999999982 7.462292655021111e-17 2.674999999999999 
0.9999999999999998 0.4999999999999993 -1.469796536716282e-15 2.675 
1.000000000000001 0.5000000000000014 -1.944175313116786e-16 2.675000000000002 
0.9999999999999996 0.4999999999999992 1.734204379300163e-15 2.674999999999999 
1.000183771895935 0.4998774460047632 -9.231438474937479e-05 2.675563659806826 
0.9985540204298419 0.5011100187300502 0.0002088179717703009 2.670584875597046 
1.001116112275789 0.4991239399787999 -0.0002766086666061093 2.678411629557627 
1.000031075595559 0.4999912742645196 2.710481739038797e-05 2.675102698460464 
1.000121480352678 0.4999725069122101 0.0001225070510335896 2.675404929041585 
0.9999288216385195 0.5000169265155774 -7.247443946459121e-05 2.67476316275367 
0.9999987186609263 0.4999938785106207 -5.568493391752446e-06 2.674992523716672 
1.000013285829051 0.5000063890470705 1.032692361050467e-05 2.675048966323161 
0.9999875728388481 0.5000042360767686 -1.176779773895793e-06 2.674959307356418 
1 0.5000000000000011 -1.123103664749605e-16 2.675000000000001 
1 0.5000000000000001 1.199474713952576e-15 2.675000000000001 
0.9999999999999997 0.4999999999999989 -1.286328064026545e-15 2.675 
1 0.5000000000000012 7.81226553114976e-16 2.675 
0.9999999999999993 0.4999999999999978 2.587146206681587e-16 2.674999999999998 
1 0.5000000000000007 -8.673839871874444e-16 2.675000000000002 
1 0.5000000000000012 -1.207388906323668e-16 2.675000000000001 
1 0.5000000000000001 1.164345405218265e-15 2.675000000000001 
0.9999999999999997 0.4999999999999989 -1.188176396562478e-15 2.674999999999999 
1.000000000369301 0.5000000005355506 2.73902252439941e-10 2.675000001540017 
1.000000000243475 0.5000000003552879 1.764894868855101e-10 2.675000001016418 
0.9999999996899666 0.4999999995509387 -2.285871205278434e-10 2.674999998707403 
0.9999999999998082 0.4999999999999458 -2.645020408666268e-13 2.674999999999313 
1.000000000001343 0.5000000000001599 1.60613597410783e-12 2.675000000004705 
0.9999999999994583 0.4999999999999212 -6.620581441091342e-13 2.674999999998095 
0.9999999999999543 0.4999999999999475 -4.834874114431283e-14 2.674999999999818 
1.000000000000182 0.5000000000002033 1.932461827689805e-13 2.675000000000727 
0.9999999999999321 0.4999999999999251 -7.192751902501404e-14 2.674999999999728 
0.9999999999999994 0.4999999999999979 -1.788151288363438e-16 2.674999999999998 
1 0.5000000000000009 -5.855318924641054e-16 2.675000000000001 
1 0.5000000000000009 6.439682090772896e-16 2.675000000000002 
1 0.4999999999999998 -1.120119173374656e-15 2.675000000000001 
1 0.5000000000000012 -2.970883429123555e-17 2.675000000000001 
0.9999999999999996 0.499999999999999 1.304201344663141e-15 2.674999999999999 
0.9999999999999993 0.4999999999999979 -2.929615813591388e-16 2.674999999999998 
1 0.500000000000001 -8.165524927244076e-16 2.675000000000001 
1 0.5000000000000009 9.287505451598223e-16 2.675000000000002 
1.000000827761021 0.5000009760788687 8.354727767790221e-07 2.675003339676731 
0.9999991558440601 0.4999990186594328 -8.444498637216061e-07 2.674996601207854 
0.9999991930563061 0.4999990261131013 -8.26696023259543e-07 2.674996733139018 
0.9999999148635089 0.5000000369118326 -6.974098341481974e-08 2.674999725160397 
1.000000235885424 0.4999999077746558 2.003934841920965e-07 2.675000766513262 
0.9999999440210033 0.5000000302728295 -4.474831669813117e-08 2.674999822288742 
0.999999627872818 0.4999997008642238 -6.900402895386241e-07 2.674998568483374 
1.000002367021064 0.5000029260143131 2.723160074627335e-06 2.675009617347808 
0.9999997200539621 0.4999997987603705 -6.123121501016349e-07 2.67499893495456 
1.000005519308857 0.500008641101875 5.673713847120086e-06 2.675023335283726 
0.9999880524526512 0.4999861834315628 -1.089247912857886e-05 2.674951931532504 
1.000000863727914 0.4999965628366388 -4.724734262076146e-07 2.67500125646973 
0.9999714680272412 0.4999915536424905 -3.518178685512557e-05 2.674897472716641 
1.000054771433331 0.5000182303857474 6.702975712551022e-05 2.675197825963933 
1.000009797200138 0.500005896404713 1.120246701085234e-05 2.675036699533156 
1.000047885394908 0.5000175348408038 3.922583500152188e-06 2.675173748938611 
1.000295307630385 0.5004035371513602 0.0002256290487021655 2.676218801611696 
0.9996502237990899 0.4996857505949495 -0.0002759773463586272 2.673638190294565 
1 0.5000000000000008 4.852443928674593e-16 2.675000000000001 
0.9999999999999993 0.499999999999998 6.410893073650374e-16 2.674999999999998 
1 0.5000000000000009 -1.044869313108762e-15 2.675000000000001 
1 0.4999999999999998 1.423369013958798e-15 2.675 
0.9999999999999999 0.4999999999999992 -1.097836783623307e-15 2.675 
1 0.5000000000000011 -4.177853883828977e-16 2.675000000000001 
1 0.500000000000001 4.285705801492093e-16 2.675000000000001 
0.9999999999999993 0.4999999999999981 5.844144274761949e-16 2.674999999999998 
1 0.5000000000000008 -1.0023592907622e-15 2.675000000000001 
1 0.5000000000000008 1.003902041153926e-15 2.675000000000001 
0.9999999999999994 0.4999999999999979 -5.923645584448621e-16 2.674999999999998 
1 0.500000000000001 -5.507951157469774e-16 2.675000000000001 
0.9999999999999998 0.4999999999999989 1.116079734009714e-15 2.675 
1 0.5 -1.225585102012977e-15 2.675000000000001 
1 0.5000000000000014 2.709136089131898e-16 2.675000000000001 
1 0.5000000000000007 9.540179282154314e-16 2.675000000000001 
0.9999999999999992 0.4999999999999978 -4.344003202549561e-16 2.674999999999998 
1 0.5000000000000012 -6.17305718257043e-16 2.675000000000001 
1 0.5000000000000011 2.968087398071241e-16 2.675000000000001 
0.9999999999999997 0.499999999999999 1.23510733661674e-15 2.674999999999999 
1 0.5000000000000001 -1.330852091393232e-15 2.675000000000001 
1 0.5000000000000009 1.055115648635733e-15 2.675000000000001 
0.9999999999999993 0.4999999999999977 -4.283006854756652e-16 2.674999999999998 
1 0.5000000000000011 -6.389382259509914e-16 2.675000000000002 
1 0.5000000000000012 2.251360103852072e-16 2.675000000000001 
0.9999999999999998 0.4999999999999991 1.268566853206632e-15 2.674999999999999 
1 0.4999999999999998 -1.42184900468276e-15 2.675 
1 0.5000000000000003 9.993002183803351e-16 2.675000000000001 
0.9999999999999997 0.4999999999999985 -8.462973141307138e-16 2.674999999999999 
1 0.5000000000000014 -3.872886013818516e-16 2.675000000000001 
0.9999999999999992 0.4999999999999978 8.055709676076439e-16 2.674999999999998 
1 0.5000000000000008 -9.060318418553053e-16 2.675000000000002 
1 0.5000000000000011 3.275464980277807e-16 2.675000000000001 
1 0.5000000000000008 8.534626896843734e-16 2.675000000000002 
0.9999999999999997 0.4999999999999983 -7.530553144273874e-16 2.674999999999999 
1 0.5000000000000011 -2.749249560607919e-16 2.675000000000001 
1 0.5000000000000002 1.286479999670812e-15 2.675000000000001 
0.9999999999999997 0.4999999999999986 -1.166711396170157e-15 2.674999999999999 
1 0.5000000000000011 -2.250823755443307e-16 2.675000000000001 
0.9999999999999996 0.4999999999999981 5.418854603621426e-16 2.674999999999999 
1 0.5000000000000006 -1.091967537183025e-15 2.675000000000002 
1 0.5000000000000012 7.252039832433354e-16 2.675 
1 0.5000000000000004 1.063460990486575e-15 2.675000000000001 
0.9999999999999997 0.4999999999999986 -9.106530035040375e-16 2.674999999999999 
1 0.5000000000000011 -3.407205115151153e-16 2.675 
0.9999999999999998 0.4999999999999992 1.271440514664144e-15 2.675 
1 0.4999999999999998 -1.342148844006948e-15 2.675000000000001 
1 0.5000000000000012 1.610578612808342e-16 2.675000000000001 
0.9999999999999994 0.4999999999999982 -2.869656268026733e-16 2.674999999999998 
1 0.500000000000001 -8.05226047430572e-16 2.675000000000001 
1 0.5000000000000007 9.965364652990207e-16 2.675000000000001 
0.9999999999999997 0.499999999999999 1.448213893184804e-15 2.674999999999999 
1 0.4999999999999995 -1.474402209517259e-15 2.675 
1 0.5000000000000016 7.594611736412263e-17 2.675000000000001 
1 0.5000000000000008 8.747584547445214e-16 2.675000000000001 
0.9999999999999993 0.4999999999999979 -1.126232225685179e-16 2.674999999999998 
1 0.500000000000001 -8.187774400040047e-16 2.675000000000001 
0.9999999999999997 0.4999999999999991 1.397757037791138e-15 2.674999999999999 
1 0.5 -1.284027807315158e-15 2.675000000000001 
1 0.5000000000000011 1.36620049963311e-17 2.675000000000001 
1 0.5000000000000009 8.771791659637323e-16 2.675000000000001 
0.9999999999999994 0.4999999999999981 -2.256862979765977e-16 2.674999999999998 
1 0.5000000000000009 -7.643360169754323e-16 2.675000000000001 
1 0.5000000000000013 1.915905387184723e-17 2.675000000000001 
0.9999999999999999 0.4999999999999997 1.526337958457145e-15 2.675 
0.9999999999999997 0.4999999999999991 -1.641292281688227e-15 2.674999999999999 
1 0.500000000000001 7.730159606795973e-16 2.675 
0.9999999999999998 0.4999999999999983 2.106621238727824e-16 2.675 
1 0.5000000000000006 -8.367032511129574e-16 2.675000000000001 
1 0.5000000000000012 -1.7303082700317e-16 2.675000000000002 
1 0.4999999999999999 1.410789983950876e-15 2.675 
0.9999999999999996 0.4999999999999989 -1.396819790305868e-15 2.674999999999999 
1 0.5000000000000009 8.287736451686869e-16 2.675000000000001 
0.9999999999999993 0.4999999999999979 -6.602226789066334e-17 2.674999999999998 
1 0.500000000000001 -8.160352311286051e-16 2.675000000000001 
0.9999999999999998 0.4999999999999992 1.601537003496494e-15 2.675 
0.9999999999999999 0.4999999999999997 -1.435275718599743e-15 2.675 
1 0.5000000000000012 -4.336166962039246e-17 2.675000000000001 
1 0.5000000000000008 8.595350984003843e-16 2.675000000000001 
0.9999999999999996 0.4999999999999981 -1.036164667690318e-16 2.674999999999999 
1 0.500000000000001 -8.710307783717605e-16 2.675000000000001 
1 0.5000000000000008 8.011854154837813e-16 2.675000000000001 
0.9999999999999996 0.4999999999999982 -5.459132869419231e-16 2.674999999999999 
1 0.5000000000000009 -4.105883031366013e-16 2.675000000000001 
0.9999999999999998 0.4999999999999988 7.753286269202666e-16 2.674999999999999 
1 0.5000000000000003 -8.161447937074344e-16 2.675000000000001 
1 0.5000000000000014 2.04941806283515e-16 2.675000000000001 
1 0.5000000000000008 7.058433447037705e-16 2.675000000000001 
0.9999999999999993 0.499999999999998 -4.013619018903786e-16 2.674999999999998 
1 0.5000000000000008 -3.952107616315226e-16 2.675000000000001 
1 0.5000000000000009 6.508583190219105e-16 2.675000000000002 
0.9999999999999993 0.4999999999999981 -5.950181538174927e-17 2.674999999999998 
1 0.5000000000000009 -6.929672960613024e-16 2.675000000000001 
0.9999999999999996 0.4999999999999988 1.342822179332722e-15 2.674999999999999 
1 0.4999999999999997 -1.160409061429836e-15 2.675000000000001 
1 0.5000000000000017 -3.326901213492097e-18 2.675000000000001 
1 0.5000000000000011 7.593351676419757e-16 2.675000000000002 
0.9999999999999992 0.4999999999999975 -5.538249263693676e-17 2.674999999999998 
1 0.5000000000000011 -7.950362785980173e-16 2.675000000000001 
1 0.5000000000000013 1.236046089044453e-16 2.675000000000001 
0.9999999999999998 0.4999999999999991 1.530795541047356e-15 2.674999999999999 
0.9999999999999999 0.4999999999999996 -1.62587600943539e-15 2.675 
1 0.500000000000001 7.85215933982255e-16 2.675000000000001 
0.9999999999999996 0.4999999999999981 -7.791865070979859e-17 2.674999999999999 
1 0.5000000000000008 -8.005213855514735e-16 2.675000000000001 
1 0.5000000000000011 7.131013819134857e-17 2.675000000000001 
0.9999999999999998 0.4999999999999995 1.250304422954977e-15 2.675 
1 0.4999999999999996 -1.278828478231516e-15 2.675 
0.9999999999999998 0.4999999999999988 -1.01782240806361e-15 2.674999999999999 
1 0.500000000000001 -1.662346053284412e-16 2.675000000000001 
1 0.5000000000000004 1.014322732161958e-15 2.675000000000001 
1 0.5000000000000009 -7.620234882738817e-16 2.675000000000002 
1 0.5000000000000011 6.024196718687946e-16 2.675 
0.9999999999999992 0.4999999999999977 3.037809497737934e-16 2.674999999999998 
0.9999999999999998 0.4999999999999991 -1.08606504011893e-15 2.675 
1 0.5000000000000013 -1.481528035393178e-16 2.675000000000001 
1 0.4999999999999999 1.102396845233501e-15 2.675 
1 0.5000000000000007 9.252270136454292e-16 2.675000000000001 
0.9999999999999994 0.4999999999999982 -7.229751052792167e-16 2.674999999999998 
1 0.5000000000000009 -3.486581405417516e-16 2.675000000000001 
0.9999999999999998 0.4999999999999987 8.17138479920303e-16 2.674999999999999 
1 0.5000000000000002 -9.546023483927929e-16 2.675000000000001 
1 0.5000000000000016 3.072080649964048e-16 2.675000000000001 
1 0.5000000000000008 9.056005191217251e-16 2.675000000000001 
0.9999999999999994 0.499999999999998 -6.037336794144828e-16 2.674999999999998 
1 0.500000000000001 -4.226135755901377e-16 2.675000000000001 
1 0.4999999999999998 1.207433500819478e-15 2.675000000000001 
1 0.4999999999999995 -1.158610373259124e-15 2.675000000000001 
1 0.5000000000000012 -5.445656535577681e-17 2.675 
0.9999999999999991 0.4999999999999977 2.774215436938621e-16 2.674999999999998 
1 0.5000000000000011 -7.78503202964872e-16 2.675000000000002 
1 0.5000000000000008 5.716476354286885e-16 2.675000000000001 
1 0.5 1.038902574883502e-15 2.675000000000001 
0.9999999999999999 0.4999999999999992 -1.081153470382604e-15 2.675 
1 0.5000000000000012 -3.145344442710943e-17 2.675 
0.9999999999999998 0.4999999999999992 1.490691563362436e-15 2.674999999999999 
1 0.4999999999999996 -1.492097213115724e-15 2.675 
1 0.5000000000000013 4.568361698187666e-17 2.675000000000001 
0.9999999999999996 0.4999999999999982 -1.304660246269898e-16 2.674999999999999 
1 0.5000000000000008 -8.02712476604004e-16 2.675000000000001 
1 0.5000000000000008 9.487271159934465e-16 2.675000000000001 
0.9999999999999998 0.4999999999999996 1.438152479030556e-15 2.675 
0.9999999999999998 0.4999999999999993 -1.58142220973234e-15 2.675 
1 0.5000000000000013 8.288015157594931e-17 2.675000000000001 
1 0.5000000000000012 -3.052316715474528e-16 2.675000000000001 
0.9999999999999999 0.5000000000000001 1.432240920338049e-15 2.675 
0.9999999999999998 0.4999999999999987 -1.103529889440792e-15 2.674999999999999 
1 0.5000000000000012 5.533818799164259e-16 2.675000000000001 
0.9999999999999994 0.4999999999999979 8.173253722861657e-16 2.674999999999998 
1 0.5000000000000006 -1.389734406595418e-15 2.675000000000001 
1 0.500000000000001 -4.91185690002323e-16 2.675000000000001 
1 0.5000000000000002 1.552923991530849e-15 2.675 
0.9999999999999998 0.4999999999999989 -1.100243614997012e-15 2.675 
1 0.500000000000001 4.796525137297901e-16 2.675000000000001 
0.9999999999999994 0.4999999999999982 6.659253345957276e-16 2.674999999999999 
1 0.5000000000000007 -1.140921027803868e-15 2.675000000000001 
0.9999999999999999 0.4999999999999997 1.236977328781761e-15 2.675 
1 0.4999999999999993 -8.966351105120246e-16 2.675000000000001 
1 0.5000000000000013 -3.378166479142115e-16 2.675000000000001 
1 0.500000000000001 3.911729238184696e-16 2.675000000000002 
0.9999999999999994 0.4999999999999981 7.823458476369386e-16 2.674999999999998 
1 0.5000000000000007 -1.13626420728222e-15 2.675 
1 0.5000000000000013 7.133159196583667e-17 2.675000000000001 
0.9999999999999998 0.4999999999999991 1.300429791992561e-15 2.674999999999999 
1 0.4999999999999999 -1.289455700920894e-15 2.675000000000001 
1 0.5000000000000009 8.706948900260486e-16 2.675000000000001 
0.9999999999999993 0.4999999999999978 -3.414440550097957e-16 2.674999999999998 
1 0.500000000000001 -4.511849657264678e-16 2.675000000000002 
1 0.5000000000000013 1.234587732118266e-16 2.675000000000001 
0.9999999999999999 0.4999999999999993 1.264766543347819e-15 2.675 
1 0.4999999999999998 -1.314150052632551e-15 2.675000000000001 
0.9999999999999997 0.4999999999999993 1.450707359489133e-15 2.674999999999999 
1 0.4999999999999994 -1.251136304169589e-15 2.675 
1 0.5000000000000012 -8.2566050018449e-17 2.675000000000001 
0.9999999999999994 0.4999999999999981 1.955068030979592e-16 2.674999999999999 
1 0.5000000000000008 -9.636534754085739e-16 2.675000000000001 
1 0.500000000000001 7.449088354009066e-16 2.675000000000001 
0.9999999999999999 0.4999999999999998 1.397737286666706e-15 2.675 
0.9999999999999998 0.4999999999999993 -1.300339616257976e-15 2.675 
1 0.5000000000000011 -4.869883520436393e-17 2.675000000000001 
0.9999996007512011 0.5000422166140801 5.752273125382166e-07 2.675019759012963 
0.9999338160230803 0.4999111456893277 -4.808718608477663e-05 2.67472752213085 
1.000051781112657 0.5000119502179234 3.689422397163158e-05 2.675184370069828 
0.9995726878958496 0.4998452303796226 -0.0005306877532572858 2.673448626814116 
1.000580107931727 0.5002163309540881 0.000708540822789352 2.677109339434155 
1.00036295728415 0.5001575797885566 0.0004375412738740274 2.676330304308903 
1.002229772824548 0.500462928367155 0.001000310200173999 2.682905337957872 
1.003783693730945 0.5060955136421605 0.001539396289047902 2.691016381763936 
0.9932328849514565 0.4935644605297011 -0.004083504319785086 2.648573529490487 
1 0.5000000000000009 5.134391305325668e-16 2.675000000000002 
0.9999999999999994 0.4999999999999982 3.825624894164221e-16 2.674999999999998 
1 0.5000000000000007 -8.355970163569218e-16 2.675000000000001 
1 0.4999999999999997 1.078327900008217e-15 2.675 
1 0.4999999999999996 -8.359676729348103e-16 2.675000000000001 
1 0.5000000000000012 -2.721915697475701e-16 2.675000000000001 
1 0.5000000000000009 3.347438663078855e-16 2.675000000000001 
0.9999999999999991 0.4999999999999978 5.159585909256876e-16 2.674999999999998 
1 0.5000000000000009 -7.022070578939847e-16 2.675000000000001 
1.008148290808237 0.5125977677340077 0.00458697042282337 2.709084478758983 
0.9846490053585062 0.4859245390613677 -0.009752639910913656 2.615617593536596 
1.005436416122476 0.5013105361559596 0.002089690857523951 2.694312146664324 
1.001098571755825 0.5002180953362232 0.001311142747112843 2.678905028630123 
1.000721432486266 0.500204182452693 0.0008600318291847889 2.67759264880495 
0.9991695266539631 0.499840542365301 -0.001009431741444712 2.672051037188947 
0.9999281411123565 0.499918007272641 -6.687789418362464e-05 2.674711373128623 
1.000068909821336 0.5000265690869027 4.871263179061734e-05 2.675250719354009 
0.999995652120894 0.5000313455361094 6.726809255423615e-06 2.675000719531268 
1 0.5000000000000008 6.258444009524463e-16 2.675000000000001 
0.9999999999999996 0.4999999999999981 2.848825767776371e-16 2.674999999999998 
1 0.500000000000001 -8.546477303329099e-16 2.675000000000001 
0.9999999999999999 0.4999999999999995 1.315630055985058e-15 2.675 
1 0.4999999999999996 -1.240107644134641e-15 2.675000000000001 
1 0.5000000000000012 -1.095430828332331e-16 2.675 
1 0.5000000000000011 5.338718340360603e-16 2.675000000000001 
0.9999999999999994 0.4999999999999981 3.185285732484056e-16 2.674999999999998 
1 0.5000000000000009 -7.40242458957562e-16 2.675000000000001 
1.006479400073372 0.5097255512192901 0.00196006491510514 2.701919467654166 
0.9852116210628454 0.4879000173190028 -0.007079904934455323 2.618435251869323 
1.005913312014381 0.4996636260357165 0.00221240862069156 2.695240665770755 
1.001365574451434 0.5015619574536024 0.001440476520245665 2.68049398954392 
1.000884547318731 0.50087183826638 0.0009672081192710617 2.678488191647747 
0.9990251912452109 0.4989780838060639 -0.001094989583740276 2.671124109873536 
0.9998355223565233 0.499770024600854 -9.932441391217306e-05 2.674318310614914 
1.000127076870412 0.5000657335402485 7.629619418796664e-05 2.675470779684721 
1.000006664130738 0.5000893993430736 6.048596159194044e-06 2.675067661349373 
1.005739526216058 0.5087479007433569 0.003668835905840385 2.698980590212435 
0.98755359249332 0.4896804021147098 -0.007263190842183334 2.627325871979387 
1.005501498086778 0.50093704069995 0.001633942244230904 2.694371021540432 
1.00044347454246 0.4998972823512929 0.000430638428716987 2.676478936633949 
1.000481763787409 0.499913207351836 0.0004886690857968833 2.676619496962045 
0.9995669587527199 0.5000977734811561 -0.0004369576744101511 2.673554195330145 
0.9999772824899839 0.4999790446437399 -2.383720941938249e-05 2.674911236578549 
1.000038082808306 0.5000093568739159 2.551112016471958e-05 2.67513590032807 
0.9999876253876271 0.5000090183549595 -1.519448406884378e-06 2.67496188000979 
0.9999999999999994 0.4999999999999982 -5.165509163661232e-17 2.674999999999998 
1 0.5000000000000009 -5.716118382205316e-16 2.675000000000001 
1 0.5000000000000009 4.751133153829049e-16 2.675000000000002 
1 0.5 -1.094038725301923e-15 2.675000000000001 
1 0.5000000000000011 -4.664361257969482e-18 2.675000000000001 
0.9999999999999996 0.4999999999999988 1.303176462569239e-15 2.674999999999999 
0.9999999999999994 0.4999999999999983 -3.087961323894394e-16 2.674999999999998 
1 0.5000000000000009 -7.810725701615222e-16 2.675000000000001 
1 0.5000000000000008 8.718949620407692e-16 2.675000000000001 
0.9999999999999998 0.4999999999999984 -9.324692520443576e-16 2.674999999999999 
1 0.5000000000000011 -3.496759695166346e-16 2.675000000000001 
1 0.5000000000000004 1.126733679553598e-15 2.675000000000001 
1 0.5000000000000008 -1.078281624544622e-15 2.675000000000002 
1 0.5000000000000009 3.270498035966659e-16 2.675000000000001 
0.9999999999999994 0.4999999999999982 9.68122414377162e-16 2.674999999999999 
0.9999999999999996 0.4999999999999984 -1.053878952272335e-15 2.674999999999999 
1 0.500000000000001 -4.12809727848611e-16 2.675000000000001 
1 0.5000000000000004 1.354987224350144e-15 2.675000000000001 
0.9999999999999996 0.4999999999999986 7.44836672006665e-16 2.674999999999999 
1 0.5000000000000003 -1.111149789386991e-15 2.675000000000001 
1 0.5000000000000011 4.273653036103817e-16 2.675000000000001 
0.9999999999999997 0.4999999999999987 -9.841501256825785e-16 2.674999999999999 
1 0.500000000000001 -3.923610405657009e-16 2.675000000000001 
1 0.5000000000000003 1.365930414929631e-15 2.675 
0.9999999999999996 0.4999999999999983 1.202715844567613e-15 2.674999999999999 
1 0.5000000000000004 -1.556814925709347e-15 2.675000000000001 
1 0.5000000000000012 4.945176822841464e-16 2.675000000000001 
0.9999999999999998 0.4999999999999996 1.256169725029213e-15 2.674999999999999 
0.9999999999999998 0.4999999999999991 -1.440782528068649e-15 2.674999999999999 
1 0.5000000000000013 -2.809325263643511e-17 2.675000000000002 
0.9999999999999994 0.4999999999999979 1.285202335767374e-16 2.674999999999998 
1 0.500000000000001 -8.749354654714475e-16 2.675000000000002 
1 0.5000000000000009 9.210260423578583e-16 2.675 
1 0.5000000000000001 1.482421747786445e-15 2.675 
0.9999999999999996 0.4999999999999987 -1.557671582699461e-15 2.674999999999999 
1 0.5000000000000012 -4.264157311737591e-17 2.675000000000001 
0.9999999999999996 0.4999999999999982 5.65666755802305e-16 2.674999999999999 
1 0.5000000000000007 -1.283097763161326e-15 2.675000000000001 
1 0.500000000000001 7.588212577835803e-16 2.675000000000001 
0.9999999999999999 0.4999999999999993 -1.147251085200755e-15 2.675000000000001 
1 0.5000000000000012 -2.982245581575017e-16 2.675000000000001 
0.9999999999999997 0.4999999999999996 1.467764423181533e-15 2.674999999999999 
0.9999999999999996 0.4999999999999983 3.587189096264507e-16 2.674999999999999 
1 0.5000000000000006 -1.048562966600394e-15 2.675000000000001 
1 0.500000000000001 7.174378192529019e-16 2.675000000000001 
0.9999999999999999 0.4999999999999991 1.28560361970934e-15 2.675 
0.9999999999999999 0.4999999999999999 -1.348790187029647e-15 2.675 
1 0.5000000000000012 1.215126294621386e-17 2.675000000000001 
0.9999999999999996 0.4999999999999981 -3.634924240520517e-16 2.674999999999998 
1 0.5000000000000009 -7.926108322045374e-16 2.675000000000001 
1 0.5000000000000009 1.16131224954652e-15 2.675000000000001 
1 0.4999999999999996 1.16409099024721e-15 2.675000000000001 
0.9999999999999999 0.4999999999999995 -1.334208671494192e-15 2.675 
1 0.5000000000000012 2.308739959780485e-16 2.675 
1 0.5000000000000002 9.795510189713352e-16 2.675000000000001 
0.9999999999999999 0.499999999999999 -8.659798863369764e-16 2.675 
1 0.5000000000000011 -2.697314400065989e-16 2.675 
0.9999999999999992 0.499999999999998 8.8893804851393e-16 2.674999999999998 
1 0.5000000000000006 -8.767873607469153e-16 2.675000000000002 
1 0.5000000000000011 2.399954434909348e-16 2.675000000000001 
1 0.5000000000000006 9.369529023980814e-16 2.675000000000001 
0.9999999999999996 0.4999999999999986 -7.855261706973806e-16 2.674999999999999 
1 0.500000000000001 -3.312459755952805e-16 2.675000000000001 
0.9999750666549536 0.5000049949729325 -1.084828917594927e-05 2.674916599946107 
0.9999750814833296 0.4999697886425802 -2.331188902163119e-05 2.674899041682167 
1.000056584307241 0.5000323391593622 4.02472333364933e-05 2.675211127136307 
0.9994650545755676 0.499845396892021 -0.0006617046078878678 2.673076783615885 
1.000582256929408 0.5001676183995289 0.0007032373994329392 2.67709258661242 
1.000603339321184 0.5002117598877763 0.0007305409860582595 2.677187564636889 
1.003962177020346 0.499942412265484 0.001550659720486053 2.688615518955044 
1.003077278109048 0.504768735314068 0.002274773678771173 2.687914777059465 
0.9913773921848844 0.4936735216455739 -0.006198106255986852 2.642288371673883 
0.9999999999999999 0.4999999999999989 -4.476420604405381e-16 2.675 
1 0.5000000000000013 -6.209228580304231e-16 2.675000000000001 
1 0.5000000000000003 8.51963921483604e-16 2.675000000000001 
1 0.5000000000000003 -8.689119583317026e-16 2.675000000000001 
1 0.500000000000001 7.784967794515094e-17 2.675000000000002 
0.9999999999999992 0.4999999999999981 1.175294729347759e-15 2.674999999999998 
0.9999999999999998 0.4999999999999989 -5.487207559632678e-16 2.675 
1 0.5000000000000009 -6.931209549009692e-16 2.675 
1 0.5000000000000007 8.664011936262117e-16 2.675000000000002 
1 0.5000000000000012 3.846024737618141e-16 2.675000000000001 
0.9999999999999996 0.4999999999999984 1.270353625455689e-15 2.674999999999998 
1 0.5000000000000003 -1.498784185629372e-15 2.675000000000001 
1 0.5000000000000008 1.45103658609263e-15 2.675000000000001 
0.9999999999999997 0.4999999999999985 -8.939187018002494e-16 2.674999999999999 
1 0.5000000000000008 -5.955624546952503e-16 2.675000000000001 
1 0.5000000000000012 3.624246373307552e-16 2.675000000000001 
0.9999999999999996 0.4999999999999984 1.159637348048704e-15 2.674999999999999 
1 0.5000000000000003 -1.348419854177696e-15 2.675000000000001 
0.9920563904070292 0.4871241018595533 -0.00331799383642138 2.640863688075202 
1.015967574211373 0.5136717143539944 0.009334247046548538 2.737405874986731 
0.9936070196409496 0.4995987608555657 -0.002791915232680318 2.65275980861626 
0.9989568508620789 0.4996841771632373 -0.001256577955142715 2.671258907371293 
0.9991176136377709 0.499670748550601 -0.001063561513247424 2.671803338625567 
1.000881415178024 0.5002722946592723 0.00108502974064772 2.678163550280431 
1.000061049712693 0.5000909242134782 5.518648918388204e-05 2.675255699272978 
0.9999279762485274 0.4999437709815316 -5.63366279421957e-05 2.674723829937967 
1.000018466056639 0.4999753371296442 7.652900354439564e-06 2.675051298974227 
0.9999999999999997 0.4999999999999984 -5.766440550710896e-16 2.674999999999999 
1 0.5000000000000011 -6.875371425847605e-16 2.675 
1 0.5000000000000007 1.020216405125774e-15 2.675000000000002 
1 0.5000000000000003 -1.127490149319592e-15 2.675000000000001 
1 0.5000000000000011 1.392561773944319e-16 2.675000000000001 
0.9999999999999993 0.4999999999999983 1.336911406311927e-15 2.674999999999998 
0.9999999999999997 0.4999999999999986 -5.655581347930926e-16 2.674999999999999 
1 0.500000000000001 -5.212006340250068e-16 2.675000000000001 
1 0.5000000000000006 9.647756417058635e-16 2.675000000000001 
0.9999999999999997 0.4999999999999984 -9.17348367062998e-16 2.674999999999999 
1 0.5000000000000013 -3.057827890209999e-16 2.675000000000001 
1 0.5000000000000003 1.190200701881735e-15 2.675000000000001 
1 0.5000000000000007 -1.129160499697392e-15 2.675000000000001 
1 0.500000000000001 4.579291352907134e-16 2.675000000000001 
0.9999999999999994 0.4999999999999981 7.778258587500029e-16 2.674999999999998 
0.9999999999999998 0.4999999999999989 -1.002029442600421e-15 2.675 
1 0.5000000000000009 -3.810534500029775e-16 2.675000000000001 
1 0.5000000000000003 1.256065075935739e-15 2.675000000000001 
1 0.5000000000000003 -1.295879936893606e-15 2.675000000000001 
1 0.5000000000000013 2.995342919827058e-16 2.675000000000001 
0.9999999999999993 0.4999999999999982 1.276961981610486e-15 2.674999999999998 
1 0.5000000000000011 -5.902647911124568e-16 2.675000000000001 
1 0.5000000000000007 1.113224764086329e-15 2.675000000000001 
0.9999999999999997 0.4999999999999983 -7.02898943093031e-16 2.674999999999999 
1 0.5000000000000003 -1.226525405703196e-15 2.675000000000001 
1 0.5000000000000012 2.617007935047942e-16 2.675000000000002 
0.9999999999999993 0.4999999999999983 1.207607276052246e-15 2.674999999999998 
0.9944560010593499 0.4911813648169674 -0.001896491554540051 2.651330423566267 
1.01036595700612 0.5084570731686 0.006892257188718593 2.715195623014328 
0.9965303858569555 0.499798232596489 -0.002147308699754544 2.662934245684827 
0.9991682250772405 0.4997727355705433 -0.0009885351019145942 2.67202627463452 
0.9993117639862379 0.4997806001439955 -0.0008233746908427738 2.672523160437216 
1.000691994152942 0.5001947792993914 0.0008379182357407021 2.677476730161361 
1.000036127256716 0.5000481363071818 3.195067343396303e-05 2.675148490636612 
0.9999477314675513 0.4999690324879974 -4.547946939221146e-05 2.674804483470341 
1.000014840097153 0.4999891206500501 1.252728182252565e-05 2.67504569042168 
0.9999999999999994 0.4999999999999979 4.520051270535934e-16 2.674999999999998 
1 0.5000000000000007 -1.222087936107863e-15 2.675 
1 0.5000000000000012 7.421812580015795e-16 2.675000000000002 
0.9999999999999998 0.4999999999999988 -1.300296835487107e-15 2.675 
1 0.5000000000000014 -3.180494965234418e-16 2.675000000000002 
0.9999999999999997 0.4999999999999998 1.646219697586002e-15 2.674999999999999 
0.9999999999999994 0.4999999999999982 1.004455837896875e-15 2.674999999999998 
1 0.5000000000000006 -1.54016561810854e-15 2.675000000000001 
1 0.500000000000001 5.803522618959724e-16 2.675000000000001 
0.992195278701835 0.4884051169845558 -0.0006730817378915398 2.641950636206613 
1.016101391058505 0.5134212422471018 0.007232870568777532 2.737718870242238 
0.9940440311126951 0.5002881177870864 -0.003317616051666989 2.654682434063661 
0.998455064516639 0.4979325851618025 -0.001410536139802162 2.668652750673108 
0.999044383324854 0.498921917278304 -0.0009682745177865545 2.671173970525692 
1.001089478001882 0.5013497792538582 0.00110228058166875 2.679421285669811 
1.000154698744469 0.5002583775224584 5.321809798327732e-05 2.675662085588853 
0.9998896701281937 0.499912758620725 -6.885345283903362e-05 2.674576378853919 
0.9999995248635347 0.4999054706960178 2.458340823733945e-05 2.674951107177809 
1 0.5 1.519391312409415e-15 2.675 
0.9999999999999996 0.4999999999999987 -1.295545569107926e-15 2.674999999999999 
1 0.5000000000000014 -2.959056743642951e-16 2.675000000000001 
0.9999999999999994 0.499999999999998 4.946425638574996e-16 2.674999999999998 
1 0.5000000000000008 -1.080706361459957e-15 2.675000000000002 
1 0.500000000000001 6.855285445901393e-16 2.675000000000001 
1 0.5000000000000004 9.904407546079535e-16 2.675000000000001 
0.9999999999999998 0.499999999999999 -1.045635595422018e-15 2.675 
1 0.5000000000000009 -3.986294058793577e-17 2.675000000000001 
0.9999999999999996 0.4999999999999987 -1.117569331500885e-15 2.674999999999999 
1 0.5000000000000011 -2.551152376769332e-16 2.675000000000001 
1 0.5000000000000003 1.259117140792602e-15 2.675000000000001 
1 0.5000000000000006 -8.671071840299913e-16 2.675000000000001 
1 0.5000000000000011 5.611586481987244e-16 2.675000000000001 
0.9999999999999996 0.4999999999999982 4.821552197568357e-16 2.674999999999998 
0.9999999999999998 0.4999999999999993 -1.277225229061818e-15 2.675 
1 0.5000000000000008 -1.975090560404876e-16 2.675000000000001 
1 0.5000000000000001 1.329894310672613e-15 2.675 
0.9991111064029654 0.4899317096625442 2.492095881565374e-05 2.679128647473422 
1.008783135356268 0.5201939679611584 -0.0007109181935837806 2.699451639047637 
1.008837004829648 0.5202002520792437 0.0007203411535575624 2.699640665418598 
0.9982538456959511 0.4973852043283095 0.0002307954117510765 2.669022507309487 
1.005976959157813 0.5092394800666558 1.550817169435927e-05 2.696971137765093 
0.9981600926646172 0.4972514213395745 -0.0002434503677642824 2.668719659558401 
0.9991102660915134 0.4899311797661925 4.2061412854277e-06 2.679125478829336 
1.008886831112565 0.5201374244051097 -0.0007329034835608949 2.69977963979953 
1.008729842508705 0.5202574721146035 0.0006855691463838255 2.699301095499159 
1.000018084433384 0.5000108272005787 2.318045140944133e-05 2.675067450724104 
1.00010567369147 0.5001478072760016 -5.015109860803079e-05 2.675433410836103 
0.999865554558933 0.4998346128676962 1.261191295889754e-05 2.674459156348183 
1.00034106196109 0.5005865154217677 8.425967592356143e-05 2.676385230852258 
0.9994011558064904 0.4989833623043063 -0.0001508135586131193 2.672567260854794 
0.9998092989281051 0.4996827302363275 -6.096000090727322e-06 2.674217224169587 
0.999286957997722 0.498979428616625 -0.0006831301517074501 2.672182299252087 
1.004633282112118 0.5070037825265001 0.001303977909816026 2.692112957480924 
0.9976376894316851 0.4964470837349477 -0.0006372807122709 2.666995682331665 
0.9997796255847362 0.499636100905091 -7.660421875583863e-06 2.674095702324657 
0.9993181045351087 0.4988418504953447 0.0001193006426118576 2.672227563811866 
1.000386061458849 0.5006619527054766 -6.654463880985821e-05 2.676567909377018 
1.000014359116849 0.5000051579093227 -2.579914880888965e-05 2.67505194207565 
0.9998669557925155 0.4998350051601924 -8.176730081638019e-06 2.674464191213006 
1.000111755348754 0.5001587962495393 5.091577504862161e-05 2.675459523951761 
0.9999999240059099 0.4999999642176736 -9.320847572897615e-08 2.674999720309232 
1.000000021512564 0.5000000117602663 2.63111562090947e-08 2.675000079990899 
1.000000026233838 0.5000000145141941 3.291586890429816e-08 2.675000097632669 
0.9999996751816576 0.5000000589154969 -3.383890587394054e-07 2.67499891045895 
1.000000136151594 0.4999999736556826 1.464963859207849e-07 2.675000455869896 
0.9999999770444427 0.5000000108940202 -1.206808212557828e-08 2.674999926365093 
0.9998975199609856 0.4995097647016609 0.0001993178643361483 2.674399204728907 
1.00108808539778 0.5006363966889921 0.0005842360799957263 2.679068602214938 
0.9989323911032401 0.5001476179265955 -0.0008128140499661235 2.671399191806487 
0.9993439397902517 0.4998004177177021 -0.000787433476837528 2.672644820918232 
1.000614574101255 0.5001421492465861 0.0007509761498686326 2.67718341167503 
0.9993156302308741 0.4998482360055301 -0.0008153126494386576 2.67257151372609 
0.9943884646415375 0.5003154894566609 -0.001807268239833642 2.655838943399227 
0.9947017138218526 0.4917432981531978 -0.003022084557852506 2.652445077972394 
1.012156110341112 0.5087907775100454 0.007152333433583779 2.721582994850294 
1 0.5000000000000012 1.308837501735097e-15 2.675000000000002 
0.9999999999999996 0.4999999999999982 1.308837501735096e-15 2.674999999999999 
0.9999999999999999 0.5000000000000006 -1.813160208825684e-15 2.675 
0.9999999999999999 0.5000000000000002 1.641125315544956e-15 2.675 
0.9999999999999997 0.4999999999999986 -1.507659046396857e-15 2.674999999999999 
1 0.5000000000000011 -1.948154378471863e-16 2.675000000000002 
1 0.5000000000000011 6.28406351124193e-16 2.675000000000001 
0.9999999999999998 0.4999999999999986 6.284063511241926e-16 2.675 
1 0.5000000000000007 -1.116722114418151e-15 2.675000000000001 
0.9999999999999996 0.4999999999999984 9.535613263717023e-16 2.674999999999999 
1 0.5000000000000004 -1.219402665845025e-15 2.675000000000001 
1 0.5000000000000011 3.525287327798421e-16 2.675000000000001 
0.9999999999999996 0.4999999999999984 -1.121746189792524e-15 2.674999999999999 
1 0.5000000000000011 -4.81402788103417e-16 2.675000000000001 
1 0.5000000000000003 1.529750781328486e-15 2.675000000000001 
0.9999999999999997 0.4999999999999984 1.725084311710987e-15 2.674999999999999 
1 0.5000000000000003 -1.985147273275456e-15 2.675 
1 0.5000000000000012 9.391162500939202e-16 2.675000000000002 
1.000037250408528 0.5000179018294423 2.372527455919655e-05 2.675137280309913 
0.9999371796410286 0.5000175655514113 -5.003476331842763e-05 2.674792380202252 
1.000008733979854 0.4999835670116902 1.444726418259609e-05 2.675021864359439 
1.00000065269347 0.5000005005158263 9.46762464029358e-07 2.675002498716493 
0.9999903629443397 0.4999954940672413 -1.187966477373981e-05 2.674964548182204 
1.00000408285146 0.5000020951370576 5.067829164843184e-06 2.675015112624199 
1.005396759554166 0.5036487323534405 0.003417751171548964 2.695474963534211 
0.9972867395038369 0.500621368607942 -0.0007850883522689086 2.665972668656806 
0.9977887794167848 0.4963487965384271 -0.001425331522979053 2.665524269297693 
0.9996498613724637 0.4998674131957349 -0.0004210488274671465 2.673728616145725 
0.9996500695363463 0.4998597967084913 -0.0004262718045219679 2.673725573823409 
1.000318439264251 0.5001154870990944 0.0003943772809682224 2.676153610273 
1.000644286688274 0.4997464738615108 0.0004831112340974179 2.6770948624389 
0.9991322247071287 0.5003129227144849 -0.000477127548979809 2.67217240891278 
1.000092742991205 0.4999697475282772 0.0001519001180566348 2.675300610254417 
1.000048281195665 0.5000059218563524 -5.532325309814568e-05 2.675169305892794 
1.000007740862443 0.5000005032346095 -8.610726744237142e-06 2.675026918589035 
0.9999740523402952 0.4999971983364882 2.996719408552818e-05 2.674909201478472 
0.9999997299070428 0.5000000894892749 -2.318560244375476e-07 2.674999114276579 
1.000000037766978 0.4999999874866445 3.242011984035476e-08 2.675000123850416 
1.00000011616299 0.4999999615120399 9.971795322010361e-08 2.675000380936504 
1.003514737626372 0.4974823544178857 -5.478622472078017e-06 2.685715656298972 
0.9942136610557328 0.5039891725467465 0.0002574489487264971 2.657188902252682 
0.9942679510783947 0.5039920953552485 -0.0002282662259253524 2.657384359670566 
1.000386128702369 0.4998275733721689 0.0002143685320746714 2.676236433707129 
0.9980017705400838 0.5012893860344364 -8.377978659895437e-06 2.668775624987318 
1.001213326799339 0.4991829384802777 -0.000206047938098801 2.678773990768318 
1.003524256460959 0.4974931701200732 -1.643452012156719e-05 2.685753910547241 
0.9941729889858618 0.5039368444993774 0.0002377972147874461 2.657022496253361 
0.9943000274965282 0.5040196380823529 -0.0002470737465420177 2.657508703471965 
0.9999999999999997 0.4999999999999984 6.296560579389719e-16 2.674999999999999 
1 0.5000000000000007 -1.143661003195275e-15 2.675000000000001 
1 0.500000000000001 7.067567997274173e-16 2.675 
0.9999999999999994 0.4999999999999984 -1.332714452586117e-15 2.674999999999998 
1 0.500000000000001 -1.040340696811539e-16 2.675000000000001 
1 0.5000000000000004 1.25807972823084e-15 2.675000000000001 
0.9999999999999996 0.4999999999999983 1.040860543687467e-15 2.674999999999999 
1 0.5000000000000007 -1.426364448756898e-15 2.675000000000001 
1 0.5000000000000011 9.894600230115417e-16 2.675000000000001 
1.000005906818756 0.4999959272952319 -6.801871727529472e-07 2.675018313489951 
0.9999991385515767 0.5000005939337805 9.917085755449488e-08 2.674997329220672 
0.9999974773152451 0.5000017393860531 2.905085051686471e-07 2.674992178646387 
0.9999999999999992 0.4999999999999985 -1.991536636269979e-15 2.674999999999997 
1.000000000000001 0.5000000000000013 6.971034633219232e-16 2.675000000000003 
0.9999999999999999 0.4999999999999999 1.227479732967982e-15 2.675 
1.000000009356029 0.5000000159638649 3.244382291398053e-09 2.67500004021346 
1.000000032273954 0.500000046299274 2.549081913451067e-08 2.675000134333394 
0.9999999188294783 0.4999998838273958 -6.129594023239735e-08 2.674999662281276 
0.9999999997405142 0.4999999998431055 -3.446729555363712e-10 2.674999999027625 
1.000000001575476 0.5000000007405353 1.959687459831802e-09 2.675000005797783 
0.9999999993787186 0.4999999996882215 -7.871174848341595e-10 2.674999997703797 
0.9999999999999996 0.4999999999999986 1.290960872499672e-15 2.674999999999999 
1 0.5000000000000003 -1.441231450250956e-15 2.675000000000001 
1 0.5000000000000011 2.527277898544336e-16 2.675000000000001 
0.9999999999999997 0.4999999999999983 -6.711760772636838e-16 2.675 
1 0.5000000000000012 -7.735243285428765e-16 2.675000000000001 
1 0.5000000000000006 1.343923638344376e-15 2.675000000000001 
0.9999999999999996 0.4999999999999984 1.639314555009487e-15 2.674999999999999 
1 0.5000000000000003 -1.639314555009485e-15 2.675000000000001 
1 0.5000000000000012 6.284039127536367e-16 2.675000000000001 
1 0.5000000000000011 9.608773128229483e-16 2.675000000000001 
0.9999999999999996 0.4999999999999983 1.480772284012175e-15 2.674999999999999 
1 0.5000000000000006 -1.731435930835553e-15 2.675000000000001 
1 0.5000000000000003 1.336398148286248e-15 2.675000000000001 
0.9999999999999998 0.4999999999999986 -9.40604117228013e-16 2.674999999999999 
1 0.500000000000001 -5.321152112936196e-16 2.675000000000001 
1 0.500000000000001 2.228132257514647e-16 2.675000000000001 
0.9999999999999997 0.4999999999999985 1.002659515881589e-15 2.674999999999999 
1 0.5000000000000007 -1.039795053506834e-15 2.675000000000001 
1.000080159020225 0.5001093900490977 7.442610662976083e-05 2.675330823992581 
0.9999669148017414 0.499965256025765 -3.315537053385097e-05 2.674868646909235 
0.9999882674224321 0.4999837416992373 -1.704827336962336e-05 2.674951462923586 
0.9988082373373235 0.4988353324940026 -0.0008710965579249402 2.670314879416407 
1.000046889986959 0.4997631514869901 -6.695234138678216e-05 2.675042398002486 
1.001457240796404 0.5021674764400833 0.0009659128019785181 2.681102934801418 
1.000202499724535 0.5001101749471334 0.0002467974878137356 2.675753060398005 
1.000031673678374 0.5000285352466769 3.305822789784536e-05 2.675123372267176 
0.9998887574897712 0.4999320170096076 -0.00013082956517609 2.674582600981793 
1.002602033664377 0.5042222235082231 -5.471031707167857e-05 2.686048680435438 
0.9957508650012438 0.4957786939703531 -0.001209278223442348 2.658286464663323 
1.001557347465279 0.5003173078637178 0.0005294007017702772 2.680524057804312 
0.9999999999999996 0.4999999999999984 8.809481588127525e-16 2.674999999999999 
1 0.5000000000000003 -1.072749530098567e-15 2.675000000000001 
1 0.5000000000000012 3.813724940683056e-16 2.675000000000002 
0.9999999999999997 0.4999999999999983 -9.563521619698025e-16 2.674999999999999 
1 0.5000000000000012 -6.327842110503261e-16 2.675000000000001 
1 0.5000000000000004 1.427955812927486e-15 2.675000000000001 
0.9999999999999998 0.4999999999999987 1.804267811508411e-15 2.675 
1 0.5000000000000002 -1.844412212753344e-15 2.675 
1 0.5000000000000009 6.623826205414069e-16 2.675000000000001 
1.010204295417503 0.5157618980504154 0.004892273951207644 2.717582545737107 
0.9795057707653936 0.4796538360961113 -0.01251908314593522 2.595092238674025 
1.006665912174478 0.5014676386189172 0.002672141935426108 2.698598033133166 
1.000339903925383 0.5001772341959717 0.0004177785689937948 2.676260541922674 
0.9997991250505959 0.4999156052188475 -0.0002602933804418357 2.674265279375192 
1.000126881857009 0.5000526379105963 0.0001583626168823559 2.675463477080168 
1.002455111423405 0.500007956940996 0.0008924857450292084 2.683470553310412 
1.000187392650007 0.5004839148001129 0.0001750099808532878 2.675870048414451 
0.9961133191046233 0.4975041851107344 -0.002596391724845634 2.660391622700058 
1.006314023208729 0.5099244210501394 0.002102014536402992 2.701560045431795 
0.9888966975469508 0.488895817940345 -0.005231049196336202 2.631442574406776 
1.003720577865053 0.5009075408594036 0.001114113120807158 2.688254714841486 
0.9875404930480191 0.4882139062671042 -0.004760758767112338 2.626458520082521 
1.005162543847381 0.5007907586132768 0.0009804616749405869 2.693175604103244 
1.006067236378041 0.5095570566174561 0.001975202933871134 2.700521408642129 
1.000719157008327 0.500607121849501 0.0008586541180929528 2.677786261931648 
1.000463174439329 0.5003816876371316 0.0005329250761815512 2.6767885426783 
0.999472602555069 0.4995838163139882 -0.0006473681224311216 2.67297143327388 
1.015770123815505 0.5112668460664551 0.01020080848623609 2.735527811827091 
0.9939815447396753 0.5001303058880695 -0.003613627611178614 2.654330570073918 
0.9922302392856143 0.4879758209299497 -0.002642279441086351 2.641874785591172 
0.9989307206289741 0.4997354247707708 -0.001264947530020843 2.671193886917312 
0.9989477791993526 0.4996840394645364 -0.001257627857076859 2.671226949461126 
1.000970924061289 0.5002559963106668 0.001174383057682077 2.678463037378963 
1.005395635433324 0.5084240665181363 0.002924993019081969 2.697641477444087 
0.9872472296269056 0.4886389371666685 -0.007734966728473459 2.625707890168375 
1.005133685051704 0.500400321941005 0.001741442131619754 2.692868360184959 
1.00579842612755 0.5052074366187537 0.002426944752972656 2.697653107707934 
0.998514455647512 0.4996527942552925 -0.0006169565274704591 2.669705735741888 
0.9962042351564356 0.4943018785997264 -0.0001198441353578651 2.659019926006964 
0.99961621916902 0.499840461489275 -0.000468636210481034 2.673599399636263 
0.9997709832820074 0.499890939350674 -0.0002799326195415353 2.674157002591819 
1.000277567803988 0.5001210216825878 0.000350553839212878 2.676015844643108 
0.9991831842916878 0.4998159769094219 -0.0009676643913127038 2.672101972933064 
1.000740719529766 0.5001244842803148 0.0008880903383340346 2.677606580450399 
0.999217486073511 0.4998829497984405 -0.0009123125792978414 2.672252742993172 
0.9926703054123003 0.500254759528887 -0.002725845406391859 2.649900736500973 
0.9924918347011186 0.4882116131450083 -0.003109859756371288 2.64290044297233 
1.016204905382367 0.5117683732572991 0.00858307697552043 2.737272644621884 
1.014315447872835 0.5109183423943291 0.005472733546056536 2.730203626426153 
0.9936277010045004 0.4998632569883851 -0.002402329259240579 2.653000282578239 
0.9928511852821181 0.4887998916240489 -0.0009901626461579919 2.644487932405974 
0.9994788350718743 0.4999200908936313 -0.0006068957847848388 2.673168207947718 
0.9994054159641528 0.4998652106577683 -0.0007047248807871781 2.67288914694968 
1.000521025922599 0.5000946707424716 0.0006244945539408477 2.676838055807064 
0.9999817357049113 0.4999717303640374 1.113958660451273e-05 2.674923941544021 
1.000042771128576 0.5000662045491826 -2.60735504776914e-05 2.67517809402577 
0.9999937574647915 0.4999903347208245 3.794375525883184e-06 2.674974022896223 
1.00000344090896 0.5000013533709076 1.20420094101978e-06 2.675012530633117 
0.9999990067796205 0.4999992284065816 3.474023844380728e-08 2.674996192552747 
0.9999998817789711 0.4999998422529448 4.821736288986366e-07 2.674999513852779 
1.039056288384128 0.5193653417053598 0.0106383112241151 2.821517429099286 
0.9713285257374737 0.4908280639975496 -0.0003376286327574788 2.569565466069893 
1.032587253099535 0.5061549578970209 0.009083631684871234 2.792144311601731 
1.000011322734661 0.4999989683152259 1.123431411002342e-05 2.675038491085268 
1.000066356962801 0.5000280340662501 1.762009479029767e-05 2.675242622819364 
0.9999717111494935 0.4999850340943964 -8.34856732707444e-07 2.674895058857238 
1.009470506207898 0.5036538496626829 0.002046694201532094 2.709583778927823 
1.01299301036847 0.5064730026916261 0.003533586622957886 2.723245788389366 
0.9906575486890195 0.4955356881555915 0.0003719744002906875 2.640387296216188 
0.9999999999948699 0.4999999999913061 -2.291953254537134e-12 2.674999999977977 
1.00000000000136 0.5000000000023591 4.411938729329262e-13 2.67500000000587 
1.000000000001564 0.5000000000027798 5.43866220238689e-13 2.675000000006777 
0.9999999844404994 0.4999999008817153 -1.534941549461305e-08 2.674999896837825 
1.000000143732479 0.5000003277465381 1.035616002959518e-07 2.675000659031611 
0.9999996529896578 0.4999994050853424 -1.397888664832132e-07 2.674998507092679 
0.9927377455452789 0.4957619211239626 -0.001275505545156952 2.647925172177839 
0.9964110644267095 0.4972271678784872 -0.001429856256567379 2.661271603499085 
1.004822916992472 0.5032446420554175 -0.0004804123844845158 2.693191364250642 
0.978356524700648 0.4879225636867363 -0.006149475376494692 2.595063396110953 
1.014118113316395 0.5054799873643725 -0.0005232289631103221 2.72587658530183 
0.9864259482063098 0.4969457635673786 -0.003665061948928638 2.627037653978614 
0.9727590719843427 0.4920078093444573 -0.004034431793010359 2.578276818806156 
0.9701619450795795 0.4821756029992583 -0.004296531931201845 2.56452016579832 
1.022269028556458 0.506791255750335 -0.00123288282078167 2.753930709211242 
1.047188116952026 0.5112752220825059 0.02118852639966971 2.846886270445959 
1.04635192754531 0.5233309177278277 0.0147759329311527 2.849564835282774 
0.9635438824719551 0.4881836933462169 -0.003197451087904701 2.540073842326319 
1.022726020133301 0.5071827340158102 0.009249194146124698 2.757699306460903 
1.017936938924751 0.510457794518427 0.004041348638142836 2.742511247258512 
0.9843669648622847 0.4951276968176317 -0.001657193362428349 2.618060009050303 
1.045988430774247 0.5227710767463467 0.01195391178738957 2.84801913202233 
0.9649507600887626 0.4893890563255713 -0.001625216790752004 2.545842558576634 
1.041919078940593 0.5079640995122165 0.01301076068578546 2.826354674932466 
1.03689242623339 0.5083204309062883 0.01161034685338633 2.808535251373457 
1.038590198095124 0.519338155721179 0.008017914604514278 2.819895611464525 
0.9702502102538367 0.4911885783950442 -0.002355714710955742 2.565808552015766 
0.9992917314994522 0.4989969013787683 0.0007015936649909828 2.672201360816405 
0.9977518860373444 0.4965997110243801 0.0006607288973069926 2.667363386255333 
1.004398672699418 0.5066333023643589 -0.001311538255187596 2.691249600833829 
0.9999999962841768 0.5000000005736249 -1.950302645507553e-09 2.674999987485804 
1.000000013593948 0.4999999900208761 1.143568395517795e-09 2.675000041841593 
0.9999999961786281 0.500000005579874 -4.35431926912579e-10 2.674999989625307 
0.9987852395036615 0.4994836169491738 -5.593674673190756e-05 2.670552455445643 
1.000948994834965 0.5001764360782447 0.0005563485895202056 2.678359347305662 
1.002243824582247 0.5010546317725835 0.0005703335280112011 2.683264264985987 
0.9953208303620154 0.4992983220121735 -0.0004020427975518295 2.658493705328597 
1.003259851280541 0.5004897791843873 0.001803619661775296 2.686490052634835 
1.007173108448729 0.5024997283099437 0.001906555126924444 2.701025827797858 
1.031065695131456 0.515452004154758 0.00816150829760497 2.791182455377853 
0.9776444773741172 0.4926941833142923 -0.0001370917066098754 2.593068168415101 
1.024963119642456 0.5051577621214921 0.00697271367811445 2.764629731804221 
1.000131841349159 0.4999946846008226 0.0001056524890901122 2.675451566906514 
1.000578824105785 0.500252690165665 0.0001546165656326212 2.677120855899608 
0.9997274240796904 0.4998774816750372 -9.339678569028224e-06 2.673999463455137 
1.016152521461797 0.5029028276780011 0.004246795579493515 2.732552476121871 
1.023349731004362 0.511714915124891 0.006500122818313621 2.762098794325265 
0.9840676654115224 0.4944565420445008 0.000208667597196982 2.616697176693996 
1.000144959556182 0.4999684212888844 -0.000129154339301429 2.675483352835049 
0.9997199767174042 0.5000580042290379 0.0002444759743220775 2.674064830683728 
0.999969375453669 0.5000138818143898 3.121188666426593e-05 2.67490141905668 
0.9999999954795756 0.4999999921834482 -1.815284356548561e-09 2.674999980518859 
1.000000001167447 0.5000000021370203 3.671709999190684e-10 2.67500000509037 
1.000000001344735 0.5000000023922716 4.046262805874908e-10 2.675000005828746 
1.000261604302013 0.5000488127612245 -2.950973580630092e-05 2.675925349533077 
0.9993244593926595 0.499713219070978 -0.0002190382356884472 2.672529986035406 
0.9998870289453563 0.4998643440237581 -0.0001085628434746547 2.674542985785282 
1.000007617784243 0.4999915101530439 -2.1754453091419e-06 2.675021997798209 
0.9999621852324145 0.4999822190899219 -1.194777022981303e-05 2.674860839315344 
0.9999988056212419 0.4999994367051958 -4.532845441910361e-06 2.674995603589908 
0.9978166091234516 0.4991384687435932 -0.0004730002823988499 2.667053893445554 
0.998985890242892 0.4993024152423911 -0.0004064484603305625 2.671159438930604 
1.001109662666577 0.5001866053684663 -0.0001210814823217814 2.678912124505238 
1.009842536498105 0.5027504758836954 0.0004440771207287126 2.710032527527134 
0.9857323102279694 0.4951118830493149 -0.003907287824407131 2.623706609053642 
0.9884200043733335 0.4927060556799578 -0.001685821841678466 2.631658411545712 
1.006262584537444 0.5012375745879986 0.0003642243580620767 2.69710311787793 
0.9912502065865061 0.4967738717855954 -0.002235823156528067 2.643356519867191 
0.9926676254682292 0.4963794055221042 -0.001192407758700918 2.648001533607451 
1.039106882819965 0.5125154177061835 -0.00237781650898572 2.812113136766176 
0.9495945722566189 0.4829994663787501 -0.01418373612824881 2.49685469404474 
0.9483997650704861 0.4658848650795604 -0.01364017569275041 2.484042958182281 
1.035416005621391 0.5109218969639069 -0.002204628617956233 2.799253892273006 
0.9514848469086151 0.4819367225241593 -0.01320998454701846 2.50237372544516 
0.955058269183512 0.470596576519982 -0.01231254874342758 2.508486611829168 
0.9919006754502486 0.4968912204318325 -0.00174624084504346 2.645631249947163 
1.002229354055208 0.4991844553809286 0.0003911949589883908 2.682219963195248 
1.000941719459793 0.5028855159950489 -0.000199465202151734 2.679690097045788 
1.023441984100788 0.5066757836465821 -0.0008895969336461208 2.757721389569249 
0.9673994718476014 0.4887527855704396 -0.007518655184450088 2.558630909520694 
0.9712690011568197 0.4816491734603294 -0.005892579972333688 2.568054073429268 
1.017122360942133 0.5047542317912372 -0.0005098988834194482 2.73562164347403 
0.9753679496892393 0.4914918229585638 -0.005548470127659228 2.586769914426622 
0.9796648664016439 0.4870077062159496 -0.004472449407530211 2.599067897221041 
0.9698031010949985 0.4908520301444826 -0.004162948106660611 2.567752141311617 
0.968035025656907 0.4807637171858024 -0.004644921234625406 2.556660264195215 
1.024102293890357 0.5071830053982571 -0.001402703849099264 2.760237094916924 
1.037964485216953 0.5101188285497794 0.01674498419206037 2.813186974223376 
1.0342040650852 0.5183610590219548 0.01060539900552935 2.803776344002835 
0.972024958619888 0.491075745370442 -0.002259820741048503 2.572140617945656 
1.021376476145158 0.5074691331234533 -0.000971067993724554 2.751243638193959 
0.9764158883091024 0.4935984055004961 -0.006096980847831095 2.591474991854755 
0.9692848878725865 0.4819943226992342 -0.007611053448873716 2.561525000716017 
1.028458069626525 0.5095624614951595 -0.001637266624341613 2.775807986751652 
0.9660866507645236 0.4894697848122687 -0.008198837805626264 2.554724142080394 
0.9607498106475303 0.475952625482473 -0.009875679912403273 2.529984365504689 
1.011635331726425 0.5048040996698087 0.003883062522052888 2.717681074585056 
1.00521738629417 0.5038415141764339 0.0009824670556998053 2.694939590208533 
0.9941129594542203 0.4979626083449271 -0.0006746358583349303 2.653585048046699 
1.043588659454233 0.5213167872436393 0.0110054409224647 2.838666506228588 
0.9676149730901376 0.4900100468058866 -0.001392798482795174 2.555777580768049 
1.037615780294189 0.5071331893418569 0.01195343748269487 2.810569964425582 
1.034961032592049 0.5079033307372931 0.01068177943029306 2.801432847325232 
1.035306012099119 0.518229967705731 0.00732425330534851 2.807641320119352 
0.9723366775543234 0.4918330142183212 -0.002177509331036765 2.573640387216012 
