1.002658954105384 0.5826726600578171 0.004997682910434412 2.6786259825422 
1.004481291111158 0.5803740330656066 0.002394335565391649 2.683363475883908 
1.00375924392926 0.5810087744046664 0.005863115738513804 2.681339049845847 
1.002648052449331 0.5825191565939382 0.005273362991183151 2.678495515196692 
1.001347053531625 0.5843877662888235 0.007194496698600995 2.675266523877044 
0.9996309930609385 0.5874575761607799 0.004725107646934246 2.671334693522246 
1.0073921774948 0.5745360274897766 -0.000437112390842685 2.689738407872436 
1.008763365845982 0.5714204332578647 0.006217953893509108 2.692585211204209 
1.006887933695852 0.5753300392432142 0.003517883520023199 2.688513405275565 
0.9995038406659976 0.5870775160678873 0.01033148467234267 2.670724914589058 
1.002901567671461 0.5810474492327296 0.01038065796641675 2.678525425784339 
1.002357117369278 0.5824898226893647 0.01450611158190947 2.677602473151649 
1.012518914245692 0.563867514132645 0.03794941280711863 2.701650007424105 
1.009362594597488 0.5711222624594392 0.02498344186179124 2.694653643126719 
1.016811411830892 0.5555925091731788 0.02033952535095005 2.710977882432902 
0.9822805778759366 0.6226715789539832 0.04648467622301457 2.636616641148954 
0.9916740262042393 0.605588263069939 0.0533602790352436 2.657092179670623 
0.9839990061578566 0.6185798999004128 0.06692620228599165 2.640885056336071 
1.00970997076034 0.5696953936694122 0.073737722334747 2.697467057748798 
1.012077649234537 0.5643784294848412 0.05245957485980067 2.700994133573645 
1.018408294706197 0.5522073573547461 0.07774490316921204 2.717246267661661 
0.9983540431558602 0.5925055734349929 0.05254480598844763 2.671462586543984 
1.006455536296567 0.5767272060442817 0.04965090720924448 2.688975544636889 
1.003096893122811 0.5854696361924986 0.06232369900916872 2.683611499176008 
0.9593091863748888 0.64879618642732 0.0821188409964729 2.581634231122942 
0.9734106410691511 0.6336972650933681 0.05842592946483052 2.615248169405264 
0.9752749922044548 0.6276891244864978 0.09281312871539879 2.620118387780866 
0.9999718344972024 0.5875759858762607 0.02741963858863853 2.672892906561128 
1.004754427980377 0.5805126604321547 0.03517728896308363 2.684946029531801 
1.000054641007266 0.5886860285664145 0.03776005434777532 2.674175414500993 
0.992494624692781 0.6046711176978287 0.02695970040275862 2.658319112596713 
0.996831669057463 0.595294506560246 0.02997564189044437 2.667073956248793 
0.9943388289350864 0.6018197463222837 0.03786288942363263 2.663055332893444 
0.989730698585799 0.6079042450245049 -0.002404044160094564 2.650822526708736 
0.9913866122701094 0.606543441918203 0.003938824439428877 2.655449840874303 
0.9878610142495046 0.6123948064849859 0.002104954888428013 2.647417207957492 
0.9955029199705003 0.5965201403257185 0.01186915808838453 2.663062082335753 
0.9977667788435071 0.5909555083589209 0.01198767853216032 2.667249047656162 
0.9969630454971494 0.5937143400491146 0.01865980179649682 2.666335624856993 
0.9848454384508447 0.6176461089566901 0.01285221385388532 2.640886346510222 
0.9905722726391448 0.6091889638180352 0.009583733125571483 2.6544002257275 
0.988201085120762 0.6131203133466283 0.02203789427277328 2.649237897089618 
0.9994797353103989 0.5871177709868393 0.009916749471604229 2.670660394489216 
1.002216618547337 0.5825416460499638 0.01491431961517708 2.677168505211053 
0.999888914021183 0.5865159965625985 0.01647578139890256 2.671768151705451 
1.000212744925942 0.5874815088314321 0.02820167794954641 2.673670225817639 
1.004739150030012 0.5791995154344005 0.02479874404519023 2.683818120083571 
1.004918395750345 0.5803456172191538 0.03418567217538863 2.685372222432425 
1.002614891456051 0.5826233609168567 0.00477251329968301 2.67844937069448 
1.003270580542013 0.5827468307766202 0.001999108604257021 2.680698153913994 
1.004330848617394 0.5806155182138516 0.002739440928282248 2.683003965474376 
0.9996639487814548 0.5870080957350506 0.01035596533546466 2.671216479995275 
1.001177876566907 0.5841097493518493 0.007516933290221045 2.674534418610894 
1.002702791214446 0.5813470267287332 0.01068213428720436 2.6780446206853 
1.002522370702739 0.5839723493875613 -7.406726404094841e-05 2.678915137230883 
1.003393789865796 0.5829596898636319 0.0008386922690851952 2.68123138050011 
1.001934735319937 0.5844865507190441 0.001800854811533916 2.677258245181693 
0.9909410934718563 0.6040569754877452 0.09409546125059039 2.656827893777871 
1.002596012696924 0.5823364367813524 0.08506404657689046 2.681621166719384 
1.001924785647641 0.5816280377839042 0.1135510518896065 2.681902951244273 
0.9996400231141706 0.5833882791253723 -0.0002480295998117897 2.668974231796475 
0.9998216067553886 0.5828117359329358 0.0009451031619696277 2.669240642614763 
0.9993587936650342 0.5826981338786061 -0.0003747002248913863 2.667632759288651 
0.9998514018352757 0.584602458102221 0.000361722031765698 2.670386366253243 
1.000340733422968 0.5800138212974437 0.0002535643129139352 2.669360736387576 
0.9998926928866596 0.5844025992380616 0.001818044236762138 2.670400825043106 
0.9996671867102114 0.5832505709952231 -0.0003134352197167324 2.668984175043171 
0.9986249907074715 0.5833629333731704 -0.002053432069260392 2.665580288916454 
0.9992058874789376 0.5836290601651235 -0.002119864617198204 2.667672804411056 
0.9990310700136591 0.5846675810281805 -0.004176945471542202 2.667706590647573 
1.00017214572309 0.5788582892498239 -0.001059675732495817 2.668143444565148 
0.9992284543584338 0.5853399615454467 -0.001755359032043394 2.668743795585141 
0.994761417205561 0.5888607369911132 -0.01143862723899644 2.656029843791784 
0.9971101946899887 0.5851454229107427 -0.00941539808246237 2.661623236424369 
0.9960441097502033 0.5880782083296584 -0.00448627329024765 2.659781152194906 
0.9988194738083211 0.5845044867252528 -0.00436708631214196 2.666895504859316 
0.9992335757598559 0.5823113950841766 -0.006157876286359172 2.667031023445794 
1.000025631304839 0.5783918931896957 -0.003323812597306564 2.667414529591513 
1.000278309664528 0.5781227089107384 -0.008384189285643313 2.668102471817708 
1.000870266809183 0.5750260062451176 -0.01536334939178626 2.668367771744354 
1.002722736438697 0.5634244749385066 -0.008257234622003862 2.667849882225662 
0.9908656580425563 0.6000816606429137 -0.007741097506856097 2.649829035943525 
0.989895061637011 0.6037886847799624 -0.006331974672593265 2.64885961817123 
0.9885838739126711 0.6027967803481369 -0.01187234656190777 2.643982464762562 
0.9935894667981653 0.5966806195841859 6.704518865755451e-05 2.656751620933166 
0.9928945111348191 0.5979202761690006 -0.003965425499226257 2.655200457049098 
0.9935802322226068 0.5935878866916841 -0.005786320039962577 2.654881871807326 
0.9988830509067435 0.5831973864777708 -0.004804711710790027 2.666360053606319 
0.9970815867520452 0.5840339693344214 -0.008923336547322965 2.660878667577954 
0.9989605620638792 0.5819500054854744 -0.006586063565491493 2.665902445884288 
0.9942826861078682 0.589516727912013 -0.01183252364014555 2.654829620567788 
0.9949759068417255 0.5851020396549252 -0.0190851490997759 2.654658365273157 
0.9967246775518631 0.5831377214155783 -0.01365998134063747 2.659230377490987 
0.9888091626415909 0.5944474852778775 -0.03072464748901336 2.640055919907836 
0.9894565468428534 0.5908899196716714 -0.0445823997435743 2.640582454346116 
0.9943005269362819 0.5835103383921266 -0.03419632969038004 2.651872767688187 
0.9906485559148851 0.6003684732677187 -0.007829137857610372 2.649283620895299 
0.9889427584072402 0.5997517968313575 -0.01599810797066277 2.643349651368532 
0.991955256004322 0.5944552326198984 -0.01199911955500801 2.650080989833816 
0.9766147882215686 0.6143260188549621 -0.04946405062910242 2.612979435784868 
0.9676352717849688 0.6261977730647703 -0.06003503156137977 2.591861765563189 
0.973341000832053 0.6136480288864203 -0.069716542932593 2.603140308674267 
0.9930508863051375 0.5795805823470949 -0.06437851017669342 2.646934283674257 
0.9828611800394561 0.6007362009557905 -0.0636228925923244 2.625775825723821 
0.9857301951652079 0.5895236471676006 -0.08010461053684134 2.629711613447942 
0.9843191975635542 0.6101765237567044 -0.01980218528955378 2.63462292159917 
0.9796787484257559 0.618500769421463 -0.02014696618710977 2.624580390423177 
0.9796611562900873 0.6123952663821047 -0.03182489625975024 2.621011970828822 
0.9909650079809054 0.6001753314220657 -0.00714150169463202 2.650210537837373 
0.9887453603926658 0.6028365503491044 -0.01196114554420569 2.644529165391845 
0.9887084723325263 0.5997977625576982 -0.01589039262168012 2.64260455173985 
0.989793842679213 0.6076581460325234 -0.002425080052828989 2.650865849802193 
0.98732463404568 0.6127735394159721 0.002064362602735009 2.645873515226907 
0.9849433646237492 0.6137979370645475 -0.005312352173881176 2.638711170444946 
0.9889962808429417 0.593919800170604 -0.03010678531544589 2.640362586628491 
0.9853042632549777 0.6037549800442623 -0.02780935789688963 2.634072605584592 
0.9845246766461221 0.6012841011540018 -0.04011249269716001 2.630409349308988 
0.9898351447911571 0.6066930065040677 -0.002060049476765708 2.650427102614242 
0.9903816856862758 0.6042296143318332 -0.005813147335778751 2.650742081876585 
0.9927731907955827 0.6032559951352892 3.078335356413003e-05 2.658019949813726 
0.9746862568268003 0.6298081154246558 -0.01356696684618968 2.615353431698157 
0.966255553402488 0.6405983368748627 -0.01681255891450486 2.595136157524339 
0.9633823643734194 0.63902350696516 -0.0331117950145904 2.585219501627005 
0.9898109142764507 0.6076872176440938 -0.001943995226792979 2.650932283239566 
0.9850663850179529 0.6136528978625964 -0.006130438704178244 2.639032393468349 
0.9869291386132888 0.6094436808067674 -0.00930709610656468 2.642582004577196 
0.9850767561926803 0.6188211043242484 0.01262994430994596 2.64234220869486 
0.9790950840092897 0.6272392957844177 0.01376296931549952 2.628123511601792 
0.979677534795686 0.6256288673665462 0.001764830620212667 2.628924008209042 
0.9093057381441211 0.7044340673837192 -0.005074076957188043 2.46144050030636 
0.9282075853235511 0.6880426975280116 0.0150925615411005 2.507083934556714 
0.9080751258067621 0.7057075425161941 0.03469304551803826 2.459032823191023 
0.953289664525066 0.6575607448924858 -0.02149714253786081 2.564902725129826 
0.9465268904472282 0.6681434346912147 -0.001622553258160221 2.550520900256882 
0.9372819416283 0.6763265511512564 -0.01774646638674235 2.527496310585839 
0.9753672707193597 0.614022336962629 -0.05125477219543763 2.608832662018008 
0.9718654672179796 0.6282783247187902 -0.03406947215489705 2.605640627885001 
0.9671481327881951 0.6259931117756212 -0.06019768224919415 2.590205790117352 
0.9694625899481044 0.6425759487620465 0.01718525260303049 2.606745820469913 
0.9587697287219222 0.6543399131897276 0.0200717804627709 2.580416350609655 
0.960386583926443 0.6525686465341463 0.001719708626219171 2.584196290237875 
1.000977333789026 0.5725462891211078 -0.02710978459299157 2.667473079472356 
0.9992394011234494 0.5728456521105696 -0.04411262749036576 2.662417743049811 
1.006438873474679 0.5530896166542119 -0.04115217625538403 2.675393511628866 
0.9945444455357035 0.5897270878844511 -0.01103363026732649 2.655811611376512 
0.9930096301875101 0.5907319065293029 -0.01822701201563585 2.651430964211391 
0.9948648409683317 0.5850482085627783 -0.01933927626448552 2.654265873371045 
0.9736131411818231 0.6067568958102848 -0.09507053903961984 2.601605412201645 
0.9868145703479526 0.5809150120670316 -0.1112264577789043 2.631153217545007 
0.9864480554183706 0.5904190331830476 -0.07885775271519076 2.632450137501949 
0.9893631516131194 0.5947305958243926 -0.02899563391008552 2.642007100125838 
0.9847306762873702 0.6015735883823753 -0.04022643148346856 2.631228085256428 
0.9891575262628782 0.5910659540071943 -0.04450289510941146 2.639714561914833 
0.9522622266096922 0.6458289956093795 -0.06802098735623104 2.555625234769811 
0.9504505919940852 0.6398804685235099 -0.1098112010850651 2.550060100539535 
0.9610487492272157 0.626846633588014 -0.08661386323323023 2.573040326479524 
0.9271546158877694 0.6831520158520586 -0.06094674758985993 2.502268823515935 
0.91875727753792 0.6822745926693454 -0.09884380528836813 2.478817727731067 
0.9424845125539302 0.661934479028041 -0.06758573170388892 2.535719149378274 
0.9924287985645258 0.6049806906971158 0.00695183183501243 2.65796538533866 
0.9912684297332739 0.6065023569104354 0.004233407504558083 2.655048434044199 
0.9932785302886498 0.6027889487036137 0.001107543485633118 2.65940744948431 
0.9954153576072607 0.5963684891730252 0.01162490003112122 2.662683579017524 
0.9939309934391408 0.6004781429930112 0.01118008188758218 2.66023974018693 
0.9945183235482233 0.5986992556224697 0.004857216216351406 2.661045990103781 
0.9956881180399408 0.5961182583082808 0.01174164406909294 2.663426271477671 
0.9949605176176457 0.5987201881436529 0.01768503262028182 2.662680290933352 
0.9939442653505741 0.6012861991992965 0.01121764226524986 2.66076151416863 
0.9976124512411348 0.5911661212337094 -6.20656067316177e-05 2.666798335457828 
0.9978720430400999 0.5903259864021003 0.005111925038893159 2.667182183380264 
0.996433415710456 0.5932999574545043 0.004636437153114361 2.664170855245001 
0.9685845339343723 0.6429754422923012 0.01664838759059578 2.604175774739252 
0.9604595915344931 0.6525282603500501 0.00181047180814647 2.584328147686428 
0.9707656830427382 0.6360618373680247 -0.003572454567765653 2.606629383777443 
0.9528947894065877 0.6584635968073931 -0.02026212200184182 2.564191665307713 
0.9414815687365307 0.6685182368381315 -0.03793640900365175 2.535827122679664 
0.9499711499450273 0.655479989133636 -0.04547375160471132 2.553926754814359 
0.9539772835962226 0.6578637495419446 -0.02019595032866243 2.567274019703908 
0.9372673707864996 0.6760706527036481 -0.01827068467330437 2.527226451396985 
0.9411867785621592 0.6684860026546721 -0.03686588346185926 2.534829588199311 
0.927465272928567 0.6812460666898145 -0.06181498615682889 2.501893057543745 
0.9189278578194171 0.6965216563605133 -0.03723241752705193 2.48522522108239 
0.9092163667226474 0.6994307612220655 -0.07168776687939019 2.460089565978741 
0.9581454032785306 0.6511771705392148 0.08097931942837992 2.579288767525809 
0.9461970821594861 0.6654276684393785 0.05735946658746348 2.549544487584801 
0.9600288728103494 0.6533562067512961 0.04019046216874429 2.584179288101921 
0.9846697149478632 0.6193262898876954 0.01206650190975231 2.641341283181807 
0.9888526386469885 0.612144054444722 0.02240663537772176 2.650750265233933 
0.9829098933768725 0.6227586754689887 0.0247208380297628 2.637968094566103 
0.9912617861378012 0.6025251681772422 0.09299879485285108 2.656690380239278 
0.9879332600185828 0.6038844020332237 0.1206744851139727 2.649717136966887 
0.9763261228534724 0.6267572165346379 0.09361242782136038 2.623038605091574 
0.9818561747717265 0.6232494896171191 0.04574298480000425 2.635563837406651 
0.9744633405388058 0.6335911875240737 0.03492074224211626 2.617696962278559 
0.9821268072300625 0.6235180285508743 0.02439477102602908 2.635833141959879 
0.9980795996676596 0.5941686274091281 0.05219690044141832 2.671458339862527 
0.9912942178789816 0.6064291041518656 0.05334513893011239 2.656518688757439 
0.9937921711340744 0.6019050778309165 0.03773652451925766 2.661237316325211 
0.9591241844847256 0.6496858167174245 0.08005180543663019 2.581493567939626 
0.960275395507286 0.6542882831254189 0.04190299117631564 2.585703426542788 
0.9750645862706178 0.6320218323263791 0.06060486675516033 2.619414304300085 
0.919273248604318 0.6908155156508012 0.07391816918303493 2.484350129249496 
0.9015755682973094 0.7055727586689873 0.08303766369003734 2.442196471701882 
0.9058694729071934 0.7058741549873385 0.03559201890499935 2.452496952010649 
0.9596097900479865 0.6501583814365889 0.08213691319819169 2.583026057425128 
0.9422908938295823 0.670376749808769 0.0799324627300723 2.542212814618908 
0.9463143823577758 0.6659223287730514 0.05697370284774651 2.550070990242717 
0.9599688199360523 0.6495919165816884 0.08189821460427776 2.583958452080981 
0.9479895248166814 0.6574596780408726 0.110275654087071 2.554254884575697 
0.9413606571808371 0.669067419375264 0.08222212068536892 2.538558424235179 
0.9954604471454824 0.5964359523028494 0.0114580500664201 2.662863339120391 
0.9967392766905239 0.5939901421479492 0.01921751368741323 2.665764644704329 
0.9948651341621423 0.5984831075466949 0.01815038588676648 2.662230587897195 
1.009049577955353 0.5715682194456599 0.07313849928760523 2.696169424058005 
1.002463357563296 0.5840546899341565 0.0850229421641896 2.682345601780131 
1.002452896207694 0.5840013418999778 0.06174561525831705 2.680549054554831 
1.004188824855361 0.5821477051048899 0.0007364299531558624 2.683414593110819 
1.004643037598131 0.5822339873319075 0.0002377632871226818 2.684980601696721 
1.00504373780788 0.5816340623634471 0.000199453281949467 2.685970779577265 
1.002732044658769 0.5839401045764395 0.0001603707130708108 2.67959576470601 
1.004237341608378 0.5823939366766842 -7.422183477351844e-05 2.683717191177923 
1.003293056923896 0.5830647775265579 0.0009354496949491489 2.680958034931196 
1.012844999116189 0.5649036676616207 0.0393086017862545 2.703370622168009 
1.016889896187892 0.5543616668486616 0.01922220066461111 2.710498924279583 
1.019386200849207 0.5508467834891696 0.03430790968995549 2.717487810574716 
0.9941889935407123 0.6004682636349408 -0.0001057065832304255 2.661016270970014 
0.9957494747671174 0.5959299374742341 -1.076945305620774e-05 2.66345151272812 
0.9946760636495677 0.5985186888022321 0.004965672732077447 2.661469123579807 
1.002569735285245 0.5839011615062285 -5.664817668908446e-05 2.679028657494322 
1.001781468640887 0.5843253996562493 0.002046044507088251 2.676653238998016 
1.000606505382114 0.5865516361571849 0.000309571941736336 2.674039182298041 
0.9998786980633961 0.582333915843365 0.001279897189928773 2.66915265019874 
1.000055816806811 0.5831277634190027 0.0005392504779234187 2.670203857774244 
0.9996312367638874 0.5809751813731946 0.0007747222136073546 2.667535868427493 
0.9996922239281467 0.5834939295571367 0.002161605036357842 2.669204587287618 
1.000176911112519 0.58192255543614 0.002175320684993419 2.669915648721894 
0.9997944079041305 0.583835063213584 0.001877769160779973 2.669743126325453 
0.9972999709982517 0.5853873228909521 -0.0004132525841377795 2.662354893506762 
0.9986537390865112 0.5834442062233017 -0.001928767255923711 2.665724474651858 
0.9987438049218982 0.5828767495696733 0.0001346014005432556 2.665689443276891 
0.9934463833041351 0.5967018910613869 -4.11942132873347e-05 2.656284440219735 
0.9937441967502034 0.5935642704064455 -0.00567787365965926 2.655409618048993 
0.9954694072555563 0.5907954189591409 -3.032080390680081e-05 2.659468231207899 
0.9934381149040428 0.5966487679604354 -0.0001536170149584361 2.656233698371063 
0.9928656139792931 0.6009567373077747 0.0001296666857900167 2.656932246247156 
0.9928769051688034 0.5978704249908421 -0.003995110956067476 2.655117254179753 
1.000334216410367 0.5780549895638635 -0.008720799914005251 2.668286440409075 
1.002375867724678 0.5640438833288506 -0.007152202710728576 2.667013153286144 
1.00046869307905 0.5673097376525439 -0.002545282645127134 2.662438110615466 
1.00051120889735 0.5719965493680409 -0.02827617701741306 2.665677150221344 
1.00655266501343 0.5532978128887944 -0.04079636018225121 2.675849931252682 
1.006795671493832 0.553553854120532 -0.02902259369955518 2.676392370267968 
0.9944451752683574 0.6003952701242606 6.936940145625685e-05 2.661821216649972 
0.994117372241106 0.6011294688366368 0.003762098198906624 2.661190074232541 
0.9937254035683979 0.6025968198803587 -0.000249880359770038 2.660771894999713 
0.9732992087282888 0.6065167696996728 -0.09459197644929423 2.600580354542412 
0.97024791880835 0.6089642527256028 -0.1235913750437001 2.595120857991959 
0.987937919995184 0.5823009686070432 -0.1148049955415846 2.635945039424859 
0.9927746295253786 0.5807099957476638 -0.06432144693831628 2.646581637181254 
0.9975765914835648 0.5657850741923967 -0.08658766760921623 2.655663607688592 
1.004827529088884 0.5553352905030509 -0.06947409985017584 2.672686305185715 
0.9281139869717845 0.6819242981854654 -0.05968155708669992 2.50424832465461 
0.9100811456284744 0.6987691052536145 -0.07279601037586272 2.462157024193075 
0.9184048214038473 0.6831737349310065 -0.1006434289032599 2.478810658970152 
1.004534042859612 0.5804671223671621 0.002615551367137687 2.68359714210347 
1.004821390239453 0.5803993151092195 -0.0001370213225707817 2.68451356310175 
1.005118620634657 0.5791931452965816 0.00157810797544383 2.684813181713358 
1.004241264705486 0.5806855396594156 0.002404694105514756 2.682742799804462 
1.005246639391138 0.5788383403756797 0.001955508168568425 2.685035020924024 
1.003847763680445 0.5805852057461508 0.0058001011910648 2.681386210066752 
1.003870734535973 0.5807152900488577 0.006176157626652426 2.681539541891737 
1.005339213207244 0.5786001870167723 0.001539042572016799 2.685203329314048 
1.005578378994495 0.5780590988566507 0.006223523543411364 2.685715757791149 
1.001312896847038 0.5841150144978197 0.007682050497485943 2.674987378847773 
0.9996222646847474 0.5871528995076924 0.009873313956034061 2.671168106589055 
0.9977819123310725 0.5903135365119957 0.005359983799582232 2.666871068359062 
1.001187029443237 0.5842712470631367 0.007815358443927719 2.674664883533496 
0.9978403618292631 0.5903572640358846 0.005469289370720735 2.667090495216255 
0.999523631275045 0.5875448260380975 0.004632469982985696 2.671026542280706 
0.9996380390818288 0.5873813614101323 0.004603866836999433 2.671309004885529 
0.9979527779377704 0.5902764061755851 0.004908334927606788 2.667421777110237 
0.9974682216692966 0.5912741703332348 0.0002397631403531974 2.666385602469251 
1.009094613557706 0.5710081592826571 0.006710946107713416 2.693456502167034 
1.007720327740785 0.5735477995040005 0.01718730634069759 2.690420159409251 
1.006229749863737 0.5766185648696367 0.01030476753439402 2.687085691397268 
1.008681673608496 0.5712061886082603 0.006838957479736191 2.692191799594525 
1.006621002772098 0.5763574875232154 0.01077200475224117 2.688258971823242 
1.006940848210645 0.5749504812930208 0.003525616557861373 2.68846614467774 
1.00700518315143 0.5749550761066744 0.003600338917827919 2.688690209348302 
1.006524813290936 0.5758977450591377 0.01021070440020226 2.687671225061062 
1.005406315204972 0.5783794146222667 0.00632527582555877 2.685320538771252 
1.002807765338463 0.5818606747208375 0.01072290690725531 2.678689667467896 
1.00570813181276 0.577312992896783 0.006662648140511273 2.685716709009252 
1.006467387266463 0.5759878929899631 0.01048248115561163 2.687530522404116 
1.002472286490175 0.5821804904668543 0.01035637549181098 2.677747338530443 
1.006524901977663 0.5757240397834117 0.01121640148832402 2.687578917237719 
1.002386389672501 0.5821538567444029 0.01495445000488943 2.677505098642289 
1.002342260773159 0.5824043179350523 0.01535874907817651 2.677507110839621 
1.00673696290397 0.5752482171000373 0.01063285547194958 2.688000328445259 
1.007414084071486 0.5746663241336308 0.01724655554702511 2.690032212054534 
1.009904051241183 0.5694001215345319 0.02497308748179652 2.695561519769294 
1.007232858233261 0.5747559833836193 0.01737486431227336 2.689459423163027 
1.011942502324458 0.5655672421374486 0.01333503040473743 2.700013418524094 
1.010086828283457 0.5706205338114618 0.02649741147964305 2.696869677125874 
1.01194825558744 0.5653412620896465 0.01298162951926561 2.699871550973795 
1.016276955077561 0.5559193453909537 0.01996028154238878 2.709370774593014 
1.01665002285908 0.5567556208776636 0.01840583401391567 2.711087890648635 
1.011738399949051 0.5661437834492916 0.01260921594727138 2.699631095451885 
1.015275842196288 0.5593084965966379 0.00241636558163241 2.707648254692763 
0.9912450421077381 0.6072607948479574 0.05383082662783493 2.65687059882676 
0.998867930016282 0.5913870855772345 0.05197771267127879 2.672383572301885 
0.9963733317675745 0.5972105031838154 0.06841888978205227 2.668616636008715 
0.9908375690531837 0.6069393199847626 0.05219455717112695 2.655216933228577 
0.9960734618780129 0.5980014052153569 0.06968895980277938 2.668081900334746 
0.9841598778647029 0.6172907226721728 0.06852642642431997 2.64068466151934 
0.9838358488158497 0.6192164550811495 0.06906207621938899 2.640783606745876 
0.9971145962133412 0.5946871181096238 0.06884746510921735 2.669329658565267 
0.9906088749588167 0.604293639571696 0.09203061663910636 2.655761469273738 
1.012202238067741 0.5649451482313071 0.05389455119823534 2.701918947686794 
1.012143863471287 0.5651249764443873 0.03769645413493951 2.701020877324737 
1.018968348838652 0.5508502856915719 0.05264310406427036 2.71685373613935 
1.011724221242296 0.5648121983755963 0.05225869196694272 2.700092063023391 
1.019563292261152 0.5502997256809871 0.051579658468455 2.718402958184696 
1.019081701264391 0.5523131745898708 0.07668187164425455 2.719496157528178 
1.019067917152689 0.5496496677923161 0.07831247117359058 2.71822781993365 
1.019124129848828 0.5521340326328027 0.05116955837323856 2.71781782932036 
1.030011616166981 0.5248464745926417 0.07377929457917948 2.741907154312286 
1.006441985173437 0.5773919790550101 0.05019981793895413 2.689449096889666 
1.012542544894644 0.5639495099315636 0.03834271079753692 2.701663773460694 
1.012450452932439 0.5656084219295764 0.05337811662864981 2.703041239603397 
1.005905721456752 0.5777370938794544 0.04930560273008082 2.687791148258467 
1.012124737876456 0.5657923073343886 0.05500965028900135 2.702096057145065 
1.003014587288572 0.5833179966046718 0.06326905221033108 2.68214664862827 
1.002899241660092 0.5841789521137485 0.06373693872633915 2.682293749206578 
1.012415529055511 0.563467445166619 0.05356154007530461 2.701575514812701 
1.009868681123683 0.5708944805888111 0.07262502783307113 2.698547110435292 
0.9738194446250845 0.6329537324212632 0.06041479271001846 2.616416323314127 
0.9821373697737985 0.6221166968182822 0.04504243011672075 2.635706503720643 
0.9830111099733085 0.619740342263863 0.06780218131549612 2.638372859495961 
0.9736273953467575 0.6345572750531779 0.06059207062794724 2.616705334593489 
0.9845609162194118 0.6171374871811249 0.06749382167086361 2.641607518922717 
0.9758205739867705 0.6264139887934161 0.0912236608721446 2.621108975361525 
0.9765213064517936 0.6254755118351196 0.0923475680222586 2.622895090622273 
0.9830211298047213 0.6184936053934666 0.06639912802265113 2.63745230550739 
0.9899399036352835 0.6053977086944735 0.09305905207931699 2.654186998068814 
1.004453659948055 0.5804428781841202 0.03423327352449852 2.683847542809124 
1.012135224254126 0.5653827047679274 0.03903017097603032 2.701174630661024 
1.006200568930025 0.5762813292251261 0.04909854783224057 2.687965578251897 
1.005314796600825 0.5794523910277717 0.03457204019889935 2.686146221413197 
1.006074540027724 0.5775840119447233 0.04844109178201043 2.688229938191637 
1.00007145857337 0.5903313112219863 0.03868880383295136 2.675188638250307 
0.9998401229057343 0.590370925359925 0.03731058964837435 2.674372206560654 
1.005822815149942 0.5778584912948346 0.04988433732489472 2.687585648362308 
0.9983609353251012 0.5920062049526607 0.05227401772752206 2.6711695646309 
0.9966107766433819 0.5961951837560195 0.03032087142579166 2.666923810473968 
1.000456247787527 0.5869954541703259 0.02770507798161083 2.674151487585887 
1.000201062245413 0.5889293432328943 0.03741460623415769 2.674784503509414 
0.9963786229795425 0.5961005431282895 0.02943385087710902 2.66606315167646 
1.00008286612664 0.5893193546809631 0.03846892713557006 2.674636401524385 
0.9942454731823617 0.6006576029686188 0.03901709634287562 2.662091337665128 
0.9941639333838959 0.6023726135987764 0.03953229341995097 2.662836752545149 
1.000595976616624 0.588790362427343 0.03819586181125291 2.675947262733361 
0.9984745788782163 0.593416775738754 0.0510895211664836 2.672301840898499 
0.9913877125113629 0.6069934287660438 0.003811498212068081 2.655736752839774 
0.9928066364473674 0.6043715377528452 0.007554305756211832 2.658839850884071 
0.9905344466306569 0.608613493676328 0.00968707484110232 2.653949858740391 
0.9913485584787576 0.6066512234868062 0.003578101327190021 2.655395271874144 
0.990227532080921 0.6093421969241042 0.01020136940167832 2.653369694596542 
0.9876589078291885 0.6122773340536283 0.003017961014461889 2.646679749006474 
0.9878016963408489 0.6134040644012744 0.002037625766600069 2.647860016377699 
0.9907292615960944 0.6089400515508694 0.01036515218596475 2.654757073589442 
0.9851088983687663 0.6178491838487014 0.01136300578132044 2.641867500365927 
0.997646135946289 0.5916185122894383 0.01234165112646876 2.667257207393463 
0.9996847092065917 0.5867765013873668 0.01009095596250732 2.671141241154721 
0.9999218574252133 0.5865917373937158 0.01639128634314405 2.67191358182892 
0.9974966517420145 0.5915791003380716 0.01163554865171692 2.66672405897026 
0.99993053293242 0.5866725872341207 0.01694646128936714 2.671991522087808 
0.9969461102709681 0.5929779497475294 0.01925920741826514 2.66585433028156 
0.9969707367188007 0.5939450005641477 0.01977081727523238 2.666500460469085 
1.000267606404537 0.5862902022576623 0.01666200536602994 2.672854218415001 
1.000176858314854 0.587586585097218 0.02689206397319211 2.673575777789946 
0.990419738254285 0.6085139570569605 0.01032754094766448 2.65351612805927 
0.9926508136945281 0.6045155428185033 0.00724445662721596 2.65841342983049 
0.991865346091092 0.6060667172695421 0.01476974678593578 2.656842574199298 
0.9904950337443637 0.6093829077569491 0.009761371506361019 2.654267862245808 
0.9924844013971407 0.6050318800041748 0.01480274880600373 2.658220656793208 
0.9886888484585884 0.6123358556752933 0.02141897191593865 2.650366592754943 
0.9886592743779048 0.6118875712312681 0.0226439996831654 2.650012988353314 
0.9919443247157564 0.605584008390134 0.01415145043925843 2.656774575997526 
0.9922375657919534 0.6051576974793633 0.02641866267499398 2.657759209529734 
1.002102613800222 0.5826443480653576 0.01429836822299307 2.676817791343193 
1.007306515302045 0.5746762571763099 0.01789584311655103 2.689686061017075 
1.004278677881642 0.5790995158077799 0.02407595470294627 2.682247350512365 
1.002586198559293 0.5820140050358876 0.01444072794532236 2.678067601652854 
1.004166544018475 0.5797162440153178 0.02383080198981739 2.682208347832951 
0.9999694485643815 0.5871750114145516 0.01713630135131797 2.672413751172016 
0.9998131932236174 0.5873516001864977 0.01614885036171386 2.671966927721403 
1.004082791872967 0.5796815170193245 0.02479736377787232 2.681925712966724 
1.000122254302964 0.586792243740586 0.02749831758143033 2.672954011958935 
1.004615470193442 0.5803115248088102 0.02547788913867679 2.684090350209349 
1.007701293021338 0.5740313998760288 0.01763090030940492 2.690615232340501 
1.009741523458686 0.5699760182649537 0.0253021235970369 2.695326409127674 
1.004156060964285 0.5806187152069396 0.02440673268515283 2.682694165096974 
1.009859436050101 0.5698868962835959 0.02614259161051555 2.695681405701612 
1.004927066957135 0.5789657841793497 0.0346626046007539 2.684640578407804 
1.005006093049384 0.5802091468628222 0.03587304464300842 2.68563598756257 
1.010182491888186 0.5692078528139577 0.02552269282015632 2.69632301563033 
1.012183738295927 0.565275637564545 0.03801957317718411 2.701262663161215 
1.003417205972929 0.5823619704700256 0.001984696600954776 2.680965359631462 
1.004146698959623 0.5823393644360907 0.0008197287598429137 2.683385017153417 
1.004410206888979 0.5814058425165018 0.001000473264585429 2.683723713585414 
1.003426951107605 0.5825009366877038 0.002281150128819188 2.681079164882803 
1.004483027402828 0.5812602575402316 0.0008294104216207036 2.683881601397425 
1.004278511707049 0.5807634857149145 0.002488285664080494 2.682914883437579 
1.004375272823591 0.5804597403272211 0.002332977819809811 2.683062265649454 
1.004337687187187 0.5817580290740171 0.0008292608276328728 2.683684859287763 
1.004854010298436 0.5804215487504751 -5.1556796573861e-05 2.684635871198212 
1.00136120958741 0.5839862137541058 0.007370219986309304 2.675076199703732 
1.002406513933094 0.5827751206591735 0.005093149912162534 2.677841817251307 
1.003504303001977 0.5808650647575931 0.006427919403935815 2.680407304974883 
1.001280319527621 0.5840726681260147 0.007479829832828831 2.67485780190185 
1.003647096712491 0.5806114581874153 0.006075352809242741 2.680731390814744 
1.002865014586011 0.5817117324575235 0.009894142572829208 2.678794206691874 
1.002874387469767 0.5814792682890544 0.01011490191221472 2.678686610743742 
1.003415414217348 0.5810540499743995 0.006091775088454045 2.680212035045014 
1.00547941739746 0.5776992767853757 0.007042721520735097 2.685181397162932 
1.003340714451182 0.583118714267039 0.0009479256116392636 2.681148466260245 
1.004247393730934 0.5819063397011924 0.0008274039198936224 2.683469258769978 
1.003362812758925 0.582453439695407 0.001945188012255264 2.680837089933543 
1.00330274518729 0.5832095885558847 0.0008470604204682217 2.681073607180374 
1.003325022837117 0.5822830242543396 0.002280571079034394 2.680611996056142 
1.0019751124627 0.5843632999570674 0.002004329197780851 2.677320734013739 
1.001883297829658 0.5844078516477665 0.00200471547567555 2.677040690939994 
1.003496340360263 0.5820540468380168 0.001996225490750116 2.681047686875631 
1.002464529093719 0.583155115612099 0.004675966347541388 2.678257432432383 
1.002330339968954 0.5840847682847842 0.08610137558082268 2.681988476556961 
1.009518096076429 0.5690646487388376 0.0727178400917725 2.696300594686868 
1.01314495591596 0.5618052706411153 0.09532152310827496 2.706277777910485 
1.001650500919898 0.5836700248799271 0.08380335240259941 2.67927183566936 
1.013448537222603 0.5616632587002341 0.09542708568222323 2.707063300895658 
1.002963081220164 0.5810290482978853 0.1131995538021107 2.685009223345765 
1.002717566853289 0.5802842960424001 0.1148116713738752 2.683853544764096 
1.01373405610321 0.5591096367155245 0.09462484419806151 2.706589170966799 
1.018613454151382 0.5444185165559032 0.1257984726305885 2.718451131138326 
0.999814841647423 0.5827740315305024 0.001060767812385887 2.669196666818245 
0.9998584376902705 0.5821149360618209 0.001452319937601747 2.668957710854458 
0.9996224314727253 0.5814430040177946 0.000576887029596089 2.667779549239397 
0.9998512940855473 0.5827591809661258 0.0009174940421109057 2.669309224979002 
0.9996858413064014 0.5814117597004274 0.0005556484662222577 2.667972630043901 
0.9993829707841392 0.5823480702493822 -0.0002455161132253233 2.667510064612684 
0.9993510347755881 0.5823981743596761 -0.0002325210097275624 2.667433394064181 
0.9996857933637038 0.5814367577188831 0.0005611565806266213 2.667986591350503 
0.9992706220500485 0.5815736990572726 -8.356125357148633e-05 2.666683392430723 
1.000387663443429 0.5782327355631679 7.160773398690555e-05 2.668433149660257 
1.000097398876313 0.5633567973288861 -0.00104573010867978 2.659217580073876 
1.000388865655307 0.5831812789659895 0.002426175776976297 2.671244640612821 
1.00032442995094 0.5798813123391298 0.0006980265052830685 2.669231305134803 
0.9999395446519175 0.5812168799784673 0.002009314327256342 2.668719882769856 
0.9998317012060407 0.5846147255473421 0.00143659088266542 2.670318830116415 
0.9999850684118037 0.5838530169836402 0.00157405710169509 2.670388035787525 
1.000113926879449 0.5821086222453561 0.001728926489499864 2.669814430787949 
0.9998661533272611 0.5834069980629522 0.002236829481655537 2.669732863816072 
0.9985901739117051 0.5832740687375289 -0.001924059164040147 2.665413153082268 
0.9973449703171947 0.5856940915780303 -0.0005277873907437967 2.662685734858291 
0.9974874328595909 0.5854103980259525 -0.003799929002589546 2.663000888109236 
0.9986946077397141 0.5833982375433462 -0.001820176384955477 2.665832566267337 
0.9976927360950684 0.58444666875643 -0.004106993863830019 2.663118194593352 
0.9993119103404838 0.5834908575670458 -0.002409836298997018 2.667945712627234 
0.9992174161740092 0.5833216214215654 -0.002057334988400471 2.667531246911161 
0.9975861958203345 0.5846671063704166 -0.004354753964751744 2.662894605967003 
0.9986996038735566 0.5836501881816706 -0.004895257525659703 2.666011012663739 
1.000148614132213 0.5775718911332166 -0.001237387973999395 2.667201483962274 
1.000266998584737 0.5613575374987038 -0.0004723748514629345 2.658745765657955 
1.000200822857557 0.5801569604877874 -0.0002371148523321925 2.668845474845162 
1.000110029045242 0.5788351848135399 -0.0009853642739536253 2.667923926509801 
1.000147240999947 0.5796431517164246 3.957914862057264e-05 2.668515292677304 
0.9993502679153967 0.5854379059884419 -0.001541076365612015 2.669204441388944 
0.9993998966230113 0.5852953154087803 -0.001507231065843992 2.669285633031115 
1.000193002539659 0.5800579619964562 -0.0002584799513758035 2.668910181863187 
0.9997234141083495 0.5851563745812488 7.933602540959445e-05 2.670275762043252 
0.9971529489157047 0.5848789449639674 -0.008965642813176512 2.661604824417887 
0.9988443696654378 0.5834106032312193 -0.005525159355247567 2.666355157704277 
0.9974836268379956 0.5848631599675077 -0.003969434560441742 2.662667933168111 
0.9969898466022048 0.5852693106161905 -0.008898663095508774 2.661292070839676 
0.9975490263210945 0.5850413835433813 -0.003540964964563415 2.662990009596066 
0.9959517884113054 0.5880753270640561 -0.004716416502862763 2.659472904518667 
0.9961442880802903 0.5878861430888276 -0.004502268484486646 2.65999437347834 
0.9975924575686844 0.5852883945162642 -0.004054443900086453 2.663280045019829 
0.9973761716160106 0.585803806871094 -0.000120422542411824 2.662853778423401 
0.9988840481874938 0.5826231748100027 -0.005797016879107688 2.666062981290846 
1.000281071367659 0.5767789199539746 -0.008147347208389243 2.667365593121785 
1.001043891040905 0.5695801017184007 -0.003997961276809897 2.665698571865819 
0.9989840492961425 0.5826787563544304 -0.006050026501153534 2.666428002111731 
1.000910178736897 0.5695680511065341 -0.003483395982822519 2.665243945063115 
0.999619327586878 0.5769461284267644 -0.002413767871674106 2.665212414690537 
0.9999668454821447 0.5781058289237119 -0.002454267720561728 2.666823589211574 
1.001020539306552 0.5686072546926447 -0.003435766249992188 2.664966882975606 
1.000625172134664 0.5583156606129461 -0.000763302787229379 2.658321810240547 
1.00083230750416 0.5756348416114123 -0.01562996043915772 2.668578448215808 
1.001424499213933 0.5708550696676311 -0.02804053383485722 2.668073520947472 
1.005535670565516 0.5560757777331585 -0.01651659301003692 2.673241352827457 
1.00064421712429 0.5756865280883795 -0.01604065180055564 2.668000095454309 
1.005115398283833 0.55680040740217 -0.01528312479281884 2.672206548541615 
1.00237662543473 0.5627241370562579 -0.00698478480236264 2.666287736837317 
1.002427389989869 0.5639291494751977 -0.007390090323069934 2.666869542633422 
1.005719063144663 0.5565260147822196 -0.0151620759042043 2.673907540619782 
1.005698488370353 0.5460898268382888 -0.003456952411594872 2.668933662036768 
0.9901017852330282 0.6030978794506319 -0.006509087741019818 2.649122520939913 
0.9893289427120459 0.6078158028929388 -0.002122703375269804 2.649426833318163 
0.9867437307191037 0.6094908463692523 -0.008938522402152831 2.64198715272359 
0.9902789394224865 0.6031601447511014 -0.005880953111381007 2.649737878721409 
0.9867173399464797 0.6093133324105992 -0.009609217928791462 2.641793723722949 
0.9886358605902622 0.6035308983907486 -0.01270682442078683 2.644614337741103 
0.9885481280232742 0.6030508956329612 -0.01282762154081215 2.644001744466184 
0.9862648330951914 0.6094459022328187 -0.009601132296063321 2.640353561012638 
0.9840702799679435 0.608988190422829 -0.01908822132910548 2.633046032423051 
0.9929366191254111 0.59797735969073 -0.003317204961946029 2.6553683625241 
0.9909997884480063 0.6005355835073403 -0.007802014496821591 2.650546513244754 
0.9919334975706551 0.5950830843525593 -0.01176112776180781 2.65038766554605 
0.9926822937076204 0.5981920474879632 -0.003817472530367344 2.654655769688409 
0.9920939240585038 0.5949663541947435 -0.01141191144714797 2.650846098160785 
0.9935494010341537 0.5933531558533029 -0.00595828552574006 2.654646051336634 
0.9937159901380296 0.5933881887923461 -0.005664813631190284 2.655219556947502 
0.9922886366333425 0.5947318648726313 -0.01166896019642633 2.651342265716215 
0.9944469009845941 0.5894759748818328 -0.01209115860579081 2.655362736980081 
0.997115349135031 0.584531924846081 -0.00874452636989337 2.661281389019832 
0.9945561845126641 0.58933083181409 -0.01201689485832634 2.655624223398343 
0.9965919993880327 0.583161337994392 -0.01316799734174175 2.658799738456838 
0.9969621295152853 0.5841891823910518 -0.009228233767391838 2.660576888697322 
0.9969395236668279 0.583256395315244 -0.0128781083690276 2.659985697671104 
0.9990980614671195 0.5819229572665549 -0.006917828688764538 2.666344879395357 
0.9989501430981703 0.5813204035215395 -0.006288941704076802 2.665513533820186 
0.9970979378793237 0.5837322158862277 -0.01327176703446398 2.660774168237182 
0.9999667738405529 0.5756903251481181 -0.00871927762662365 2.665695021917468 
0.9944853096621742 0.5851324745474866 -0.01980948515613165 2.653019292176646 
1.00024743702883 0.5731515618426609 -0.02850207570583339 2.665499027550209 
1.000445305203997 0.5736237354836856 -0.01650609575199024 2.666186375040013 
0.9954563036455649 0.5843328137267779 -0.01946746978061388 2.655768518177014 
1.000163117872341 0.5738125673512019 -0.01656160661398766 2.665359554432833 
0.9968034190828805 0.5843328936273885 -0.01272017848747107 2.660143411549268 
0.9965683259388165 0.5841058144791256 -0.01366140916351401 2.659239015448784 
1.000172589826744 0.5741198129171498 -0.01580240736758244 2.665555308353139 
1.000060126832831 0.5756874049865277 -0.008801297394090437 2.666002172169697 
0.9889355068316821 0.5918863765299689 -0.04535179481320729 2.639446906289654 
0.9930609401553596 0.5805235886063925 -0.06378277154897262 2.647447149172213 
0.9992061535126247 0.5718834339039078 -0.0452889973846767 2.661915842526133 
0.9897285980948287 0.5909979073265569 -0.04502319693912427 2.641493581916672 
0.9985177690258881 0.5721459223513147 -0.04480106997642936 2.659786567793041 
0.9947290848652539 0.5850606373667253 -0.03281017486652633 2.654116702261282 
0.9941393470587943 0.5847030735018532 -0.03519063549309348 2.65201174548066 
0.998648391055173 0.5722861912514593 -0.04410552304161169 2.660259007750473 
1.000639920199789 0.5706449933496133 -0.02843841551323677 2.665415176502712 
0.9883535470490521 0.6006148362000987 -0.01679499483241362 2.64193121966048 
0.9889218069318015 0.5949298509441252 -0.02882395540244913 2.640695183853181 
0.9924518713544193 0.5899779379152951 -0.01886679055563915 2.649159972435275 
0.988964810866938 0.5993888632342419 -0.01663872908543711 2.643199264457186 
0.9924591431431917 0.5910569297132654 -0.01914359735512108 2.649823629691527 
0.9923252342537514 0.5950747354179603 -0.01095771783077248 2.651651006147638 
0.9919193055775826 0.5953859902076172 -0.01184398697551031 2.650499246694069 
0.9925362166164221 0.5909188207547116 -0.01822940950166962 2.649981781823696 
0.9943967045878446 0.5888254777370702 -0.01180889733252476 2.654807280930075 
0.9681818352225229 0.6276223358508899 -0.05889217478557463 2.594586521931037 
0.9534975688114923 0.644479388784996 -0.06829583031953473 2.558742008150556 
0.9612849917491935 0.6271447355859434 -0.08578441291323106 2.573820255165056 
0.9669154814381007 0.6283489890474958 -0.06032659343430143 2.591010696919661 
0.9622086764103113 0.6266899144713773 -0.08562063480630312 2.576465750640509 
0.9737334368316727 0.6130081590117957 -0.07051979217276436 2.604080699722461 
0.9743444763939391 0.6140419359630109 -0.0687198549743664 2.606538749540189 
0.9625920054426883 0.6264683605593323 -0.08602451503781497 2.577478761774385 
0.9733860499503376 0.6072625872146223 -0.09447399671261537 2.601293593644604 
0.9827657825080937 0.5992675115206676 -0.0629847165309312 2.624623481744138 
0.975783348010571 0.6144887707487521 -0.05116247554038245 2.61042871617276 
0.9738158399601824 0.613334771007839 -0.0704224362257741 2.604505968323033 
0.9835783278196699 0.6006160309403579 -0.0612992776986535 2.627975736957679 
0.9737846613459098 0.6137694399464698 -0.07081451835143164 2.604521349714541 
0.9852949443676776 0.5897164338162234 -0.08024739145997031 2.628427719139417 
0.9860054259430545 0.5896549983467553 -0.0810919445981213 2.630740806926272 
0.9731845662199506 0.6144263135909365 -0.07079703750014515 2.603056684093856 
0.973824403385852 0.6069986183022015 -0.09499470363721103 2.602545723254458 
0.9802067629682496 0.6188463112487652 -0.02001285561913776 2.626522835892521 
0.9738485060133918 0.629722150370331 -0.01433913957907838 2.612546081585998 
0.9716789814783573 0.6253915481920355 -0.03308726102148265 2.603229819953674 
0.9797299884956496 0.6190689741330047 -0.02024809054203806 2.625099366134946 
0.9727365628484105 0.6248816304226003 -0.03430340498415369 2.606376464031473 
0.9800533217298376 0.61288601005726 -0.03310540831076687 2.622663447073991 
0.9805586770661349 0.6137446330797462 -0.03154279409173336 2.624768863583469 
0.9724068952577349 0.6263852174397203 -0.03413681734629459 2.606179140292423 
0.9751865507583192 0.6145164101587937 -0.05008126020523738 2.608463515239285 
0.988700715069874 0.6036490933109855 -0.01135707961901648 2.644834018403401 
0.984417652971476 0.6086664793018071 -0.01964824855040363 2.633996929081251 
0.9853856250819966 0.6032553209969759 -0.0267210811800149 2.634030683510797 
0.9881510780794156 0.6040879358589545 -0.01199185650914039 2.643299343560253 
0.985673845195443 0.6029876536394534 -0.02611183416024612 2.6348041434519 
0.9884836699440623 0.5996509887913001 -0.01633310442971329 2.641789809068344 
0.9887477282944539 0.6001674621811344 -0.01518333605134551 2.642947330687042 
0.9860583970221986 0.6024198498293012 -0.02688953338669529 2.635731293114146 
0.9888418609107946 0.5951642472039235 -0.03012575176796833 2.640605554495289 
0.9878285343149285 0.612270802613919 0.00116409007448921 2.647225196816328 
0.9843590257733317 0.619138090207354 0.01188047013395851 2.640189948506526 
0.9797661419002811 0.6245847562618368 0.002619447963540127 2.628533579768179 
0.9881617632143662 0.6120508598464648 0.002078385110399006 2.648170348105888 
0.9798706055202014 0.6245911085959043 0.001162151695498187 2.62888181688184 
0.985288970670088 0.6150714386013409 -0.006815313285706249 2.640675505436746 
0.9853271628171053 0.6145583221219193 -0.006935294064056153 2.640445444904783 
0.9789966259301839 0.6255207037067732 0.001355966605873701 2.62656813433418 
0.9746080579163686 0.6282723408475517 -0.01284027946166088 2.614114533714647 
0.9854342401722709 0.6029237267038721 -0.02776792046742733 2.634015644778665 
0.9839135880837435 0.6103965045683474 -0.02064273200942503 2.63343858379208 
0.98023753458729 0.6120823628802128 -0.03245493016543875 2.622717947131902 
0.9859001705706261 0.6034370319958517 -0.02662923373820699 2.635817689582094 
0.9801022925165447 0.6125702719813106 -0.03265108861882729 2.62254644317084 
0.9840166941291971 0.6015550876553555 -0.04020185008671354 2.628916811801099 
0.9844330917538615 0.6013317898034286 -0.04101586048091275 2.630185022980314 
0.9796838804602908 0.6141963838163027 -0.03294758338183726 2.622216256722186 
0.97625461098165 0.6139912133191311 -0.05046270832959669 2.61161808232275 
0.9904182702836725 0.6040644149308712 -0.005979294944448134 2.650762933055348 
0.9910318590683761 0.6009817294534984 -0.007376097077835387 2.650925002270839 
0.9924678990948291 0.6011056266705633 -0.001483767628268057 2.655704512016075 
0.9904328013076416 0.6041391166654785 -0.005517753894187623 2.650854176187586 
0.9923826282454355 0.6010691068781179 -0.001940614166107399 2.655404540878652 
0.9924039831209666 0.6034783945750065 -0.0001188361231415295 2.656935193317267 
0.9926650310758138 0.6024476896228703 -0.0004522085996569616 2.657175881130867 
0.9925485826744088 0.6014395710284125 -0.001653120552511123 2.6561817239609 
0.9932462024519486 0.6029062142427226 0.0002526732417111755 2.659377437144713 
0.9668534686837434 0.6416988811802572 -0.01643846123300243 2.597703296491181 
0.953210352534454 0.6579838500689446 -0.01982948478818994 2.564923752827793 
0.9502992170482264 0.6551763158917462 -0.04349954556411118 2.554478159643171 
0.9659310159727715 0.6423623981040674 -0.01677488715583684 2.595155211985708 
0.9509164615387486 0.6548749290833509 -0.04371796230813713 2.556274920579753 
0.9631931199528191 0.6395888934642655 -0.03535194416319447 2.585147549244652 
0.9640885462689669 0.6405805185347134 -0.03248538644053642 2.588441888810598 
0.9509219535279518 0.6546599328916327 -0.04458557901166654 2.556166037658743 
0.9527252152232361 0.6448868902587545 -0.06738226693880475 2.556676302488547 
0.9853090032557066 0.614670767817409 -0.005795910566904096 2.640426044769324 
0.9750582877917561 0.6279047805353746 -0.01426120032008099 2.615370812594095 
0.9802500836484133 0.6189260947486825 -0.02037111623078688 2.626779811731443 
0.9842968093138917 0.6150451433039822 -0.005832938815288377 2.637344350383342 
0.9800858920449463 0.6181278459405718 -0.01884913340192703 2.625691784817482 
0.9867998410810136 0.6085274479599044 -0.009347936704991216 2.641542332905128 
0.9867418763688811 0.6086011602514273 -0.008820578321238259 2.64138491589583 
0.9804477279850777 0.6178415156093043 -0.01968000504806011 2.626710880137155 
0.9842290805832529 0.6098243406956299 -0.02044828618216212 2.634134635499985 
0.9793598570027467 0.6284849262812333 0.01476478355892509 2.629700812600104 
0.9691998900162659 0.6408244137919674 0.01606394648235165 2.604858633418906 
0.9709643505377734 0.6383352987168577 -0.002038089045861433 2.608812943919909 
0.9786805576906215 0.629027752731063 0.01455963188234516 2.62783771129028 
0.9710795553748462 0.6377028527964412 -0.001357208323755941 2.608737933024226 
0.9794509621831974 0.6247342023152104 0.001025130009116528 2.627552541778425 
0.9796862914388704 0.6246328476446802 0.00216437013234404 2.62822314480657 
0.9714226384510878 0.6375546778019813 -0.00257358603901881 2.609754152555204 
0.9744354743376223 0.6303654387040984 -0.01468918197873156 2.614989934652701 
0.9265868773017192 0.688868636632824 0.01478031447774127 2.503019211102564 
0.9430600096391888 0.671826990207233 0.02749393496402648 2.542580872906787 
0.9303336388639472 0.6859669186222286 0.04533186871408618 2.51341014085633 
0.9265698352773648 0.6879389972507821 0.01295645439929224 2.501950452107501 
0.9306104933039619 0.684075691596897 0.04582345624576182 2.51256662599764 
0.9090797826046345 0.7048575340185331 0.03397385273695924 2.461649409371364 
0.9068502785974032 0.7046413931568495 0.03652557611834239 2.454694313347058 
0.9308524408322444 0.683166031091279 0.04653489231163665 2.51282489181856 
0.9182217344480741 0.6940646056201417 0.07392380257609392 2.483702419165386 
0.9468684572936197 0.6660927614751911 -0.002790686775774207 2.550250150987885 
0.9423277309347489 0.6727732979945352 0.02630424451926548 2.540899196610022 
0.9279536463189123 0.6885957657409205 0.0132044715598626 2.506965120585831 
0.9481136060633784 0.6661564907994294 -0.0008629554847332941 2.554219454593832 
0.9275819581007755 0.6885571703292608 0.01245443765724226 2.505666650379307 
0.9370056081291331 0.6774496378279663 -0.01791297511547703 2.527523897745599 
0.9373248390459661 0.6757027792468415 -0.0200143225262911 2.52686428381022 
0.9268864910471 0.6898435910029003 0.01351040431668335 2.504225356587421 
0.9114306380065044 0.704220918086719 -0.006655467219875984 2.467471168715699 
0.9719193516489324 0.6262761208087242 -0.03488237673218296 2.604686278845583 
0.9739543152973409 0.6302896051608078 -0.01391688192473151 2.613264194609128 
0.9639912467538023 0.6389246559545637 -0.03424147588319872 2.587162849943011 
0.9728766194630449 0.6273669491005076 -0.03231803371490508 2.608304812213196 
0.9634496570528266 0.6402187139326435 -0.03422758495182607 2.586133795696504 
0.9660823625275956 0.6265661656551832 -0.06018131082107986 2.587121303178686 
0.9665031173107216 0.6264339203822497 -0.06173145239890396 2.588551370712476 
0.9629028475092916 0.6415281006540268 -0.03396070375098199 2.585243398500696 
0.9534647499905151 0.6446131803993116 -0.06784148468774516 2.558879046321435 
0.9593205359265867 0.6564053004984262 0.02105223913025343 2.583218434424559 
0.9432146097282104 0.6713485739137774 0.02594693539371156 2.542904194962673 
0.9467350019117408 0.6691161615863129 -0.0005710000890331213 2.552080719252366 
0.9582639521863333 0.6568734596526766 0.02109521577733132 2.580231030816137 
0.9469279039862508 0.6687465906358242 -7.981368149227021e-05 2.552281902947477 
0.9603003122443906 0.6514265630458204 0.0008281291564885742 2.583017792314332 
0.9606826484174725 0.6513861694633638 0.002183831901596255 2.584165366517893 
0.9475385409523059 0.6684106774177514 -0.001526115199606946 2.553973507941941 
0.9530864414454719 0.6593326210031003 -0.02026846320693512 2.565621988743185 
0.9993621395458568 0.5740255508739418 -0.04332308723244848 2.663481432925982 
0.9933839198170145 0.5802456956138266 -0.0638506280524458 2.648237817636961 
1.004024730768738 0.5548436135463203 -0.06691612307526065 2.669595213926116 
0.99848227202458 0.5737072228163634 -0.0449782383996748 2.660429231056606 
1.004682676953118 0.5544241221288405 -0.06679013276087545 2.671498535336965 
1.007350123365264 0.5526263791004822 -0.04172537604650334 2.67823418879236 
1.007142100261445 0.5564898955179863 -0.03971944650340511 2.679143783065323 
1.00517716542592 0.5537567381298779 -0.06756464563823965 2.672577406634107 
1.017835455384958 0.5167507037008436 -0.06009800495004767 2.696124334056701 
0.992620866215873 0.5915754824490376 -0.01698532738780694 2.650619274922073 
0.989534776397928 0.5937138660843483 -0.02954226511683673 2.641985329511439 
0.9939210191507428 0.5836215988255303 -0.03319858006440938 2.650639563018203 
0.9919444556311247 0.5916638984055671 -0.01828052839964004 2.648456082069551 
0.9941970017923928 0.5837046592346404 -0.03219943638590813 2.651573601489061 
0.9947436291264565 0.5842332946086525 -0.01906854564210412 2.653388061040776 
0.9949835534289735 0.5856659677109741 -0.01770804328804834 2.654945145544629 
0.9950255997880648 0.5828324450718929 -0.03301487857407546 2.6538046365057 
1.000390818785388 0.5724974601228638 -0.02984819887449364 2.665639677913028 
0.9876780101787755 0.5769014867941399 -0.1128361677801137 2.631564461514707 
1.005661849970307 0.5359685419607939 -0.1170407146114718 2.670015688664885 
0.9980794049391324 0.5683621285683607 -0.08556569921373254 2.658454717149462 
0.9878570862388664 0.580081196353927 -0.1116484569321033 2.634065805041647 
0.9980169449156634 0.5662670793222463 -0.08797632642358179 2.657572144622964 
0.9854639470559083 0.5906694852960765 -0.08010672112756281 2.629394613013001 
0.9860407981906083 0.5901615514857396 -0.08003094494636927 2.630931572245242 
0.9970719222483916 0.5662036072008139 -0.08634300001002937 2.654264563422772 
0.9935449001492006 0.5810938465019636 -0.0626193366653631 2.64925221739689 
0.9849970697598924 0.6026338411797417 -0.03916755117930837 2.632721350354307 
0.9762473949417106 0.6138195644469482 -0.05087319142502308 2.611450130894988 
0.9823910713289066 0.5988881634336828 -0.06140772855049881 2.623055682876811 
0.9841033512897546 0.6028718134636365 -0.04059662459339378 2.629973607500522 
0.983159737144113 0.5985277064779344 -0.06122231533604409 2.625328586915386 
0.9896140059929924 0.5902178490072304 -0.04496460938393065 2.640760544329101 
0.9900405639932341 0.5919458708496906 -0.04290145193907709 2.643062120118594 
0.9835493011790154 0.5983460126319807 -0.06189902232473619 2.626455212594049 
0.9927519943698545 0.5805887732816143 -0.06411053044240135 2.646514860740013 
0.9499849598793517 0.6423499754713284 -0.1125329062493892 2.549654402574836 
0.9620674359376751 0.6064436489572218 -0.1605786500483199 2.573227567764813 
0.9686524247973286 0.6069590041562589 -0.1219490068239758 2.588829394820676 
0.9523494165010631 0.6383968241726631 -0.1116469923501456 2.555010519265501 
0.9687500607709338 0.6116805410506104 -0.124200099419887 2.592144050501666 
0.9616991789101783 0.6279760085936857 -0.08445774295323388 2.57565174943998 
0.9611152564705523 0.6290727020660712 -0.08622243642313508 2.574499221569313 
0.9682530313435057 0.6111291185834875 -0.1219350596595069 2.58998639840227 
0.9731026668292774 0.6063248493748593 -0.0944784592660431 2.599895142735723 
0.9179241188361428 0.6835132012865534 -0.100261366988545 2.476931369416014 
0.9188034150870464 0.6687689674483043 -0.1466069882464802 2.475631503891893 
0.9399020727591421 0.6589468924111371 -0.09896220939014341 2.528048160801023 
0.9200407846096778 0.6814955505215555 -0.1003812371845595 2.482293493321965 
0.9393683398318818 0.6581284875868478 -0.1019531475286173 2.526662033095771 
0.9422877624745569 0.6621629707696776 -0.06691507148164391 2.535192819504524 
0.9411432678628501 0.6622947132300667 -0.06721330277396018 2.531625345066074 
0.9387185678419279 0.6574197452113335 -0.09894851737839792 2.523658488984446 
0.9534487955012747 0.6444732808137814 -0.06726674861170491 2.558510676183549 
0.9910367528761632 0.6069261908683785 0.003581387894281498 2.654535174448856 
0.9897307929237472 0.6068604162997909 -0.00140402452306176 2.650183481748284 
0.9927769824064526 0.6030978340483193 -0.0007464282716474336 2.657941511263687 
0.9912834560919436 0.6065498021219581 0.003451819319951068 2.655124832251678 
0.9927866140801058 0.6031361067379054 -0.0008437746117929713 2.657994882709775 
0.9934758405497902 0.6026772230643374 0.00154513352230584 2.65999183943423 
0.9931402796385834 0.6032272682974624 0.001375431756680707 2.659221882965761 
0.9925942498239119 0.6025262452719325 -0.0001361895668641991 2.65698940279005 
0.9932739994433355 0.6028054296223161 -0.0001951052383024261 2.659409041510106 
0.9938258449466955 0.6010985640732883 0.01100416819435301 2.660261654604254 
0.9925742871750723 0.6040766070014684 0.007707287901188275 2.657904001337057 
0.9940351937369538 0.6013269026550732 0.003915112874913355 2.661029560400802 
0.9939935183398623 0.6007305015915914 0.01058193378873632 2.660593330968305 
0.9940038153038027 0.6013939492600524 0.003938216684416751 2.660965465166413 
0.9947337474958918 0.5984501520951214 0.005128419792420413 2.661609923944396 
0.994517953679058 0.5987381827724052 0.005134562832056361 2.661077563328174 
0.9939976271114578 0.6009870536261608 0.00411121700594637 2.660709051734623 
0.9943790004169761 0.6003682958283634 5.880762185931886e-06 2.661585995082287 
0.9952472117083867 0.5983068604814954 0.01841728373305424 2.663342808745483 
0.9927303525118747 0.6042896024757497 0.02564451158800028 2.658855614411097 
0.9920001919737299 0.6062162917766641 0.01519185529359129 2.657363718428937 
0.9948143258992166 0.5992437648873353 0.01847470044764252 2.662515212581545 
0.9920532936160016 0.6050565743711078 0.01534758654579421 2.656861700171899 
0.993914317259776 0.6011115538662783 0.01087488654364502 2.66055413838207 
0.9941079642444375 0.6008359932984981 0.01117228288318731 2.661025760176714 
0.9922288609369937 0.6055463136960311 0.01438938099260173 2.657728036580731 
0.992544552793707 0.6047074158672492 0.007397514102007586 2.658175986885503 
0.9978942086486081 0.5901730902002075 0.004729239890088527 2.667153464651687 
0.9994561185915619 0.5872769447433798 0.01021001472876357 2.670689081070942 
0.9974914055137035 0.5909787960867598 0.01179248964079814 2.66636496732729 
0.9980811121886439 0.5898788805675542 0.004883410800859033 2.667599483141526 
0.9974670753024081 0.5912374818763364 0.01152639141946026 2.666431770073165 
0.9965415801781191 0.5935342960750604 0.004864994715343101 2.66466114786057 
0.9965421324445399 0.5934785309334349 0.00444545669171891 2.664623658383328 
0.9973936041087029 0.5913231496561179 0.01202836253153326 2.666241099007073 
0.9954759255538687 0.5957562346193835 0.01159017838637289 2.662519816086996 
0.9599752934244433 0.6531854380134328 0.00101822172501016 2.583082667385349 
0.9529283215661727 0.6583012147665213 -0.01933122731041848 2.564297430112506 
0.9660301334326283 0.6407545897582206 -0.01905552837784584 2.594562667837478 
0.9604950388124365 0.6523337902288517 0.0005890120969633449 2.584286054806188 
0.9660085285655379 0.6418071946700035 -0.01825475878991949 2.595248833850555 
0.9715376310796263 0.6359546396616799 -0.002091602581599163 2.609028990942245 
0.9707139553855733 0.63763962175489 -0.002788617925265455 2.60745900439851 
0.9658582610184311 0.6402731368980427 -0.01710705117778962 2.593692074791013 
0.97432517306037 0.629433666508013 -0.01534336123179205 2.614003905098007 
0.9408024490761541 0.6681632702606041 -0.03701788773944779 2.532929725148851 
0.9282239554167212 0.6821320751244417 -0.06189357232902843 2.505265950954285 
0.941360958974636 0.6614845931692238 -0.06862529140791353 2.532130348405181 
0.9408643832770341 0.6690608857019151 -0.03783327589770703 2.533937291541399 
0.9408964610952173 0.6599956713541444 -0.0670324270833349 2.529352714391911 
0.9507017566959213 0.6556744062006935 -0.04449180511676952 2.556354011671863 
0.9503253613543028 0.6560611398573559 -0.04544966416241789 2.555418032421449 
0.9417151777715183 0.6597868113362929 -0.06834915581946921 2.531874268667406 
0.9525092543743702 0.6446105362743741 -0.06923724467540211 2.556033488539672 
0.9385662236699482 0.6759832257244992 -0.0181673685802819 2.53096985953748 
0.9116654537729779 0.704169940391831 -0.006608016656346375 2.467995229381853 
0.9187218404272772 0.6953149805645809 -0.03620713311093892 2.48409639596751 
0.936696408704796 0.6770143868804229 -0.01812547575895221 2.525815137968025 
0.9198905743124095 0.6952568614782294 -0.03743292536455148 2.487639320614215 
0.9417478906099405 0.6668423081119317 -0.03850606570060318 2.535090880761429 
0.9422974565821373 0.6673526938564387 -0.0369914705358084 2.537143608136629 
0.9197237637379969 0.6951397486291134 -0.03795740199348329 2.486942459235225 
0.927694867155108 0.6821574307844048 -0.0605552552376678 2.503574422605843 
0.9186706919927103 0.6948575572331585 -0.03807581355310366 2.483365695787583 
0.9107416674184732 0.7058865547390981 -0.005425926238631428 2.466459783130271 
0.8954573634115389 0.7159390977667223 -0.03868263230544765 2.429004512654768 
0.9198069266790299 0.6950182138387291 -0.03622848702100167 2.486886869757116 
0.896496506766259 0.7153654971567723 -0.03978852074416219 2.431556387202022 
0.9095234803316778 0.7000519997052904 -0.07283221906540843 2.461669417863063 
0.9098140131420533 0.6981216165366531 -0.07416223528199532 2.460759716666846 
0.8954663428009815 0.7182342105180838 -0.03894927793647814 2.430252118137835 
0.882065837681393 0.722969795820591 -0.08458859737925511 2.397468872011773 
0.9462799047672746 0.6675218966267692 0.05516528327846718 2.550973342511763 
0.9418271071729919 0.6720622168539385 0.02742739587632202 2.539073834230104 
0.9586307862709774 0.6565515799239487 0.0190939268101512 2.58114778787818 
0.946944245494147 0.6664310013636043 0.05427422349191852 2.552382675148278 
0.9581874828204269 0.6569295956010649 0.01931705382185408 2.580005378478557 
0.962422307921648 0.6520102837759475 0.0410816583488121 2.590939108840095 
0.9610798661794111 0.652102463346816 0.04051667615800437 2.586839928597862 
0.9577057676513573 0.6548922952333973 0.02099075624629027 2.577402346129464 
0.9689554109024319 0.6427489103610787 0.0159831173790274 2.605245059683082 
0.9886209158787853 0.6131360970168447 0.02251803835176184 2.65063620705124 
0.992924132925378 0.6038157951037875 0.02687361633203068 2.659183241005613 
0.9896421186534543 0.6106698877076326 0.03438055477879022 2.6528383513731 
0.9884850663383628 0.61269420882502 0.02171991823839544 2.649902406000687 
0.9892392386855035 0.61171886214218 0.03550860482862307 2.652139238121159 
0.9825467151794391 0.6221905968698486 0.02631429107073209 2.636446601588766 
0.982322800701623 0.624467975076737 0.02589512199547496 2.637119660635301 
0.9900831183229643 0.6100635888866277 0.03551159293895605 2.653788326236752 
0.9826537870000164 0.6218680977223758 0.04486016249626344 2.637322719742402 
0.9893316598916698 0.6012073073030849 0.1215136213769155 2.652402026367154 
0.9854371870782541 0.5989838590472842 0.1599298486658461 2.6439275129111 
0.9668865708530644 0.6354398982730692 0.1242417192610585 2.601372313631242 
0.9881138425181724 0.6046891487703197 0.1220302077611649 2.650621723169768 
0.9674116137761738 0.6342573126971439 0.1223963230101111 2.602315874641658 
0.9754891248632167 0.6257358741326512 0.09062994729267271 2.61937659542973 
0.9773622100484803 0.6239940902672 0.09256794493402989 2.624257440111268 
0.9662156901390748 0.6353711753113516 0.1213997932365917 2.599021679981826 
0.9587994247646825 0.6510912182105083 0.08292674692975906 2.581448930629279 
0.9741601694370611 0.6351380743237585 0.03404502424073937 2.617632328491449 
0.968617876808766 0.641083534989526 0.01744564502697775 2.6031688416056 
0.9790276761874805 0.6286239159373679 0.01324655948640507 2.628738759895235 
0.974693729123104 0.6340181855959641 0.03318761705164571 2.618675904813979 
0.9788918495234915 0.6289747725807551 0.01359510341620028 2.628524752231606 
0.9831310909448039 0.6227313006192284 0.02523978835908025 2.638606038674101 
0.9822323679486097 0.6236881984729374 0.02514786003900139 2.636322635750254 
0.9787928163389714 0.6273613785839908 0.01449833381230072 2.627226994679766 
0.9847782073503868 0.6189758553051322 0.01173312951324404 2.641473329325026 
0.9905688298049445 0.6081403339053354 0.05360586546314525 2.655137314315254 
0.9825158921569602 0.6211123164174122 0.04656174875076749 2.636453833386861 
0.9894284316210443 0.6111748351578412 0.03402718766268408 2.652347489499788 
0.9910824786425311 0.607240891539272 0.05232998565780002 2.656263688233728 
0.9895022872509611 0.6115476782724386 0.03513701640995757 2.652881052031264 
0.9946681916030197 0.6009326072157812 0.03840132256451509 2.663540191074107 
0.9938369043489254 0.6025003744774222 0.03867690783876674 2.661822523387059 
0.9895810106215067 0.6103281422052644 0.03516675121510771 2.652450954516238 
0.9924638001224911 0.6044012613548591 0.02620598571350576 2.658026117153145 
0.9620146833913907 0.6509728697854298 0.03989096659129492 2.589115173376013 
0.9686107984837405 0.6431712593908758 0.01629628613117415 2.604431514501087 
0.9752629608132897 0.633767821764433 0.03430914960755747 2.620207356913841 
0.9609630231054563 0.650543103367367 0.0423146365802936 2.585503813653014 
0.9744291529781416 0.6345754809565126 0.03344053871343654 2.618083779254704 
0.9731145616614708 0.6352675215137187 0.06069864145486382 2.615505978646083 
0.9737912865802163 0.6335526445694387 0.05891995377082721 2.616638281718615 
0.9744077228664054 0.6353220215005694 0.03463387653528161 2.618556959606998 
0.9831259911620194 0.6211610300729601 0.04609188349623458 2.638295350057903 
0.9024885173628087 0.7036939069504841 0.0850708982686179 2.443231288798146 
0.8803727832586687 0.7206611906534238 0.09604879010931382 2.391595985495192 
0.8844470862561999 0.7216728583314409 0.0381753852126764 2.400089339710556 
0.9011208057895265 0.7079541129137212 0.0849379423750693 2.442416769368226 
0.8849432677395197 0.719984584310817 0.03874791431098878 2.400545177561528 
0.9060247936048422 0.7050736238464532 0.03482640168263944 2.452307347589779 
0.9085314946746407 0.7043159076184383 0.03478728022783737 2.459233100818207 
0.8886201966212322 0.7196162433452301 0.03562951758382631 2.411036409201187 
0.9091444345609688 0.7050975588809947 -0.006720138908817357 2.461083156339889 
0.9414558323303679 0.6687649044484756 0.08120314569124892 2.537842259961392 
0.9197630661369711 0.6925643325334174 0.07251002594156657 2.48745906902804 
0.929092266289553 0.6833812663651798 0.04513404174895871 2.507574907795438 
0.9409505789352124 0.6715710741307289 0.08144417239847185 2.538766091630736 
0.9294389080073808 0.6842759690320205 0.04654924815618961 2.509561012068781 
0.9474129235076162 0.6657801343847887 0.05792913438681813 2.553386131012471 
0.947227398682593 0.6675442218321558 0.05666274926555655 2.553851657801514 
0.9310228607091896 0.6851434118826211 0.04430594401447776 2.515038939452415 
0.9414486179472157 0.6719852027645451 0.02597602744932787 2.537634958550048 
0.9488263395718838 0.6571428580658077 0.1113836919198985 2.556353292257675 
0.9369126765989796 0.6636951501987707 0.1517323976790653 2.529180044687235 
0.9222204006794069 0.6833275875751478 0.1155712237442616 2.492443898234848 
0.9483487561960142 0.6578484579788855 0.1109927939569881 2.55526111414864 
0.9236490023046393 0.6841719372833241 0.112922708532925 2.497078988251478 
0.9406252583470336 0.6679238618165479 0.07941452416398327 2.5349805998165 
0.9424888616223739 0.6671795314610153 0.08096573964292561 2.540199647075886 
0.9221328596780365 0.6848087158907672 0.1128818313253694 2.492771794572541 
0.9183857304488776 0.6921287134211701 0.07503092483005851 2.483028140165457 
0.9967262233840755 0.5938191426046528 0.01867108547136781 2.66558381488674 
0.9999816648622113 0.5879126900462877 0.02772718569171555 2.673131214644673 
0.9965343606086593 0.5950072890239088 0.0297221831118161 2.66595992851806 
0.9972187003346249 0.5932325423719814 0.01899455541519699 2.666871336437033 
0.9965183601190652 0.5956342247830567 0.02897486901064468 2.666254183011946 
0.9948979315223465 0.5991996483953282 0.01822354379379985 2.662744045381004 
0.9949114042851805 0.5990259100527068 0.01761232833349447 2.662665936119438 
0.9962256539551567 0.5960574192868322 0.02990606906796894 2.665552000015031 
0.9925883701374264 0.603569844744447 0.02687878683626087 2.657976541074654 
1.001685679631735 0.5850763351281203 0.08569840339932476 2.680320878830036 
0.9911247083456278 0.6031282306523128 0.09305778178507383 2.656840959170368 
0.9962260587260471 0.5965258266424917 0.06700060975404377 2.6675502762858 
1.002023962798543 0.5845895671830357 0.08481332241523826 2.681185251462373 
0.9966499080122101 0.5967346097646565 0.06907929142294132 2.669266371000409 
1.003126760040071 0.5830075619292238 0.06234377419278184 2.682195382430649 
1.002431987968948 0.5860549684908473 0.06297244369352928 2.681749085566189 
0.9966735550451883 0.5968793443336698 0.06866986019942424 2.669428947481214 
0.9982513944583274 0.5922753697786193 0.05118269901223232 2.670894947969964 
1.004693962233799 0.5821805741355248 0.0001829381230240646 2.685119587889285 
1.005306866377619 0.5820032684948618 -6.647155803317684e-05 2.687063513421732 
1.005447840227241 0.5817496983591095 4.458084674562075e-05 2.687387531475248 
1.004692661819294 0.5822087460603909 0.0002672398151951941 2.685131663076429 
1.005479109463396 0.5816942175491754 3.493435204528859e-05 2.687459750780009 
1.005009363010984 0.5816509024703286 0.0002513246665794319 2.685866019227984 
1.005023470802768 0.58173190538909 0.0001643368034134513 2.685960035156333 
1.005476884956943 0.5816895125885867 8.018060540318283e-06 2.687449852298491 
1.005617386591364 0.5814351029141427 -1.589509959535996e-05 2.687771983753336 
1.004347541650965 0.5814880896425 0.0008934020497393855 2.683562281681648 
1.004247535291346 0.5822283681096593 0.000912601282750155 2.683657614846556 
1.005012414652664 0.5816028322645763 0.0001272991864633169 2.685847811955075 
1.004383722656097 0.581444392042849 0.0008238474253565122 2.683657825998536 
1.004980095542747 0.5818386486324594 0.0001273292107704121 2.685876924531295 
1.004881423658495 0.5815130903709547 -0.0001415019328340366 2.685358920512144 
1.004306772334064 0.5825217071104258 6.732450307418849e-05 2.68402486142941 
1.005346061364559 0.5819222058225613 -4.679099501111897e-05 2.687146982375975 
1.00466779970537 0.5821678444300766 0.0002119439583645425 2.685024925707774 
1.004205713100903 0.5825071340437655 -0.0001271138435736156 2.683678844292563 
1.004694727686347 0.5821343280695986 0.0001481281237744876 2.685094596877641 
1.003381634096806 0.5831376335181286 0.0008208156378337911 2.681295691295271 
1.00341156628889 0.5830689985948679 0.0009064264927629308 2.681355754180688 
1.004658452583479 0.5822865634364413 0.0001589135646533268 2.685061917106391 
1.004128640816118 0.5820341443987487 0.000948726923396962 2.683147818996635 
1.006541641739255 0.5751336303086124 0.003908728090239842 2.687245088753757 
1.005635226045893 0.5782703167031787 0.006428013970498659 2.686027399217163 
1.005080881009948 0.5788391779815779 0.001443130716483227 2.684473011721218 
1.006568829838966 0.5756906936523443 0.003626032624943363 2.687654216452871 
1.005123723982213 0.5790821866191365 0.001477784715355287 2.684763059339268 
1.005357202807134 0.5786719185860765 -0.0006169778395068882 2.685305322502261 
1.016227248697549 0.5583787995499564 0.01866241013277439 2.710515929966738 
1.020708005253015 0.5483943930668247 0.007926707062986897 2.720042529438954 
1.019944266328059 0.5501299876804174 0.03373501172591749 2.718980003685568 
1.013741240126436 0.5620301394172225 0.09419072506443832 2.708335353911884 
1.008942248704004 0.5697618322836198 0.07215690821974448 2.694795317116663 
1.018828319095375 0.5519432245936799 0.07785805720823634 2.718463309730792 
1.013553960814824 0.5605473658591038 0.09539798922545534 2.706989324102226 
1.018826480432633 0.5492658970272619 0.07720525397127821 2.717040330132288 
1.026828434055976 0.5302610336923942 0.09980058367418569 2.736021398135637 
0.9957151761555499 0.5959888744167087 0.0001495244435095472 2.663376632739705 
0.9976819878632084 0.5910741128499148 -9.327833817219351e-05 2.66696889758704 
0.9964502111282479 0.5932123165980033 0.004648909008650255 2.664174139118102 
0.995687259804553 0.5959397177962011 7.091336689140339e-06 2.663255040246616 
0.9965378541734675 0.5932447523696822 0.004925696156975337 2.664479046684572 
0.9945886894898015 0.5983392755471998 0.005235317019537212 2.661072370735025 
0.9945717393702277 0.5989169649376748 0.005301743948846712 2.661357044933988 
0.996682070142729 0.5930581531820458 0.004820962417347576 2.664831734623745 
0.9955510826977447 0.5960352455644526 0.01117648168985588 2.662932302238771 
1.001865143840282 0.5845335284657247 0.001800286160576936 2.677049041773805 
1.002345401080378 0.5828232129824263 0.005410764210558211 2.677667857549112 
0.9997998801892785 0.5872878957165875 0.004621613476441473 2.671795439827179 
1.002009480828234 0.584055812320761 0.001841389463181733 2.677249207253238 
0.9997368237543865 0.5876445352887832 0.004214132544353826 2.671796001035938 
1.000353414636924 0.5864403316594432 -0.0002225412930027412 2.673129718500417 
1.000477516716971 0.5862150828474887 -0.0002004703645289873 2.673402466603469 
0.999417707562155 0.5875319137191932 0.004568595595282629 2.670668232348075 
0.9977715875251761 0.5911724276581682 0.0004694017395953602 2.66733262590731 
1.010214410960966 0.5693394341693736 -0.0005027030213224521 2.696233940853322 
1.011985642581333 0.5650891826759789 0.01245293374860563 2.699892953428135 
1.008785454125355 0.571706408205531 0.0061038814960077 2.692806729740578 
1.009054276786546 0.5706280878581377 0.006261685520210883 2.693086932259757 
1.011624678437019 0.5657484919619002 0.01334382969420288 2.699057093610257 
1.007854707300194 0.5743519172457136 0.01813819010479218 2.691338459980393 
1.0297926942103 0.5267493000474033 0.04363847267793381 2.740433675793775 
1.019450885608313 0.5517689697107461 0.0529204947995886 2.718962390988746 
1.018780389807615 0.5534718553394751 0.03378811668894261 2.716735369993378 
1.019249781397328 0.5507857216880184 0.03357921898402835 2.716927489461172 
1.019440253625307 0.5511868091247852 0.05150292930900977 2.718568680644867 
1.011870871484818 0.5651587111665831 0.03799942954622679 2.700166693128375 
1.000107054478865 0.5831789855263095 0.0005078476334845335 2.670404316152019 
1.0003318100842 0.585595079751809 -4.220387256474084e-05 2.672564052738688 
0.9996755981576042 0.5834307470315471 4.494188770788931e-05 2.669113282025194 
1.000057738041715 0.5831870082642878 0.0005662295221327607 2.670245107671408 
0.9997080814664034 0.5831350531313718 0.0001447787906853652 2.669049139554412 
0.9996368112564621 0.581097887132339 0.0007806236420361067 2.667624902640251 
0.9996949972276584 0.5812233581114725 0.0006538218856421092 2.66789282418326 
0.9998079271648488 0.5828743670886641 1.255124711134719e-05 2.669229234725585 
0.999304969378947 0.5811715300761497 -1.568184588790927e-05 2.6665629198454 
1.000626602983466 0.5828421607687223 0.002477016620140329 2.671855130263416 
0.9998842766234588 0.5639602295398901 -0.001069600678731961 2.658825778628205 
1.000085251721375 0.5845339051721314 0.003117706803256053 2.671020404434562 
1.000190805836618 0.5818562957803461 0.002222057877564652 2.669923624512454 
1.000028944584634 0.5820867721402269 0.002306861418020962 2.669518212753023 
0.9998016756117507 0.5839347784141433 0.001949893441223668 2.669825178147156 
0.9998805685949433 0.5839723873346557 0.00168368688360415 2.670109831211916 
0.9999489079796774 0.5817683957871166 0.002900232076735888 2.669065022027138 
1.000013722880145 0.585070956949025 0.0007367607083788347 2.67119435231551 
0.9986705765774847 0.5831689367349974 -0.001852210159444649 2.665618041918573 
0.9996908692015974 0.583338241003036 -0.0004290082971010255 2.669114444067591 
0.9994539612552547 0.5826561623690421 -0.0003174358661064828 2.667925278715753 
0.9985424097522555 0.5835453762145538 -0.001783728949012624 2.665412385725377 
0.999396496225771 0.5822716386419042 -0.0004738564037963355 2.667510964562462 
0.9985707353465432 0.5828071307993189 -0.0003411128175197037 2.665073139936353 
0.9985688185257019 0.5825776301414228 -0.000287710321836694 2.66493263395042 
0.9993977200623351 0.5823577822974348 -0.0004144468790464597 2.667565304395328 
0.9994120283893543 0.58153142924565 0.0001521193541800456 2.667129787149918 
1.000211465034525 0.5621449525608609 -0.0003757081949163073 2.659001633160554 
1.000252859820874 0.5777601151755885 0.0005554253069591263 2.667667771852456 
1.000199085298649 0.5796041875347026 -0.0002624931292159387 2.668528585280886 
1.000139623438816 0.5800203217445553 -0.0002467659264825438 2.668703756513217 
1.000211978992246 0.5787492956800655 0.0007114302116564867 2.668193305562576 
0.9998409276392556 0.585365985038898 8.724314838103675e-05 2.670799272782125 
1.000212595714122 0.5602046701563284 -0.000185641723299445 2.6579797598687 
1.000045197735521 0.5777455206736755 -0.00120064435183316 2.666920944017296 
1.000225147514308 0.5778142374799444 -0.002540344456460712 2.667538070296459 
1.000030223664003 0.5784623005707671 -0.002808215407620953 2.667460669166653 
1.00011371650588 0.5785365025643847 -0.0007509059811676579 2.667757147231975 
0.9989434619286427 0.5846335409660997 -0.004098620950820116 2.667397495139843 
0.993534579579895 0.5935052379606333 -0.00601411159405641 2.654683394416173 
0.9944991574338941 0.5892805015572017 -0.01120661437772595 2.655413606854606 
0.9961286244742583 0.5880718049269035 -0.004393129397690288 2.660055370099511 
0.9937212420735011 0.5933612679053538 -0.005934462842747342 2.65520772003019 
0.9961546948981409 0.5880861933339399 -0.004677749925206084 2.66014864774301 
0.9955330306155924 0.5906638651479489 -0.0001277546051509319 2.659602335424305 
0.995460334133394 0.5905639828392906 -0.0001525196282000166 2.659298426243506 
0.9960570095853899 0.5881135939637238 -0.004361757968884087 2.659838742761075 
0.9975026859704528 0.585937967422233 0.0002139562958828797 2.663352954216286 
0.9927473032647445 0.6006376043935192 -0.0004082661349758793 2.656353558612417 
0.993141853450468 0.6031414469858333 0.0002238308146110521 2.65917393416544 
0.9925730587478858 0.6016210234121839 -0.001888249879027485 2.656373135679736 
0.9930475160018443 0.6007584133078471 0.0001996282793173675 2.657417261861705 
0.992361762087194 0.6016908831237431 -0.002084694877253695 2.655714815163486 
0.9926798649579862 0.5979434854910216 -0.003966456512580194 2.654508908469796 
0.9926206049108599 0.5974351446144066 -0.004250930633984482 2.654003781574804 
0.992235960649969 0.6014665733854659 -0.001938497788148201 2.655155587392425 
0.9910676082545394 0.6009066309423424 -0.007225515424277782 2.650996315246664 
1.002647307291997 0.5638050818328983 -0.006901152551010162 2.667567332512844 
1.001564816253739 0.5545305208049484 -0.0003939692829101181 2.659672819512356 
1.000532673040133 0.5674695489634709 -0.002875982029071351 2.662573883303826 
1.01003728559473 0.5371121137840529 -0.008634090052034631 2.678794970412819 
1.005565084371028 0.557350048599599 -0.01603205770839454 2.673822166625505 
1.007587365037948 0.5522822372586548 -0.02812551807858814 2.678043955124736 
1.006504553066401 0.5539731858456941 -0.02788218698633434 2.675604098173568 
1.00553017020106 0.5557285148280731 -0.01575989905038279 2.673018981339694 
1.001094067872669 0.5715427615386685 -0.0289545339942016 2.667394253610397 
1.006967090384141 0.5548630368971023 -0.04072626189967267 2.677737702071236 
1.016973082731531 0.5200657765455339 -0.0382995092786147 2.693903526995078 
1.006468173955457 0.5563927890927799 -0.02766196074387422 2.676481165028329 
0.9941259704275356 0.6012594228904289 0.004140072847718571 2.661288779080619 
0.9927118428399493 0.6044458219766097 0.006640605219886901 2.658577466525463 
0.993193214070296 0.6031833275933106 0.001387304179365196 2.659363108194818 
0.9939892220156487 0.6014690011823397 0.003996618896874977 2.660970918761244 
0.9931326710556924 0.6028640419232153 0.00181821376335994 2.658978339192794 
0.9938198648620469 0.6026959724201307 6.467268712949829e-05 2.661146388111097 
0.9937797628628463 0.6028527736164476 0.0001629908411752284 2.661108991498643 
0.9933466531140253 0.6030137260142308 0.001340945217200498 2.659776253349998 
0.9931134263675968 0.6028456445090694 -0.0003979529653124372 2.658901101523743 
0.9690925524530021 0.6078932972978811 -0.1236449485818775 2.590419356253458 
0.9886099906227432 0.5649785425017615 -0.1449643041302925 2.632898705791382 
0.9879699863216559 0.5770442376748212 -0.1118657440776528 2.632872049530061 
0.8949594005708574 0.7162106234504024 -0.03860838438041287 2.427697736284588 
0.911749001729934 0.7041591820123637 -0.004471880934333377 2.468405378506974 
0.8892367297098218 0.7206852545255962 -0.0003063431413580152 2.413015389052175 
0.8951624581450339 0.715904565829486 -0.0402912079262568 2.427887786057483 
0.8883119978407475 0.7231127050064663 0.0005232273547579639 2.41177044152987 
0.8689854663323844 0.7368855051051009 -0.04035346405517762 2.36711446961772 
0.9977127402397183 0.5674915637254121 -0.087176789938353 2.65663866261451 
1.014585764478397 0.5207904319846359 -0.08842579505083679 2.689288182802954 
1.004865108257423 0.5564505004663958 -0.06750935368244845 2.673099818396167 
0.9413827165246375 0.6367720618631503 -0.15898431762299 2.526366269581216 
0.9505043376889353 0.6401071970304392 -0.1101918017733113 2.550096165773156 
0.9372068183509459 0.662842135229807 -0.09974424446051236 2.521989500723116 
0.9402933237192366 0.6564072098181868 -0.09998428581724102 2.527941687834696 
0.9505055516616668 0.640366918495576 -0.1112080587042008 2.550688118346524 
0.9527663676481444 0.6449606892251617 -0.06656708963275561 2.556636349194869 
0.9076283195845226 0.6949427115438438 0.1313318448458461 2.458194966931494 
0.8997961988165036 0.705650548165682 0.08447377285093451 2.43698418168103 
0.9233348138222239 0.6811499354307794 0.1143642451135639 2.493749533602415 
0.9223027904973787 0.6863384054432511 0.1146225089835618 2.494282448580298 
0.9003231577575169 0.7057444107378156 0.08471451267220342 2.438737744920437 
0.9169927428019397 0.6916275172682951 0.07299726344868056 2.478139940864047 
0.9085854099825591 0.7017108032433818 -0.07261741648384633 2.459332316147066 
0.8975774290310976 0.6996365205436419 -0.1231389306783946 2.430310228426313 
0.9184750314544898 0.6816399250519077 -0.1015494648321401 2.477727634559486 
0.861273841670824 0.7371170617356851 0.05403387199347544 2.345119383761189 
0.8859263979559721 0.7230663946597314 -0.00218924248650399 2.404645537110428 
0.8891635198893869 0.7185146945007177 0.03875781398849128 2.411625212400855 
0.8878734648427578 0.7217995603684534 0.03707018936494591 2.410286942887263 
0.8859173088273519 0.7216973270086448 -0.0004045627762164516 2.404057279147996 
0.9099383909034886 0.7042131963189413 -0.00697496927972939 2.462906855130707 
0.9888207478096698 0.6034341167709663 0.1203384030679337 2.65240471051642 
0.9900693447950258 0.6036603007832468 0.09180279151750831 2.653499339213498 
1.001935187224521 0.5820947183814955 0.114394234011135 2.682144852604079 
0.9884512438712305 0.604100179300803 0.1221477817940019 2.651596817807549 
1.002651677856068 0.5788398037622613 0.1136821765029662 2.682593929733695 
1.005530116110448 0.5670085116370794 0.1465324375920607 2.689688446977967 
0.9635587117383704 0.6300038848637902 0.1608161299454337 2.592484586744829 
0.9470258333408562 0.6602085486836311 0.1119141718259311 2.552969824415691 
0.9674469716321654 0.6330271364188784 0.1231258759723344 2.601392968015288 
0.9658031526791783 0.6366312494874337 0.12264453648946 2.598462105110169 
0.9481695574613018 0.6573875093996763 0.1099282880075262 2.554799016209477 
0.9580481100750284 0.6504614331559554 0.08106745923351188 2.578458531458032 
1.00456700284908 0.5804972906125022 0.0001723951734871237 2.683721651452577 
1.004493108756844 0.5815740449218488 0.001002509885435206 2.684098172926957 
1.004841192701694 0.5816431678716766 -6.189812808014695e-05 2.685299611398121 
1.006805340810769 0.5747475030409056 0.0003209744858584683 2.687900483729421 
1.006659340390271 0.5754688925577207 0.003612506225263409 2.687832824293857 
1.00534057558243 0.5793801523721335 -0.0004132152597095748 2.685648658775455 
1.020118156873151 0.5446693468575168 0.1233765540959762 2.723474718591005 
1.01263383478596 0.5601743278709166 0.09407144128603882 2.703573964227344 
1.027269192543582 0.5297657028248005 0.09978076402461379 2.737096887066834 
1.00730251816209 0.5748954398928176 -0.0003861626499926389 2.689632809020372 
1.009484672859756 0.5695232238181417 0.0009323439640686835 2.693910045447841 
1.008998357848295 0.571561804662275 0.006405246490393229 2.693456060749804 
1.026531004481532 0.5348846297632621 0.02176270841753157 2.732798189300158 
1.030294421260327 0.5280984932267847 0.04111067706466981 2.742712742474375 
1.018958752243339 0.55290833113033 0.03435730162531104 2.71713491975778 
1.00023915346313 0.5616772777624881 -0.0003226876827167878 2.658835350805012 
1.000165579337536 0.5615977144277292 1.910242784532608e-05 2.658546075619683 
1.000145457069691 0.5798022972599199 -0.0003098991111680335 2.668456339788629 
1.000609863323 0.5585956461464819 -0.0004538171201708 2.658426382427241 
1.000033580402102 0.5598756564989354 0.0002844948203119253 2.65721579920039 
1.000193526967636 0.5777924262001934 -0.00247072286295224 2.667406692090897 
1.014447262693964 0.5277750906340999 -0.02202052556308508 2.688924439415925 
1.009879662230588 0.5357893536892393 -0.006736677187899017 2.677534517465642 
1.006917381283324 0.5536741130505844 -0.0291395669027373 2.676574780019205 
0.881305751138334 0.7233308959980786 -0.08472881446410625 2.395612485570747 
0.8972877565169655 0.7167466790503585 -0.03859924243809666 2.434834518536194 
0.8700781905009645 0.7364466410134883 -0.04097971400644484 2.369674500179021 
0.9213298203315704 0.6668048680163144 -0.1470605157067855 2.481913952258143 
0.9412076114671226 0.6382839227966499 -0.1617021279443173 2.52704005154083 
0.9388853467053672 0.6609112915474042 -0.09825187058383375 2.526028627781344 
0.9383637241264641 0.6648285485881272 0.1531426435305293 2.534125337583502 
0.9090356718140699 0.6943618632616713 0.1321984802942319 2.462293957004348 
0.9202503912052848 0.6822143006161079 0.1134919711908107 2.485326652725597 
0.8803053815615823 0.7221617347005476 0.0955737301112618 2.392103025199652 
0.862255699939832 0.7365568603552682 0.05573691516247885 2.347874542774415 
0.883990936650254 0.7199212233650077 0.03806505278362737 2.397416116573697 
0.9879197329008459 0.5980062312941379 0.1584037325986124 2.651468819334203 
0.9869683488158133 0.6030099876510737 0.1201180270095243 2.645892401778605 
1.006190927683367 0.5671521214876105 0.1471220632400111 2.69165689146582 
0.9861786619652139 0.5993354051374153 0.1605742207901932 2.646238370564174 
0.9662284381063695 0.6289950034390016 0.1596722099593973 2.600525070194275 
0.9648433440708685 0.634293132518618 0.1222933650595003 2.593929395692716 
1.004813338849496 0.5814685438173908 4.151875236791039e-05 2.685105910197247 
1.005038203459363 0.5817772935698953 0.0002081979413280595 2.686035589219802 
1.005606731350019 0.5814547007060075 -7.98659450724827e-06 2.687747560576611 
1.00512691142035 0.578705527362303 9.842596182988992e-05 2.684557914989353 
1.005071415424702 0.5791409380754787 0.001488332037210044 2.684625442978192 
1.004777985414733 0.5805946201561289 -0.0001127621453557043 2.684480467498636 
1.017380859536133 0.5577048602255136 0.01922488517196186 2.714090003093829 
1.014883065599795 0.559412665094263 0.002084961828621488 2.706338316366739 
1.019409089251128 0.5489778017295411 0.008970774767485671 2.716021525672208 
1.020543405152658 0.5516678675349781 0.03458957617155558 2.721879436661496 
1.020484076578231 0.5481242868114025 0.00764064254208415 2.719053979844482 
1.02547898893442 0.5362236370246091 0.02228025348749282 2.729999038948668 
1.027832411309421 0.5308393665975621 0.09768743713995955 2.739571084330754 
1.018151453585684 0.5496355422910448 0.07735435144874953 2.715041734098645 
1.031062511265735 0.523964948142616 0.07398734763005395 2.744951308160202 
1.010042639351669 0.5698694525804409 -0.0004839811814825113 2.695920787108927 
1.013998690765403 0.5600544681587509 0.003557501330320551 2.703788181431567 
1.012480127287065 0.5656651968124217 0.01299622155705094 2.701887423255201 
1.030565246524751 0.5255274493826871 0.04298142681944343 2.742302895869129 
1.031215938075524 0.5255050563000956 0.07121071474154023 2.746166994506752 
1.018642048710092 0.551877096964927 0.05211847447701021 2.716194044313462 
1.000180701857491 0.5624546683458225 -0.0002849490184266599 2.659077282516674 
0.9999939446869999 0.5617824832933602 3.886786049303185e-06 2.658080574989093 
1.000182038597098 0.5774385855364367 0.0004891107512815084 2.667243208113127 
1.000149281656372 0.5604063141820963 -0.00017364630462785 2.657882250361651 
1.000200429370747 0.5608285349084978 8.866078179166484e-06 2.658288927862331 
1.00012731277678 0.5774575146494014 -0.001161860724370176 2.667031213188551 
1.002755119784214 0.5637975738249783 -0.007011163710620784 2.667907515108957 
1.005182193326656 0.547168518677481 -0.002551776405588394 2.667772439073862 
1.000877597430527 0.5539935572065395 0.0009163316079511421 2.657106075308841 
1.000932918306034 0.5672080899156124 -0.002578650413483988 2.663768945100563 
1.001243815763367 0.5549169951817766 -0.0002715397004469192 2.658811168830836 
1.000244148585857 0.5573147545221808 0.0001987573074871604 2.656800162462577 
1.009214006662615 0.5380995629929681 -0.008196356520427477 2.676529326589077 
1.00531870021595 0.5447922951845839 -0.001389101197721438 2.667009268529186 
1.005628915840632 0.5571930945066407 -0.01599728378407063 2.673963175583304 
1.005510867917072 0.555816454465989 -0.04094263691883037 2.673361962775393 
1.018392642135945 0.5165526090665896 -0.05979303171627903 2.697840525919784 
1.018504169526844 0.519248489287743 -0.03972014004946494 2.698732169615694 
1.005565995249288 0.5552522701491267 -0.02845884342880291 2.672874385325164 
1.017514504449874 0.5203008103774793 -0.03789815467315565 2.695814917149156 
1.015212299695007 0.5263501997491359 -0.02304694220816536 2.690800328456959 
0.9687549009955854 0.6070853791825833 -0.1220798099889213 2.589025704069393 
0.9647379069397167 0.6039304567575167 -0.1611235405805193 2.580037217317667 
0.9902200041872049 0.5661162038131575 -0.1493019481337981 2.639210945820416 
0.9867124100685947 0.5771277627784991 -0.1129915823988244 2.628716130358691 
0.9902929325228055 0.5633792243458072 -0.1452039987651547 2.637407607916797 
1.00720509479441 0.5373449948279737 -0.1210216220977297 2.676326494320921 
0.8677893714957127 0.7371107236796255 -0.03966420349151864 2.363688389073727 
0.8900796859708885 0.7216762837097322 0.0005108131272447639 2.416141706347398 
0.8584117047614293 0.7421032626549287 0.009120856652916221 2.339152307633364 
0.9964608710957195 0.5682230811789409 -0.08686069997744843 2.652943480675308 
1.006117836570616 0.5350805306789335 -0.1173118697134884 2.671027962802049 
1.016409236933212 0.5204812243335349 -0.09097511829402173 2.695385939754106 
1.003464210166434 0.5555260329672214 -0.06908411733266467 2.667932089834948 
1.015341736752145 0.5205882839118757 -0.08806835318033689 2.691675246652404 
1.019265736738486 0.5164139791451373 -0.06255031086264068 2.700989682137604 
0.9439173288358693 0.6348532036538764 -0.1594522410217378 2.533036838895788 
0.9625663048604834 0.6073737979942342 -0.1637465778453109 2.575698249213157 
0.9503931795327829 0.6408905258306643 -0.1098369188156531 2.550042568761164 
0.9078274521700104 0.6962537206363424 0.131373559450574 2.459227502143863 
0.8807355087231106 0.720053077402951 0.09812973803725374 2.392531460863471 
0.899321238237812 0.7046216283877543 0.08403633168051786 2.434750000278928 
0.9113570746082347 0.6997712058650233 -0.07246081531635137 2.46654368239873 
0.8824161263879846 0.72208004692892 -0.08529807993003378 2.397531656294704 
0.8964309435168312 0.7006130211635452 -0.1236237674240718 2.427565078592056 
0.919899108810147 0.6826373179659482 -0.100169123174113 2.482638385383744 
0.8989256033124804 0.6982739020663012 -0.1237091752213835 2.433106400645542 
0.918152694492116 0.6709264854373884 -0.1506797315560272 2.476047137170462 
0.8612764029974166 0.7386127402660635 0.05381845773710359 2.34593265512901 
0.8571581933597655 0.7424470385640221 0.009303093411025736 2.336185890072628 
0.8862351021948097 0.721835533862755 -0.001741418177006134 2.404792845492312 
1.007454911087561 0.5666199360686719 0.1446203404411322 2.695786486400861 
1.001254200741764 0.5798583083094669 0.1131230634553505 2.678608188240997 
1.019220988161491 0.544046003422866 0.126107274347506 2.720076979414441 
0.9645970523999554 0.6308239699664605 0.1615904027929822 2.595934177628403 
0.9394321409189947 0.6624880440320489 0.1509341142829653 2.536316131625063 
0.9453569932253094 0.6586339374282009 0.1104067108451231 2.54655353181779 
