1.007464620053334 0.559861580778693 0.004952977257984981 2.68174000964503 
1.009772522739204 0.5571435221019797 0.002900434122307153 2.687973287983008 
1.006947867430592 0.558745340066222 0.005421593788292167 2.679391423342623 
1.007537535846554 0.5595717278409025 0.005156439576396489 2.68181390522457 
1.004857075998708 0.5621327946691026 0.006434654690140119 2.674272732967192 
1.00440222695936 0.564812154223078 0.004337301214880209 2.674239534833508 
1.007938938764344 0.5526649947725126 -0.0004286944946466418 2.679345812275744 
1.007258843416482 0.5507681787315187 0.005200363712768307 2.67603765057341 
1.007662576599221 0.5535050054297106 0.003171428899629169 2.678885148788913 
1.001236739039709 0.5661610068988182 0.009211285276488035 2.664440839387723 
1.004510858638795 0.5597126683267578 0.009074400308475712 2.671768580434655 
1.002160576766276 0.5622852581568084 0.01258361793497348 2.665387105183519 
1.006825743408934 0.546908825525559 0.03403647397949984 2.673049357373781 
1.005368045409096 0.5520858037285598 0.02090470859865411 2.670569565924301 
1.012138133280829 0.5377517649334245 0.01791268992255441 2.685548856445132 
0.9656526186217828 0.616410039181261 0.03828794919235383 2.578069489908535 
0.9759376757429108 0.597651958875922 0.04768597473898536 2.600145013964768 
0.9659375723233912 0.6134756177009475 0.06006027295382005 2.578291301415854 
0.9985262620371665 0.5583815585625193 0.07100307326496005 2.653499533412237 
1.004049967083198 0.550206015942479 0.04905433987364834 2.666030103616756 
1.008461285149202 0.5404908717063412 0.07555794062275931 2.677249701364379 
0.9860675937854488 0.5809739188812332 0.04858892596648179 2.62375079250503 
0.9980055691227833 0.5618047071686257 0.04566197933330719 2.652006259632925 
0.9910327927789386 0.5738088806198121 0.05847253504326151 2.636488354960702 
0.9417901531472312 0.6443643296579992 0.07205162348224071 2.521858948226761 
0.9565773807680741 0.6290762819433936 0.0498084265846343 2.557277318374689 
0.9555686863585011 0.6240687363103844 0.08665912283342209 2.553437956280358 
0.9947614073664149 0.5699303328262142 0.02358244036418589 2.645221052484067 
0.9988816535789731 0.5631877109452174 0.03058175515712246 2.655293567475324 
0.9915974180809377 0.5734695914773835 0.03322130773160092 2.637027654823405 
0.9807881522684457 0.5927817708071198 0.02158487514903963 2.612385961185798 
0.9880119615402254 0.5805612208615497 0.02547819705122949 2.628956231066526 
0.9819415456933303 0.5905933931649837 0.03219338424197965 2.615168605411343 
0.9828546906356045 0.5980784263710358 -0.006713395619645856 2.622190207492372 
0.9815318859960295 0.5965750463171711 -0.0009665867801553842 2.616902388955684 
0.979421221097891 0.602807317071003 -0.00430489096873708 2.613765267002701 
0.9913022398692659 0.5800466409051162 0.0107157176499174 2.639373846974509 
0.9967081335553596 0.5721259976320786 0.01086578887682594 2.652716821306039 
0.9923021671521052 0.5771783886690182 0.01609341925918763 2.641091255269209 
0.9735143384559589 0.6088762084468319 0.004820658671038705 2.598228470282957 
0.9798021721668553 0.599247856303967 0.003421819795722149 2.612812111002391 
0.9754590286436604 0.6036890000025965 0.01483883353657311 2.601446971759799 
1.001124256362377 0.5662523682878713 0.008917846694119528 2.664110182126191 
1.002014590674981 0.5623295919429961 0.01288964389784699 2.664921532435843 
0.99849741171832 0.5673603567459542 0.01459780176374235 2.656040306648719 
0.9951183044681245 0.5698011448255341 0.02455082795680352 2.646370805122111 
1.001448405724332 0.5600817322869273 0.02108594210481785 2.661868707059124 
0.9991281012681932 0.5629689173602552 0.02955215315092621 2.655984786169736 
1.007416596034682 0.5598165435928322 0.00479277829189319 2.68155207316891 
1.010088128137306 0.5589402458293909 0.002320593747520739 2.690028414948278 
1.009708087616031 0.557358266066906 0.003206502451053065 2.687879756408439 
1.001416813693487 0.5660054201679356 0.009193153980625124 2.664950930270363 
1.004647247119849 0.5619685521458039 0.00666958500344764 2.673467545864095 
1.004339105922353 0.5600398952992504 0.009368154841734129 2.671387135160331 
1.010079263348171 0.5606590363066682 5.91685082153864e-05 2.69094957083735 
1.011582356699803 0.5590074199038303 0.00115651810584091 2.695084224474752 
1.008327503896177 0.5611174550553145 0.00198235497818186 2.685323732419725 
0.9724081452022325 0.5986708004663956 0.09044661160732594 2.592340436144198 
0.9875533044686513 0.5741285555278438 0.08208523715472497 2.62659889449926 
0.9852748614387415 0.5743624053400697 0.1111322243561926 2.622190044411783 
1.000655949803808 0.5781954330911383 0.0005031252256266147 2.669357320790169 
1.000547924661449 0.582104687930894 0.0003388283695911603 2.671247351677007 
1.00049065168011 0.5834900871857958 0.0002677756551672158 2.671853262031358 
1.000900178416337 0.5788496145839211 0.0005196105375053027 2.67053950320743 
1.000735117957452 0.5643985618179661 -0.001581672160889887 2.661753483153233 
1.000770622229659 0.5841369757582002 0.001298689867154317 2.673135951229246 
1.00086489180265 0.5782390527213909 0.0005324762927986894 2.670075969218559 
0.9998888779241972 0.583400486433619 -3.387538944875353e-05 2.669800066952776 
1.000545164970499 0.5776250874926678 4.522892544770862e-05 2.668654263923828 
1.000440302255557 0.5779397022118189 -0.001216312539765651 2.668467528695211 
1.001424803193193 0.5583014502132027 -0.001656322527212003 2.66068004950906 
1.000658236563246 0.5796868895778774 0.0002316398177995749 2.670179365236973 
0.9961140645984718 0.5836208800347892 -0.005185844014500328 2.657386916206581 
0.9986748725491078 0.5806056499702545 -0.003752933484932042 2.6641392272848 
0.9963177023224902 0.5848281827267187 -0.000889551411206959 2.658771152465177 
1.000070750532146 0.5781668947796363 -0.0007544421054177867 2.667342182246113 
1.001113635241634 0.57176335111175 -0.003876465943918034 2.667233670937265 
1.001684101109296 0.5598428179248415 -0.003443007290828375 2.662463037088144 
1.003037233773439 0.5605097527742884 -0.00709428862323768 2.66732057366147 
1.005639095748636 0.5581830309690444 -0.01239345844531335 2.674796820395869 
1.006457810547291 0.5429663817643041 -0.008561802664232976 2.669186757525416 
0.9889399751087022 0.5913802999757881 -0.006359627335379611 2.638226515778369 
0.9864067436695251 0.5936581345006765 -0.006826517893925713 2.63121957787733 
0.9893367529583664 0.5929623713240164 -0.009829927789645476 2.640502695737741 
0.9914334082472294 0.5886040007499117 -3.056045691067174e-05 2.644793126616642 
0.9899079439815853 0.5896017771437339 -0.002480104918991511 2.640331650311456 
0.9931345727954166 0.5876313394693949 -0.002875356561357669 2.649853086246325 
0.9999080752053703 0.5764323748045019 -0.001196836076984277 2.66585537328094 
0.9986006612484876 0.5807295600491114 -0.003095541707171539 2.663965725531069 
1.000937979330765 0.5730115478906412 -0.003253742803239908 2.667330679523972 
0.9954977048553942 0.5846536513598963 -0.005377314447066805 2.655930551203808 
0.9993000424598478 0.5793693835167369 -0.01166667208295345 2.665594103933369 
0.999434586572913 0.5781525888086817 -0.007253826286021589 2.665298950628181 
0.9973880768746781 0.5863837240074122 -0.0225466940014253 2.663469510671763 
1.00173246492223 0.5817908857258327 -0.03473311956912536 2.675618601007173 
1.002995363917081 0.5764822313711675 -0.02544709630201297 2.67650410601902 
0.9888601875849187 0.5917167812584577 -0.006359397230835215 2.638155688128844 
0.9921874330166174 0.5907295778296888 -0.01204890356721768 2.648606489028436 
0.9929438054223435 0.5872776329724835 -0.006561384456528405 2.649034213623292 
0.9950806090280518 0.601713085098925 -0.03986533792157066 2.665508452399793 
0.9900557298605371 0.612681980370651 -0.04882398026137433 2.655994486695052 
0.9951893749511935 0.6020550732078003 -0.05727258186099042 2.66696423227331 
1.007123455082025 0.5664852595921875 -0.05615469363659524 2.685904987912858 
0.9999013682482016 0.5916064193447558 -0.05221929033394499 2.675935819369831 
1.003531986107835 0.5764179819819479 -0.07120508629758081 2.680467701291713 
0.9908857448633045 0.5978014092152047 -0.01795610815926609 2.64867076598884 
0.9868758567771625 0.6033910211129763 -0.01975357963205772 2.638827103647376 
0.9929637308809731 0.5968517321006775 -0.0259998460368403 2.655128912242321 
0.9888169927942201 0.59150260284084 -0.005915710964661694 2.637889009201733 
0.9895714504478764 0.5930481205465457 -0.009931152899691846 2.641320822345524 
0.992328071674912 0.5908276517594713 -0.01238111939829247 2.649133826390168 
0.9832478825426975 0.5978763339170041 -0.006327935136724363 2.623346095218205 
0.9791734142821344 0.6032844986726092 -0.003954407424167778 2.613239516555054 
0.9813853939495065 0.6040854942884062 -0.009563564083892544 2.621055337005913 
0.9977757384181174 0.5855208055935244 -0.02228507571693953 2.664285401404601 
0.9945094003645584 0.5920252551747087 -0.02174021156311522 2.657257045440752 
0.9976917335292035 0.5895663335907867 -0.03048564445417315 2.666585437545128 
0.9832806379020637 0.59607138865369 -0.006090758504688791 2.622377690604 
0.9863472705751368 0.5939170977869382 -0.007167905160489621 2.631193045874687 
0.9843468061593014 0.5932387523796658 -0.001991344781588193 2.624151021715348 
0.9791949804326228 0.6159179069548941 -0.01851018693414091 2.621367187646747 
0.9733815985106476 0.6272021716187456 -0.0193156488012019 2.609558772074584 
0.9804286716055924 0.6231600339294945 -0.03157226787582654 2.630322926969674 
0.9830282031268326 0.5980293390346103 -0.005999017279889756 2.622711931235191 
0.9818818029719745 0.6037818535579227 -0.01019472978648328 2.622502134971046 
0.9858590003106363 0.5994634173855693 -0.01168378529304523 2.632970551369854 
0.9742127726079819 0.6101626193784651 0.004533345737051337 2.601289960102139 
0.9692204849824874 0.6186912979819902 0.005159213194847048 2.590390527999632 
0.9736575315190703 0.6161551207126739 -0.005514846213484045 2.603265712342597 
0.9318151446373016 0.6902880090798561 0.002840953781419574 2.520469636851725 
0.9435898639694535 0.6735056522477281 0.01597287368423386 2.545027078301331 
0.9325460432850941 0.6882060957341942 0.03495659243986442 2.521730485591465 
0.9632823094589905 0.6441163824853282 -0.02067851801106411 2.587849102579674 
0.953852947779313 0.6541431337443121 -0.00194352836506148 2.564229539171602 
0.9511925602013025 0.6639374286088607 -0.01224367448900579 2.562785755156315 
0.9947755858000392 0.6010900049745365 -0.0409828998251794 2.664190111379511 
0.9874129243496491 0.6121156499389256 -0.03048877804313962 2.646195010537123 
0.9900206950713737 0.612111693875361 -0.04880916133635688 2.65556052196034 
0.9620630809190165 0.6330159754880968 0.007921992941550811 2.576456444221382 
0.9558867734399027 0.6432245560427423 0.0127377337223199 2.563507165678304 
0.9615000383198705 0.6406397208522238 -0.003354032647292301 2.57976367873996 
1.008653129253251 0.5571374797054075 -0.02189123391965221 2.684390827060074 
1.009981565399964 0.5579475216038349 -0.03831445191914834 2.689770681462309 
1.0170115587373 0.5343788628899032 -0.03763172565932317 2.700843645682574 
0.9955903847098424 0.5847818573769649 -0.00475700056421265 2.65630981000414 
0.9966634485200364 0.5845065549818232 -0.01055111282789073 2.659772913403337 
0.9992791311728189 0.579246938661496 -0.01200879657807627 2.665457066950837 
0.9949629655375455 0.5938264927910212 -0.08591804224567333 2.663143992938793 
1.004998633438116 0.5617768134239649 -0.1058598958465738 2.680078227422669 
1.004211673835541 0.577508028364037 -0.07054149370971662 2.683215427241215 
0.9977926755062126 0.5863283927484 -0.02140302374682971 2.66476206405032 
0.9978195423765358 0.5903753838401566 -0.03042112653059954 2.667456945423322 
1.001533251850009 0.5820626923223726 -0.03446746157006533 2.675112920724358 
0.9784353141671308 0.6362399586267429 -0.05714433357611531 2.63307823321079 
0.9775844162085175 0.6251504129374321 -0.09814166049918284 2.626759713632933 
0.9862978177145399 0.6160840060803742 -0.0753643983818628 2.647497457567545 
0.9505562080230546 0.6712117535573442 -0.05001318931826903 2.566663880639961 
0.9478004398063029 0.6682953120591434 -0.08805548792999518 2.558872788812772 
0.9678919569781919 0.6498938676218132 -0.05597915282880144 2.607948078707754 
0.9825168612346553 0.593720780758085 0.003079175947513866 2.618426981855584 
0.9813051212195321 0.596197389548896 -0.000558734367794666 2.615936418804854 
0.983969099066632 0.5920709239268864 -0.0004573622581234796 2.622195579927827 
0.9911304943521496 0.5802405312407862 0.01058888792507796 2.638905756737201 
0.985911756246198 0.5874464930179032 0.008666995193695808 2.625888000708371 
0.9895563765355536 0.5835954732416485 0.004166889244719663 2.63561334915239 
0.9914000659829124 0.5796891849636944 0.01068573246671925 2.639455837258223 
0.9871742585961697 0.5847072735817932 0.01449424823152307 2.628500339104823 
0.9858894155522819 0.587952702502702 0.008520628874172254 2.626106396304748 
1.000865834551664 0.5699860185713915 -0.0001482650079719015 2.665324720646427 
1.000614036485303 0.5688310174718857 0.00443161298830923 2.663842567213459 
0.9965127668891856 0.5737347542807383 0.004233537017202111 2.652973886449285 
0.9615503997933502 0.6330598784303793 0.007634707099543494 2.574827414065934 
0.9614526009941115 0.6404044530562653 -0.003223550736782721 2.57937443078916 
0.9692077896984015 0.6247844581557954 -0.009445854265603838 2.59432837452477 
0.963608816168962 0.6445270626540491 -0.01924045144951694 2.589146859884075 
0.9596509089183687 0.6566272208890902 -0.03057916162834812 2.585217114823505 
0.9708773217261629 0.6422964698003323 -0.03896332159789347 2.611941369739029 
0.9642852166778183 0.6441886793923234 -0.01928478980026991 2.591130290980958 
0.9508666270041222 0.6640578698598638 -0.01249866892030293 2.561750345333077 
0.958901991321083 0.6567634857274678 -0.02952228943571118 2.58292026513312 
0.9505184478270092 0.6687607159315156 -0.05119288478749415 2.564928295206226 
0.9379844457153639 0.6856108783638298 -0.02760090777518754 2.536232540687164 
0.933779363342528 0.6889320706364445 -0.06287361550089603 2.527799129363208 
0.9411587381335428 0.6467336875845756 0.0698382268654337 2.521232041749405 
0.9390831648933473 0.6561310929879025 0.04622365573994612 2.519932034382719 
0.9503069803817692 0.6449502846532051 0.02980324271857677 2.546912180448777 
0.9734567703941257 0.6106372392850867 0.00389815681382436 2.5991194371761 
0.9759322696230301 0.6032309823197433 0.0152632222979186 2.60267904082742 
0.9694799791521677 0.6148769175860045 0.01574349375982062 2.588932823872873 
0.9729934810473091 0.596935019814217 0.08925028592851458 2.592896640211322 
0.9684893015666216 0.5986147660256558 0.1173097292317964 2.582415861347605 
0.9564167552934093 0.6229567867585966 0.08761764900413216 2.555510469138691 
0.9657066886860605 0.6169155032480916 0.03747520931983294 2.578558651898365 
0.9606200592504116 0.6267987652263364 0.02551279991897603 2.568119407281241 
0.968783056028796 0.6158298609155091 0.01596758617640924 2.587225009764992 
0.9855881928866378 0.5831815643562387 0.04812671927816299 2.623343803863596 
0.9753662517480401 0.5987807527549135 0.04778651274113836 2.599180740030577 
0.9813010670822111 0.5909517703366137 0.03249995460549777 2.613218166915705 
0.9425321242767764 0.6451676762179033 0.06896104568377448 2.524576951526212 
0.9495735429594501 0.6459415528057677 0.03056236330383668 2.54525901189921 
0.9581701127235202 0.6274559401092996 0.05172076547137115 2.561275919108292 
0.9258173336444139 0.6816765852309651 0.06290626953707271 2.497529867510357 
0.9161173981274876 0.6981902609450198 0.07602889825440526 2.480518915113221 
0.9352610743924176 0.6881970035886451 0.03373210058090298 2.53012415285362 
0.9422327474307309 0.6463161160112548 0.07123466651655237 2.524168482388914 
0.9317341903525174 0.6653155226677534 0.06836830463219017 2.504363549403982 
0.9393017815710272 0.6563255086148638 0.04525777928604639 2.520469711307791 
0.9432757397930748 0.6448763791375209 0.07156854238843731 2.526547238183583 
0.9298153735673339 0.6545872341289852 0.1030537380957521 2.493968767932425 
0.9302122711851692 0.6638169333261755 0.0709550692504235 2.498820092529545 
0.991263270073644 0.5800002510366157 0.01039756593900613 2.639207003856712 
0.991976743276261 0.5774662808964264 0.01660959514130474 2.640174737242884 
0.9870363427787732 0.5843976047517063 0.01515207306067461 2.62786552173525 
0.9977251266825854 0.5606050728609168 0.07030527206817322 2.651901587965172 
0.9873854700328009 0.5761928835933107 0.08203219623331387 2.627473984321467 
0.9902449641139089 0.5728072563283564 0.05800710972870864 2.633246007306369 
1.013021367145227 0.5579111816047723 0.0009466536786817694 2.699325109070083 
1.015635025898661 0.5573708906737033 0.0003647145867424323 2.70783305279372 
1.016110913905596 0.5565660461801156 0.0002541418876136971 2.708994559815584 
1.010195845913614 0.560621308422861 0.0001913186572607657 2.691320694235758 
1.014297374883205 0.5578798785251327 -6.224246681287251e-05 2.703596553108075 
1.011433052477622 0.559192064860544 0.001246607242428112 2.69468869913223 
1.007168524888799 0.5478540798875444 0.03526348707719023 2.674757895295084 
1.012268802351757 0.5365060073332419 0.01691711442943745 2.685263859927592 
1.01350340974361 0.5347418424590961 0.03174660549660695 2.688933532703872 
0.9877478689853302 0.5860229206552453 -0.0001280790755015003 2.631060507763186 
0.9941746304198228 0.5774383904994963 -6.217449314521484e-05 2.647288117967075 
0.9897043083479785 0.5832030800077656 0.004369399527460763 2.635884281179059 
1.010109895065126 0.5606361766805097 1.362003181674209e-05 2.691033476931389 
1.008242252252335 0.5609363837659862 0.002214652624514748 2.684935899534972 
1.006347401935275 0.5640188887413996 0.0001948094939794137 2.680298981912706 
1.000211516178242 0.5835284316338764 0.000729530906562625 2.670954477308206 
1.000038910345898 0.5848593062699627 0.0003993749754720323 2.671158550428758 
1.000432761341374 0.583399530660642 0.0003554184289815967 2.671618411552781 
1.000499920503022 0.5853064065362508 0.001598715425042254 2.672926177968295 
1.000354499870321 0.5742650879733181 -0.001732862463334745 2.666100144873225 
1.000079923770514 0.5863326673356201 0.001479915714437505 2.672127716547671 
0.9984830661887643 0.5841501428402476 -9.255957274247333e-05 2.665565950060617 
0.999918561461402 0.5826239449098201 -0.000232147922812848 2.66945611459189 
1.000034784362223 0.5833944815532274 9.825192484642331e-05 2.670291163539586 
0.9916053970558241 0.5885507632134407 6.584105142324802e-06 2.645326706456583 
0.9929693852470413 0.5874158088699669 -0.002717339474512114 2.649176156053618 
0.9956182404522855 0.5858791661141747 0.0004680055880025622 2.657059863769712 
0.9914854579641352 0.5887607875962194 0.0001510207636451056 2.645058445153253 
0.9878061350122445 0.5913111407544314 2.247593818146424e-05 2.634403625989668 
0.9897328383672102 0.5894451459987604 -0.002704262744624715 2.63966555138171 
1.0030222953212 0.5600986459083965 -0.007382876102320209 2.667085879917279 
1.005979239442387 0.5437964658230002 -0.007306721907907601 2.668000938300482 
1.002696987302224 0.5461926422335436 -0.002948037208750634 2.658227702234477 
1.008203527679093 0.5561330206934454 -0.02353342353263519 2.682410405598355 
1.017062846579106 0.5347652364546571 -0.0371854940355382 2.701187117335351 
1.015181833960854 0.5346031811753718 -0.0269897308871587 2.694444938775308 
0.987767889769082 0.5862064047425938 9.428942287840492e-05 2.631231005377603 
0.9859451470045345 0.588790096724621 0.002504101878835278 2.62676062867815 
0.9841068734338962 0.5913732027149228 -0.0004625854769870303 2.622237388784351 
0.9947302893016999 0.593367697344671 -0.08533825878015744 2.662204132081242 
0.9920803730878014 0.5913203588200457 -0.116564880918474 2.655218180369181 
1.005982162427422 0.5629843496359643 -0.109307023378213 2.684292418160684 
1.007024391949953 0.5664969062736861 -0.05689460458072344 2.685501260242558 
1.012994122459055 0.5474905476657772 -0.08165230488964041 2.69680066250013 
1.0176900929512 0.5361696235725038 -0.06496215051024462 2.705354051911731 
0.9513526312678288 0.6696687824441762 -0.04826784541261383 2.568035071719622 
0.934959534238338 0.6881671387940063 -0.06415086572428447 2.530792552601457 
0.9476282774706611 0.6699975496003971 -0.09134731497169668 2.560023846822661 
1.009811840328926 0.5572934822099659 0.003074240018800613 2.688193263047416 
1.011660528333109 0.5564893733770319 1.423811293412957e-05 2.693960411261663 
1.009069670270474 0.5562701868976087 0.001763430954166055 2.685132919727949 
1.009632268160244 0.5573670020738667 0.002899176126771449 2.687626738883786 
1.009118168343284 0.5558784990863145 0.002179104410279884 2.685077297167553 
1.006943768186738 0.5584475367957291 0.00545176570957989 2.679209716038729 
1.006976439891361 0.5585605721865836 0.005752088064931784 2.679384653684437 
1.009166908486988 0.5556481880397321 0.001797600890258932 2.685109690029967 
1.006913526187527 0.5564921072454994 0.005628697038080291 2.678030981626226 
1.004852839028207 0.5618076458608172 0.006811184966123546 2.674059832307906 
1.001314465489638 0.566251461366578 0.008839141764690814 2.664756641609061 
1.000675509173061 0.5687515290501567 0.004599425710472504 2.664004064171969 
1.004730393424079 0.5620693075392381 0.007016317247297001 2.673809216314651 
1.000804320586377 0.5687075783346672 0.004741174246901157 2.664405232501913 
1.004242068975538 0.564854407584891 0.004237280606344082 2.673721354324369 
1.004444205079464 0.5644732709396635 0.004325079545120059 2.674174902856587 
1.000816401250772 0.5686941916536553 0.004309646425232578 2.664446865777798 
1.001004777628797 0.5699884816976304 0.0001258695633286676 2.665796563038431 
1.007637037503637 0.5500612061905066 0.005565351348081054 2.676913273952757 
1.005414943224033 0.5537760925108391 0.01439907209168884 2.67158586377694 
1.005733953159649 0.5558731405354196 0.00891907336688082 2.673748041413998 
1.007254069994172 0.550330492806674 0.005624995388125094 2.675779011144541 
1.005980962925443 0.5556813203586356 0.00935891246745861 2.674479481874015 
1.007659064683656 0.5530907713302273 0.003134169515350414 2.678636498891878 
1.007713451446887 0.5530668741359263 0.003143925568665421 2.678809232208407 
1.005888884486976 0.5552836104659927 0.008870699417225998 2.673947386924267 
1.00682974912877 0.5567860253605619 0.005814983838324103 2.677912454828556 
1.004384039380833 0.5605630075106518 0.009396967561223211 2.671832056855067 
1.007037461100702 0.5557776275501979 0.006051696700419178 2.678047319005871 
1.005906350476323 0.5554942784318957 0.009031327864097567 2.674122930749643 
1.004110903506471 0.5608497647750709 0.009079864716226458 2.67107117424524 
1.005973910496096 0.5552187248217759 0.009611992136473914 2.674198620288608 
1.002239145846999 0.5618698491756703 0.0128770522208981 2.665414249502058 
1.002177647954217 0.562179799688709 0.01328715582301581 2.665389228040388 
1.006184879613135 0.5547467748061939 0.009144486926352988 2.674632481773796 
1.005118090121662 0.5550612081137546 0.01444096985111812 2.671300513932772 
1.005937515558726 0.5505553900108546 0.02111145120081032 2.671696968513175 
1.005011809723304 0.5548114342905932 0.01438778876780165 2.670791530224931 
1.008711146000908 0.5457732133947233 0.01097478556094382 2.678232355506705 
1.006120054611108 0.5515607519972452 0.02243689524983087 2.672866150114861 
1.008772701601136 0.5455397006261543 0.01072040390445978 2.678290227262884 
1.011558351158538 0.5381188174228705 0.01762554368956176 2.68381241087637 
1.011906515224879 0.5391072825309647 0.01619542662115348 2.685515646229251 
1.008546503377085 0.5464329909738862 0.01038185009014066 2.678033511064514 
1.011584359444799 0.5410939100491561 0.002256955140431229 2.685326011861679 
0.9753107789257467 0.5993550694953541 0.04819789489578143 2.599356039773571 
0.9864997272958306 0.5798541591747142 0.04790818983105505 2.624323479094998 
0.9806790225475431 0.5888334262894432 0.06410932963291588 2.611489737819542 
0.9750938752056024 0.5989011954151627 0.04662066162624128 2.598248403445567 
0.9803320624143324 0.5897913474449605 0.06582334880559683 2.610893784715822 
0.9657162616801391 0.6121921914756517 0.0621981867851153 2.5768498657348 
0.9653835835480741 0.6144337769295728 0.06281523940800607 2.577146406137258 
0.9814930780864246 0.5867530161818286 0.06510304853703201 2.612637772815563 
0.9722361595329225 0.5989714158660726 0.0880474323383755 2.591844882274704 
1.004298473234754 0.5504856376878936 0.05033470888195785 2.667206115085053 
1.006326594163694 0.5480927117126051 0.03362872391404028 2.671946507724773 
1.011570145697476 0.5367581987845649 0.05004715018984279 2.684206707064709 
1.003702213314044 0.5505436176701954 0.04883202210337081 2.66510887587729 
1.012257605304518 0.5362036013595497 0.04901648388215706 2.686059404354172 
1.009253644819566 0.5406329828654466 0.07442352116082784 2.679919641577855 
1.009292674929797 0.5375618435032903 0.07600715564240944 2.678601229071097 
1.011777049692382 0.5382861540494103 0.04868600862098192 2.685484326530696 
1.020993240838476 0.5118878624307498 0.07210853729464325 2.704508442544202 
0.9981667803837218 0.5624389177560191 0.04612822508442831 2.653121959375112 
1.006752257927823 0.546773899358428 0.03434892694603472 2.67258394756045 
1.004457874166242 0.550936516049326 0.04978949758598115 2.667914737334891 
0.9974159579346995 0.5629005867914982 0.0452150657088771 2.650803952110292 
1.004099771244896 0.5512092377533577 0.05148165567351609 2.666877676197565 
0.9911019958914316 0.5717618220560929 0.0594935858787777 2.635577703523017 
0.9908936238609659 0.5727949496132556 0.05996857121461428 2.63554374455113 
1.00451290817352 0.5489130662636845 0.05017278293997281 2.6667568221637 
0.99860326702892 0.559902702662488 0.06983574828964724 2.654492698432533 
0.9564720288902928 0.6284110209010103 0.05171073935379593 2.556821409469642 
0.96592441133882 0.6156962552168593 0.03715442088049441 2.578423070950031 
0.9649046016911895 0.6147903857562871 0.06128444874413434 2.57578229042895 
0.9563456621546057 0.6300625609282448 0.05167952180205483 2.557335190345066 
0.9666018682875759 0.6122038493757882 0.06119825930997624 2.579438009672942 
0.9562468951650257 0.6226111452181539 0.08466590748919416 2.554672043094976 
0.9566548008217527 0.621798829427748 0.08617325978592758 2.555590472459123 
0.9648365109484659 0.6135879339653021 0.06020366573238295 2.574639619851607 
0.9715045310006468 0.6001629651289767 0.08930878291069264 2.590135300808587 
0.9986853012881862 0.5632297314434512 0.02945979147313822 2.654619225084138 
1.006255779080672 0.5483965663216802 0.03502927014435706 2.67189264058515 
0.9978952391146605 0.5615153784893145 0.0451383854013722 2.651654203128803 
0.999598932092846 0.5619977635444849 0.02996582345419261 2.656944226696662 
0.9975125450851654 0.5630321026973933 0.04443317730822969 2.651174583680248 
0.9915792316474359 0.5753178225620795 0.03426877051803236 2.638039139112237 
0.9912242251147617 0.5754949462763314 0.03277248328429335 2.636884940236722 
0.9972038700321822 0.563306255326389 0.0459798311161111 2.650308070594944 
0.9861400214114741 0.5805714599928733 0.04843304088253342 2.623718155602036 
0.9878643575304973 0.5815081475443267 0.02599858016922698 2.629118614267159 
0.9952388716036364 0.569174053329764 0.02400354859915368 2.646332913214053 
0.9916497903071202 0.5737809534254141 0.03279356789875457 2.637362818781093 
0.9875789759038297 0.5813823923194007 0.02495442318295975 2.628055228951554 
0.9914323771699397 0.5742774483423293 0.03409087565962348 2.636920233983936 
0.9817208420637334 0.5893351158425841 0.03368663070430978 2.613723394251385 
0.981588058421959 0.5914083943452131 0.03426618256623144 2.614525621706959 
0.9921075709679877 0.5736392507902527 0.03381823158322683 2.638669128450948 
0.9861685440042878 0.5823019583073333 0.04689323049660886 2.624748964547623 
0.981415479578828 0.5968809354086155 -0.0011695536303153 2.616711242556912 
0.9828709403067175 0.59282541410515 0.003673657745474663 2.619040348683957 
0.9795536850343622 0.5986089629961791 0.003236330421011162 2.611642442690821 
0.9816897782490795 0.596518619558597 -0.001041345868101989 2.617389721209058 
0.979238972989691 0.5993944345707827 0.00392166535035662 2.611068870449049 
0.9787672901898189 0.6029503910601388 -0.003432867437950123 2.611704147353506 
0.97912046530793 0.6039391049116198 -0.004417474517169488 2.613494521995296 
0.9796201274341984 0.5991996952025825 0.003985000730163028 2.612177578040694 
0.9742928590307236 0.6088217791680068 0.003199767600996254 2.600740432796571 
0.9967224594045548 0.572757303000872 0.01106553277039205 2.653163664657351 
1.001303640080898 0.5658634450329014 0.009132556505220277 2.664476230234192 
0.9984476834931292 0.5675527412370361 0.01449326123177178 2.655978411691339 
0.996481924827191 0.5728033522310728 0.0104657481639764 2.65237589264443 
0.9983903897970958 0.567663201112613 0.01500634926995949 2.655837697677036 
0.9923521046704838 0.576398855316379 0.0167070656547092 2.640808333407023 
0.9923186128622915 0.5774205491689777 0.01709461728399209 2.641286833077628 
0.9987574794518357 0.5671992728059636 0.01477264214367094 2.656759784550062 
0.9949720407315508 0.5702753886893032 0.02340462225017057 2.646122776946239 
0.9791517933030545 0.5986279525087763 0.004004844725951891 2.610332922438262 
0.9828589114101796 0.5929467604703137 0.003480008497769854 2.619078833412455 
0.9813123202554975 0.5946116807128824 0.009306230410390923 2.615028866950273 
0.9794212650816997 0.5994725532535746 0.003295515764443514 2.61170285755164 
0.9819286883880153 0.5934885516533096 0.009314993043093392 2.616319988488451 
0.9759484059334028 0.6028883390339664 0.0140356369161422 2.602566854065193 
0.9755258889124023 0.6025689663116378 0.01549304909498926 2.600991719108143 
0.9815059061180151 0.5939997456481956 0.008795969426249547 2.615252619899589 
0.980652939405375 0.5936031371352493 0.02096045504808947 2.612421685048531 
1.001870952960753 0.5624825009802482 0.01232519008449905 2.664512417990705 
1.005059334539539 0.5550221624250993 0.01498142993857691 2.671081557796565 
1.001080597304183 0.5602476072456075 0.02053927828691158 2.660772710945489 
1.002341977116465 0.5618279808839938 0.0124860026267796 2.665714056894257 
1.000833003616422 0.5608777496232454 0.02031866441220334 2.660284555287502 
0.9985009829071635 0.5680568037942357 0.01518810314335245 2.656447332012301 
0.9982657819334445 0.5683162826660955 0.0142396736999485 2.655784189592996 
1.000738356514818 0.5608239534287608 0.02120143262357626 2.659940519512944 
0.9950697862743988 0.5693218990550351 0.02408604446627606 2.645923177317739 
1.001422951439093 0.5613234787959628 0.02175005142981208 2.662535818056567 
1.00547413829485 0.5541687520511159 0.01466475422126069 2.671981730755425 
1.005668578494258 0.5512007594537861 0.02132177881133262 2.671133344348592 
1.000874079045161 0.5616564179009312 0.02057000097495578 2.660852415869892 
1.005791429132176 0.5511224930529126 0.02211988762524332 2.671499255356048 
0.9993492044296268 0.5615606962802289 0.03007234791812396 2.655956311647108 
0.9994111584942231 0.5628607855409639 0.03124031128555257 2.656911567057266 
1.006194276641407 0.5502219341590876 0.02150090560852067 2.672300559978215 
1.006291742152225 0.5483103620886516 0.03412130551447105 2.671978360964932 
1.010124550774956 0.5586901180588733 0.002345847413054459 2.690013682226809 
1.013066406309201 0.5579944126302824 0.001020452610490085 2.699522313038175 
1.012230716618005 0.5573525832444283 0.001140890815206027 2.696356552916774 
1.010152683445799 0.5587990931418803 0.002578055309284045 2.690170280877204 
1.012277028032375 0.5571977938184598 0.000944255018400799 2.696423768905008 
1.009703204912419 0.5575285312495224 0.002927253313068008 2.687958127980045 
1.009728335781962 0.5572802019265591 0.002874239942741625 2.687904130451582 
1.012155694986203 0.5577740190173751 0.0009533812013192213 2.696335864465918 
1.011633289834927 0.5565511330728464 9.046090645824933e-05 2.693904333327143 
1.004823519979123 0.5618268573779903 0.006583043564360865 2.673985159668879 
1.007347331366929 0.5598384095389894 0.004992000514426826 2.681329469822168 
1.006804018540924 0.5585402071156986 0.005931192079535987 2.678796338074728 
1.004745113134346 0.5619457337893642 0.006682843679381765 2.673790661866831 
1.006898690729785 0.5582768391677139 0.005601080404474193 2.678961105617095 
1.004481684091612 0.5603702587039434 0.008666719450846079 2.67204942668369 
1.004449097795779 0.5601882575902286 0.00885397893609312 2.671835330448397 
1.006730375882057 0.5587287812061362 0.005636509406984795 2.678648591672323 
1.006856004332112 0.5561153855151244 0.006339891704088792 2.677630858096758 
1.011517554407898 0.5592460616041097 0.001259312437507701 2.695003576375715 
1.013146421479753 0.557550544309977 0.00107091331510073 2.699544390363879 
1.010121047593676 0.5587449116991735 0.002236358966941398 2.690032072121595 
1.011492259882992 0.5592984453404143 0.001132652395575996 2.694944063175064 
1.010121494705115 0.5585678536776847 0.002547574525867464 2.689935221190547 
1.008338217799356 0.5610561433172444 0.002152414022518895 2.685325532806657 
1.008311560507549 0.5610678562178415 0.002145471744920673 2.685243120864468 
1.010236796972188 0.5583691768948162 0.00232674089316281 2.69020770635113 
1.007373954126557 0.5601812070825724 0.004696444852756622 2.681611880591541 
0.9872736445568581 0.575881913890485 0.08307944495037529 2.626961081041796 
0.9981857268962008 0.5579920749595196 0.06995871499438672 2.651953629997591 
1.000246888995539 0.5519238482905795 0.09297865339893517 2.657353880316334 
0.9865633022898833 0.5754917625573279 0.08073674699347712 2.624188592836505 
1.000619752229766 0.5517049756405373 0.09301378791591694 2.658247468145503 
0.9863963143515878 0.5738008284466227 0.1107698966165768 2.625589653010094 
0.986210200242248 0.5729356693264919 0.1124809146497568 2.624528221871107 
1.000849499907722 0.5493312595586795 0.09222285007602521 2.657732013491822 
1.004565747292867 0.5345052068181996 0.1237341997497304 2.665575751813228 
1.000629187516596 0.5824907471595391 0.0003621822909509325 2.671735413717194 
1.000256426905288 0.5835501620446759 0.0007228751472782425 2.671116828829926 
1.000355740701715 0.5836195832097442 0.0002836208064432508 2.671491296035219 
1.000576743800607 0.582544062215189 0.0003203748344098678 2.671592045480644 
1.000458397488526 0.583524101465739 0.0003497110995217516 2.671777604456934 
1.000497761073563 0.5829251452877875 0.0003553113197731526 2.671553425372693 
1.000451068035186 0.5826843522075194 0.0002020029279116667 2.671260250553589 
1.000482496449627 0.5833617398716516 0.0002450148982329973 2.671763278278336 
1.000411548370264 0.5833248893177762 -1.380563464075573e-05 2.671507733802503 
1.000891972384872 0.563480049479771 -0.0007653472069200297 2.661681923264229 
0.9998832720198865 0.5463855003550107 -0.001012002081755818 2.649238707263599 
1.000364833035663 0.5739106372192863 -0.0004519290279579512 2.665719619998614 
1.000582177559361 0.5644273277626892 -0.0008054568891450678 2.661257493955368 
0.9999889256323792 0.5721406994555717 -0.000839133451122149 2.663677227221123 
1.000668907821812 0.58425395780949 0.0007282162513436385 2.672867042292451 
1.000785457960675 0.5835271611260162 0.0008479858955831002 2.672843555060926 
1.000302920582848 0.5740715443382278 -0.001823460116314445 2.665822177884511 
1.000537501564769 0.5854583806962159 0.001577200424232225 2.673136686158227 
0.9999822797147642 0.5826018726292871 -0.0002163496612187355 2.669655204253125 
0.9983365473350041 0.5842520487947132 -6.167915431889897e-05 2.665138662771489 
0.9987104376205519 0.583209871821494 -0.0007779011823517296 2.665778158164053 
0.9999110513899068 0.5832830254764504 -5.232246762357965e-05 2.669807572265273 
0.9989317389997254 0.5828096431862811 -0.0006990582349314122 2.666272312971044 
1.000636991894115 0.5776057341014937 4.475061085784738e-05 2.668948284468123 
1.000649260127834 0.577706542023514 2.445703266676567e-05 2.669047348614628 
0.9987073052453657 0.582834088541071 -0.0005785464627643785 2.665539110131056 
1.00009810696182 0.5777536491663547 -0.001459549177368437 2.667237672906118 
1.001400738352807 0.5577402410425603 -0.001069141453139023 2.660134409880874 
1.001167347541985 0.5455624514043459 0.000476576067672619 2.653248163067886 
1.001057113646919 0.5612723929197952 -0.0007015332837807864 2.660916352916087 
1.001276839649906 0.5583633962065867 -0.001194820886234092 2.660220298305547 
1.001036984119328 0.5613974498377249 -0.0005559363145351466 2.661123277054497 
1.000710051360175 0.5796890207092836 -0.0001124859278341628 2.670354542877047 
1.000757825567964 0.5791052325725479 0.0002398977258581489 2.670186502840942 
1.001140183209349 0.5624273509179841 -0.001336968728418386 2.662044313551818 
1.00096450998942 0.5800993271056094 0.0008110769800263307 2.671438875183431 
0.9986697974074491 0.5805401498809493 -0.003113170078013616 2.664084568364312 
1.000224641251872 0.5776457005679554 -0.001933607350334308 2.667595710941346 
0.9985174252429313 0.582884628819237 -0.0002996102297049276 2.664938741161349 
0.998458706072641 0.5806113527074341 -0.003197530940181789 2.663424374780909 
0.9985563426594735 0.5825161490146336 -0.0004143800209870211 2.664863474888197 
0.9964460731829867 0.5848425766542557 -0.001134268991916664 2.659204076759277 
0.9967070294747338 0.5846714037427856 -0.001262390415341337 2.659965713350597 
0.998803288241496 0.5830895467916752 -0.001040696722672244 2.666017210814635 
0.9983161569387696 0.5842753175870029 0.0001714971252604691 2.665084772753529 
1.000672712870092 0.5713714863023455 -0.003709440608990936 2.665548921924995 
1.002994162833293 0.5602845605953 -0.007250055820545534 2.667107749422054 
1.003189831487832 0.5471837908145757 -0.004447455608882693 2.660414322912959 
1.000997789854849 0.5711013238627554 -0.003783942263377006 2.666488934225871 
1.002898353747488 0.5474163596691992 -0.004486814153808156 2.659562970999359 
1.001558248309711 0.5583959101025674 -0.002341711535611488 2.661231563770049 
1.001578098473111 0.5566249987942656 -0.003790662151590051 2.660059198117048 
1.002898963866145 0.5487165264331316 -0.003377800862851772 2.660202821079717 
1.002076943461363 0.5447343191379471 5.979471218704156e-05 2.655913162233714 
1.005632222369462 0.5591942038062415 -0.01263667074064061 2.675299916731916 
1.008819987579093 0.5551464132368611 -0.02351544347946798 2.683960115449621 
1.011583745210943 0.536082789513509 -0.01564886620008443 2.682824655955319 
1.005551727748213 0.5588935320415059 -0.01328137064751334 2.674895293749316 
1.011030924295288 0.5369720109410976 -0.01445658480073955 2.681409183758556 
1.006064273894356 0.5423737843560891 -0.007259518721746755 2.667552752652469 
1.006201931653851 0.5449073871534666 -0.007496950713483953 2.669138754659787 
1.0117130130004 0.5372427847989646 -0.01446685399371589 2.683714874712289 
1.010131005710616 0.5299299503603292 -0.003845805105442406 2.675374735070236 
0.9865787525405164 0.5930792150637983 -0.00689977039499361 2.631441086241135 
0.9827798030059737 0.5978681815254897 -0.005905507346003972 2.62179608361246 
0.985517024829218 0.5992455193910305 -0.01090851113007949 2.631693660731871 
0.9864432846006115 0.5932990104979139 -0.006588985451932956 2.631122547042879 
0.9859608570705918 0.5988696683908933 -0.01133281968031256 2.63292733926908 
0.9898010805971825 0.5935117194009049 -0.01065872591370958 2.642376215265598 
0.989748852458652 0.5937178491087477 -0.01020352329874095 2.642304869372653 
0.9857886771509218 0.5997513633785868 -0.01105378627311962 2.632874557161938 
0.990251640279205 0.5971186451215218 -0.01730762284107212 2.646146704118414 
0.9896746961180585 0.5898013189464054 -0.001939523777377154 2.639678082223219 
0.9891570570445622 0.5911095944017651 -0.006269353420083569 2.63877940297123 
0.9929671758684168 0.5877262067423722 -0.006776793777474528 2.649386910045888 
0.9897261185722218 0.589965281064742 -0.002243563387024866 2.639941291343651 
0.9927771689670042 0.5876152601871948 -0.006356272361777954 2.648692935021564 
0.9930192736969023 0.5871845991441647 -0.002465189351242906 2.649211409488119 
0.9930163960885325 0.58728219628974 -0.002368839770965035 2.649264486770964 
0.9930117379739354 0.5874724135214932 -0.006488949790357013 2.649375575104739 
0.996109784572744 0.5841386664589061 -0.006080380711713749 2.6576836736563 
0.9985168112972994 0.5799823830610116 -0.003220053769874871 2.66326577380862 
0.9960388259411138 0.5844635138537362 -0.005646788536135413 2.657614097225143 
0.9992888348169942 0.5780487687174362 -0.006826066401306262 2.664755284670345 
0.9984707808826956 0.5806390735865526 -0.00286337971967651 2.663483272090719 
0.9996323302366567 0.5788586111491663 -0.006356511421127939 2.666321139458701 
1.00104892793248 0.5732436560120101 -0.004018834867043674 2.667833710544977 
1.000604180600316 0.5712364689272067 -0.003109864122874173 2.665249146746705 
0.9997956471178263 0.5804595119481406 -0.006954098492429509 2.667741433296784 
1.003003073056138 0.5610077762732999 -0.006638350831834342 2.667542466687014 
0.9987737942464959 0.581540295335539 -0.01156850056251796 2.665007282173385 
1.007777196022884 0.5607258679767094 -0.02348181505268932 2.683555288688666 
1.005432372578328 0.5604996846712823 -0.01284627067567773 2.675422881647874 
0.9998422434489885 0.5808081820501637 -0.01154616956508061 2.668148225011537 
1.005137237032508 0.5605155572027576 -0.01262728976823632 2.674442247979056 
0.9992522524066031 0.5806503835140003 -0.006341128897000457 2.666039801830676 
0.9992279650154385 0.5806352634715165 -0.006839185258398246 2.665955783137198 
1.005029245116727 0.5607235658322125 -0.01213410711800924 2.674191781633706 
1.003068521530986 0.561215895730161 -0.006971457250786212 2.667875080300843 
1.001173369854209 0.5848453989540817 -0.03531899907733416 2.675468507778275 
1.0072655139039 0.5680578734144169 -0.05591019252585008 2.687207152367937 
1.010029657249922 0.5589628952017164 -0.03905855460906209 2.690642509969662 
1.001848260689115 0.5840596300771836 -0.03507975680682357 2.677237457934797 
1.00936948450031 0.5591361550457381 -0.03834544835717376 2.688521548437947 
1.003207292300768 0.5782033254998801 -0.02434808799833629 2.678091726912952 
1.002727885450677 0.5779017922751104 -0.02681274083689345 2.676371761941465 
1.009531358641877 0.559121188826043 -0.03793428491511134 2.689029086805709 
1.008120611989099 0.5572735898812201 -0.0229589577097961 2.68285551916865 
0.9920866975135226 0.5913164060098902 -0.01284767584722712 2.648630852872635 
0.9973566371292608 0.5864117474671448 -0.02112983935232019 2.663396067490558 
0.9962859061019077 0.5838517712683572 -0.011040847330722 2.658163439727278 
0.9924208680055704 0.5902947402937126 -0.01262111484659768 2.649120812068563 
0.9965488246879248 0.5845209288279134 -0.01158633965285316 2.659420021532847 
0.9929064395534112 0.5876730763169726 -0.006141285170408749 2.64912499494748 
0.9928884060222521 0.5878038073065575 -0.006522546416917919 2.649141252757577 
0.9962124664988101 0.584470640448066 -0.01055098362580771 2.658266385634232 
0.9958183087430803 0.5837138061847432 -0.005549794605731958 2.656464492051353 
0.9907048394492933 0.6145766826407034 -0.04831810391822339 2.659329490424024 
0.979389014204351 0.6333872477031128 -0.05729159840022752 2.63445015753016 
0.9869243283296549 0.6170426899223237 -0.07385702896181737 2.649966057992466 
0.9894936374108859 0.6154392845384149 -0.04943608771165148 2.655905144351238 
0.9876520077561547 0.6166169164793439 -0.07359982858297276 2.652052751007322 
0.995328209305267 0.6017655957417671 -0.05849378770673532 2.667314561958237 
0.9956458404899914 0.6039710876784138 -0.05633257293413866 2.6695067527403 
0.987734635840782 0.6164746294060226 -0.07416729322547329 2.652150412700801 
0.9951107485398493 0.5954602419264834 -0.08493482119019169 2.664662691135229 
1.000241296168358 0.5896874070143492 -0.05129045765103851 2.676024322185071 
0.9943320548337204 0.602192887299192 -0.04090027589100805 2.663338677257733 
0.9953012533469349 0.601829785252482 -0.05803911299933964 2.667225649885128 
1.000609727945291 0.5912881532036344 -0.05002188506719636 2.678043919405262 
0.9950522895787457 0.6038438063814203 -0.05825352586256154 2.66744676538346 
1.003083950838382 0.5767930121126185 -0.07098580588287924 2.679185603660834 
1.003740650153226 0.5769740922359394 -0.07229076409665557 2.681529197922924 
0.9945134697658337 0.60459047384681 -0.05824300654455995 2.666163026108989 
0.9954180462400728 0.5951768402215509 -0.08550653501713398 2.665522575137912 
0.9874284859923927 0.6030916661518826 -0.01969917279329381 2.64047408808374 
0.9788095623460243 0.6145391918650442 -0.01825854856841813 2.619145625669349 
0.9872992550111684 0.6088521015395069 -0.02933261244709 2.643846535472846 
0.986712871091628 0.6036496302183598 -0.01979821563536713 2.638440694760735 
0.9877283857320971 0.6085975704336659 -0.03014090871396433 2.645108382108667 
0.9935154138270799 0.5974069133667876 -0.0269832297471766 2.657312821147486 
0.9934432888324313 0.5977927432414366 -0.02623850519273507 2.65727905516816 
0.987730860913522 0.6098245323186182 -0.03001383023316305 2.645806874019084 
0.9945531354361272 0.601140437310237 -0.03984349617564282 2.663437191740268 
0.9893271015504327 0.5942730741322624 -0.009593439819440209 2.641223410091255 
0.9907403183864998 0.5968185886875333 -0.01770601024097334 2.647582359585132 
0.9948756925919205 0.5918861432843806 -0.02116803719437689 2.658393818880019 
0.9892089122614327 0.5945288225127405 -0.01001593066289395 2.640983847733017 
0.9946343440343283 0.5918215536652437 -0.02062375015013666 2.657554278996772 
0.9920719506335047 0.5907342066401265 -0.01233183191106374 2.648245961778907 
0.9920208349651066 0.5911430055842705 -0.01191760082807172 2.648308528536128 
0.9948950992842188 0.5914086015045309 -0.02125807141820672 2.658178581974497 
0.9976415093285996 0.5865280768745581 -0.02250166171231018 2.664430393270681 
0.9796539565930069 0.6029106564230886 -0.004586143009541222 2.614607254632666 
0.973637575846821 0.6102146507121211 0.004016474436022687 2.599445137058693 
0.9736230032499944 0.6147773578999246 -0.004400720484656843 2.602269874314778 
0.9796515370596123 0.602951444913346 -0.003999877644602265 2.614620972924779 
0.9743596079906159 0.6143827956659916 -0.005762802244378971 2.604427279398745 
0.9821562795487603 0.6047119663081759 -0.01087232160678011 2.624001152493829 
0.982602394001314 0.60446394268696 -0.01003791367410969 2.625308420040159 
0.9737057433102099 0.6153259042792011 -0.005334732823857998 2.602828128521322 
0.9782587241867895 0.6137732268641043 -0.01714552892206971 2.616912896730084 
0.9950762068148652 0.5914993885986086 -0.02159656750167683 2.658840888117473 
0.9904742999240341 0.5981564968441736 -0.01831277634980063 2.647518364367584 
0.9929010767247756 0.5969004422766633 -0.02643910316690201 2.654958901171866 
0.9950058185407833 0.5916817784408702 -0.0211875988338963 2.658694921730985 
0.9929485428984735 0.5970832663528475 -0.02670142380194237 2.655211366026052 
0.9977485798549205 0.5895367979294862 -0.03041505183843558 2.666757743162542 
0.9980926608674354 0.5898281748946487 -0.03123902333336011 2.668103764902234 
0.9926820513913714 0.5983822125149741 -0.02699435444763879 2.655119127090768 
0.9946723632724234 0.6010278152823726 -0.04019229551533011 2.663762936229559 
0.9864945227331235 0.5936165196494422 -0.006946326082909161 2.631497628018946 
0.988947361037756 0.5916233929752187 -0.00657486768920951 2.638398859951594 
0.9860637762264011 0.5920286926601667 -0.002317210703901133 2.62908025763491 
0.9861683843411779 0.5937909036215359 -0.006790187925002448 2.630527076772281 
0.9861141923972182 0.5920035144432336 -0.002446676518234275 2.629233786883153 
0.9840979210179628 0.5934418370710386 -0.002044202158011655 2.62345000015313 
0.9843722967822698 0.5925510036387482 -0.002405438024647377 2.62381967691522 
0.9861323340603743 0.5920776234671028 -0.002732020954934841 2.629342879837248 
0.9848986403721418 0.592947863999752 0.0003739628381973194 2.62579812473439 
0.9737943077218436 0.627332722464943 -0.01894431255156298 2.610991754864674 
0.9637530687475127 0.6442767030643289 -0.0189481959005259 2.589432307032393 
0.9711193027091393 0.6404630768126154 -0.03680393523209182 2.611342053518169 
0.9731448385231448 0.6278240597012072 -0.01915650896273401 2.609174295736758 
0.9716682013981488 0.6402629244988499 -0.03713524204400012 2.612978717962793 
0.980623456522568 0.6234052430183282 -0.03306054327099021 2.631151316670443 
0.9811699617448655 0.6239928282900434 -0.03065736371449548 2.633150301525769 
0.9714668871925772 0.6406960400870066 -0.03769155269356 2.612594876779791 
0.9795489959021786 0.6322999200858943 -0.05657942151346863 2.634460291380715 
0.981919482857244 0.6049820267437809 -0.009590669854587026 2.623371564227917 
0.9793852724214721 0.6130056642190418 -0.01824890335165248 2.620126654766688 
0.9870705581512115 0.6040936324244714 -0.02026341198489698 2.639936126503826 
0.9815671928172438 0.6050645877331154 -0.009558808042741508 2.622242225537867 
0.9863471614168655 0.6038232228874559 -0.01902410865217175 2.63738056027437 
0.9860477029707923 0.5994068217353785 -0.0109081205801908 2.633537972129996 
0.985672647146606 0.5997014524685311 -0.01082890270377761 2.632470961659613 
0.9869277680130545 0.6034609921049043 -0.01946903990694705 2.639075244728765 
0.9907382726470251 0.597566825976625 -0.01853708169468577 2.648046729820094 
0.969230771526038 0.6201620010002901 0.006260836934745434 2.591317778659554 
0.9620690488945727 0.6310692359600846 0.007071486381424718 2.575282144175271 
0.9689287286743316 0.6266220578596289 -0.008755323064724931 2.594618594846639 
0.9687120318448567 0.6206780574689483 0.00616779590040899 2.58994625024797 
0.9688831186130767 0.625927792797635 -0.008197825530930921 2.593986692028118 
0.9739618031129218 0.6152132755216867 -0.005728266249627255 2.603622510271248 
0.9741187441567799 0.6151239118866458 -0.005089318712807761 2.604060951785087 
0.9698021089096609 0.6254880281782744 -0.009347645518339262 2.596672310590311 
0.9782895544386727 0.6166157861331781 -0.01954276911625241 2.61885657892111 
0.9440066070688117 0.6730542013778754 0.01576810902778198 2.546333092495823 
0.9485584189471163 0.6571144670258899 0.0209336509266053 2.549718661474333 
0.939833899661823 0.6711371926507468 0.03841792131393542 2.532246042052198 
0.9439064600343186 0.6725919671408987 0.01463587194617664 2.545399359447587 
0.9401053078573773 0.668759202120527 0.03867440148781888 2.531285413748922 
0.933575044765639 0.6874877153280885 0.03501222242561173 2.524535299325608 
0.9344389404980323 0.6869301754788724 0.0353031988058865 2.526915380349576 
0.9403983181126991 0.6683213986436221 0.03826530962423165 2.531950763857248 
0.9257567569379429 0.6829082101351414 0.06278183491676569 2.497997446765121 
0.9543338428330568 0.6523203873229203 -0.002571462526897382 2.564649130609485 
0.9482859164173859 0.6575137028367763 0.02054954836517892 2.549111525269104 
0.9436789100205908 0.6732041058320825 0.0150860392131055 2.54531920903126 
0.9549542486920833 0.6525295654425619 -0.001040239634352765 2.566776838383774 
0.9428200231388623 0.6735683009164721 0.01461474854939572 2.542763822368293 
0.9502733828637304 0.6651089677154527 -0.01195769549812515 2.560696444120934 
0.9500270372426115 0.6637635097021481 -0.0138704476628658 2.55868727402427 
0.9426433364868996 0.6743955376714945 0.01514331223107286 2.542617836204925 
0.9327029083322355 0.6908930353182585 0.001347931405584236 2.523416404554268 
0.9877476418991706 0.6104623271693687 -0.03096868196402444 2.646353082625881 
0.9787400652011865 0.6163628953849323 -0.01877288936850629 2.620130670745388 
0.9807057797324336 0.6230996681416974 -0.03212665223271637 2.631187842090172 
0.9880403009588714 0.6114076443738079 -0.02941510435582129 2.647826245210827 
0.9806584776885399 0.624018653860039 -0.031931745535735 2.631478578105632 
0.9898148692826763 0.6122845788505125 -0.04894735425640016 2.654997993904239 
0.9901294265241098 0.6127569478237688 -0.05075721430431275 2.656427365016139 
0.9803537437280582 0.6247545090330929 -0.03151361264098133 2.630936373794264 
0.9797664284721268 0.6323170443837183 -0.05711717005880654 2.635166277654605 
0.9563848211280713 0.6448337849273049 0.01315541906210231 2.565885724074731 
0.9486001409378158 0.6570943263570505 0.02043975996688909 2.549942800022545 
0.9545969676580531 0.6546635574695807 -0.0008444383565294451 2.567103867183691 
0.9557622142447377 0.6448488999580119 0.0134000878100852 2.563969584402878 
0.9546472358023532 0.6545505337185122 -0.0007305684806422215 2.56701954023322 
0.9615343166482997 0.6395372698421889 -0.00386809685764454 2.579073451706684 
0.9618671889684972 0.6395015163678792 -0.00253974533533132 2.580100097064219 
0.9546682242358896 0.654478193366663 -0.001751667354782899 2.5669899726023 
0.9632541948769043 0.6459445959163331 -0.01955976046548661 2.589089062529008 
1.010256449773326 0.5593452949234349 -0.03743309388856265 2.691432109575134 
1.007417874656305 0.5661027873258191 -0.05638322782594879 2.686524022012007 
1.017064562602318 0.5356860571172057 -0.06233055480489086 2.702850776809926 
1.009474016665247 0.5587001295484623 -0.03935248235629733 2.688512993529019 
1.01765607677206 0.5353495509603059 -0.06215195763372473 2.704612727934386 
1.017829110806285 0.5337350100301097 -0.03785685294316606 2.703312589513741 
1.017811369963973 0.5374542912014995 -0.03594854206600085 2.704685170999505 
1.018032511452529 0.5352333108437574 -0.06299521653328691 2.705649848269245 
1.029311355695563 0.4974956476099644 -0.05745975135691949 2.725690230716165 
0.9959878579437926 0.5855245927836981 -0.009601715684499787 2.658107161209909 
0.9979204201861298 0.5856698833862269 -0.02162757839317379 2.664817028296889 
1.002720789485618 0.5766908577762206 -0.02461191491550328 2.67565989704773 
0.9956344934414851 0.5855979853436226 -0.01060635097359853 2.65698583718222 
1.002754486488242 0.5768450686392811 -0.02360118776040669 2.675844773142523 
0.9988130394000102 0.5788279812478844 -0.01179086922503009 2.663678880126815 
0.9990700175214263 0.581860387179441 -0.009726673970890293 2.666146515464948 
1.003628283783443 0.5759161265760424 -0.02456197843316209 2.678213678660951 
1.008072793250621 0.5601180034202291 -0.02470654438482006 2.684231498288074 
1.005784123059076 0.5580032009527603 -0.1075172187165563 2.680591500498573 
1.020778916945642 0.5162948871686064 -0.1131891630475116 2.710444786655546 
1.013547200676668 0.5498827109279394 -0.08070049191166768 2.69962153961459 
1.005975279918167 0.5610744049927594 -0.1062166851902847 2.68292821547741 
1.013290752552245 0.5476882393539263 -0.08304545840954089 2.698083111840518 
1.003295641731966 0.5774585743633697 -0.07209726408816097 2.680187183079998 
1.003599645731092 0.5768221683706438 -0.0716058462268107 2.68077381618118 
1.012533416615271 0.5478452302128329 -0.08157043640940032 2.695490762213365 
1.007775273509081 0.5672003113337131 -0.05465223714005735 2.68827118304543 
0.99816685938796 0.5913217528418659 -0.02987646827741778 2.669153318241489 
0.9946164979178655 0.60129402861811 -0.04048980711786972 2.663705701611514 
0.9999830803403404 0.5894681813255281 -0.04966334751908335 2.674945039347985 
0.9974709870577647 0.5916996700432713 -0.03084781833036645 2.667083570556053 
1.000329709964011 0.5892028831766051 -0.0496918488330638 2.675933973709301 
1.001825952211441 0.581746886343564 -0.03540763446249777 2.675968043634415 
1.002185127938375 0.5847127581253465 -0.03305469501342698 2.678718660143192 
1.00049877034476 0.5892185773286794 -0.05045700060270129 2.676455969404143 
1.006993295671025 0.5682583656908039 -0.05602024261992029 2.686433169675658 
0.9761144647533031 0.6272023050349061 -0.1023603456321451 2.622909116409393 
0.9845952978738446 0.5827704377380072 -0.1546214600559876 2.631224986310994 
0.9908263198507404 0.5892787282449464 -0.1146032687828307 2.649987781651087 
0.97843322813226 0.6236037531458971 -0.100993492616793 2.628549667780603 
0.9911720734485738 0.5938755701064981 -0.1167039437300032 2.653784798158076 
0.9869095820593577 0.6178218270853706 -0.07250683975546164 2.650219563323431 
0.9862968343714419 0.6189666484003258 -0.07436796539708627 2.648933746550356 
0.9906021652438857 0.593491707672274 -0.1144157585608195 2.65152313225072 
0.9946083318072324 0.5933336881051423 -0.08502402908796831 2.661859814244627 
0.9464858882842194 0.6700172026659467 -0.09074050547355281 2.555688255709665 
0.9486792600607319 0.6461993368136885 -0.141579045486587 2.552984780205456 
0.9681608792156368 0.6461586744946016 -0.08667581934840116 2.60847277951331 
0.9486769775209574 0.6676493089506038 -0.08989875638266108 2.561268731216771 
0.9682668707615526 0.64396429334841 -0.09013756787837707 2.608156424445576 
0.9678095921318527 0.6501891612626319 -0.05490362339137711 2.607759589664587 
0.9668864153233064 0.6506333767661904 -0.0555983300098364 2.605126318481205 
0.967670199542882 0.6429690245213886 -0.08601200565819608 2.605083060733403 
0.9793391270997391 0.6342795339579492 -0.05700344950596081 2.634898418760845 
0.9814118129303915 0.5964381671221939 -0.001086722164239813 2.616429683817988 
0.9827632279915484 0.5964812248574128 -0.0054331812572773 2.62091995446524 
0.984652020398639 0.593020497847176 -0.002415288252603215 2.62502846822628 
0.9816637576580259 0.5960756654819508 -0.001238912026913524 2.617044794977275 
0.9844221759903504 0.5930773863236951 -0.002835350610870559 2.624303923745383 
0.9840799062030229 0.5919499528476259 -0.0001981185973920217 2.622486104096354 
0.9837506562643195 0.5925996151861248 -0.0004082689195930923 2.621800745277857 
0.9841689031347289 0.5927227417354852 -0.002160473262774016 2.623252449765324 
0.9847816653688288 0.5929650126848713 0.0001194624663448811 2.625424100128919 
0.9858710010830493 0.5880365181810617 0.008281795432834121 2.626098769191692 
0.9824370395682223 0.5929900146287603 0.004031320277712329 2.617726441015384 
0.9858222820575342 0.589058686249475 0.002896329281651014 2.626505201853716 
0.9861260380329906 0.5877134814364061 0.007899799645037143 2.626754004372954 
0.9855978881329416 0.5890695487777381 0.002587378239755411 2.625772336475998 
0.9896307869784233 0.5833881045256148 0.004391394677348312 2.635725147887061 
0.9895054642978335 0.5833256225160558 0.004460778317559177 2.635288682925541 
0.9855798995377538 0.5886492777418962 0.002967567884598829 2.625471837007657 
0.9879453773142222 0.5860633617530849 0.0002206552717497845 2.631739703718231 
0.9873642928723164 0.5841233537660876 0.01524068934555068 2.628704234602157 
0.9812798339222273 0.5926771712540313 0.02005999222577427 2.613934404252737 
0.9812224045698468 0.594769694321721 0.009760044846371909 2.614806428721129 
0.9868926259626681 0.5852597890399698 0.01535043727868536 2.627885434732147 
0.9812304158843669 0.5936380194148346 0.01003995455149929 2.614178210716823 
0.9860163159239698 0.5877739161295679 0.00836058759247555 2.626412984693418 
0.9860532606399484 0.58766615786971 0.008426484293123624 2.626454852803144 
0.9816783457430114 0.5941047636793574 0.008832505282119972 2.615933196895631 
0.9824252680974921 0.5933101475487116 0.003514138280549644 2.617869611475874 
1.000620657666396 0.5687158492288147 0.003982187821069757 2.66378993389672 
1.001058103633376 0.566423639361136 0.009202527023898477 2.66399149932493 
0.996664025373843 0.5720782578960736 0.010689983920867 2.652575241368476 
1.000794988487361 0.5683343269971884 0.004148857023885838 2.664140077127984 
0.9965741989140656 0.5724237128489954 0.01048880906504533 2.652476587563073 
0.9965681688575579 0.5740769130561817 0.004368241337490846 2.653353579171205 
0.9964842068826649 0.5740893901940948 0.004090317503250667 2.653068359424712 
0.9963902414385098 0.5725393737898246 0.01093632581441882 2.651923848267496 
0.9913634374696534 0.5794863861485893 0.01067039171649703 2.639245177825404 
0.9612289922886076 0.641044602695264 -0.003543680705632264 2.578964674172441 
0.9633852788053068 0.6445487310689442 -0.01875969115977636 2.588506728233822 
0.972999120459333 0.6270170328691497 -0.02086783102445999 2.608254123519429 
0.9616945175784981 0.6401014353091006 -0.004002336287735741 2.579899217977038 
0.972832645767321 0.6283604395397854 -0.02022413747399708 2.608598640791366 
0.969835270931669 0.624724780498879 -0.008309752113015267 2.596322484656873 
0.9692272050094191 0.6262271816942558 -0.009084756809004122 2.595247809918995 
0.972813162313707 0.6272677770763855 -0.01952403287316426 2.607807026958218 
0.9787414724526942 0.6156457831307124 -0.01976638910993511 2.619723395177359 
0.9588759061665358 0.6569613487199568 -0.02938260129292616 2.582589710706004 
0.9518786698508881 0.6701286385501122 -0.05100751594395458 2.570509238939568 
0.9672481546739581 0.6493649013422593 -0.05746594299630253 2.605826379928206 
0.9590604995243779 0.6576539341428029 -0.03033481149141138 2.583727763640616 
0.9669611248040078 0.6484864428741481 -0.05587954066710607 2.604201736667587 
0.9713207912819311 0.6430495432811979 -0.03790010194105547 2.613911982897552 
0.9711223187045328 0.643420796243402 -0.03869031996772574 2.613485125389112 
0.967501291750801 0.648389199055928 -0.05675056583892338 2.605897989269286 
0.9791711913439359 0.6331196803162249 -0.05923965031080274 2.633929084956857 
0.9516350062379267 0.6641726142970236 -0.01141435729279964 2.564062333654519 
0.9316091400834968 0.6913963946287663 0.00101948427665626 2.520215989823598 
0.9378593943331685 0.6841882616787502 -0.02646772229195804 2.535216670173065 
0.9503345784517112 0.6651025089356655 -0.01202149385650534 2.560574008342586 
0.9397647112184773 0.6836628918631179 -0.02729522144342716 2.540742455668282 
0.9589583110646345 0.6556327949906273 -0.03114651372114967 2.582018314271975 
0.9599900549469444 0.6561833329854662 -0.0290052680366344 2.585677570367998 
0.9391966163848746 0.6836088172899824 -0.0281694076155305 2.538782269452506 
0.9511814867879613 0.670254096576735 -0.04980312129397199 2.568392179820061 
0.9370627251051933 0.6838379893240032 -0.0289568723618591 2.53230517379897 
0.9307012732424664 0.6942875821397956 0.002465870468540712 2.519528062877238 
0.916836840180588 0.7082819379246472 -0.03162280001402522 2.488087321471147 
0.9390111415622289 0.6838152170755493 -0.02631498502425297 2.538272464105745 
0.9176636561953017 0.707612892056336 -0.03313438951580976 2.489963587704967 
0.9336423198513017 0.6901533189999122 -0.06453003922539303 2.52842762117102 
0.933886142082497 0.6891425899227943 -0.0657408473014542 2.527986898132023 
0.916132862322379 0.7119749836552054 -0.03220311046304809 2.487924203895708 
0.9073129939973544 0.7087895656166727 -0.08279394374792109 2.46256340886586 
0.9411648163475007 0.6571936866404078 0.04406078706563434 2.52696382954669 
0.9478607570772923 0.657396967305694 0.02136134096208291 2.547839589455806 
0.9568352891989761 0.6444781000341646 0.01167290674414121 2.567089602187864 
0.9413873503326514 0.6565732164469439 0.04336029913921021 2.527308300822633 
0.9564149629928995 0.6447517482180131 0.01159735901259783 2.565873362251957 
0.9518897531981824 0.6439929917178941 0.03026766311117795 2.551356009776148 
0.9511097088373546 0.6433436604673459 0.02968718730096434 2.548524157236969 
0.9551934254169177 0.6435568571566163 0.013314499291368 2.561533726962975 
0.9618017076066337 0.6330922252855176 0.007192654701188835 2.57566470401479 
0.9755225047015602 0.6037947314004178 0.01530017441340706 2.601717961416462 
0.9813703387387359 0.5918261912582613 0.02143994256501217 2.613654641015657 
0.9753897301021355 0.6019300538015557 0.02754441479468235 2.600424484870046 
0.9757361100213814 0.6034406178850513 0.0150008674131015 2.602192689077198 
0.9749249539003881 0.6031527899633333 0.02902243380118661 2.599631807932831 
0.9685952681811784 0.614640901715637 0.01752413248099754 2.585916662685027 
0.9684746556554839 0.6168180576369408 0.01698901938569743 2.58687147649946 
0.9757293719699524 0.6017742730021831 0.02906199199166864 2.601287517339727 
0.9665332924994281 0.6154390471372823 0.03636818685835963 2.58032036714642 
0.9700610783887508 0.5958653039855246 0.1183240991775322 2.585514366653156 
0.9655574924905402 0.5928383183587901 0.1585017059118387 2.574965147081945 
0.9458485841058242 0.632499765826783 0.1197250724862372 2.531255928546623 
0.9686376595748156 0.5995424157936621 0.118932261449219 2.583264146358595 
0.9465594634563876 0.631018707769273 0.1173363865879284 2.532554343455777 
0.9557795441285549 0.621604021541513 0.08425552342061736 2.552271724237141 
0.958073769309443 0.6195072321800297 0.08628232670261271 2.558190479117622 
0.9455787442854742 0.6321222939928609 0.1160786378613815 2.529962035699945 
0.941076773947372 0.6471698131192436 0.07279264389199162 2.521329651793666 
0.9609836025014596 0.6279802441368433 0.02461728889941236 2.569989308751792 
0.9610012804259744 0.631580184321865 0.00841106491949729 2.572194997267345 
0.9692946421387986 0.6201567333249709 0.005092230490739562 2.591528900169636 
0.961424785167779 0.6269149426382346 0.02365216021736485 2.570758256390792 
0.9688777264315925 0.6204231515920258 0.004987539531220069 2.590324975815207 
0.9696683291925801 0.6152010457821606 0.01659069020484538 2.589695891224745 
0.9689243053582975 0.6157915670712543 0.01639914707346818 2.587688085110916 
0.9685516422147359 0.6190567369597442 0.005995319724454396 2.588459595765905 
0.9740383262710159 0.6102495496221724 0.003976859587478524 2.600779452351714 
0.9747502132541139 0.6005237642907379 0.04788351689915595 2.598191092886246 
0.9658996232245937 0.6148598306035049 0.03850536592246625 2.577944851843375 
0.9751935865364298 0.6027233901658345 0.02776142387167158 2.600173583218458 
0.9753418125106896 0.599561150426021 0.0463846527644482 2.599526647220978 
0.9749701905413393 0.6031232566731745 0.02853980580681629 2.599746997642261 
0.9822568962308132 0.5899905056519552 0.03309782711668767 2.615743081952518 
0.981325023592229 0.5913904377562412 0.03323000345926932 2.613626481203377 
0.9750171469205833 0.6016817340763329 0.02863866707797587 2.599069039324903 
0.9809749606695203 0.5923883521688307 0.02087256333036281 2.612727640513169 
0.951639797228456 0.6426108339362805 0.02916100993410617 2.54976849594614 
0.9612052189779533 0.6335479790365474 0.007211191796476491 2.574022446849355 
0.9616798613918556 0.627420859889781 0.02507691395577913 2.571825163438725 
0.9497845060339372 0.6426981647552261 0.03149823350033434 2.543951838947856 
0.9612470303036393 0.627754706917338 0.02466595331110651 2.570668702082334 
0.9563602401267526 0.6305167165740154 0.05183162468489812 2.55773307144214 
0.9570486482806654 0.628765522750459 0.04982880738810175 2.558830910703637 
0.9607616391056143 0.6283126108111613 0.02502304410082643 2.569460606484494 
0.9668750158683047 0.6148799938247022 0.0379575656783762 2.58095006291125 
0.9161930201148807 0.6962438657142695 0.07804256963178703 2.479376271303054 
0.8986029318040115 0.7137658631712538 0.09384522993170134 2.440629326456665 
0.9242489388101839 0.7063300251030189 0.03717180359067747 2.509069712798823 
0.9161565233134488 0.6996008615981689 0.07755483644589209 2.481551452742306 
0.9225756992415883 0.7059421340740728 0.04008228870348386 2.504381555620817 
0.934596306298009 0.6878806105524341 0.03267433817791441 2.52789428577305 
0.9332376895408037 0.6882670635123079 0.03493274873740435 2.523848340237663 
0.9216439396118647 0.7072818914565148 0.03780311477961011 2.502354246017715 
0.931020675635172 0.6917032202093205 0.0014301331476505 2.51882447570373 
0.9306223810525411 0.6637880812168339 0.06941536357719348 2.499538879702243 
0.9253158010875409 0.6826717062769013 0.06228652455811776 2.496551563791461 
0.938663059431898 0.6689096500329714 0.03704173782168806 2.526794350347582 
0.9310233909510713 0.6659062361640906 0.06935357136987705 2.502470559574091 
0.9381040989059874 0.670640701151801 0.03837422477532443 2.526619805888112 
0.9415559638603076 0.655467783061395 0.04668081002836721 2.527080528434341 
0.9412208171384284 0.6577075850726604 0.04530077376598028 2.527469672967516 
0.9391799778266293 0.670840569602947 0.03745778256882203 2.530007236611437 
0.9479818329909498 0.657329310311118 0.02040999599386495 2.548008703564498 
0.930845068646343 0.6548733453357669 0.1047078616980909 2.497145175883097 
0.9164928814767594 0.6609010617367674 0.1509107373460384 2.463109569030041 
0.9079726191509978 0.6810611511311599 0.1097380009370236 2.446069107652197 
0.9297480349515304 0.655617677722847 0.1042459414487442 2.494233035579462 
0.9108428324463976 0.6823399200112994 0.1062044807800679 2.455213409838855 
0.930228657552473 0.6622279819602801 0.06784031066290235 2.497204771333183 
0.9327933576420495 0.6608835575700818 0.06957435821104255 2.504373186675393 
0.9102693689330278 0.6826122576460071 0.1060598244368822 2.453493973801514 
0.9235277335830968 0.6832473429349103 0.06377619833702994 2.491649317880687 
0.9920197800579722 0.5773311202846998 0.01588931465880521 2.640211601981049 
0.9946671179315703 0.5706350266984264 0.02418418129572603 2.645305936395286 
0.9878163244776594 0.5805600972037763 0.02547280929106958 2.62839756855901 
0.9925039129605669 0.5766233045437014 0.01628868577709621 2.641386499494451 
0.9877615877552799 0.5813600180374684 0.02451186255903152 2.628666000263718 
0.9870543987095507 0.5850743110162723 0.01507048773554915 2.62830543962099 
0.9871550960856229 0.5848701025973255 0.01443941756583706 2.62849038755612 
0.9873333772557538 0.5818197846421904 0.02554311039527146 2.627521257291259 
0.9809233833379816 0.5918714676341787 0.02165873184223904 2.612291438072873 
0.9865474927722861 0.5771546779007768 0.0827632552925283 2.625199060646602 
0.9726480913861782 0.5978670656359962 0.08931354343014408 2.592617063972228 
0.9805398480189255 0.5885843277153614 0.06321281605450525 2.610742059247185 
0.986877030285276 0.5766854079939782 0.08176885481237703 2.626071103037886 
0.9809045588407043 0.5887469374423548 0.06517982002453655 2.612224884480022 
0.9909599043922279 0.5718179086796115 0.05865328603804215 2.634978668523251 
0.99019305512379 0.5745182368502227 0.05917127019995205 2.634099773213907 
0.9809197296315284 0.5884626424570325 0.06460451168345738 2.612082916808972 
0.9858847733467118 0.5807307215238937 0.0471051876934364 2.622899019258394 
1.015715575480435 0.5574144135304724 0.0002768957132653207 2.708127584294831 
1.018523255420976 0.5563902546637164 -0.000181829665927006 2.717039472531654 
1.018710793240436 0.5560227711896073 0.000135404564785327 2.717471558396428 
1.015695522965078 0.5573452908515105 0.0003766282470968465 2.708023815343668 
1.018803518595704 0.5558502907948799 4.673579278597572e-05 2.717687473481295 
1.016093648002741 0.5565798963403763 0.0003319427214107518 2.708946138016763 
1.016134167339462 0.556783483122379 0.0002032511082566553 2.709193199745406 
1.018750787102495 0.555927310973666 -5.598378114567909e-05 2.71755525750109 
1.018929120619593 0.5555758773429612 6.688217478531895e-05 2.717965459762851 
1.012130408836198 0.5575044841305372 0.0009996522140083314 2.696103400124092 
1.013109549782347 0.5579562931636685 0.001107166839043111 2.699648712103415 
1.016033524058208 0.5565779377577272 0.0002029047528889258 2.708735797053077 
1.012148742446272 0.5575116683996659 0.0009384313820000963 2.696168079430548 
1.016026771388962 0.5569140281045757 0.0002001148933352153 2.708901136717926 
1.014816777332924 0.5567207361114932 -0.0002070104818250618 2.704717588575785 
1.014389907919498 0.5579563692196092 0.0001353015518158642 2.703959000138032 
1.018601628861799 0.5561719013735913 -0.0001362982871379914 2.717177971859122 
1.015685060409349 0.5574149087989027 0.000305304589913741 2.708026509072074 
1.01428503320774 0.5579624908971029 -5.975593836747317e-05 2.703607611167024 
1.0156664098163 0.5573550653917363 0.0002295718769400929 2.707925527345922 
1.011457543835063 0.5593865019196351 0.001097658762943204 2.694877495915755 
1.011489143873378 0.5592594698201593 0.00120860025037242 2.694915067526769 
1.01560827198108 0.5574776954773873 0.0002229035982963737 2.707796567420318 
1.013010942112192 0.5577227147351751 0.001198007301462852 2.699186524398395 
1.007377014617665 0.5532814042031741 0.003373062718422059 2.677800435141353 
1.006950731489914 0.556737180239841 0.005844732716801433 2.678292769283941 
1.009003376160358 0.5557623032292562 0.001707486513424554 2.68462127896293 
1.007354921113117 0.5539436385632718 0.003215816316553534 2.678094310021119 
1.009056706563479 0.5562077145638546 0.001746087996715453 2.685054587197103 
1.009198111981539 0.5552613110568274 -0.000500299508846782 2.685003496433594 
1.011568434741277 0.5407064104633135 0.01644769047069914 2.685201778366582 
1.015847740764706 0.531709765131769 0.007695436151752234 2.694748808664831 
1.014099212552996 0.5341905589006594 0.03121182694189518 2.690650858472513 
1.000963770766325 0.5522125207252464 0.09171781234482468 2.6598570912733 
0.9976348921255564 0.5585752936775522 0.06944483797232227 2.650509657496797 
1.00897360305988 0.5401226494912192 0.07555553541434036 2.67867941457669 
1.000849358151193 0.5505511342053634 0.0928906186724688 2.658625362341897 
1.00892359528947 0.5373419122162081 0.07489912019419255 2.677077101659592 
1.015608182418419 0.5186485190980608 0.09770668425349666 2.691755916499975 
0.9944013095475852 0.5776216270796652 -1.795864612166485e-05 2.648183114379028 
1.000866729093325 0.5697493477726686 -6.086238690391681e-05 2.665164674204977 
0.9964910194620453 0.5738685439835809 0.004278916345145445 2.652982758441154 
0.9942689376838315 0.5775950381444894 -0.0001496564621253122 2.647723031388513 
0.9964224965246082 0.573945843272192 0.004488993919920639 2.652771781654581 
0.9895450478889753 0.5830183608971851 0.004531178133921893 2.635241256404117 
0.9895347636892435 0.5837474791108579 0.004438866833207865 2.635634714400651 
0.996554572590191 0.573683723607844 0.004437247727587163 2.653030657912214 
0.9914056039389885 0.5798848962055286 0.01017823315176663 2.639622279976681 
1.008288834224443 0.5611385571364444 0.001936117830481081 2.685198879138783 
1.007321725817637 0.5598786670948342 0.005329560139747554 2.681267553501431 
1.004532521409127 0.5646581180110323 0.004273107367603102 2.674586023580622 
1.008414220971453 0.5606455603848398 0.001974315045994386 2.685340316047308 
1.004470303482134 0.5649447977838186 0.003980451381146132 2.674540562466929 
1.006195199229975 0.5639079406665108 -0.000231127543060672 2.679725855726297 
1.006281209842982 0.5636766393645403 -0.0001271197680619012 2.679869001849609 
1.004165619567456 0.5647959021016691 0.004447794105579296 2.673435542896886 
1.001485003950379 0.5697754505877075 0.0004134089620292236 2.667276291734011 
1.00844482509328 0.5490475755361255 -0.0004722783809292641 2.679059001116394 
1.008684347466146 0.5456262969004498 0.01035677406523726 2.678072550080099 
1.007401569244692 0.5507661287379481 0.005097185307834242 2.676508292436858 
1.007624157200407 0.5496840874090035 0.005214892421775559 2.676651856180176 
1.008394772086075 0.5459907069889915 0.01100606255770509 2.677296162570171 
1.005549332673555 0.5544599631120191 0.01518952774483844 2.672421722300274 
1.022548712891836 0.5124675666285466 0.04262367488944165 2.708466959793723 
1.012161250233643 0.5377105306091234 0.05031905745727797 2.686689951104854 
1.012947906570823 0.5378376769461627 0.03149077354890795 2.688592748519372 
1.013409838983514 0.5346830664241791 0.03110597853718549 2.688520765097664 
1.012091164425567 0.5370798101076973 0.04892035105827392 2.686084791237388 
1.006090497620545 0.5481449211467757 0.03381940628105763 2.671223772712882 
1.000055497830095 0.5849378668100143 0.0003365357607262771 2.671260591019921 
0.9999976740652105 0.5868325168789424 1.908639737073084e-06 2.672177499433672 
1.000283943952571 0.5851437297156702 -3.820081474902255e-06 2.672142923168404 
1.00004424088848 0.5848572990729145 0.0003902848934410375 2.671175763468785 
1.000296639141598 0.5850397872410134 2.212765734299619e-05 2.672125582645898 
1.00043200556019 0.5830206750695334 0.00036846020834486 2.671395426652149 
1.000439544668033 0.5830887445312855 0.0003729590531449653 2.671460978313179 
1.000399685980501 0.5849006593942806 5.872888151120176e-06 2.672387224665458 
1.000453155536954 0.583220611535928 3.491653858413131e-06 2.671585661409075 
1.000608667769463 0.5738832754219672 -0.0007091491267347795 2.666545382578367 
0.9997697548755564 0.5466784612352921 -0.0009422008954524483 2.648966893165796 
1.000105631818754 0.5777798874132521 -0.0009674552902300553 2.667057589571448 
1.000388673056125 0.5742148636753879 -0.001616074025527804 2.666184927269932 
0.9998785368331187 0.5754997233227265 -0.001589714596234409 2.665225414764244 
1.000088812595072 0.5863970772052104 0.001432282891258808 2.672195132823581 
1.000168292506689 0.5862798782056083 0.001308631227194766 2.672394443518101 
0.9999542240828486 0.5754842423330512 -0.001346130513287531 2.665462231795441 
1.000011812547192 0.5875856490296062 0.0009422831380733881 2.672639298886289 
0.9999946819226077 0.5833684416899546 -3.18753051803667e-05 2.670132964229662 
1.000760073927504 0.5782063578917869 0.0005779145421507507 2.66970939946229 
1.000529709148573 0.5833683597389122 0.0002403129421796375 2.671913992435432 
0.9998879177853692 0.5827249008478601 -0.0001035139905751251 2.669412208115804 
1.000567437059348 0.5825925067876948 0.0002115861094190936 2.671595497615928 
0.9998735805266614 0.5834182366680893 -0.0001152271073776683 2.66976951811875 
0.9999188094093242 0.5833369837254869 -0.0001029642339329832 2.66987307712513 
1.00051372723471 0.5826387549210195 0.0002206057625992205 2.671442944588633 
1.000502699589505 0.5832586669370499 5.968076500798537e-05 2.671772309886515 
1.000569896258338 0.5446328381229042 0.0004503728919764666 2.65074125703372 
1.000606295258403 0.5625848659354108 -0.0002956580669009583 2.660165951276863 
1.001120332685574 0.5618076207398001 -0.0004366000430986456 2.661425843116259 
1.000974433365889 0.5625636892593106 -0.0006833569668927862 2.661554691200336 
1.000483093533465 0.5620274216691845 -0.0003425892832576733 2.659569060061343 
1.000875953095629 0.5800225884833532 -8.853957732611544e-05 2.671125508005678 
1.001620126837071 0.546083321173974 0.0002798846440215522 2.655116499725797 
1.001353185487255 0.5572189145566341 -0.001327455975377535 2.659657771920772 
1.001592407237535 0.5566622412394393 -0.002792640448189944 2.66012980188516 
1.001346853849963 0.5599910646912661 -0.002868142902230736 2.661409525028438 
1.001331034054216 0.5577472358345262 -0.001217108785853096 2.660057873640277 
1.000329783258664 0.5781109149438594 -0.001218932018529509 2.668192397295411 
0.9932220397501943 0.5872839403980896 -0.002548190109860339 2.649942040112546 
0.9958742349895695 0.5837886481202074 -0.005049200142203982 2.656696810968651 
0.9964956394980472 0.5845708144573601 -0.00100499110499032 2.65921347222952 
0.9932650550998624 0.5873134601276864 -0.002600465661211603 2.650091625602264 
0.9967310326364757 0.5848700711737896 -0.001494098503695479 2.660162661167789 
0.995345317694595 0.5858676978219309 0.0001690909138081809 2.656148134401461 
0.9955856706984949 0.5858550905408065 0.000117596977364852 2.65693657361367 
0.9964750659934087 0.5847758136896795 -0.001312236157928919 2.659256149256772 
0.9984901243984361 0.584136347192203 0.0002272750253246361 2.665584356003615 
0.9875954007921673 0.5913966809062078 -3.384084647849864e-05 2.633764810358914 
0.9848978443004648 0.5931866228430035 0.0002299097216653045 2.625935380742508 
0.9861163381481902 0.591963889963689 -0.002777105631747396 2.6292230100073 
0.9877495456272729 0.5912839274922249 6.182851985084127e-05 2.63420615394941 
0.9862707959698005 0.591893074910935 -0.002781993635212009 2.629685834510056 
0.9897660856951854 0.5895180015125679 -0.002653930814992949 2.639817754421312 
0.9897224187370417 0.5894888112416068 -0.002446654886600495 2.639650442386495 
0.9861481421401476 0.5922258065795296 -0.00267017632277972 2.629472021060272 
0.9888483230453609 0.5913174526214255 -0.006023584920470145 2.637888268291886 
1.006336114154442 0.5444119021844955 -0.007151351455275275 2.669322729716947 
1.004112790539505 0.5408687002001986 -0.0006575956512592041 2.660970581693202 
1.002718397407611 0.5491405173625794 -0.003295883447651164 2.6597635611434 
1.016446418052804 0.5188167055718882 -0.008720227961545854 2.691003027214658 
1.011736346720107 0.5385306417154681 -0.01525524648864155 2.684474591520091 
1.015972993283903 0.5329799574495032 -0.02657390775602231 2.696046184399375 
1.014837395442952 0.5351018650441357 -0.02605017327627221 2.693511783759794 
1.011590663441196 0.5359093245752455 -0.01496769235057138 2.682772753815236 
1.008633288200828 0.5555749049872325 -0.02431408743031133 2.683582405474775 
1.017520057579773 0.5360390123120149 -0.03722268828612579 2.703088312741448 
1.027197860993218 0.4999900763680735 -0.03657947660995171 2.718720789937952 
1.015178954075439 0.5373537947904388 -0.0256969138259235 2.695539112935782 
0.9856666485354941 0.5891372719319578 0.00286180451366849 2.626032907281061 
0.9828818085949002 0.5932518249761488 0.002790643669745682 2.619351099997933 
0.9834751984210383 0.5925089284506374 -0.0004801640098425982 2.620831257759253 
0.9855936095582429 0.5891698549127752 0.002731803750636423 2.625823576515652 
0.9833838852863561 0.5924981682894265 8.944907396083583e-05 2.620533209141227 
0.9846468180406248 0.5914843491160804 0.0003061702302455782 2.624087648528949 
0.9844821116461641 0.5917159887792797 0.0001539278577594571 2.623684012274276 
0.9839830068096185 0.5923834863206886 -0.0004781643886011978 2.622439232626552 
0.9842815026317406 0.5930362056120199 -0.0003373646878505488 2.623817025392774 
0.9909435758927578 0.5894449140124783 -0.1167451199886229 2.650160808769458 
1.006814497465123 0.5429742357913997 -0.1398433904235994 2.680534369423894 
1.006148160716374 0.5587661345002956 -0.1065260780511506 2.682479301167768 
0.915586487274728 0.7088265026367088 -0.03155305268252931 2.484581633554593 
0.9319055006821547 0.6921702368436959 0.004036873626151439 2.52187455734534 
0.9144214475018398 0.7113855376414303 0.005806609631847239 2.482357511176039 
0.9151658334709967 0.7088117699668245 -0.03369641111625011 2.483009228811385 
0.9135113450428106 0.7150857723399322 0.006154198312343201 2.481717166017592 
0.8916827726442574 0.7274229812096584 -0.03895859706798024 2.427185856738403 
1.013100168370579 0.5487992334541266 -0.08233405579866018 2.6974439000522 
1.027607598165484 0.5019472038379168 -0.08530094623624498 2.723989357068516 
1.017947655084915 0.53772538001459 -0.06314337521999346 2.706743402459334 
0.9677775019090875 0.6129726447512911 -0.1530226952403623 2.594462298410559 
0.9769168016363038 0.6253133218464294 -0.09976891117319803 2.624584660274535 
0.9656698903485406 0.649805475854022 -0.08814622960479924 2.602569945491981 
0.9687597767925195 0.6420608283363146 -0.08732203056444818 2.608032316319516 
0.9778830968099445 0.6254749548741113 -0.09966797197485451 2.628028324703156 
0.9787453652498053 0.6353381468850813 -0.05537478117841299 2.633498112985928 
0.8949530696293623 0.6932303840440199 0.1304431692154824 2.417970402367292 
0.9103395064463585 0.6985093348441375 0.07792398502393474 2.46305618361279 
0.9105465376862323 0.6779474548440744 0.107832599158038 2.451309625040833 
0.9093716886501435 0.6849990002479299 0.1084072127394135 2.452539612316905 
0.9110201083037802 0.6986342368983095 0.07868138405333271 2.465429774236408 
0.9234185779840631 0.6824203573152964 0.06238733359911761 2.49064085011688 
0.9334033119181632 0.6929125544893887 -0.06441312817433031 2.528763043334651 
0.9278928749659651 0.6797220790547349 -0.1191502254470754 2.508233617530387 
0.9472315156650458 0.6686880061493707 -0.09256776562760828 2.557652810360065 
0.901686332620837 0.7259657322212999 0.0526388914638115 2.456617476707618 
0.915574302604614 0.7119045646342831 0.00373665999178017 2.485953168479491 
0.9225351805474566 0.7054855590381778 0.03750278035826972 2.503243720331918 
0.9209703225615582 0.7081112578225812 0.03790853312919322 2.500714287025297 
0.9144233498150545 0.7114619140869533 0.006229269249381941 2.482614457226988 
0.9305380962244362 0.6915079768123359 0.0006522824708321442 2.517215726770797 
0.9693051514417138 0.5983057746385666 0.1169471035794113 2.584951632851983 
0.9715950401261286 0.5981875422758796 0.08804847270580511 2.589182756296778 
0.9852891748102086 0.5748594112129402 0.1120582337583011 2.622417474598076 
0.9688916039533848 0.5990712254822032 0.1190849007068188 2.584051993237617 
0.9860685820202643 0.5715525848730889 0.1113339009323289 2.623046011469212 
0.9884476301576431 0.5588250878725155 0.1445151582910394 2.627909483691635 
0.9424601748325839 0.6254402133121485 0.160059608157038 2.521707249289562 
0.9279121471648731 0.6585687093526712 0.105416575969547 2.490699849797991 
0.9469927791606556 0.6297696198354085 0.1184908304164368 2.532902544112848 
0.9449468808194889 0.6336967276663361 0.1177229813040163 2.528998958134852 
0.9295285330927689 0.6547752329229398 0.1026665488094378 2.493227390967553 
0.9407111935165293 0.6461502267866088 0.07065408283206616 2.519287551330371 
1.011316862073825 0.556740437781909 0.0001844932993481417 2.692945237018396 
1.012280566568585 0.5576177354086448 0.00114586485542824 2.696671336778877 
1.01477470167809 0.5568986707804429 -9.302870294504282e-05 2.704671225766481 
1.007536309931821 0.5528316670595043 0.0001839879692162287 2.678086785295612 
1.007386097101926 0.5537059481587444 0.003220806733677977 2.678068514912726 
1.009217021816241 0.5558029885285063 -0.0003475240260073922 2.685363809612122 
1.006067913618014 0.5348452468473144 0.1211587390867891 2.670635569995356 
0.9998611133590543 0.5502944287762712 0.09164014493572846 2.655093687226686 
1.016091074207026 0.5180934105823441 0.09764696514915804 2.692888479578586 
1.007897312297019 0.5529714519113292 -0.0003938483818892371 2.679370620579447 
1.007858880303549 0.5492141525558185 0.0006837711788180754 2.677192286760565 
1.007428719678584 0.5507801286655514 0.005389792755669379 2.676616827779738 
1.020576192943233 0.5194705513383574 0.02106851212049278 2.704599573306467 
1.023118109564723 0.5138713221244992 0.04001905855483696 2.711000959709121 
1.013063812986452 0.5372344943643267 0.03211850927799812 2.688761630914716 
1.001016653065803 0.5454539404511607 0.0002516111424908085 2.652685988045922 
1.000542337371099 0.5450382445778322 0.0002241853344399373 2.6508886825687 
1.001280182872305 0.5615295557169014 -0.0003986596807963384 2.661797581383751 
1.002180697087708 0.5447414218379918 -2.299690598319168e-06 2.656266262837135 
1.001268883026109 0.5461091719604936 0.0006584578985106018 2.653969782651405 
1.00198601960632 0.5566145812714597 -0.003182216384764419 2.661413266180221 
1.022818177989316 0.5080126107969318 -0.02105687150286605 2.707315825811628 
1.016188527920987 0.5171384185467974 -0.006528165742756152 2.689240843378978 
1.015506994492183 0.5346075737877287 -0.02794961918335827 2.695353131359449 
0.9060917971919584 0.7097218315200239 -0.08334537990476129 2.45975348524051 
0.9184614495621195 0.7097859257700714 -0.03152843254775359 2.493677003925738 
0.8921806599193618 0.7265767346677634 -0.03957135615116249 2.427683879166768 
0.9504171730621099 0.6444723862152861 -0.141931483656612 2.557240869690709 
0.9679027411498801 0.6142127325263346 -0.1560558316882925 2.595834076341118 
0.966927825523484 0.6481013223080919 -0.08647117219287603 2.60557908011258 
0.9177869275527556 0.6621887867545565 0.1524830328475827 2.467771146426647 
0.8950510094830032 0.6931591801156914 0.1320224668204661 2.41854659119845 
0.9062296465917662 0.6797773255137614 0.107577237102027 2.439543584384992 
0.8986577720005162 0.715781881761383 0.09466809965789499 2.442070620644733 
0.9013308592483512 0.7248981068871372 0.05682283522728513 2.454885079105129 
0.9235439432306803 0.7051247817495652 0.03571223880330185 2.506172727525537 
0.9681459241368351 0.5920560642633073 0.1565036724564207 2.582871025430844 
0.9674469117798484 0.5978541737950981 0.1169660678128583 2.578460606550578 
0.9891405801699649 0.5589189432394993 0.145126108296914 2.629841339939262 
0.9663052135165949 0.5931097951274069 0.1591274694959708 2.577149997752664 
0.9453875242821025 0.6246385521534944 0.1582229334440137 2.530549200263724 
0.9438843543053934 0.6312545418843556 0.117757418664087 2.524101390081761 
1.014768284780039 0.5566337416686389 1.275675490953901e-05 2.704507414770164 
1.016138147926237 0.5568632148716135 0.0002609874771012454 2.70925186126538 
1.018960881739015 0.5554795273042309 4.57218021835356e-05 2.718014660584005 
1.009119169479693 0.5552542981632915 7.850988068000337e-06 2.684735119719295 
1.00903257618352 0.5562780676311996 0.001750896972314974 2.685013587323478 
1.011637849748135 0.5564690359549177 -3.491215793095232e-05 2.693871134840142 
1.01259129437653 0.5400797073206255 0.017104247993786 2.688364415056951 
1.011318678072394 0.5411336290299616 0.001974532128077773 2.684416720634487 
1.014617750575694 0.5323149048774586 0.008623883191118689 2.690957306611828 
1.01467971835525 0.5359242259216017 0.03221190723348889 2.693573880415339 
1.015678879368928 0.5313567722917834 0.007418982489477685 2.693915189971999 
1.019536897078162 0.5207966710523222 0.02167071291832265 2.701822795540073 
1.016693909444896 0.5192197321687229 0.09548824321313809 2.695581654749367 
1.008311066700561 0.537640461760618 0.07505181759735659 2.675269424345112 
1.022051660165934 0.5109270668230605 0.0722359585793219 2.707509243536836 
1.008349660333855 0.5494736433548079 -0.0004559361697099551 2.678950047846093 
1.010471029840491 0.541767853426211 0.003202391176510817 2.681956889268531 
1.009096387225231 0.5460943282769618 0.01089774509803081 2.679722520635742 
1.023318178560108 0.5111867428304774 0.04185570281571638 2.710291472685788 
1.022252603013551 0.512566945547474 0.06947277345172694 2.708967211984691 
1.011329187054533 0.5379454538500337 0.04964082143224229 2.683934864088883 
1.000381383849671 0.5444111676605334 0.0003271392114916344 2.649988337353246 
0.9998305801036422 0.5448909262677576 -0.0001461917682897316 2.648422723584594 
1.000809915154244 0.5627647521881678 -0.0004108248860455733 2.660944623026162 
1.001388340431027 0.5461330465394706 0.0001609362776165701 2.654368472925205 
1.001090501195747 0.5458940161323229 0.0003381113912853281 2.653256915767928 
1.001579054373179 0.5574088101035075 -0.001022260003414168 2.660512505843311 
1.006521886898819 0.5446026665493214 -0.007387826835960582 2.670047337191601 
1.009621497528406 0.5311582708163352 -0.00253941537643641 2.674288066434429 
1.003225054899761 0.5401153607117183 0.0009144499297511226 2.657594629224331 
1.00320259914272 0.5488479141959516 -0.003067800043167583 2.661223600516339 
1.003830096162284 0.5412895288875691 -0.0002867128366338381 2.660250496690082 
1.001752179998605 0.544999803079543 0.0002028149869024895 2.655313800871819 
1.015594734649857 0.5199340691399978 -0.008029438820857659 2.688658752725665 
1.009578146184481 0.5281340434014107 -0.001342741026982886 2.672595162044368 
1.01173040520984 0.5382529575281788 -0.0156074531480697 2.684320558670282 
1.016444074408087 0.5368194780924208 -0.03740203778374636 2.699824147283186 
1.029729833231682 0.4972219067683935 -0.05702648753479959 2.726903940379455 
1.028538927178063 0.4991328909814848 -0.03803142946004232 2.722979146393267 
1.014396388685795 0.5360920457502762 -0.02687552759848501 2.692319030551417 
1.027583148158871 0.5002169091523871 -0.03608118760026979 2.720083339969318 
1.023588861123007 0.5066351111080665 -0.02223193605612493 2.709316262328636 
0.9904653853111541 0.5889334020985014 -0.1153028980197204 2.648441968105395 
0.9870523720180717 0.5804459629141779 -0.1549820938661177 2.637758205104109 
1.008354420787291 0.5437954198043815 -0.1439254237771424 2.686404868764134 
1.004801914487155 0.5584611154071923 -0.1078994320518513 2.677774390549742 
1.008472799248597 0.54167526523527 -0.1398929031740908 2.685278732911622 
1.022098323114942 0.5172644333097074 -0.1166523878027845 2.715714430753666 
0.8885208472331659 0.7282344734327333 -0.03723348514833336 2.418094647901017 
0.9170784785594278 0.7132025118528466 0.005232756520156119 2.491372115489552 
0.8900871433171785 0.7327590331375216 0.009970408012858917 2.425546037031482 
1.011969312796867 0.549539691390475 -0.08215724937612712 2.694098457326013 
1.021303164054835 0.515609659167289 -0.1132856263700339 2.711836131893819 
1.029192520242356 0.5015822064767776 -0.08764534108184166 2.729297740658447 
1.016707527352376 0.5368917349976544 -0.06475306009055821 2.702161167589007 
1.028299037003593 0.5018163838610576 -0.08481915923076033 2.726217188518363 
1.030422521223303 0.4972067719152119 -0.05988755366318185 2.729559056503763 
0.969701888415697 0.6112854577504606 -0.1533387621038204 2.599579560228899 
0.985114450917393 0.583529554893525 -0.1579793590676974 2.633624387986813 
0.9765156352318686 0.6259227284767613 -0.09979290110668759 2.623464969464995 
0.894193851646888 0.6951669107515861 0.1306775011817402 2.416843642027271 
0.8952631784398409 0.7129865913303888 0.09773919676891261 2.430432216725941 
0.9116394212596592 0.697071706537385 0.07825951565538321 2.466154945901489 
0.9358841262652674 0.6908063531662486 -0.06400685616087791 2.535246407749645 
0.908585369100023 0.7074620362995183 -0.08338698987142405 2.465086332778374 
0.9270252266194938 0.680875114948492 -0.1201215451600875 2.506398723785475 
0.9482818311063178 0.6698847636443199 -0.09147467666894986 2.561568878122184 
0.9288188257428931 0.6783212894094038 -0.1199182206991282 2.509881659979794 
0.9481306868737572 0.647470750060538 -0.1455550434954953 2.552830806637919 
0.9015416481070666 0.7278544596891617 0.05281542004542395 2.457322035044551 
0.8903461658362435 0.7334520339289917 0.01015428644142032 2.427074245956853 
0.9150048072104662 0.7108924127515494 0.002803658036731199 2.483493031549635 
0.9904594056206999 0.5585316482800244 0.1423281338522427 2.6343175776648 
0.9847059121312279 0.5725486215366292 0.1107914143197898 2.619243836402285 
1.005220499702372 0.5340049111056184 0.1240195546300445 2.667198087293527 
0.9433749689788979 0.6261548965656467 0.1607688861505635 2.524615640529634 
0.9195275816664015 0.6596545254182686 0.1496072167738044 2.471656938323518 
0.9264347201077613 0.6567821628577033 0.1038037622169502 2.48479439242669 
