1.001956809015159 0.5884065521257933 0.0046171586555878 2.679633764703401 
1.003128643905153 0.5860597802394174 0.002186475187083792 2.682154084509302 
1.002991519823181 0.5868046725463908 0.005654984543199804 2.682149766929096 
1.001966258774152 0.5881536604164372 0.004866060182847233 2.679513245372436 
1.001071998525939 0.5900757515304262 0.006987578097939836 2.677685135115938 
0.9995484104932968 0.5927425427474983 0.004393139218731325 2.674178601975554 
1.005961072575602 0.5808811152919571 -0.0004813016086861974 2.688591857198056 
1.007162751775583 0.5775704712218128 0.006096268242994359 2.690730073974069 
1.005557564675296 0.5812453414639632 0.003375244438999263 2.687465555349306 
0.9989960251283058 0.5933422792285357 0.01038911727785185 2.672738211345188 
1.002217214849986 0.5871067704722163 0.01024839934123214 2.679771319546694 
1.001235395919577 0.5890027715661537 0.01452839894204482 2.677674830341141 
1.008346035047432 0.5717436036755842 0.03826645532978725 2.692082617619202 
1.006400439069945 0.5781746409168712 0.02486103792417088 2.688757807676255 
1.013849574913376 0.5627278774915589 0.02045763333288355 2.704923099787277 
0.9679003950494008 0.6373335312923353 0.04499193937000662 2.599206549305376 
0.9790102827063227 0.6192615218007107 0.05315574286410463 2.623938311082382 
0.968995494445656 0.6329497979892422 0.06635379020934132 2.601155204192846 
1.000689908357424 0.58008402052507 0.07526395715540707 2.673378467460097 
1.005853272574706 0.5732527497612514 0.05313173480260616 2.685156968760432 
1.01052780643987 0.5619827191058221 0.0792138592392075 2.696196898558427 
0.9887764222686307 0.6039135809337789 0.05339474608559951 2.646695006498932 
0.9999425468748354 0.5860413537326024 0.05045501987840746 2.672630309791578 
0.9935663408957094 0.5964475533968993 0.06327364653029406 2.658516924642707 
0.9435453799393021 0.6625422718146035 0.08094860669442491 2.540732228454568 
0.9582118994756628 0.6482199256820488 0.05745584272174577 2.575728841057942 
0.9589413637196988 0.6422045665387798 0.09297201499616443 2.57685947312496 
0.9959202208773221 0.5957797731279477 0.02765267019363122 2.664307889033168 
1.000329357567298 0.5884427811114881 0.03529428255532419 2.674815037864801 
0.9936656337316064 0.598047400090538 0.03804805057977836 2.65855690597146 
0.9833332915905549 0.6168610094159682 0.02600748703910262 2.635674152881245 
0.9901743487765382 0.6055955515214699 0.02989341619940173 2.651244018134268 
0.9846824339269217 0.6137035965526697 0.0372541191151582 2.638505246877334 
0.9845658201139966 0.6192469218910858 -0.007004945017366437 2.64090515688681 
0.9845970722846286 0.6185563614371314 0.0002836194682603269 2.640544640111711 
0.9801941182884523 0.6251669585415964 -0.002888116617428958 2.630290881820366 
0.9921509683717012 0.6049776652816651 0.01200189200141589 2.657085758730858 
0.9961204063040585 0.5981579519502362 0.01225714369111556 2.666072357996997 
0.993288898976133 0.6025217797499579 0.01867005543497239 2.659459147359567 
0.973930267933213 0.6316451046855314 0.008504020341909144 2.614099032873556 
0.9820024704674294 0.6223713485107469 0.006145735253881046 2.634429651385895 
0.9772310539465479 0.6269963065372279 0.01934083101750694 2.621989414972438 
0.9989459851830002 0.5934220452711673 0.009991303782950409 2.672611415749914 
1.001036488737334 0.5890748543483255 0.01495618972073741 2.677057977429988 
0.9981769663374126 0.5936360566279726 0.01675071477148513 2.670285782296734 
0.9962403514228345 0.5956308279253931 0.02849406055237044 2.665314482894301 
1.002096501067385 0.5861636652961038 0.02484722610614792 2.679036654263143 
1.000587778353651 0.5882206838102774 0.03428621396037633 2.675528123423633 
1.001934925272282 0.5883315392048164 0.004403859073420714 2.679516230130487 
1.001943195448695 0.5885829932284903 0.00190647473332025 2.679682694261831 
1.00300533999966 0.5862992771779451 0.002558860194382433 2.681886028345356 
0.9992115845799255 0.5932056616276634 0.01042488512690501 2.673372275928325 
1.000853649001992 0.5899450574713124 0.007307892853833657 2.676874951668034 
1.002020787156102 0.5874250398567956 0.01056811341312323 2.679313728588971 
1.001247033888692 0.5896156283640789 -0.0001127740554845941 2.677972093609674 
1.001669363123683 0.5887958520610508 0.0007657398586862601 2.678895763136682 
1.001163062150734 0.5899694675570576 0.001672719904815883 2.677902795983349 
0.9755795811317114 0.6180416001093536 0.09555914033202124 2.615276474945055 
0.9902709878523241 0.5946244262142865 0.08670076534597985 2.648087705597675 
0.9879005238599491 0.5944144266586436 0.116016237589055 2.643285160755381 
1.000867864850457 0.5904300204314498 -0.001591683746615824 2.677192914862585 
1.000578410009287 0.591591384783526 -0.0007284060353334889 2.676911753466065 
1.000546183933128 0.592622153931219 -0.0009098807939537749 2.677412791733134 
1.000931224170991 0.5904135096723613 -0.001568520797448782 2.67740076105049 
1.000779752249365 0.5890582909726977 -0.0006940308823845223 2.676089518809365 
1.000555520389529 0.5914437127545994 -0.0009502563555565532 2.676752433658916 
1.000916480766755 0.590295952180549 -0.001659470801154061 2.677275127614092 
1.000202497692477 0.5934845620506604 -0.001859381938240218 2.676781650298944 
1.001005070447225 0.5902274501258091 -0.002939148560633198 2.677532582369057 
1.001564277036134 0.5891516027277705 -0.005472651372670622 2.678781708980757 
1.002205179602432 0.5865613492192995 -0.0020669383981573 2.67938876671245 
1.0010863067195 0.5902026602475474 -0.003153807556030828 2.677792790914631 
0.9977818112482956 0.5970176946221389 -0.01106730924658059 2.670897138800592 
1.000320199779869 0.5926742600041148 -0.009334233170473697 2.6767252645631 
0.9979385263741659 0.5974163014385222 -0.003475197743799322 2.671611300967715 
1.00135254079928 0.58919058485751 -0.005887961485625871 2.678088030209996 
1.002578834669333 0.5862492508309558 -0.008124109819977377 2.680492831180624 
1.003202245955911 0.5847357956711895 -0.004298535735490299 2.681678947909889 
1.005114747429088 0.581484302490074 -0.01043556538599548 2.686206786287758 
1.00669702257831 0.5779418956123894 -0.01759272360288625 2.689535498426726 
1.008366554924029 0.5744534497118648 -0.009628138863421157 2.692991625612692 
0.9909386194446566 0.6089428323706099 -0.009753114280614891 2.655493593665084 
0.987809624689871 0.6135332763761432 -0.009459486569406959 2.648005947043516 
0.9886086365773512 0.6122680621885096 -0.01451402479649241 2.649914976259102 
0.9942615880638076 0.6036640618095231 9.228251358149209e-05 2.663191968920153 
0.9930360640015624 0.6058507927561876 -0.004365301982479424 2.660471177531757 
0.9952433975621515 0.6021351562152959 -0.005775686354935946 2.66552357250774 
1.00154407141381 0.5892185942932844 -0.005221120855551998 2.67874673394018 
1.000222191340531 0.5913028155262305 -0.008848390780775048 2.675597829870648 
1.002649360752931 0.5870279146136097 -0.007770406685153737 2.681156249484582 
0.997236305539779 0.5978442511918248 -0.0115777560186471 2.669573604965732 
0.999775769944921 0.591882400220308 -0.01997289361258777 2.674620970021794 
1.001039735790435 0.5897253953754358 -0.01436595537280317 2.677458046891947 
0.9935839741452865 0.6021001359175576 -0.03208548419099552 2.660480171621312 
0.9953609081882105 0.5968853202197217 -0.0456429261962633 2.663759100503108 
1.000336871657586 0.5892769050955569 -0.03559177420661241 2.675361624199825 
0.9906701303371513 0.6094250415285364 -0.009734852695004514 2.654897629629215 
0.9911990899131369 0.6084696667840391 -0.01786974843713314 2.656140689440152 
0.9942919002061473 0.6028802103117453 -0.01226475857327789 2.66288971634344 
0.980429271825635 0.6223333027647652 -0.05144488873939485 2.630601436733525 
0.9703796928081893 0.6348329340975062 -0.06176030651163259 2.60645719795326 
0.978446425443135 0.6212531299181345 -0.07095648185456542 2.62470329787135 
0.9998841000746047 0.5850674869692545 -0.06645932160785122 2.672956623392741 
0.9886353314479333 0.6075141784339188 -0.0650440756326606 2.648995771955418 
0.9922091874355002 0.5958888006499866 -0.08208183497246015 2.655069209211773 
0.9849171568049881 0.6194392744806024 -0.02310731417386553 2.642450977174258 
0.9780788518714189 0.6281009426477994 -0.02392240815469546 2.62553373578012 
0.9818694784989658 0.6202587119354961 -0.03415723725360727 2.633264425852651 
0.9909411486606479 0.6091446115662146 -0.009134241742592865 2.655621955554088 
0.9888759566000976 0.6122821550560847 -0.01457623748314008 2.650790707405855 
0.9910860606606262 0.6085564114991728 -0.01796225891104952 2.655826614104893 
0.9848817670154428 0.6190108837131689 -0.00683179883450085 2.641776109436951 
0.9796990611803371 0.6256196429069659 -0.002751176730689418 2.628949259629306 
0.9792756404064598 0.6260611616187036 -0.01005505123158176 2.627916865179125 
0.9939437819018797 0.6013582405337058 -0.03158220652675812 2.661243717988761 
0.9885936895832416 0.6118515334856796 -0.02978358729643982 2.649936115741042 
0.98917454675066 0.6082754207089157 -0.04117891871037867 2.650046735916169 
0.984976386668981 0.6175692335559728 -0.006415258888974216 2.641196140276787 
0.9880738166159282 0.6138410953378821 -0.009273514974052523 2.649082167833335 
0.9887260671080393 0.6130650800040922 -0.002318195162243701 2.650692540512225 
0.9696981380801849 0.6414693824919081 -0.01856965029762807 2.606891475700675 
0.9599223196194885 0.6528500021690112 -0.02064568242844705 2.583011808050152 
0.9614058402737885 0.6492689307936977 -0.03660289093711719 2.585847266602559 
0.9848264183456847 0.6190899023699078 -0.006387984931025908 2.641639942510078 
0.9796098651261075 0.625803011323514 -0.01081485343089143 2.628848481992258 
0.9841135132704272 0.6203702582969121 -0.01364431929301283 2.640199388949848 
0.9744961863341793 0.6326455249517859 0.008297159765548628 2.61655376441066 
0.96725060794149 0.6417401959637168 0.009922565914155317 2.599030940860101 
0.9704249700500162 0.6392987746013095 -0.002990096768256939 2.607684601254876 
0.8975441378041882 0.7166199638928867 -0.0006482289089644591 2.435066792396109 
0.9168425985912618 0.7004633528930395 0.01796029984699849 2.481199453549829 
0.8993623895139641 0.7159411617691982 0.03761177444411291 2.440637310208688 
0.9447250987851427 0.6706233629339782 -0.02366446834637231 2.546808309916391 
0.9350178460483693 0.6814938574021993 -0.001476699578794442 2.523735894761188 
0.9263711508144457 0.6903671488161982 -0.01657958636172162 2.503564311632792 
0.9793553299858674 0.621975827470591 -0.05315887349832603 2.626970027066838 
0.97189541125849 0.637758732111394 -0.0372548487095796 2.612010427986245 
0.9699167096215195 0.6345061267643294 -0.06195497162083881 2.604821940370341 
0.9565916530041385 0.6570071545079617 0.01442507345913958 2.575009967687528 
0.9456478803852336 0.66805799380904 0.01908543208151716 2.548033331844792 
0.9492703351294817 0.666223353499555 -0.0005401117333794134 2.558081178909187 
1.007566432396589 0.5762763601544763 -0.02938453814874987 2.691691554819388 
1.006030949038205 0.5767947456220849 -0.04633342546737706 2.687451704442367 
1.013744682815942 0.561153036285806 -0.04316617989304275 2.704469709931264 
0.9975337852742938 0.5979581616033844 -0.0108276968515988 2.670620462798017 
0.9969638479798401 0.5985851660275034 -0.01858906828973676 2.669229244822659 
0.9997096867153937 0.591831432370326 -0.02018851905820489 2.674377307191115 
0.9793264330122827 0.6144811154888921 -0.09750530512357736 2.625317269183147 
0.9934908422996085 0.5891403997256016 -0.1142873611290729 2.658447879942392 
0.9930168287630325 0.5967888323624519 -0.08103632444407023 2.658126872967363 
0.9941773967865661 0.6022208547524445 -0.03052396192477399 2.66248119635695 
0.989408361867065 0.6086290729755663 -0.04124433482884703 2.650986324915696 
0.9951384567821874 0.5970845189235892 -0.04543179180277658 2.663148097560986 
0.9530632148956734 0.6566781015898266 -0.07040560287342404 2.565728146625194 
0.9540471249144141 0.6486284785085707 -0.1118431784261495 2.567698641910803 
0.9651046939493194 0.6360628104783319 -0.08872178723778758 2.592354056960347 
0.9190119031596914 0.6955868226149619 -0.06179254956468712 2.486182872024021 
0.9146241668528374 0.6931210913759174 -0.1003933011181025 2.474297508856867 
0.9399687685261652 0.6732508051830938 -0.06922995626136851 2.535869122715357 
0.9856540224864322 0.6163614335597648 0.004382657574096401 2.642660915944619 
0.9843886644069739 0.6182582705859804 0.0006621704077922519 2.639684848939021 
0.9882941369707055 0.6125798257056801 -0.0007902364638349704 2.648962924385392 
0.9919550246163387 0.6051107835242033 0.0118219153532445 2.656518101427396 
0.9883094157377997 0.610838531393284 0.01034245123194471 2.648005888970137 
0.9909338012940537 0.6075287619282672 0.004635263502040276 2.654557669181295 
0.9923165088033555 0.6045506582553105 0.01191397790167006 2.6573483449822 
0.9892043138265599 0.6090850244457975 0.01724267807395534 2.649966264140665 
0.9882495038578223 0.611598861455374 0.01026626867769905 2.648265679203385 
0.9974043392507779 0.5964978857082887 -0.0002076156196496399 2.669280096891609 
0.9975821848013583 0.5960513200177406 0.005082282162366518 2.669621886120563 
0.9953159283819409 0.5998112250318173 0.004788623437934101 2.66436561681874 
0.9557425507832028 0.6574076526395519 0.01381441570660189 2.572557448691268 
0.9494570764381676 0.6661916102926384 -0.0005970643390217109 2.558559498063111 
0.9611959457718715 0.6496139841583298 -0.007608256127826408 2.584756674797986 
0.9447000311712079 0.6713560439901965 -0.02217438487949044 2.547196906378049 
0.9338307907676638 0.6821848616417004 -0.03848468418839329 2.521576619035824 
0.9461689029398107 0.6677458457300566 -0.04771969783806062 2.550482914246135 
0.9457688470834082 0.6708221876445458 -0.02213888548979031 2.550237807693355 
0.9262118812604881 0.6903124119916498 -0.0169129939244251 2.502940915823225 
0.9331120853402345 0.6822675278733824 -0.0371782276053182 2.519360884216864 
0.9189713909607514 0.6937272039718868 -0.06263886206011196 2.48471907843295 
0.9056182223241267 0.710300191480618 -0.0354009630992126 2.454699506646127 
0.897127353790944 0.7127507005943856 -0.07266247530721689 2.433643832359034 
0.9428637477846249 0.6646190922524036 0.07958980487596976 2.539812122418864 
0.933044709903891 0.6776655625585792 0.05668415469188724 2.516751385034735 
0.9457593330180556 0.6668582958224633 0.03916808966790192 2.547930374654334 
0.9737334655006353 0.6333069430924919 0.007640646005897369 2.61451565371928 
0.9779249152795529 0.6257672989813505 0.0197664308073093 2.623426764309991 
0.9700068223086811 0.6372703365633494 0.0214370325617919 2.605205455877433 
0.9761648121949265 0.6163660391456032 0.0943509650520558 2.61582816780613 
0.9715163395843062 0.6177357715046626 0.1227932585838815 2.604927488116618 
0.9596733610984585 0.6413615305190867 0.09390637125105773 2.578734694133536 
0.9676869542343312 0.6378747214164787 0.04422792372128928 2.598839146866823 
0.9599534673488521 0.6486120706541086 0.03275161943618202 2.580658419074319 
0.9690884750544823 0.6382024628340393 0.02153500661788284 2.602794312681407 
0.9883801965499813 0.6058313449460632 0.0529354475132924 2.646440947742682 
0.9785284893900302 0.6201699807042813 0.05319778444039432 2.623143684609966 
0.9840109925199658 0.6138729717439714 0.03731672083620945 2.636342716826682 
0.9437756158512242 0.6632949578284678 0.07876853870390442 2.541836102684505 
0.9458993347926711 0.6677298308605055 0.04059705823432726 2.549063607828544 
0.959748276954798 0.6467358579180851 0.05943618030988777 2.57955069557006 
0.9097133141307499 0.7019553523123453 0.07391852645775139 2.463453894822232 
0.8937986194217691 0.7165129981043606 0.08364994761041748 2.427346312831944 
0.8984012444521078 0.715919239056195 0.03799674757104491 2.437778865132778 
0.9441246727487401 0.663818371724708 0.0807475923380102 2.542993600161131 
0.9291453654344362 0.6828990213189797 0.07930693935798185 2.509874113303308 
0.9332799122855899 0.6781307927385367 0.05629900972151831 2.517618031422005 
0.944663796765962 0.6631322654326115 0.08048029910065027 2.544323729726786 
0.932456116845763 0.6710141463848429 0.1104624636412224 2.5148045437918 
0.9283398305821764 0.6816373121161081 0.08132628258770014 2.506664594861095 
0.9920990823779359 0.6049233637521143 0.01157388123961532 2.656870285696997 
0.9929133970168352 0.6028810338981115 0.01925058283260359 2.658438669816027 
0.9890760531616423 0.6087784910906527 0.01786846231072651 2.64936272335805 
0.9998867946542063 0.58218985512711 0.07454422596444052 2.67175397764092 
0.990083927329897 0.5965473839571783 0.08663971866024821 2.648844095426298 
0.9927677136225214 0.5951288694751047 0.06271994742005209 2.655029183757717 
1.002044303573346 0.5881558508744883 0.0007389428702301091 2.67976908553452 
1.001797040453396 0.5884966746566599 0.0002398571084500341 2.679145354708762 
1.002142157825223 0.587882751489997 0.0002352585337974654 2.679934391418825 
1.001416126381266 0.5896030146711733 0.0001227207738557721 2.678527797187601 
1.001730241075026 0.5885943545614152 -7.14857592860972e-05 2.67897996688694 
1.001606591175781 0.58886925211723 0.0008442563352430279 2.678730559118464 
1.008664982131766 0.5727991752771183 0.03963457708557969 2.693801820330655 
1.013974371647103 0.5614464290878578 0.01934895967257763 2.704557457559843 
1.015376941216118 0.5585046251649001 0.03457981886069154 2.708138966215072 
0.9900620848291833 0.608956055640666 -0.0001828942760879377 2.652555383762723 
0.9938502097084739 0.6026549336945213 -3.945247031916824e-05 2.661200424772776 
0.9911706686062349 0.6072185824277265 0.004862073512796021 2.655162911348958 
1.001293981184816 0.5895194133487284 -7.703363785534716e-05 2.678070123059969 
1.001014701477757 0.5898299335426241 0.001927732666413341 2.677326859338084 
1.000314014700425 0.5917731873725156 0.0002852831337631414 2.676141151820166 
1.00036766223431 0.5917000204761542 -0.0002933466006707966 2.676274636067698 
1.000223500767209 0.5915861376461543 -5.243170951966851e-05 2.675728003108346 
1.00062057515276 0.5922686209949477 -0.0003199258183134566 2.677452091671192 
1.000491623306571 0.5917190406185038 -0.000416336306759117 2.676697538166966 
1.000270643723715 0.5904368635810616 -0.000962048441732547 2.675210942384692 
1.000204155472508 0.5917482648127596 -0.0001620666203227803 2.675758296298563 
0.9991077012144625 0.5955344362335199 -0.0001693993912151376 2.674361654891196 
1.000147232917777 0.593375404502116 -0.001744668318062272 2.676535857192265 
1.000163816704598 0.5939614272906565 0.0001658977874915991 2.676936321616815 
0.9942493329643908 0.6037177567399414 5.346309160600132e-05 2.66317846693754 
0.9951479141249101 0.6019510446292182 -0.00549171421099588 2.665093188735132 
0.9973102758481256 0.5987924436524179 0.0002882992311007258 2.670345511179005 
0.9942688104562488 0.6035946051904512 9.689760064353915e-06 2.663174007655632 
0.991701330521035 0.6078771980658974 0.000105266615399092 2.657298018522422 
0.9928980598174039 0.6058419273275655 -0.00440108238002844 2.660016955899726 
1.0050872899647 0.5814475461959723 -0.01045005041861136 2.686122252777689 
1.007949171062994 0.5752257462245799 -0.008362503380027709 2.692005394299262 
1.004837028116335 0.5803279838823183 -0.003336249668101795 2.684473512778073 
1.007052578225068 0.5755438891068527 -0.03080864349956952 2.689636170518232 
1.013833359019608 0.5614243228511185 -0.04276035907681619 2.70487620852433 
1.013978922837863 0.5625106428170914 -0.03090626917546615 2.705538858771962 
0.9902486966560122 0.609022427138601 5.866785635828757e-05 2.653211315583071 
0.989173002411728 0.6110497931009788 0.002882263039854073 2.650926911537358 
0.9884613816587368 0.6117987366458181 -0.0005023583836130429 2.649037846356521 
0.9789946777596633 0.6143760606153218 -0.09721246535881359 2.624344070452295 
0.9757197335857517 0.6171527613874903 -0.1262459724402156 2.618443383131665 
0.9946402680621942 0.5902721270464889 -0.1176908097071456 2.663173723945238 
0.9994936774873083 0.5856691098016389 -0.06673194636108108 2.671948510548559 
1.00466866378707 0.5733799587362024 -0.08929255794868123 2.683885438827856 
1.012202075186108 0.5631700843256973 -0.07190829932832518 2.701960412644555 
0.9199396057773863 0.6941189463735747 -0.06046067432777141 2.48789412322052 
0.8988648800119712 0.7118694672189662 -0.07372212784650353 2.438031703547934 
0.9144260034775289 0.6943924196097977 -0.1026984633227185 2.475161797204895 
1.003178041130047 0.5861657857520871 0.002434296386695742 2.682383647764997 
1.003042780855786 0.5862997256437716 -0.0001793461151055518 2.682007210876522 
1.003808594859368 0.5849977803369416 0.00147783025333988 2.683803475622033 
1.002910267739479 0.5863703014951829 0.002213717401232876 2.681607787401508 
1.003885719246539 0.5846007424049537 0.001868896774432397 2.68382826154239 
1.003036433692647 0.5863503239721133 0.005582747525654247 2.682031209059167 
1.003043333503088 0.5865106226684398 0.005977877317611936 2.682149280228999 
1.003971639942669 0.5843599989399925 0.001426704110123477 2.683970806744322 
1.004534729388139 0.5839034398634724 0.006030697947486387 2.685607143414723 
1.001032906383488 0.5897879523660858 0.007473124056075123 2.677377578961841 
0.9991440602712474 0.5933330172171465 0.009961295766352355 2.673228767198184 
0.9975863859573535 0.596003698048997 0.005257515942213077 2.669604757363677 
1.000894531883636 0.5899867251670676 0.007632893529910253 2.67704190572272 
0.9977151859190977 0.5959862583978185 0.005403608845599081 2.670020979978176 
0.9993945958052498 0.5928388223229161 0.004321337163903542 2.673721757888515 
0.9995417321425448 0.5926181715446339 0.004357078220842358 2.674077503008111 
0.9977796118779354 0.5959197608221503 0.004852040685412993 2.670200280654326 
0.9973490623604854 0.5965506561678133 0.0001175604116898148 2.669132102537864 
1.007458377303196 0.5771030806349612 0.006553440387201159 2.691444143038689 
1.005854678407062 0.579966903683257 0.01706682031915215 2.6878539234253 
1.004899043115052 0.5827159121012085 0.01017782757554478 2.686154320682446 
1.007073813839294 0.5772901904842446 0.006694445592792218 2.690272754801146 
1.00529559620074 0.5824328957785114 0.01062717555103015 2.687327168100905 
1.005611794832517 0.5808257539079973 0.003356422979712354 2.687395334350466 
1.005654002107184 0.5808418757937851 0.003430027899843736 2.687551467411739 
1.005235226721433 0.5819636014520396 0.01008513543455936 2.686850771162824 
1.004321129171839 0.5842565710672228 0.006148822478761347 2.685096313405139 
1.00210374096278 0.5878990183501843 0.01057916010405288 2.67986508353068 
1.004621725362175 0.5831223091749093 0.006467792160144302 2.68543955041675 
1.005181196612447 0.5820115722029278 0.01035014009049283 2.686698853554255 
1.001770229932206 0.5882331618448042 0.01023015199739067 2.678942107148718 
1.005188564126966 0.5817535466571913 0.01107418472709059 2.686579727869701 
1.001262788037041 0.5885864436034409 0.01494420022505111 2.677519123627514 
1.001167271553364 0.5888884572149383 0.01534323034199707 2.677383810352242 
1.005417339704759 0.581258182810731 0.01048248286012406 2.687040016846838 
1.005521398999414 0.5810603792743317 0.01713078652187481 2.687374197304795 
1.007049292169246 0.576391165525286 0.0248978291891106 2.689966208206414 
1.005292920394636 0.5812058254078577 0.01719991824856321 2.686677394775197 
1.009729906628576 0.5720639617221438 0.0132052724290477 2.696238760702693 
1.007197907080509 0.577611167344952 0.02641584086874239 2.691171068730438 
1.009782340938334 0.5718274265338567 0.01287510387205802 2.69624848090713 
1.013307076454648 0.563054880550123 0.0201148689693969 2.703304406256377 
1.013731009886167 0.5639072151913451 0.01855283634273235 2.705205369138278 
1.009513112586113 0.5727213403546838 0.01251452734287284 2.695872110548697 
1.013080090099832 0.5663058606558684 0.002446626266212475 2.704138244876177 
0.9784731559417533 0.6208593391112921 0.05364642017135381 2.623407412520171 
0.9892612557160003 0.6028490452006013 0.05274487635332566 2.647466154052883 
0.9838319943235682 0.6099427872014205 0.06924288441883203 2.63506941362659 
0.978165117122712 0.6204810407395186 0.05210334069388026 2.622043351744094 
0.9834987938692892 0.6108031444529419 0.07069843597020505 2.634475444909902 
0.9689113991389918 0.6317480079175792 0.06815367320507941 2.60018468420694 
0.9686120470232362 0.6337363435101391 0.06871245423362533 2.600463945754619 
0.984605511687724 0.6075623368718247 0.06987566712787364 2.635851146552037 
0.975450206955744 0.6182481213979042 0.09319473832707566 2.614853099771509 
1.006051031333411 0.573800509948407 0.05466397986542163 2.686335246381914 
1.007874267930612 0.5730527591007475 0.03797644025744732 2.691181924158724 
1.013427266449696 0.5593626421032259 0.05317162537395259 2.70284620778128 
1.005441121437429 0.5736872823915155 0.05291799635641006 2.684082255879241 
1.01409980559619 0.5588073832862522 0.05209219521495764 2.704621414226852 
1.01133734914021 0.5620845116320711 0.0780652128763112 2.698891570237204 
1.01135205977996 0.5594017711470161 0.07978640836046701 2.697665274062877 
1.013613311541536 0.5607330375513118 0.05173047997016623 2.703977385860341 
1.023582316407007 0.5340877522063429 0.07506062111849539 2.724880918660554 
1.000008836139265 0.5867329842125701 0.05099952322719768 2.673456207886612 
1.008324530559292 0.5717806813932309 0.03868244033518978 2.691893653141773 
1.006282194644649 0.5744598938688584 0.05408667164585891 2.687399982199657 
0.9993233232939979 0.5871737143647802 0.05005349692396362 2.671362011968827 
1.005889435840997 0.5747028142239065 0.05578365297768362 2.68625275910853 
0.993529328866132 0.5942924399242897 0.0642948337905629 2.657160123595205 
0.9933416961280163 0.5952475456748307 0.06477500339061239 2.657163482401943 
1.006269494216464 0.5722534676867137 0.05430228646767263 2.68587867178648 
1.000840957043296 0.5814270190421683 0.074025288838828 2.674527418291752 
0.9582981907723074 0.6475597140002365 0.05924201988343709 2.575880533065029 
0.9679248545164191 0.6367009580758656 0.04371809817553156 2.598783607794873 
0.9680269311628578 0.634115953754906 0.06732099799134546 2.598775488673205 
0.9582535674655944 0.6490766126694434 0.05932085891643769 2.576612231333005 
0.9696039128793098 0.6316145372152725 0.06712175666302339 2.602031281907776 
0.9594723693825008 0.6409378541956984 0.09126787002479128 2.577737705747394 
0.9598965462936508 0.6401104846614626 0.09255317803471785 2.57866834091273 
0.9679537917778065 0.6329282844267597 0.06613728136017424 2.597598137128568 
0.9747457922506215 0.6194036618518889 0.09438490416007224 2.613242608568559 
1.000028624518432 0.5884869201228722 0.03425471730939468 2.673793376559198 
1.007827056446543 0.5733278731050894 0.0393695131602288 2.691198893253583 
0.9997737339805 0.5856136744680828 0.04988410733904574 2.67197077130779 
1.000999856116542 0.5873370216661319 0.03466249864302182 2.676324408906592 
0.9995115333342552 0.5870197275196143 0.04920293827905346 2.67186100172217 
0.9936174190125914 0.5997366470847914 0.03898254044952166 2.659409670331109 
0.9933035717300012 0.5998494908563299 0.03752458527348268 2.658359042069015 
0.9991783081953255 0.5873377020952839 0.05071457444059717 2.670962186375622 
0.9888412909318742 0.6034043030110404 0.05314788611078169 2.646563493192624 
0.9899810647222309 0.6064602941654852 0.03031973998393771 2.651214257027143 
0.9964578064533637 0.5951393964149013 0.02799502059414364 2.665674417476244 
0.9937567292990486 0.5983158398302996 0.03765044662315181 2.658997573882973 
0.9896901353201599 0.6063894171614587 0.02936334428146804 2.650169565617951 
0.9935424167797782 0.598799544055051 0.03882047932519728 2.658579669641086 
0.9845241927288109 0.6124940552119734 0.03860825653422588 2.637278928112823 
0.9843818678145286 0.6143344611104565 0.03912875256045004 2.637942598313962 
0.9941800007136453 0.5981193053582589 0.03849799670072231 2.660164596462386 
0.9889246578404181 0.6049708083847068 0.05176911142360485 2.647707151147064 
0.9844586324046272 0.6188791537440044 5.300954803037797e-05 2.640302883093306 
0.9861463884386031 0.615499921910285 0.005119977437578981 2.643729081919116 
0.9819260471735589 0.6216362126485371 0.006095429318634244 2.63375113501185 
0.9846405208420778 0.618579613350155 5.943100895576734e-05 2.640706265093105 
0.9815300245278173 0.6224959029712123 0.006744760428666203 2.632975750688224 
0.9796635162902757 0.6252326789144699 -0.001896618392947972 2.628596567933013 
0.979864582144056 0.6263195970482456 -0.002948372532583725 2.629972981367548 
0.982066619755997 0.6221724093579335 0.00685987330629759 2.634503325859668 
0.9745598317253212 0.6316793347961887 0.006854186801204008 2.616164666790772 
0.9960779002147416 0.5988258659606256 0.01256700025151072 2.666360435504239 
0.9991709154309083 0.5929902045431059 0.01023462548092934 2.673096712781224 
0.9981725585775592 0.5938137546985975 0.01662765897287371 2.670369304213449 
0.9958372059337259 0.5988655788578022 0.01184825147011971 2.665571534130946 
0.9980942202410396 0.5939656565917966 0.01723321616132738 2.670195775802102 
0.9933008670885645 0.6016969020130251 0.01933098330995976 2.659009621364052 
0.9932530830062426 0.6028812085299156 0.01981304435460282 2.659560935968629 
0.9985138325896293 0.593483287391635 0.01692904552877575 2.671258399068161 
0.9962089229963739 0.5959179772008173 0.02719233430579341 2.665342541665779 
0.9815794570843682 0.6216501731233068 0.006882032972337563 2.632627596055383 
0.9859951202958546 0.615653011126798 0.004849181516751492 2.643331558964495 
0.9837626712715003 0.6184367709078216 0.01246657902654092 2.637811482812538 
0.9816891949582697 0.6225916295890268 0.006154639470481016 2.633548956586654 
0.9844940846961145 0.6174134799803357 0.0125391590997157 2.639513565230521 
0.9778203587938067 0.6261428825661421 0.01862255759874141 2.623381109612388 
0.9775842327407344 0.6257656136008697 0.02004204681265408 2.622384141632982 
0.9838758863434762 0.6179945788126203 0.01196057881675535 2.637862453543398 
0.983101208434206 0.6176214159952045 0.02536845081968408 2.635373022372762 
1.000906617274752 0.5891676450417669 0.01429898116943055 2.676652819848202 
1.005364050963069 0.5810903995751945 0.01776562829520026 2.686870750864288 
1.001724225819622 0.5861178301916414 0.02415044045120879 2.677805154173703 
1.001435801917204 0.5885049220686541 0.01443808321887118 2.67802318966192 
1.001545219943826 0.5867820679249832 0.02391698355483666 2.677579578622614 
0.9981843988259287 0.5943977138921384 0.01737516098779857 2.670757043069373 
0.9979943367660042 0.5946329303208514 0.01636963255150449 2.670234666112289 
1.001375924704559 0.5867784577430577 0.02490983474552634 2.677025468677003 
0.9962202134338194 0.5949674534826377 0.02788559407034936 2.664838342837411 
1.002012278813903 0.5872913357224501 0.02547869878930871 2.679472166677664 
1.005802818439519 0.5803942305436078 0.01748962784094349 2.687908994434386 
1.00682337903229 0.576951503347943 0.02522544308352911 2.689516924141031 
1.001466047868328 0.5876550166967093 0.02439282100211878 2.677827770802988 
1.006916309605099 0.5768886242998577 0.02605001347603173 2.689793961169584 
1.000690549248566 0.586860176052408 0.03477496948855523 2.675103211209217 
1.000716551437824 0.5881642590076585 0.0359952989974693 2.675974849318481 
1.007306535750442 0.5761514782519367 0.02542702015111668 2.69061395970484 
1.00789973137791 0.5731968647545383 0.03836431675027399 2.691367393629211 
1.002066078971167 0.5882056829127157 0.001875465161604314 2.679872115669301 
1.00199446718409 0.5883848319831788 0.0008218483793457389 2.67973718089486 
1.002492722752166 0.5872629333691874 0.001021665480851809 2.680739363848871 
1.002070090567204 0.5883614329628092 0.002170059924181297 2.6799771420508 
1.002556899483863 0.5871277415626315 0.0008433145346179461 2.680873224621347 
1.002987604415653 0.5864429040578732 0.002306298789403767 2.681910452168725 
1.003056359324161 0.5861336233980893 0.00215212148697144 2.681958846121074 
1.002431148898455 0.5875782361112301 0.0008515811024588495 2.680717727687699 
1.003082594134675 0.5863134139488078 -7.378051877848114e-05 2.682148678456974 
1.001059622397133 0.5897985648648386 0.007146111454440341 2.677478005393854 
1.001729721257653 0.588484998681157 0.004698408262687253 2.678921839172894 
1.002719786674187 0.5866873314873704 0.006216292989771876 2.681178013864601 
1.000952183968631 0.5899248621022748 0.007250611458077843 2.677195363393333 
1.002853278893063 0.5864306177532688 0.005851275964904724 2.681466986037899 
1.002229471419675 0.5877477677926231 0.009775226970576329 2.680194814943633 
1.002210445746786 0.587473952246177 0.009968847185266624 2.679966952947543 
1.002628398307449 0.5868444076761484 0.005881846235949224 2.680957701230542 
1.004395331376209 0.5835163051235602 0.006872237770012859 2.684920370738773 
1.001629012642719 0.588970551827817 0.0008621478011716864 2.678864652119858 
1.002081881556634 0.5879616774007811 0.0008107111162631042 2.679780029564129 
1.002043134766919 0.5882346827531 0.001854796547487799 2.679812762835582 
1.001602208060429 0.5890413873663408 0.0007741240100220826 2.678816501593162 
1.002005977054682 0.588075137827319 0.002166605081628122 2.679595650800342 
1.00118524802897 0.5898985739028448 0.001848725734348494 2.677934768432631 
1.001089995252284 0.589958962587819 0.001839659047413421 2.677652999244604 
1.002143264058484 0.587874320128672 0.001897066256623933 2.679933064085169 
1.001826122931907 0.588754330056561 0.004326806550342105 2.679402442899949 
0.9899326400782315 0.596443707100053 0.08779654488597347 2.648342172899118 
1.000383708927655 0.5795696247370291 0.07417135712389106 2.67186541669614 
1.002548021562921 0.572842306109256 0.09734371831706094 2.677190622043101 
0.9891940015760846 0.5960090123188422 0.08543076470502219 2.645430158068334 
1.002929505164158 0.5726843836280416 0.0974637738345574 2.678158908274942 
0.9890211078453793 0.5938549430954767 0.1156446534354973 2.646652843038014 
0.9887463430184598 0.5931204224102923 0.1174767127066645 2.645396177348105 
1.003188215440001 0.570300217121086 0.09670836528073322 2.677674660578959 
1.007260574882229 0.5558410717046777 0.128544540341322 2.686791621625091 
1.000609637150994 0.5916710692636987 -0.0007683988824851651 2.677062105344183 
1.000375311045074 0.5918115509302857 -0.0003543555062348897 2.676366051128136 
1.000569531548449 0.5922912790781564 -0.00029953835873818 2.677295908474852 
1.000644537259234 0.5916553245833135 -0.0008308423665909651 2.677168908769107 
1.000591509619589 0.5922667429987284 -0.0001991881417391747 2.677354453484299 
1.000560362709608 0.5923659365924295 -0.0008209250080723766 2.677309530927054 
1.000524356410823 0.5923656914571526 -0.0008283442843305125 2.677190177717981 
1.000613522175492 0.5922636887556256 -0.0001947678229976075 2.677425649173035 
1.000492535796356 0.5931045339514248 -1.062685087845442e-05 2.677521016401256 
1.000745992803299 0.5891550188901509 -0.0005460450311440385 2.675979344588308 
0.9999555960413583 0.5883228880197744 -0.0001287644257017797 2.673134667162946 
1.000255498423571 0.590400513200333 -0.0008011616629555595 2.675049382504656 
1.000682795964501 0.5891246323582762 -0.000611827896005624 2.675805786557647 
1.000291425391798 0.5902287234519543 -0.0007180690095952884 2.675155841382846 
1.000630906523631 0.5913808507771262 -0.0008468844497893688 2.676966222686775 
1.000603475481975 0.5914908737034456 -0.0008459418233314213 2.676938038691536 
1.000337194298228 0.5903299152459178 -0.0008957166407637559 2.675369413208889 
1.000425011267068 0.591790417590597 -0.0004577826376362364 2.676518096907355 
1.000184400697185 0.5933734981565252 -0.001770123774725843 2.676657530162625 
0.9989860277288384 0.5956874379711958 -0.0001422107182163343 2.674049527724995 
0.9994763531999491 0.5948804726199708 -0.003319998099559024 2.675203199752499 
1.000220860957255 0.5934993642237335 -0.001703542439174621 2.67685124134141 
0.9997231584632105 0.5939155148269042 -0.003535380062060942 2.675448215811531 
1.001156079205124 0.5900873508816611 -0.003183933130315544 2.677952803649824 
1.001094025426617 0.5900110641554576 -0.002924504223686709 2.677700628317692 
0.9995606907185551 0.594063906720473 -0.003645185571167076 2.674996539694478 
1.001234542670618 0.5900968661459227 -0.005541988461861957 2.678229172676415 
1.002052321385118 0.5870211068096718 -0.001745164565026264 2.679028639824673 
1.001414124465364 0.5864567415229727 2.721727020871355e-05 2.677008497395342 
1.001332377851198 0.5881898677512216 -0.001259968262435052 2.677302191822197 
1.001978710695632 0.5867149093498426 -0.001920865360507365 2.678723842479515 
1.001349414365723 0.5880415168783958 -0.001073989449912784 2.677403623952147 
1.001227781864027 0.5901196169911818 -0.003034616218060861 2.678215167230881 
1.001194253939997 0.5900369831937023 -0.002899909395238677 2.678053564958948 
1.001417972826653 0.5882722740661056 -0.00135643544783377 2.677769069120984 
1.0009057397003 0.5904749658437051 -0.001743747995121219 2.677344784980792 
1.000265821797104 0.5922524501530354 -0.008862232777422334 2.67629543256132 
1.001514625750772 0.5898261447470706 -0.006108762126982594 2.67900333825913 
0.9993324939523038 0.5942605166863099 -0.003283172846105219 2.674353604114876 
1.000061593964263 0.5927749610838815 -0.008691452545416979 2.67592304375975 
0.9994076622419064 0.5942181190714279 -0.002958606671486224 2.674582830015871 
0.9978895965262893 0.5974767130456339 -0.003781076819924445 2.671484666451927 
0.998184510353143 0.5970287060178026 -0.00366299354793674 2.672193022422924 
0.9996011019122849 0.5947571190054385 -0.003597416864163402 2.675545121568844 
0.998992185520432 0.5957331670656592 0.0002082563658854008 2.67409722720921 
1.002445154583095 0.585618191785124 -0.008471239469735291 2.679705646450433 
1.004919019540368 0.5809392526725656 -0.01028084457528132 2.68525546732079 
1.005173607462134 0.5807125763698687 -0.00411208313043627 2.685861584671205 
1.002683683990787 0.5854580010236862 -0.008032258135611588 2.680405559869518 
1.005021214091308 0.5808160046859483 -0.00421618491286151 2.685412337791821 
1.003164260902209 0.5847805101596989 -0.003753736282688613 2.681557832754162 
1.003119133344667 0.5848310051097089 -0.004258097934449915 2.681249368270514 
1.004989586787518 0.5814316012393044 -0.003686627277388339 2.685562482648571 
1.003758782619732 0.5817491275353599 -0.0002735251999122177 2.682157279122428 
1.006740022807618 0.5787448988378148 -0.01769845906344362 2.690136775267772 
1.00787436867869 0.574157965279666 -0.03046505263221578 2.691584672346583 
1.012255727593261 0.5663768275671078 -0.01829885929743709 2.701571201103058 
1.006489157944678 0.5786613987287096 -0.01835242002933208 2.689269144010522 
1.011728810962677 0.5672678128661944 -0.01694800005244555 2.70026892360905 
1.008007915472938 0.5737503764122772 -0.008334803901142903 2.691375653527023 
1.008067296699694 0.5754543437204166 -0.008746882805644816 2.692291547409913 
1.01242110866907 0.5670335335969516 -0.01679444188430997 2.702254669011894 
1.011990893596689 0.5651881001493085 -0.0035378266726628 2.700618676039117 
0.9880520293466304 0.6128418039946175 -0.009618999137600929 2.648377312632601 
0.9843492907313214 0.6190977419659929 -0.00643471984721042 2.640078210647471 
0.983891040841462 0.6203737062590914 -0.0131447024796778 2.639448644363282 
0.9881322493081958 0.6129694037173996 -0.009094805865833121 2.648716154264902 
0.9840932647643343 0.6200698248387169 -0.01371860480202251 2.639918162017603 
0.9888281056853676 0.6129002815287834 -0.01538065184375357 2.651047550939305 
0.9888281841542923 0.6126794776085783 -0.01530421695459079 2.650878721450602 
0.9836758426699644 0.6205546302445069 -0.01356861681714872 2.638826604278894 
0.9844367438813828 0.6183535154045605 -0.02251702551258907 2.640157763085268 
0.9929744367276849 0.6060273712834654 -0.003838602239421389 2.660371098491446 
0.9910498173889567 0.6090498517781131 -0.009600769041624102 2.655920563459508 
0.9941950366031755 0.6035112539991118 -0.01218516605037534 2.662961164342676 
0.9927690970914134 0.6062800166166772 -0.004244888278048767 2.659843661360773 
0.9941854794726831 0.603385108271082 -0.01173406073528177 2.662850172527335 
0.9952076763483674 0.6016467117854911 -0.005641085848335662 2.665115480060869 
0.9952451431724175 0.6018353090010911 -0.005352764342377372 2.6653556395914 
0.994503409162407 0.6031578812285769 -0.01192171215606 2.663751466410885 
0.9976122443739996 0.5978351336082286 -0.01195943261264057 2.670837142441117 
1.00026593775778 0.5918204457355184 -0.008577447600421638 2.676045530531175 
0.9975655162131052 0.5976756715047754 -0.01173639372587117 2.670561615025834 
1.000827807065278 0.5897344536224741 -0.01381591994276998 2.67675544905242 
1.00004298340062 0.5915099117087547 -0.009210737833199815 2.675127326478324 
1.001137887471319 0.5895520022368116 -0.01379258652755976 2.677658132689436 
1.002914058284905 0.5869059372286556 -0.008008704736622662 2.681967519582943 
1.002799966073134 0.5864012495229531 -0.0074128053009036 2.681305044958654 
1.001346026007974 0.5898371986416222 -0.01421121476259003 2.678502592471477 
1.004845425850144 0.5801643597955207 -0.01076233958910949 2.684562584413572 
0.9993908262083961 0.5917046422384317 -0.02096065153379971 2.67320657102322 
1.006665000291233 0.5772698438152437 -0.03072812482558693 2.68933796175936 
1.006331272523248 0.5776482147770956 -0.0184847329336293 2.688173000490117 
1.000357434857769 0.5908265622475667 -0.02051154545394038 2.675898310784675 
1.00600645792828 0.57797654684031 -0.01867738865858576 2.687283652976595 
1.001110410046599 0.5905499476748346 -0.01358429183676462 2.678126728857187 
1.00084257402531 0.5902729688306171 -0.01468660410781707 2.677089049839986 
1.005926841342471 0.5783666526716723 -0.01787351785490394 2.687227262713059 
1.004933003602312 0.5800856287866865 -0.01070627952351722 2.684807576972802 
0.9948420857738633 0.598040500575533 -0.04664260621145096 2.662724019186355 
0.9997449139700726 0.5860174804676929 -0.06585313102368542 2.672980484998051 
1.006076000310043 0.5765367241321774 -0.04736746629968325 2.687590258830729 
0.9956259420760615 0.597040187775823 -0.04620326662108769 2.664672131054327 
1.005358025196251 0.5768459342256842 -0.04682570369953298 2.685386109491683 
1.000680712791172 0.5903786305366913 -0.0342867437294069 2.677072234898896 
1.000009880900361 0.590066363089907 -0.03663554040065665 2.674719768633347 
1.005441162687205 0.5770113459089949 -0.04617811244467277 2.685717752256173 
1.0072423634706 0.5748336315628972 -0.03060128139821696 2.68992123694275 
0.9907489579816733 0.6091769096479726 -0.01866016298346147 2.655084965381183 
0.9936482575043631 0.6024860886939017 -0.03034870935650831 2.660926203034482 
0.9965480941561662 0.5977000583646507 -0.0192627922040243 2.667351864164481 
0.9913495982046852 0.607999596878286 -0.01847576876637282 2.656338474316627 
0.9965565705714484 0.5987752132344537 -0.01963068534101458 2.668022141423088 
0.9945131643451292 0.6036058204365953 -0.0113471421343986 2.664034294378476 
0.9941518529774583 0.6039617646676667 -0.01208996167216765 2.663054630874983 
0.9964143380310796 0.5986872963089244 -0.01862379477466031 2.667483404363565 
0.9975391504966752 0.596947362398913 -0.01154678550451665 2.670058903947971 
0.9709871267534889 0.636420938262523 -0.06080423110277932 2.609531066224595 
0.9543739516373115 0.6550789501673037 -0.07063978880335089 2.568880499746389 
0.9653582684280125 0.6363356533902943 -0.08768053699982779 2.593182320964671 
0.9696127301972126 0.6372474159731386 -0.06212599650734449 2.605655208766072 
0.9661981958302731 0.6359385565867227 -0.08750988467695489 2.595577907161192 
0.9788422221351153 0.6207243121265595 -0.07191029913842725 2.625711575307501 
0.979324176111911 0.6218171129811468 -0.07015641072477433 2.627808473384733 
0.9665336821801178 0.635639206947001 -0.0880350571291077 2.596355910788681 
0.9792092122316631 0.6150418144728291 -0.0967441550279554 2.625394904697228 
0.988791494776321 0.606207310207114 -0.06433367875830623 2.648769655768003 
0.9795960200710413 0.6226073574227391 -0.05294128774857076 2.628088940759944 
0.9788022792857124 0.6209951887641034 -0.07166830832124768 2.625711115385214 
0.989430059603666 0.607326778147628 -0.06278931258961661 2.651427012107551 
0.9787734580620674 0.6214842067409705 -0.07212505844328577 2.625739480416723 
0.9918884362778068 0.5960296108633268 -0.08215677925894843 2.654124712158105 
0.9926411277494721 0.5960475758106694 -0.08316703662505319 2.656632427858871 
0.9781409720608124 0.6222514861943134 -0.07216767502722887 2.624253654795449 
0.9795179693479401 0.6148690317429846 -0.09728231745100756 2.626277479748579 
0.9786464703185207 0.628250418690163 -0.02375694014165931 2.627500691631179 
0.9689207316679288 0.6408252185336561 -0.0190506038284669 2.603868259713313 
0.9716908904511002 0.6346132827482276 -0.03628465670561502 2.6093663467006 
0.9780125218861037 0.6286056174633422 -0.02399877582560164 2.625652395649611 
0.9727505520254055 0.6340953377174934 -0.03741750681007169 2.612485923751046 
0.9823737361930776 0.6207628977119607 -0.03543321057904456 2.635281170251523 
0.9827832624423288 0.6216007348758787 -0.03389711473253883 2.637079914621991 
0.972495924390657 0.6356322586543763 -0.03721433310215062 2.612540162932265 
0.9791220092237055 0.6223214330884964 -0.05186167129383324 2.626350153325184 
0.9887664043107955 0.6132955108798122 -0.01409192378887328 2.651024143353624 
0.9849211061322318 0.6180058761774749 -0.02296559673209659 2.641530978733243 
0.9887232538515655 0.611329821503647 -0.02890205359480904 2.650050671203298 
0.9882787512502466 0.6137379523303952 -0.01463431906069347 2.649695357123776 
0.9888533292861907 0.61110460450427 -0.02833542856810387 2.650328917432064 
0.9909074754584156 0.608252197848392 -0.0182712296686911 2.655066038187739 
0.9910441167519048 0.6087589003249697 -0.01733186304349282 2.655801920011907 
0.9892985702079339 0.6105680170049789 -0.02900007719484983 2.651464795511016 
0.9937186940702032 0.6026626497573514 -0.03168212773725522 2.661299924752751 
0.9802021443489085 0.6251316525106123 -0.003581934427696615 2.630299209189352 
0.9737451709072433 0.6330473147223405 0.007514329602385999 2.614371913896684 
0.9705030809358546 0.6380555753875257 -0.002073797341605982 2.60709075424827 
0.9804930809265641 0.6249671632148173 -0.00274242137981161 2.631135527265072 
0.9709338334594264 0.6378715835064678 -0.003573307697091529 2.60836734519806 
0.979815861785212 0.6270901910424499 -0.01156085080813626 2.630387651524924 
0.9800675312601674 0.6266509829903665 -0.01127036775098313 2.630902180074041 
0.9700527982625755 0.6389062583597895 -0.003232545291182115 2.606132422393735 
0.9691981890416934 0.6394502923964898 -0.01767572835078641 2.603904900614722 
0.988915671164761 0.6109274594091134 -0.02977853191774337 2.650452801220223 
0.9844295351475473 0.6197417282774581 -0.0238662215266145 2.641045218674434 
0.9823524910446296 0.6200123923773705 -0.03471865483490467 2.634696124875844 
0.9892567045100086 0.6114446598739975 -0.02874112713485028 2.651856551553834 
0.9823010152720378 0.6204552766184446 -0.03489486934968303 2.63475920223261 
0.9888428851559883 0.6084552427950686 -0.04129948554491143 2.649079279418828 
0.9893172061269512 0.6082716099334965 -0.04213946092096134 2.650553514632074 
0.9818091299246877 0.6221810538331888 -0.03521331463109265 2.634271530446046 
0.9800652188580766 0.6218494830775099 -0.05215835149386602 2.6291164743839 
0.9882631749374128 0.6135468138539811 -0.009302876980573969 2.64951889399548 
0.9909470117134204 0.6095655846702085 -0.00962067257874873 2.655908211076385 
0.9901696199475843 0.6101304848562852 -0.003039258488937861 2.653629063409229 
0.9880600329292091 0.6137396101627549 -0.008919598156083315 2.64897009686773 
0.990169087297556 0.6100543467124918 -0.003384106863763573 2.653583425468099 
0.9882634984070885 0.6133322744306727 -0.002371309067025742 2.64933324499318 
0.9886269597762111 0.6121126474464217 -0.002748809439347414 2.649777253810638 
0.9902370418886602 0.6101929221234161 -0.003302346888671315 2.653900717569417 
0.9897531137031751 0.6109513903451135 0.0001428446710754731 2.652771141966927 
0.9605814408220144 0.653424098318294 -0.02024439711644353 2.585466445509083 
0.9449789157209547 0.6708182539938331 -0.02179512499955999 2.547702542345472 
0.9464780185715868 0.6668236152847544 -0.04531484147271365 2.55053462065087 
0.9595356039749713 0.6540770948313152 -0.02047122895534181 2.582547435663924 
0.9472890202535097 0.6665211124012332 -0.04564482995702229 2.552906077043663 
0.9613354646041221 0.6497499510011896 -0.03880607870965606 2.586075359039167 
0.9622280761909475 0.6506770412724626 -0.03573039006770892 2.589327047528562 
0.947265251940847 0.6665172250621797 -0.04647845711345736 2.552815168786661 
0.9536305183506957 0.6553159922003076 -0.06973423531609227 2.566881218991584 
0.9797803713690618 0.6269247087136964 -0.01031564121131099 2.630123730863212 
0.9700340475852903 0.6388670811166136 -0.01905199211527365 2.606244591607825 
0.9784911725681676 0.6286316026365091 -0.02430351663158387 2.627298001570853 
0.9789305180652966 0.6272299705337904 -0.01033689805972877 2.627527254845073 
0.9781118349674669 0.6280090591271918 -0.02282031890329572 2.625616738769461 
0.9841554811108809 0.6197934243627488 -0.01334883697389434 2.639929171511491 
0.9839686232061072 0.6199523965216701 -0.01296220226576615 2.639408870718847 
0.9786531212367277 0.6276397083587807 -0.02353743429777983 2.62715188035429 
0.9847328658697286 0.6190414308866645 -0.02386843451690739 2.641613082090352 
0.9674734240246334 0.643113715112807 0.01113771135186057 2.600589262578195 
0.9563935783493607 0.6551836306533773 0.0131799872006808 2.573222656414371 
0.9612437709115653 0.6517893184210384 -0.006256500188287357 2.586430140357796 
0.9667444910514276 0.6437617841933201 0.01093185213963951 2.59866052253555 
0.9614013150746116 0.651088906188967 -0.005646345844328638 2.58641543961387 
0.9704189325976481 0.6383692957184519 -0.003569486652119881 2.606988002186029 
0.9707250144454482 0.6382260453239456 -0.002535774711868948 2.607860069960839 
0.9621077700287434 0.6507708874369689 -0.006937604437508871 2.588462322478266 
0.9690654700976649 0.6419461287918576 -0.01989755725334935 2.605228456770627 
0.915753899232895 0.7009319769398041 0.01766569029150818 2.478558891088853 
0.9308047253093182 0.6842404515065853 0.02812996188610673 2.513046185856842 
0.9196510561147401 0.6970470094603283 0.04664551064833318 2.488518072805477 
0.9155766863553079 0.7001899957510889 0.01605922016395669 2.47714962054895 
0.9200069764421525 0.6952408707433518 0.04708634213518317 2.487968885650794 
0.9005477651952493 0.7150818969253835 0.03716533015709989 2.443726589148235 
0.8990406862497885 0.7147713383685877 0.03916988108582247 2.43894850544399 
0.9202444909344883 0.6945551596163857 0.04746225217939139 2.48834341031165 
0.9088026715180495 0.7046756380066757 0.07393139715293363 2.462851447993141 
0.9349906337147889 0.679631572707842 -0.002294039652044859 2.522412252523083 
0.9302596582655801 0.6849084358767542 0.02716743597605258 2.511779447257335 
0.9168745112916814 0.700837999111779 0.0161122047706225 2.481828284942388 
0.9363492409353638 0.6796436485955707 -0.0004127663409486727 2.526663912268856 
0.9161663966368487 0.7010673772465893 0.01563778008561365 2.479682432067924 
0.9253738147601934 0.6914868049334182 -0.01623580932010135 2.501389905282667 
0.9253409487999051 0.6900721262973335 -0.01831646626796203 2.49982925657689 
0.9157817268036981 0.7019433384784322 0.01652324516940496 2.478955284558557 
0.8994187481268354 0.7167500855668655 -0.002483033988269511 2.440538289229689 
0.9720204318758967 0.6357336312068078 -0.03818107825855163 2.611259382726075 
0.968960697908802 0.6419623828343953 -0.01890963092389861 2.604811184789829 
0.9620219945209986 0.6491650553561689 -0.03764349196023226 2.587779687610991 
0.9729111704072719 0.6368307131916571 -0.03563611635090024 2.614691477689481 
0.9615860606873755 0.6504590803059683 -0.03752546837671491 2.587068424835795 
0.9689529450154507 0.6350235459505242 -0.06197680647543097 2.602047026438771 
0.9694480074611024 0.6350673624415559 -0.06373392253128254 2.60381339205887 
0.9609367716937234 0.6516951986856326 -0.03712057792084015 2.58583715507639 
0.9543479330249902 0.6550867220966352 -0.07018824426456333 2.569006077750085 
0.9462631748540763 0.6698262415614366 0.02003848193536646 2.550882904465952 
0.9309176807978771 0.6837852909933443 0.02690909416913377 2.513198321110529 
0.935147262846723 0.6822435191386393 -0.0002615596106587378 2.524913354018986 
0.9452471740583012 0.6702763010787636 0.02004876111642101 2.54804761664021 
0.9355702457148367 0.6819376380608266 -7.788524941400807e-05 2.52585518063756 
0.9491623347421019 0.6649573343940246 -0.001485751713471011 2.556721535376354 
0.9497819670513348 0.6647794477464125 1.273332739149095e-05 2.55852164107806 
0.9360607983302141 0.6816808489686449 -0.001393057840539797 2.527169276062815 
0.9445924421262023 0.6723207584425435 -0.02239934287753523 2.547757148395964 
1.006210470620751 0.5782159694997336 -0.04542041134835746 2.688827112193246 
1.000076234292845 0.5851152511773183 -0.0660938373396672 2.673459963746138 
1.011402014954956 0.5627358864411425 -0.06932533993976335 2.698889434007809 
1.005272511478987 0.5777278358268907 -0.04732132237425164 2.68549696635119 
1.012030028861956 0.5623903379865047 -0.06913943814259836 2.700729865775064 
1.014656133039676 0.560594355864192 -0.04366968465570677 2.70726656732335 
1.014468574019662 0.5645955175607253 -0.04160355850528471 2.708354248163265 
1.012560098474249 0.5617122482144824 -0.0699818372452702 2.701935870332067 
1.025779692489109 0.5299964930188065 -0.06172043295781326 2.730018505726434 
0.9965528946710528 0.5995765795570968 -0.01749370381064264 2.668437234602678 
0.9943081454696368 0.601368497271733 -0.03094930095789206 2.662412573766799 
0.9999523542265238 0.5896511166228064 -0.03470780384672457 2.674263030345843 
0.9958646224190415 0.5997150586913115 -0.01877536930431684 2.666259162873935 
1.000158719699499 0.5897424230530152 -0.03374506726396612 2.674975637680813 
0.9996179771007723 0.5909075763128943 -0.01989830797192574 2.673534872105844 
0.9998546267278137 0.5922952862263966 -0.01874101185766983 2.675049023451878 
1.000935543115627 0.5885418282710762 -0.03468273483159446 2.676852773847266 
1.006905457707372 0.5765735096852492 -0.032028818149007 2.689779171024321 
0.9943720270314701 0.5850632147673201 -0.1158976353563705 2.658853935355569 
1.013100916696382 0.5464464037927651 -0.1196586923540664 2.700883166882967 
1.005245449227039 0.5761134243484489 -0.08830659689642298 2.687059881108925 
0.9944909997879081 0.5884276317281069 -0.1146548532876672 2.661284412249849 
1.005152783015181 0.5737769970631844 -0.09071652789126036 2.685904236348696 
0.9919301248581953 0.5969531626255229 -0.08244931179715057 2.654695548145483 
0.9924892857673162 0.5963207296131268 -0.08219565216907213 2.656087454565227 
1.00421156079379 0.5737655901588291 -0.08905520961259489 2.682624597194957 
1.000332908150348 0.5861713453277818 -0.06479165725475719 2.674902329826943 
0.9897138142390749 0.6096525671693801 -0.04033662475386399 2.652604435364905 
0.980111013447308 0.6217645573163415 -0.0525243374630884 2.629150836155831 
0.9883606149392884 0.6057793145064322 -0.06262650201797715 2.646986169883095 
0.9887470602612494 0.6100081358607069 -0.04166501074251332 2.649671760271221 
0.9889988767458068 0.6054639927308751 -0.06249383451465411 2.648862613075874 
0.9956423054636337 0.5963971253986229 -0.04608698898539058 2.664453173698664 
0.9959779521258866 0.598101459715723 -0.04413431599458616 2.666451243349758 
0.9893495685837496 0.6051476660657906 -0.06328274794886898 2.649773345741613 
0.99953632902538 0.5860347987648096 -0.06611952368563083 2.672347258635582 
0.9535073449894463 0.6511127873834004 -0.1147494805713939 2.567096358788002 
0.9674125127505068 0.614394114888004 -0.1628392551390979 2.595845058644642 
0.9743422599570688 0.6152369305686358 -0.1245279052423026 2.612888632705067 
0.9558019236452037 0.6472441453796655 -0.1137858817852008 2.572237216482147 
0.9744669808345937 0.6196182508658126 -0.1266703558188617 2.616088405004927 
0.96561842356658 0.6371139352676647 -0.08666678451270939 2.59446442843835 
0.9650639565455812 0.6381271285733092 -0.08831487171942046 2.59332398043566 
0.9738767399041494 0.619220892063801 -0.1244756042154571 2.613734309862739 
0.9789421620785267 0.6142985798363093 -0.09687165706000676 2.624179073262511 
0.9143019445988835 0.6943062820167105 -0.1020489456165987 2.473865073046342 
0.9197495683683434 0.6769119080331317 -0.1486406116435152 2.484836789695981 
0.9408908592629068 0.6688364596713344 -0.1006716186555105 2.538328670764431 
0.9163069993138077 0.6923018135980352 -0.101920087846588 2.478882177659576 
0.9403590933310401 0.6677722342646747 -0.1038663921252255 2.536766872706811 
0.9395338004624507 0.6735266594426721 -0.06855872550876004 2.534648043613802 
0.9385419351596401 0.6737207943473723 -0.068911295540526 2.531587233183649 
0.9394381174614967 0.6670463801911348 -0.1004732591674542 2.532855388718872 
0.954351502099512 0.6552750440002222 -0.06976651239367973 2.568947010172067 
0.9842842779889237 0.6186776604327872 -1.778976352863352e-05 2.639596310267562 
0.9845729377076471 0.6179449990507575 -0.005693539339052711 2.640104587923781 
0.9889091466247323 0.6128057140072182 -0.003045258569223597 2.651138832105544 
0.9846398733643158 0.618193033216508 -0.0002082128693739108 2.640468358574607 
0.9887285874863665 0.612816811714097 -0.003335385888963298 2.650550175912665 
0.9885280699034589 0.6124201222570327 -0.0003692460960381307 2.649632223077507 
0.9880554945394221 0.6131104928616902 -0.000524050881023669 2.648514241888106 
0.9884486070596044 0.6122756414104122 -0.002442185428163379 2.64929115322368 
0.989726349302257 0.6108870698567987 -0.0002408660303109303 2.652644473381057 
0.9881365593418826 0.6115945678518613 0.009989817381558014 2.647898251735303 
0.9857124480157863 0.6153139618881569 0.005438093841413076 2.642207745189717 
0.9889993543912996 0.6112974135508492 0.003147050980352676 2.650494422392681 
0.9884645248149246 0.6111536310892099 0.00954357443901673 2.648707475981808 
0.9888123624244818 0.6113443973665372 0.00301411483508989 2.649908627298494 
0.9911359184503781 0.6072464496241213 0.004908392943669931 2.655046329134744 
0.990888021013893 0.6074709276503288 0.004990256849396065 2.654382445120416 
0.9888367350151631 0.610829684954651 0.003385050713338555 2.649683669257641 
0.9903383586364678 0.6089217142772843 0.0001081270833729944 2.653446687053178 
0.9894551731995188 0.6087515323711175 0.01810390208425504 2.650516741870025 
0.983772662697097 0.6166446475231787 0.02454914984096272 2.636970228873263 
0.9837384837140709 0.6186806825257574 0.01296112975074398 2.637865199369719 
0.9889031147425822 0.6097509568753302 0.01817841265199343 2.649380679709446 
0.983845181846722 0.6172729551042448 0.01320856354241842 2.637365450971104 
0.9882997088212964 0.6114209399122574 0.009955892022643676 2.64831383543976 
0.988452020418199 0.6111902374092277 0.01014432844493325 2.648660984000781 
0.9842480154553751 0.6177874726991356 0.01196045066779492 2.639001795660339 
0.9856296010089602 0.6159559838783735 0.004932597185289553 2.642319341579507 
0.9976275995269391 0.5959393159598744 0.004615808509158062 2.669694104193201 
0.9988834759192649 0.5935154313985815 0.01034594961991368 2.67247041370905 
0.9960093400510928 0.5980954715369748 0.0120999061660054 2.66569428275229 
0.9978521580114083 0.5955659186053127 0.004800969920147309 2.670210278393915 
0.9959242864890619 0.5984418797385168 0.01183545818193928 2.665617673427863 
0.9953626218655169 0.600142606534056 0.004949583068607545 2.664713076400438 
0.9953217729889129 0.600151340004535 0.004580833723957003 2.664573786465084 
0.9957100383939065 0.5986015638062685 0.01235206659723253 2.665003147521618 
0.9922223889123757 0.6042985457652341 0.01188609565311148 2.656910872692826 
0.9489627094200745 0.6667781862719956 -0.001259891313830615 2.557238881681815 
0.9446216008613184 0.6710444398882149 -0.0215197350146514 2.546809869336454 
0.9595620282162235 0.6527474473295523 -0.02288769663427613 2.581855890922021 
0.949555576946803 0.6659550552622736 -0.001712978529167526 2.558656700228361 
0.9594700672639142 0.6541015283838387 -0.02198275323325448 2.582540668771173 
0.9621930113568991 0.6494368772396747 -0.00607958517735333 2.587820735157917 
0.9613541918467319 0.6511986594804168 -0.006932249707857083 2.586279245868463 
0.959405059918227 0.6527178085552653 -0.02093224255452985 2.581322586557224 
0.9691829232329804 0.641053039053544 -0.0203988314952847 2.6049969144739 
0.9328422282984179 0.6820559611461382 -0.03742045425281299 2.517862085192681 
0.9203454060619947 0.694780564777967 -0.06276489798300744 2.490164257391362 
0.9386061446066812 0.6729455277055364 -0.07069050635589318 2.531660579797653 
0.9330391026281559 0.6829365457677282 -0.03834739991659208 2.519250757489285 
0.9380247808323665 0.6716272301527387 -0.0688991628658841 2.528646805077559 
0.9470256235509071 0.6682363790326299 -0.04641659695497722 2.553531486312375 
0.9465575403779388 0.668698210937538 -0.04753655416189435 2.552356176680982 
0.9390765343183858 0.6713728792437724 -0.07012546861094632 2.531829363999111 
0.9534320263384789 0.6552102393853548 -0.07197736796432579 2.566389743873589 
0.9271475623860231 0.6902659244887613 -0.01614904952856787 2.505560993412837 
0.8988401543580951 0.7171193441320114 -0.002496468003465824 2.438875608681616 
0.9052909194792143 0.7092554431966392 -0.03415074436443839 2.453382643740041 
0.9256280813527527 0.6911817724974924 -0.01651581477375846 2.501505421252119 
0.907271004777304 0.7089787279122467 -0.03548516898861055 2.459154526667823 
0.9334883640794387 0.6807695468160193 -0.03914366684540097 2.519039305639442 
0.9345342619884918 0.6812021616038997 -0.03720826745706163 2.522606160921305 
0.9067885314383014 0.7089588681048546 -0.03615500305304373 2.457489868728053 
0.9193163760079451 0.694894323026703 -0.06119914505710761 2.487039964366736 
0.9047207151478547 0.7086372665896035 -0.03650037066666677 2.45092982273052 
0.8981496563526701 0.7185028344124593 -0.001111907792836831 2.437856412823154 
0.8787343060804514 0.7302751069563759 -0.03702541977473193 2.390319989631052 
0.9067194571767718 0.7085089847546052 -0.03424956657038958 2.456807552792519 
0.8795752014508043 0.7297527768884076 -0.03824433500623111 2.392163512541565 
0.8969147698584289 0.7136868436705954 -0.07381258668661309 2.433920012017554 
0.8973806382138735 0.7122454526222243 -0.07487919090770576 2.433708761088356 
0.8780529395541563 0.733039189319748 -0.03733633572111987 2.389819489209628 
0.8656594084243543 0.7344862006375547 -0.08664201074631703 2.35869854658146 
0.9332355320635002 0.6795516971195593 0.05486816482443659 2.518421076020182 
0.9298122178944765 0.684300213318965 0.02800158256407773 2.51017997535659 
0.9453145738566141 0.6701093199004878 0.01815793079842821 2.548110799276686 
0.9337616936504025 0.6785587440567633 0.05404090016602102 2.519416855981814 
0.9449844157062289 0.670544341716894 0.01845341682309157 2.547381891291548 
0.9479031418811444 0.6657269382845031 0.04003218211554441 2.553935757764473 
0.9465453509866658 0.6658626661012508 0.03938425060080112 2.549842233786613 
0.9445817782901395 0.6685749270870408 0.01977588685188835 2.54505059237244 
0.9557451947011203 0.6573331601258363 0.01326957064854403 2.572540964954043 
0.9775080425224447 0.6267836409453394 0.01990824476355676 2.622766137499328 
0.9838957193620125 0.6159103750355028 0.02587606874934001 2.636859595759756 
0.9778726671324368 0.6241099476502405 0.03286788469760106 2.622623058838282 
0.9775392451072008 0.6262707238337267 0.01920259322497934 2.622522766024603 
0.9774116946047796 0.6252803827614605 0.03418669351123085 2.62183406136751 
0.9693369864535386 0.6368281689451576 0.02324296991200489 2.602766882995146 
0.9691072393126222 0.639176622060435 0.02285706655603246 2.603534768336964 
0.9783030562750523 0.6236776536226323 0.03420755688778744 2.623586173907097 
0.9684796051756837 0.6365080392511709 0.04331407523758622 2.600535819936821 
0.9730670393436874 0.6150142134823939 0.1239301846210675 2.607958708441535 
0.9682833241431852 0.6122084560203673 0.1635084239808386 2.596731904926241 
0.948918094228074 0.6500025288466412 0.125612669515668 2.553670156491924 
0.9716937842379244 0.6186571613786939 0.1244342194867804 2.605914445975355 
0.9496800272280523 0.6486494542054935 0.1234534808051522 2.555172571653828 
0.9589774344952416 0.640194942341161 0.09085739269091032 2.5754237336655 
0.9611225971481757 0.6383541928200387 0.09268486981267529 2.580983436424355 
0.948825958713892 0.6497037418410578 0.122201426748093 2.552980766162133 
0.9431317688879491 0.6648524719019004 0.08154882866392964 2.540891204604883 
0.9597999356112268 0.6500851057526442 0.03202472511059154 2.581073435299464 
0.9555133424728341 0.6555890941658844 0.0145577029876285 2.570713183614288 
0.9670334426120675 0.6433219078438014 0.009603011005919452 2.599329396880169 
0.9603295460420181 0.6489032608015317 0.03105206152984242 2.582017871364349 
0.9667417307331646 0.6437223737810734 0.009837719194345215 2.598652185794403 
0.9702425581112665 0.637417885729054 0.02227906778876522 2.605997253114763 
0.9692977116505034 0.6383165923573845 0.02203607884606566 2.603576743933409 
0.9666515666296067 0.6420295216616437 0.01072732642106837 2.597300968910801 
0.97411030761863 0.6328478012854709 0.007441932886005116 2.615440123088461 
0.9778631514331971 0.6218753946891697 0.05334532763413867 2.622004336622449 
0.968114305226878 0.6358925702980286 0.04510589348452392 2.599003903253127 
0.9776377107299462 0.6247269516935499 0.03280958099017137 2.622143280724081 
0.9784278903473187 0.6209473971990875 0.05201173938458255 2.623253482903741 
0.9775716197298663 0.6251300494889013 0.03378238701722169 2.62225227568109 
0.9849806106368157 0.6129062545339912 0.03792117144782613 2.638888130756633 
0.9840491525640324 0.6144833029488973 0.03814606177991765 2.63692105671619 
0.9776460811120136 0.6238134577501405 0.03382304722972199 2.621717607037138 
0.983407995050805 0.6165198777763592 0.02523828110656557 2.635670202754346 
0.9474121398757844 0.6647995454778401 0.03878932551180366 2.551888977854222 
0.9553831685838787 0.6577773511436172 0.01354270696944412 2.571698526931802 
0.9609624053199943 0.6485568986105963 0.03239895511587378 2.583679947013305 
0.9463402797601178 0.6644821200942203 0.04103007334520426 2.54832614904511 
0.9600773370118817 0.6493278254578887 0.03152985532269868 2.581413051094359 
0.9579375523295005 0.6495869594777373 0.05948658944515856 2.575964763844792 
0.9585123480042612 0.6480040193028835 0.0577781827480018 2.576794590884045 
0.9599647579312637 0.6500720518296192 0.03253822590638071 2.581597830314758 
0.9689238641265479 0.6358297584346869 0.04464860586375202 2.601392420807427 
0.8945508460026067 0.7144100231598494 0.08543067178238178 2.427680669982355 
0.8729004273077965 0.7312655494766348 0.09720420136291245 2.378331696918656 
0.8788631040980287 0.7316305557789361 0.04012373063605717 2.391675969379978 
0.893380179116892 0.7185992430772974 0.08532072974855245 2.427517519295403 
0.8788890812339287 0.7303351545514145 0.04129340559248639 2.391072094947594 
0.8983064373359342 0.7152030916969503 0.03709421863787288 2.436882454393663 
0.8999894573636479 0.7146757946316465 0.03766357320452233 2.441410248454962 
0.8815654834843228 0.730336619721185 0.03857211579579425 2.398849353246449 
0.8970041425085341 0.7172708498159602 -0.002242196267409515 2.433679049748244 
0.9284177665967196 0.6814338389087625 0.08049807706755321 2.506067846585976 
0.9100849678692643 0.703462340241487 0.07292939764411431 2.465957518176934 
0.9188503813537128 0.6946582384710658 0.04623483814699098 2.484165197630968 
0.9280496073086426 0.6839161701656135 0.08056400714716745 2.507144513978993 
0.9190906555710765 0.695504702449505 0.04759309106185847 2.485805988235885 
0.9343392341035822 0.6779444101973473 0.05720981607862037 2.520765349397613 
0.9341746484229445 0.6794331097193483 0.05626046997896769 2.521169278428927 
0.9203063761130544 0.696260014673306 0.04577227172278134 2.490024896285949 
0.9295174247168575 0.6843332729128583 0.02686091875829619 2.509115224352932 
0.9334027567044585 0.6709159829798793 0.1118736864258617 2.517428665951195 
0.919440595896601 0.6763805064251588 0.1544605011252078 2.484177941656417 
0.9088704228950292 0.6953900597989362 0.1160369947900665 2.460422955392287 
0.9326744401861492 0.6716390976992053 0.1115062260877671 2.515638880369147 
0.9105971370102696 0.6963748562912071 0.1134359502956225 2.465991856136088 
0.9278688943186345 0.6805627108159992 0.07859555316093662 2.503949089433303 
0.9296400725743876 0.6798419887273156 0.08010707262340409 2.508874950585394 
0.9094611193065685 0.6968620821163914 0.1132757791665006 2.462796983654884 
0.9090770860910166 0.7031844749390689 0.07486210115220711 2.462808792619301 
0.992935602687278 0.6028085978521549 0.01861030404360294 2.658432445384582 
0.9958751806155313 0.5963338801850564 0.02805799137854691 2.664488230822701 
0.9899647192152209 0.6053570972421198 0.02978163600645705 2.650483112739831 
0.993502177114686 0.6021172186112975 0.01897270811973573 2.659874954612585 
0.9899173119293483 0.6061339165595858 0.0288774114224595 2.650775192565524 
0.989054323644898 0.6096863179127725 0.01787462272188861 2.649823919858656 
0.9891190199051705 0.6095240596802793 0.01726144246741318 2.649910982509494 
0.9894662111890976 0.6066406262434308 0.02987785335508466 2.649605997815279 
0.9835130112436512 0.615858330329305 0.02605409602501067 2.635650703438336 
0.9892547876968175 0.5975983743967221 0.08737743624294818 2.646690276893531 
0.9758324546050524 0.6171156233316318 0.09438697130071122 2.615484577121638 
0.9836663405496404 0.6093607265481921 0.06806463303291201 2.634004844589112 
0.9896152678466023 0.5970889625478103 0.08637203251175481 2.647613139235062 
0.9840580125838408 0.6095888812310836 0.07010224652109193 2.635630068249127 
0.9935208723529689 0.5941148156579618 0.06331605944692274 2.656859095706618 
0.9927565149204781 0.5971164589952979 0.06393592485173957 2.656233944801832 
0.9840873328377194 0.6096049435797988 0.0696180816450654 2.635719888853257 
0.9886122537440682 0.6037007926323701 0.05199214956303103 2.645922467176216 
1.001823016159005 0.5884171479675701 0.0001907648792245659 2.679185256003855 
1.001719691315164 0.588536753757164 -3.733443919294549e-05 2.678911399076549 
1.001879437945542 0.5882497053062038 2.69411045383135e-05 2.679274783213701 
1.001824639203852 0.5884798171242441 0.0002739779091988586 2.679227427987176 
1.001893180844402 0.5882243140197611 3.490980506838501e-05 2.679305606202761 
1.002114682776575 0.5878996757899544 0.0002748962573196254 2.679852853957894 
1.002117282876419 0.5879542361653662 0.0001918756543847113 2.679893551940517 
1.001910803317612 0.588193897906864 3.318829557648248e-05 2.679346459697024 
1.002075086453407 0.5878968314135556 -4.396430586773716e-05 2.679719279635506 
1.002452778161017 0.5873502106401856 0.0008996278415296516 2.680657291535452 
1.002086396510365 0.5882689546481429 0.0009256500254026926 2.679975728879918 
1.002119864773337 0.5878375422132375 0.0001461608336878597 2.679833396451527 
1.00247603552684 0.5872974011497643 0.0008302354589018693 2.680703891664851 
1.002091456751366 0.5880450427173424 0.000150787319513802 2.679860515805991 
1.002306091490127 0.5876465011459229 -0.0001300860285571102 2.680341833359203 
1.001779293031323 0.5887172320872297 5.251908134380772e-05 2.67921591415893 
1.001740421255154 0.5884913313976337 -2.931156494967223e-05 2.678953728684374 
1.001811331290058 0.5883891657803192 0.000219563608194401 2.679129910286924 
1.001707102140675 0.5886974547989208 -0.0001133617650994927 2.678963831022472 
1.001841811656424 0.5883561629294096 0.0001735325591056375 2.679211878615586 
1.001672269135337 0.5889196467566743 0.0007482408397693565 2.678978827061449 
1.001688302079809 0.588915632937419 0.0008205390039015072 2.679029783004165 
1.001819960043918 0.5885247762568337 0.0001750308609060046 2.679238033388885 
1.001996460016266 0.5880591834366373 0.0009141100667988793 2.679553093530899 
1.005263064676608 0.5809912260623546 0.003755178120444414 2.686336022134229 
1.004561058868682 0.5841242128092499 0.006224532484449736 2.685823815452423 
1.003755492782689 0.5845743838272618 0.001338384107920843 2.683369866525601 
1.005302903749058 0.5816043271849777 0.003483353651295784 2.686823674099284 
1.003793361544128 0.5848823972926246 0.001387350569777444 2.683682820136955 
1.003956394669121 0.584706042721107 -0.0006183835133512144 2.684121270311485 
1.013244012018735 0.565611998381756 0.01879973199703326 2.704484137350915 
1.017921498995027 0.5556059668309621 0.008034739556387555 2.714522965469067 
1.015989872343839 0.5578327067535258 0.03400902328264341 2.709830432966104 
1.003246078040587 0.5731118129027469 0.09611135525124341 2.679611258741126 
0.9997564511156898 0.5802277225374576 0.07365553243597932 2.670220013556607 
1.011032106682893 0.5616720719746512 0.07927633032244129 2.697626929013432 
1.003062771406312 0.5716650855423757 0.09745324513967277 2.678268129085561 
1.010992908721383 0.5590736032993895 0.07867020668009947 2.696105804159487 
1.018261534533887 0.5405516476685645 0.1016989938488587 2.71254115085198 
0.9940345881372157 0.6026380841777165 0.0001329515337588686 2.661815247011203 
0.9974822548582789 0.5962806825461149 -0.0001455373621933731 2.669395164014258 
0.995286719067728 0.5998156964451792 0.004831957506817855 2.66427345326732 
0.9938497698373149 0.6026903909016896 -3.676890747660045e-05 2.66123390612575 
0.9952693281854212 0.5999345357551932 0.005115321218064131 2.664274317396423 
0.9910317372366793 0.6069822577676274 0.005117438829547019 2.654556538837504 
0.9909733775772243 0.6077092808285836 0.005081534770705986 2.654803093999925 
0.9954653158862383 0.5996819792955449 0.005012605779582843 2.664746298106371 
0.9922673915569508 0.6046753237910235 0.01137730858100171 2.657288696219926 
1.001076143437453 0.5900658513068398 0.001657359484647095 2.67766649535433 
1.001699632377759 0.5884524381697517 0.005023309113196851 2.678805123163011 
0.9997371200860702 0.5925475416021206 0.004313642162184566 2.674689296188215 
1.001212126270649 0.5895721432402442 0.001699625989007758 2.677827011988756 
0.9996688467729721 0.5929051558054439 0.003955367983615952 2.674674884138518 
1.000033530030553 0.5916918493125585 -0.0002534426875244712 2.675158663571553 
1.000157523015067 0.5914633443968615 -0.0001825649144392413 2.675428117435491 
0.9993058513797031 0.5928125628978671 0.004377179778714622 2.673413846026277 
0.9977736472231501 0.5964049639297009 0.0004359868841109136 2.670453691813825 
1.008486999685644 0.5760112785977333 -0.000517478576008037 2.69422747016224 
1.009838882317913 0.5715925933998047 0.01235673491324277 2.696341734668191 
1.007155397299448 0.5778557376839913 0.005991096523463848 2.690856986058078 
1.00745023678413 0.576701315654804 0.006114543174126176 2.691168406240863 
1.009450675195582 0.5722238524002656 0.01322319952585648 2.695405472757384 
1.00594961988709 0.5807710268090833 0.0179782658410412 2.68864579348783 
1.025025662001024 0.5350036580509363 0.04428475637894039 2.728487956733993 
1.014000014567026 0.5603576919111878 0.05351053721119933 2.705306986138949 
1.014728990078108 0.5612293005489025 0.03407830169823889 2.707346275008163 
1.015214472131537 0.5584660737364961 0.0338175081804366 2.707496877368756 
1.013984460256378 0.5596849428740225 0.05199387862765265 2.704841695265847 
1.007565897341419 0.5730989914833995 0.0382598630784048 2.69022037820146 
1.000195135164036 0.591642812270457 -5.888798965868347e-05 2.675667259537238 
1.000039274518273 0.5916567932338557 1.100244040394065e-05 2.675157400795175 
1.000555662653445 0.5919581698823256 -1.910705969623624e-05 2.677052111073617 
1.000225494253889 0.5915834482637844 -6.014525112990606e-05 2.675733085868785 
1.00053708955204 0.5921329664595557 -8.922583548833379e-05 2.677093926633266 
1.00062143398863 0.5922274381756804 -0.000314874332717406 2.677430447467744 
1.000620774963761 0.5922586725279273 -0.0002060022471083817 2.677446850326197 
1.000609056222242 0.5921210746652037 4.500005982183964e-06 2.677326238667052 
1.000544679359456 0.5930344633242483 -7.307552903906171e-06 2.677652714483659 
1.000296270533521 0.590395162028383 -0.0008291607769478379 2.675193865507437 
0.9999354869969471 0.5883703001504355 -0.0001571045909604383 2.67307099095743 
1.000020838042271 0.5907810625560256 -0.000828219354245185 2.674500511802775 
1.000255277427074 0.590449406900252 -0.0009375596398021318 2.675167181771953 
0.9999724028187762 0.5905481995259902 -0.0007870189375019255 2.674283950639238 
1.000209058468269 0.5917459871438492 -0.0001751060386421026 2.675773310040318 
1.000198425533114 0.5917298201580273 -0.0001480112060186056 2.675728552358479 
1.00000386803045 0.5905618554949945 -0.0008097172615324671 2.674396265574337 
0.9999969116547144 0.5917589961212039 -1.448695326779375e-05 2.675075619365412 
1.000261768005418 0.593325878029189 -0.001701083609821736 2.676884357986878 
1.000949972368587 0.5903668604017797 -0.001796067565524326 2.677428932397144 
1.000613697135536 0.592580382065326 -0.0008886963642047126 2.67761261860254 
1.000136510880749 0.5934127747350589 -0.001643874919691604 2.676522053217922 
1.000612186899513 0.5923364715748736 -0.0009775094263739627 2.677464690112711 
1.000024403836999 0.5939858889289114 -8.559424299077536e-05 2.676487563124558 
1.000088100246133 0.5939054316296809 -9.857226364527005e-05 2.676651299520939 
1.00056364756023 0.592347550329422 -0.0009445743434835575 2.677310101333223 
1.000551896705905 0.5930558093738446 8.520941908316423e-05 2.677689604392706 
1.000636737104361 0.5874579222036583 9.597517864240968e-05 2.674995628480753 
1.000700022898676 0.589111463604702 -0.0006035442121464841 2.67576189006102 
1.001386130115488 0.5882988084592176 -0.00105076445866514 2.677551574291199 
1.001305376858837 0.5883791573815391 -0.001131201227202468 2.677449635595847 
1.00074329675952 0.5888622545603241 -0.0004719995903824607 2.675845039340182 
1.000952901378863 0.5904440239474933 -0.001617857745422651 2.677495746526435 
1.002288438897649 0.5848808685587413 0.0001551107367428392 2.679060884012253 
1.001975702298377 0.5869235591845818 -0.002049917215207179 2.678687468196912 
1.0031743508942 0.5849741887386117 -0.00369096463891571 2.681523068272083 
1.002993784686576 0.5849484612119554 -0.003861794340269467 2.681097219619889 
1.002075008139814 0.5863376808633842 -0.001652719076240978 2.678818271355299 
1.001605245585381 0.5890747379421281 -0.005545399896695183 2.678876779386237 
0.9951862152135864 0.6019809369330466 -0.005635846123562221 2.665241959601736 
0.9974452122747516 0.5975159357477386 -0.01076806627288999 2.67008593679887 
0.9981488203351153 0.5970974646120831 -0.00354436578216609 2.672119142076746 
0.9953829198050985 0.6016652879707043 -0.005615050512209372 2.665693922698714 
0.998262428022802 0.5972980522151665 -0.004012002329385275 2.672614322828238 
0.9971152282912599 0.5987781428718055 4.67330563737456e-05 2.669692469788164 
0.9971909345748609 0.5987549701662336 1.303102636473801e-05 2.669927603043577 
0.997923254401668 0.5972276490300191 -0.003640201791757539 2.671445520921298 
0.9992218350806994 0.5956229088485067 0.0003543205942043684 2.674795190241171 
0.9915751702991925 0.6076777249413384 -0.0002701035123273399 2.656765564954344 
0.9895649141868065 0.6111669865421121 0.0001484346921270487 2.652280132086585 
0.9902787390341192 0.6102798455069901 -0.003404191849844077 2.654091257980383 
0.9918045855408761 0.6077311353625211 0.0001237343162594906 2.657555053414416 
0.9901724067554724 0.6102754947289959 -0.003579800363189642 2.653732025129011 
0.9928656862946024 0.6059588555901312 -0.004470654345085662 2.659981616855748 
0.9928558937003096 0.6055553495927555 -0.004572568050740694 2.659694916786189 
0.9899917655946791 0.6104900306826322 -0.003441734271466255 2.653259226994138 
0.9908848721771242 0.6093766910493443 -0.009205081520520995 2.655583028410866 
1.008281032698072 0.5754138054826947 -0.008087822864452636 2.692990264385152 
1.006294533472099 0.576157118550868 -0.0003180310784268352 2.687698669956586 
1.00479011091634 0.5814979963736265 -0.003798981905743173 2.684834934928553 
1.017195406788407 0.5543396705474466 -0.008860374656150726 2.712248513261591 
1.012294264112374 0.5678334161728007 -0.01766378608939127 2.702274630075746 
1.014802352543052 0.5612174163548898 -0.03005284303792843 2.707258501861358 
1.013647699889338 0.5629944449448691 -0.02974529188650479 2.70464574570794 
1.012233534338541 0.5658719921357623 -0.0173592682567661 2.701189693919017 
1.00759979190309 0.5750015458866307 -0.03160554451584838 2.691192647692848 
1.014276369306421 0.5628798346692139 -0.04272856811945359 2.706834084743379 
1.024890725663919 0.5344512629395947 -0.03927548688961807 2.728287181429207 
1.013723264263475 0.5653883441049657 -0.02948166538577641 2.705908177611623 
0.9889536197172794 0.6112772682471698 0.003263192718897451 2.650328441977723 
0.9861149770645697 0.6156973353672395 0.004010639629578473 2.643767499872623 
0.9878695676679923 0.6130998821894479 -0.0005986126166608681 2.647887503675871 
0.9887816423115403 0.611530104184462 0.003134029388849276 2.649933478608229 
0.9878010825769438 0.6127294224140107 6.493808025564903e-05 2.647444816030993 
0.9889119777838659 0.6119054876700222 0.0001572544046305594 2.650589187506609 
0.9887198430404527 0.6121133633760596 0.0001273139958858832 2.650084539415742 
0.9884268131527283 0.612801401565915 -0.000566402423192463 2.649549185552242 
0.9892515093361735 0.6110232328712526 -0.00055060243960796 2.651161931322458 
0.9746057868622444 0.6159728087337709 -0.1263576843476919 2.613788720947352 
0.9952808376543245 0.573836556251927 -0.1474146812425507 2.66034441035205 
0.9947276136704952 0.585449914216053 -0.1147887935143456 2.660499418003501 
0.8776907724652502 0.730620343581334 -0.036768872250255 2.387430121048852 
0.89927478044496 0.7166884955388904 8.522067048572247e-05 2.440027957052128 
0.8764276703297119 0.733529676425826 0.003094694695749379 2.385255451596953 
0.8773344101272015 0.7305636656216499 -0.03870018374547859 2.386152829317486 
0.8757368220870843 0.7358853431638074 0.003708612846592579 2.384522134771077 
0.8493782033889014 0.7492525152370212 -0.04070757432899422 2.320696288313755 
1.004828097767971 0.5749572037828703 -0.08998808209135864 2.68491833506209 
1.022385358725532 0.5327278491623852 -0.09060807560555936 2.722058936799927 
1.012297460581625 0.5646216158584385 -0.06992760344310182 2.702758477368945 
0.9451189722841332 0.6445649109371536 -0.1610337810360311 2.543811451110044 
0.9541333308600468 0.6490102679447035 -0.1123733933163842 2.567996794461066 
0.9380345940945565 0.6726036523314401 -0.1015342311999159 2.531674140325881 
0.9410776831136557 0.6660553766203964 -0.1015558403645058 2.537318938295008 
0.9542508518143057 0.6489774623491502 -0.1132357838596244 2.568708864848652 
0.9534783518232185 0.6558490044061426 -0.06895265142788164 2.566507027829245 
0.8945143519569394 0.7067174019063432 0.1334378467089037 2.427724073931864 
0.8921734449038967 0.7160011915768271 0.08494184203655011 2.422154685374825 
0.9104069256128651 0.6930143845896375 0.1146343479040158 2.462822918917686 
0.9094468101212021 0.6983425085088646 0.114956852975985 2.463792541238585 
0.8924216666154599 0.7163288043819646 0.08561925412526555 2.423263909038269 
0.9078382823008797 0.7026175078676147 0.07285860551481889 2.458393646967703 
0.8970372689360087 0.7153032589509735 -0.07350553417419252 2.434652008794953 
0.8918253452230382 0.7087536246047903 -0.1251086903073397 2.420403103433182 
0.914715008790721 0.6929410546603441 -0.1033759619867515 2.474662900239684 
0.8555897945274427 0.7472345761978856 0.05487401782794938 2.3374985203282 
0.8748976611990216 0.7348199100684277 0.001055540851589145 2.381494763571862 
0.882264222778167 0.7290970990331576 0.04066185597018156 2.399597149511967 
0.8808898141390161 0.7320433306727905 0.0395130684418271 2.398014678623877 
0.8744771296099608 0.7340316889899774 0.003051747300548402 2.380096912708946 
0.8972666827755595 0.7165125884531596 -0.002758646996316351 2.433900198708553 
0.9722884203699168 0.6174225778527993 0.1224617122166391 2.607296700699358 
0.9747359424419416 0.6175762299481568 0.09323383780387166 2.612016767606993 
0.9879171712625969 0.5949375643957314 0.1169767532510506 2.643566917410197 
0.9717753282495104 0.6181780888997509 0.1246037255379721 2.606119527034918 
0.988693772550938 0.5916888519417761 0.1163569865315087 2.644152938500612 
0.9911671988350145 0.5794105476813212 0.149755634193415 2.649536490452368 
0.9452224049910715 0.6433020544746059 0.1643414657255357 2.543274333968253 
0.9307794017542101 0.6742876412274449 0.1123225382364986 2.511791717720928 
0.9500872571751097 0.6473724261689042 0.1245058284682229 2.55542178012566 
0.9483126151360998 0.6511120658244599 0.1237319819220508 2.552311848205976 
0.9321641461970712 0.6711396229202765 0.1101925161407444 2.51400257913463 
0.9426217431114695 0.6640533279663641 0.07964194996262826 2.53854464769732 
1.002861683851481 0.5863552771116529 0.000155003617287472 2.681437165887958 
1.002552655825394 0.5874183158322823 0.0009947785899298636 2.681030062701437 
1.002282817443809 0.5877725654400084 -7.35758396903116e-05 2.680337505579889 
1.005441782325899 0.5810456352219785 0.0002802478494343573 2.686957503493273 
1.005339313602946 0.5813658554417614 0.003459099787756658 2.686810370063736 
1.003973712502951 0.585402489405408 -0.0004116038170832672 2.684576134435888 
1.008879710077556 0.5561937971498555 0.1259225547830106 2.692223287355278 
1.002004149084861 0.5713226509120933 0.09621108084382853 2.674447164507588 
1.018823569442199 0.5400222794906896 0.1016816227087622 2.713945320709643 
1.005914540532199 0.5812453434676695 -0.0004286470673427096 2.688637108415483 
1.00778973261941 0.5761772044237043 0.0008910976361736712 2.692008065419321 
1.00734249201273 0.5777063508843961 0.006304001171463882 2.691412996595273 
1.022929488013841 0.5424861165650586 0.02202409784986199 2.724556116934628 
1.025622866821738 0.5363626257777019 0.04166672011296153 2.731108419388849 
1.014843467889805 0.5606875414945198 0.03466706738276894 2.707533304066071 
1.001375431066937 0.5864841247817867 6.282999695848543e-06 2.676895695854991 
1.000561269579924 0.5874608247052557 0.0001804500000722515 2.674758254329313 
1.001470172287421 0.5882281880436117 -0.001091532292657492 2.677783034304044 
1.003794543907477 0.5818253510013911 -0.0001610697024178893 2.68231965875312 
1.001956694889988 0.5847398279254375 0.0006361288440051963 2.677887978009479 
1.003424643944394 0.5848850443866044 -0.00387618781887071 2.682297862382883 
1.022137234704842 0.5433118464200331 -0.02261313299643609 2.723180253902295 
1.016998537429738 0.5529423391173397 -0.006890882627504533 2.710789960715718 
1.014178902172537 0.5626741444854341 -0.03116214978411064 2.706002911975645 
0.8644652348814418 0.7352359810675504 -0.08694533826422675 2.355999120540023 
0.8801019376644295 0.7311913155577699 -0.03676146897491408 2.394713880416345 
0.8501002886287881 0.7487103555980299 -0.04116569094199177 2.321928587767509 
0.9221346098184028 0.6751256748581562 -0.1490987468713382 2.490733855656468 
0.9451651718645963 0.6458980676785679 -0.163783763103184 2.545069378829723 
0.9395036533569581 0.670825181048004 -0.1000829923044515 2.53518308717445 
0.9208072423951151 0.677635374334981 0.1559740409786071 2.48902516607806 
0.8953778657051147 0.7061214211220475 0.1346161770303625 2.430106026355753 
0.9070017549573458 0.6941822605477906 0.1138563981347248 2.453558524487006 
0.8727346963541603 0.7328844482930649 0.09691358658511733 2.378719165214704 
0.8561391444144965 0.7465812945536009 0.05716713502862702 2.338796129497447 
0.8783818998040585 0.7300626413498267 0.03965765321209064 2.389029454341276 
0.9709849885613888 0.6113792359653488 0.1617147791132374 2.604943468088662 
0.9702641489113786 0.6169779888645738 0.1226335475677825 2.60031343352966 
0.991926515495136 0.5795365487115163 0.1503555620391863 2.651722862496425 
0.9690658969105326 0.6125390889126666 0.1641251014748843 2.599094671910249 
0.9481228974876523 0.6424599243372485 0.162956047143642 2.5519907079609 
0.9468990159266628 0.6487887659054454 0.1237674344441128 2.546349277490161 
1.002230972248328 0.5876120864959002 5.347411536481477e-05 2.680071530646511 
1.002127102457177 0.5879899504986714 0.0002270711118548309 2.679947207627775 
1.002050079261874 0.5879544023924461 -3.140907919800777e-05 2.679669710341499 
1.003754167105613 0.5847001752543126 8.282093401814685e-05 2.683446205097659 
1.003733464562476 0.5849235169564848 0.001382306359771337 2.683510054062003 
1.003035999361322 0.5865156993449727 -0.00012780448874878 2.68210947605623 
1.014445934310318 0.5648982769775632 0.01941734996969449 2.708180987768154 
1.012727411440026 0.5663704137282455 0.002123860435305161 2.702947309933693 
1.016616832085682 0.5561796623386037 0.009045147633202135 2.71049477215808 
1.016568365074079 0.5594344606350419 0.03489880446766381 2.71270843837293 
1.017726506259658 0.5552969644738245 0.007757651078256315 2.713612107480752 
1.021838875927447 0.5438220876440532 0.02257374567041315 2.721651473672549 
1.019397135000233 0.5411325859000488 0.09947774166842543 2.716531494387494 
1.010256209894468 0.5594334257132859 0.07884121364654192 2.693929050391631 
1.024785041461964 0.5331366673351829 0.07526750144268873 2.728350770203501 
1.008359808722802 0.5765189254233983 -0.000503975111405488 2.694058489469764 
1.01180554058798 0.5670428866904019 0.003562406940684543 2.700298226341682 
1.010286212652426 0.5722131394390805 0.01294722660579244 2.698205301179846 
1.025906478174672 0.5337442723347712 0.04360260300406308 2.730666292834655 
1.024927775701713 0.5347410432650131 0.07236322457493806 2.729607093712597 
1.013044514718846 0.5604815205891571 0.05272159443301598 2.702075490642157 
1.000570670837946 0.5874601827420788 5.493494462523209e-05 2.674776904527971 
0.9999111352498649 0.5880881138937348 1.683977430722915e-05 2.672950654783153 
1.000779704415047 0.5891358244194385 -0.0005591485977785619 2.676041454495085 
1.002118744953429 0.5849497264902943 8.176262570456705e-05 2.678535457650839 
1.001281868813593 0.5863322019971851 0.0002232010900627824 2.676557199612704 
1.002216942168126 0.586940896600546 -0.001818039266228488 2.679500713184904 
1.008450100541398 0.5754326190764896 -0.008295990711414196 2.693561594304501 
1.011390366964598 0.5663358903871748 -0.002649322126947572 2.699224628211748 
1.005532094736864 0.5756045808361036 0.00107243463909797 2.684855255979409 
1.00521324071263 0.581360254244717 -0.003472801857037428 2.686169381740487 
1.005898114249292 0.5765464614782392 -0.0002528328433131153 2.686591583637108 
1.003343161753865 0.5811175313540853 0.0002514888184007186 2.68069513068664 
1.016249450474311 0.5553868480871367 -0.008414063353161048 2.709608614026227 
1.011573830079985 0.5637762321352368 -0.001355067990140628 2.698479862038391 
1.012383359395019 0.5677254466628877 -0.017694182845933 2.702517106237641 
1.012804893722137 0.5638635751125943 -0.04295749776937616 2.702420337245294 
1.026339903725116 0.5298480985034392 -0.06135031288616669 2.731766598378248 
1.026431241758088 0.5336034224919427 -0.04074035723858704 2.733138391195625 
1.012822596120784 0.564219886601529 -0.03039018566102317 2.702278316022253 
1.02540906510443 0.5346897989557136 -0.03883623327115224 2.730120400408266 
1.022942881724079 0.5418664299377821 -0.02367736373001082 2.725180307715547 
0.9742083227348296 0.6152798229171633 -0.1248701564262869 2.61228223798286 
0.9700554298346917 0.6119893806154011 -0.1633599857532107 2.602619857504416 
0.9969388401279233 0.5748216985394625 -0.1516624280347907 2.666728561655637 
0.993318667099115 0.5853788794009132 -0.1160893128352386 2.655760003323826 
0.996975145463838 0.5723461738518221 -0.1476332583807314 2.664956496982686 
1.014666262605732 0.547558635582103 -0.123411644621349 2.707116663982964 
0.8474570054274457 0.7495705009371707 -0.03960926890585754 2.315209875823543 
0.8781875553641749 0.7345707655433914 0.00320630046736209 2.390920555901366 
0.8461531212719671 0.7531356975850084 0.00949735151628912 2.313507984161628 
1.00350104503383 0.5758101992783492 -0.08974409896030515 2.681038624162372 
1.01358906971759 0.5456996851074146 -0.1198736081979135 2.702071994069434 
1.024215207872879 0.5323101188496605 -0.09307496526932382 2.728126703775966 
1.010811676064739 0.5635981525147894 -0.07162346208599193 2.697242209291205 
1.023160851932039 0.5326096334174255 -0.09019207283834306 2.724554396906019 
1.027214797823645 0.5295748893115473 -0.06416603329459659 2.734863828921173 
0.9475056149506023 0.642774470750496 -0.1614760153393134 2.550070390761344 
0.9680122357582509 0.6152045453712366 -0.166027010555299 2.598569621362958 
0.9538374990148398 0.6497634857513865 -0.1121587106017283 2.567338912888489 
0.8945557668346175 0.7080424286246918 0.1335684759672629 2.428428443253435 
0.8729523874619791 0.7303981811556403 0.09979821751209204 2.37811958420519 
0.8918401441958701 0.7150442999245751 0.08440379398040961 2.420383883534773 
0.899416680938851 0.7133215310693127 -0.07308574107488099 2.440595577809641 
0.8678939040730334 0.7333353928846629 -0.08691170552944677 2.363820271092763 
0.8909315916098501 0.7098156094063203 -0.1259008681304004 2.418597453368263 
0.9159132348192386 0.6937933678450551 -0.1021892364292226 2.478795948204777 
0.8939813635413272 0.707349550772195 -0.1256017695862276 2.425438392825614 
0.9194120423957569 0.678612634412858 -0.1525886475382517 2.485930751269987 
0.855513067810151 0.7486742782182264 0.05461606273136752 2.338087008667558 
0.8456610672218517 0.7534719973634865 0.009758719830251294 2.312669987350971 
0.8748894676994589 0.7338002489243508 0.001105404677728268 2.380735428719358 
0.9932863344291087 0.5791361495268914 0.1476144946251922 2.656274162512735 
0.9871492826350182 0.5927131896074141 0.1158625982947252 2.639793731803496 
1.008001975252161 0.555372048566401 0.1288522138104886 2.688717128275029 
0.9461937697859139 0.6440854396645636 0.1650920473761951 2.546465688377771 
0.9221799313447605 0.6752070225530326 0.1536490706976691 2.491866478724183 
0.9292773447321154 0.6726142436727924 0.110852808999448 2.505866079010836 
