0.9999495897560789 0.5916964948768711 0.00423836535173406 2.67489249550887 
1.001043808601817 0.5895825071360962 0.002001156803606735 2.677276243206016 
1.000976741304037 0.5902044273081254 0.005224093960427068 2.677434286562644 
0.9999546480912084 0.591473034040776 0.004462276605129511 2.674774261040485 
0.9991870861852924 0.5931823582620358 0.006427309326416587 2.673251402632949 
0.9977092314422314 0.5956406141679447 0.004020523253898367 2.669793600032044 
1.003951214492449 0.5845655223675756 -0.0004582092061723414 2.684018454342944 
1.005357828243387 0.5813322307131794 0.005799289127889354 2.686860602179232 
1.003560941053438 0.5849682581782872 0.003169717471705724 2.682961129448184 
0.9974163003336378 0.5960936384473539 0.009585542245889233 2.669125354933169 
1.000429186841564 0.5903905781039378 0.009526982429955795 2.675744493140921 
0.9997343419438666 0.592075683281436 0.0136135020523035 2.674482810806395 
1.008019013158876 0.5750761839790938 0.03739523597708315 2.692850472150302 
1.005471721824974 0.5816358284336566 0.02405732543635486 2.687628268031272 
1.012874875539096 0.5664275002967352 0.02003872753830043 2.703702899227185 
0.9698127870504025 0.6388171218054103 0.04459942363632242 2.606356842474664 
0.9809278231299273 0.6208334856597427 0.05223099123855702 2.631155726730041 
0.9716701054406941 0.6348976610474053 0.06587392543690906 2.611067660854248 
1.002236946850247 0.5830238342283608 0.07455514446335655 2.680188246926486 
1.00642103977492 0.5764509523806572 0.05235456134133547 2.688839410178955 
1.011876910250194 0.5651512451800647 0.07905076711482521 2.702477410289346 
0.9901000920077615 0.6059676428790212 0.05206030873742277 2.652241128395074 
1.000478469455292 0.5888280098124726 0.04924574362917101 2.676006445620545 
0.9950548962960954 0.5990070978674835 0.06223680837969658 2.664918287345461 
0.9465594092778352 0.6651159095484453 0.08113770080211985 2.552115546457937 
0.9606562686790416 0.6502386773635942 0.0570535073244672 2.58491793714018 
0.9624201127356387 0.6444088844319538 0.09271417418346528 2.589489879970547 
0.9954879524961453 0.5982502736363388 0.02633929526434154 2.664320517897257 
1.000054302991991 0.5913808047403788 0.03410172807378278 2.675595887949596 
0.9939969825908629 0.6004136215376137 0.03674874789337863 2.661032234663166 
0.9837632787980558 0.6182027117848896 0.02532972026590633 2.637909069623529 
0.9903475854366339 0.6073959865115505 0.02876645685346011 2.652890699778021 
0.985622563831021 0.6153958311821244 0.036340162922693 2.642613373398356 
0.9825784712790786 0.6209067665262638 -0.007280478895794138 2.635439288127824 
0.9830770561303721 0.6200066065896488 0.0002713679090578052 2.636470712584974 
0.9786173542070926 0.6269470442626797 -0.003015883640833383 2.626280045677146 
0.9912581852282746 0.6067229650965408 0.01134468247714988 2.655196832084724 
0.9949056176402504 0.6004037465498671 0.01142263592976847 2.663394260028031 
0.992617876920153 0.6044906403717791 0.01772645644740462 2.658420672027198 
0.9732951832192119 0.6333934512170363 0.008580592913475104 2.61316806196288 
0.9810334224981159 0.6237896255881312 0.006065265835831435 2.632159834263641 
0.9773864219744023 0.6283321328020032 0.01914968260732565 2.623349459415939 
0.9973629237757879 0.5961681574982038 0.009196237109387301 2.668985504842061 
0.9995561832543405 0.5921395035313798 0.0140182278934786 2.673931327312409 
0.997001161037958 0.5962982804502173 0.01569029778984608 2.667954548399157 
0.9958101670684681 0.598106050134747 0.02717009361591515 2.66533426404349 
1.001147349451752 0.5892607737584226 0.02370527215566552 2.677671046641868 
1.000278626640574 0.5911791281790546 0.0331164488536981 2.67620506592224 
0.9999206003960232 0.5916329322706726 0.004038859746554932 2.674758031494849 
0.9999182451463168 0.5918870914397431 0.001729578045563605 2.674893149465816 
1.000926125555839 0.5898048573299279 0.002340792595908628 2.677018132885683 
0.9976131518883341 0.5959806995718564 0.009635060703177526 2.669710776904588 
0.9989967376533703 0.5930557385726538 0.006721056163164586 2.672538212964839 
1.000235876445117 0.5906928409094592 0.009817663997087552 2.675288484326891 
0.9992714632310457 0.5928286867519701 -9.818285609346451e-05 2.673301182796418 
0.9996857937363107 0.5920821405213471 0.000694912505916064 2.674235750225884 
0.9991713484469771 0.5931522341275168 0.001521319458445431 2.673161978086694 
0.9787812852193311 0.6203734934423982 0.09496752351570116 2.627142198351931 
0.992718133913231 0.5971890963596125 0.08603942398043476 2.657662562359433 
0.9909121257974882 0.5971165884241404 0.1159081588089419 2.654830838781602 
0.9999418447868543 0.5914994723950611 -0.00142384151443971 2.674743704850362 
0.9998260631649318 0.5919163957086662 -0.0004431867541411495 2.674601734991546 
0.9995574199675167 0.5925167141266691 -0.0008456660095709534 2.674063393578761 
0.9999880561395166 0.5915328362925159 -0.001356426678986215 2.67492432718781 
1.000216836879576 0.5914008544167388 -0.0003833245203397862 2.6755990398456 
0.9997999577845584 0.591728552963923 -0.0006515291064948394 2.674408093897151 
0.9999696874531908 0.5914039815334934 -0.001501655129589693 2.674779591957084 
0.9990897410390254 0.5932585533278388 -0.001897334642106036 2.672950179191282 
0.9999883356937994 0.5915044850330065 -0.002855778490282009 2.674904454540666 
1.000548156993439 0.590572304235249 -0.005448240950530385 2.676237497522201 
1.001268389982644 0.5895090170491644 -0.001830160447993893 2.677997560105493 
1.000052029679275 0.5914299994776703 -0.003075511601066353 2.675078328179865 
0.9965469176184962 0.597481464155894 -0.01165816603111334 2.667085080014175 
0.9992575226814263 0.5934713297566843 -0.009572402136501273 2.673668421583115 
0.996688298010788 0.5972192648469153 -0.003821910965189898 2.667348901833404 
1.000348945589925 0.5905916305930853 -0.005912726036450702 2.675575966285229 
1.001646270949991 0.5882838397273678 -0.008077409170351222 2.678577115713038 
1.002292579774413 0.5876298330851419 -0.004159998448019077 2.68033624434507 
1.004337581233396 0.5845388316639892 -0.01046851520153729 2.685385107601051 
1.00593724874051 0.581184816213739 -0.01777797358878032 2.688867154673856 
1.007692754517044 0.5781016043803763 -0.009676028285136393 2.692823764897831 
0.9890673989364159 0.610057067735688 -0.01046541237067784 2.650017636172241 
0.985776683115704 0.6149937891985374 -0.01010485971786326 2.642235173784703 
0.9866135539643214 0.613487784259947 -0.01545448839801962 2.644121518854119 
0.9926917944178418 0.6042716507766349 7.623750251383119e-05 2.658370729031792 
0.9913489801450018 0.6065416896352568 -0.004740191624371394 2.655322599318368 
0.9937861674806312 0.6023941000540275 -0.00620414668494472 2.660860555137011 
1.000561183306941 0.5906908116069711 -0.005220582485250941 2.676342967432236 
0.9991743193676141 0.5922471907941146 -0.009073689432874357 2.672675647626981 
1.001731269856308 0.5889799185433016 -0.007753908612725536 2.679244160266903 
0.9960066744981727 0.5982575855260912 -0.01217832889214443 2.665753354091306 
0.9987027394016503 0.5933881297999847 -0.02038475905570871 2.671957602707892 
1.000076516619724 0.5911690654807978 -0.01460932634668232 2.675110463806552 
0.9921462171685247 0.6039821634906902 -0.03306516350228633 2.656904102278385 
0.9940442889804731 0.5995152624097465 -0.04645800733718922 2.661016605336365 
0.9992459836141481 0.5917535697392312 -0.03625510996581236 2.673219511092836 
0.9888131613563342 0.6105130865371434 -0.01049313139687222 2.649453875132618 
0.9894553563147335 0.6093222120058566 -0.01889667310742085 2.650932156329834 
0.9927710422796231 0.6034933452028306 -0.01303849481651333 2.658241775280509 
0.9786235707950171 0.6252298288293816 -0.05253477147780187 2.626606349872212 
0.9686308008067628 0.6382785710136497 -0.06284304872195648 2.603120429657911 
0.9768846104671041 0.6248756261930221 -0.07196303243262965 2.621989407533695 
0.9987767683003838 0.5890110283584611 -0.06717337919660042 2.671641074365862 
0.9871956058536948 0.6109242887111606 -0.06595365074598383 2.646425415570565 
0.9909782507308044 0.6001206545839441 -0.0828841086296402 2.65362111826505 
0.9828099880840504 0.6211906083316584 -0.02424916621236152 2.636675754679411 
0.975908159617629 0.6303350644645797 -0.02502992725662097 2.619921536987838 
0.9798384332866996 0.6226140004693389 -0.03536674744732902 2.628153360625219 
0.9890901460842867 0.6102385712389975 -0.009863083105783014 2.650200491763132 
0.9868836602160501 0.6134456904546975 -0.0155688335646056 2.644970321009574 
0.9893372253688569 0.6094055989145779 -0.01900608419130903 2.650600718722605 
0.9828784676136191 0.6206499416996156 -0.007113046349063847 2.636241968918148 
0.9780904092421882 0.6274226436092881 -0.002895241644895523 2.624850072135966 
0.9772513200814678 0.6279540401837906 -0.01065352570512149 2.622527445263769 
0.9925018354011323 0.6032605394798348 -0.03256142909107473 2.657660223866801 
0.9868086062858692 0.6136657487092891 -0.03092146740698509 2.645225326862549 
0.9875240232287598 0.6106539643753925 -0.0422242040929821 2.646119365747287 
0.9830175271091713 0.6192401180800119 -0.006752447411346458 2.635822262077355 
0.9860116192875951 0.6153436307906419 -0.009866299721849455 2.643242677653862 
0.986874052523529 0.6144916042248623 -0.002487191128455582 2.645485386367278 
0.9676181292688973 0.6439388249340172 -0.01943068954780469 2.601813557501065 
0.9580828144789102 0.6556638584165833 -0.02170204538163365 2.579051566139052 
0.959375627772356 0.6522858042704983 -0.03785433028638623 2.581413065743538 
0.9828625043491347 0.6207087024541253 -0.006650007116442291 2.636221367329558 
0.9776016137979877 0.6276827379586066 -0.01144151094731204 2.623501757506517 
0.9819329282761544 0.6220179605903399 -0.01441052394388508 2.634106895085256 
0.973772745928521 0.634409567077086 0.008405234457839793 2.615344112877714 
0.9667522655777101 0.6437201089956311 0.009741676560778133 2.598736484840204 
0.9689277008040069 0.6414277188059456 -0.003315531810567699 2.604240026585912 
0.8971642507335396 0.7213691571750716 -0.002279428979148473 2.437736796084609 
0.9163676634953677 0.7047180582020592 0.01651212009927394 2.482949506333014 
0.8983429785727934 0.7210111262529604 0.03656034429663586 2.441551545637713 
0.9433397053250805 0.6739778331756396 -0.02484255614574795 2.544841422451512 
0.9342232351732017 0.6849658375906301 -0.002777741577405177 2.523778848492055 
0.9256705293487559 0.6940917247532765 -0.01802839735691386 2.504195350440666 
0.9775400936641013 0.624882313037425 -0.05424332022104588 2.622953983015776 
0.969831544705997 0.6402799552061188 -0.03841363828253642 2.607028120821544 
0.9681626345368537 0.6379590996808741 -0.06302894798402864 2.601474961127106 
0.9563114008516804 0.6595357385788919 0.01415000768481528 2.575838414843349 
0.945510498935704 0.6710751777643128 0.01835839558025085 2.549721989368798 
0.9481781216270739 0.66923317123183 -0.001428046484112004 2.556724251928183 
1.006770885409362 0.5798190088651415 -0.02979565664300837 2.691081464677602 
1.00511865052286 0.5805539652890269 -0.04682715110084885 2.686593109003594 
1.013053367017139 0.5650859071379357 -0.04352466625189302 2.704346627989002 
0.9963078836597087 0.59835226438432 -0.01145187724638229 2.666800344945582 
0.9956357162593544 0.599508383277229 -0.01929343824273639 2.665397510403479 
0.9986379199629514 0.5933490129468358 -0.02058433914998906 2.67172568340871 
0.9779789880471146 0.619098488301407 -0.09849319271996414 2.623919180070239 
0.9924232160403275 0.5941329652988399 -0.1153343770947367 2.658009242073592 
0.9917719107568033 0.6010411640517455 -0.08183468173261065 2.656645328265808 
0.9927331981946041 0.6041074234644194 -0.03150951421440843 2.658883545410083 
0.9877659832724207 0.6109586818047174 -0.04230150241629406 2.647056351947275 
0.9938268637689999 0.5997079839946312 -0.04624232725044018 2.66042122443569 
0.9515517340416324 0.6607767509550204 -0.07146686555159711 2.563821258145569 
0.9527561359836295 0.6539541483357055 -0.1129986991036047 2.567353081101448 
0.9636084501947086 0.6404758235014142 -0.08977193961378119 2.59054123888997 
0.9184461423522667 0.7004356271512543 -0.06279233764794251 2.488193660924713 
0.9137854087401476 0.6985676759084481 -0.1013976265894452 2.475968110838322 
0.938776473427344 0.6778421250379962 -0.07028247307444974 2.535493427515814 
0.9844999616308769 0.6178163719766715 0.004400675614659685 2.639782901636568 
0.9828648982872805 0.6198114254855874 0.0005906475421282203 2.635665545474735 
0.9865993405654787 0.6140972516397916 -0.0007985810824216258 2.644331039537685 
0.9910519034657811 0.606830959826077 0.01116342695893651 2.654580193252357 
0.9875408703668166 0.6122539630167934 0.009949010418561346 2.64634786183431 
0.9897982792305372 0.6091096314392912 0.004399069580124813 2.651784382298814 
0.9913917464345198 0.606307998190954 0.01125543428843217 2.655362639012866 
0.9887859969569069 0.6106387116505057 0.01651799868842676 2.649533403028976 
0.9875085565607131 0.6129771784287615 0.009919147848504981 2.646678755963718 
0.9957452240270073 0.59902443190438 -0.0001985886689800276 2.665296334936007 
0.9959583787152313 0.5986039176726989 0.004656121832724061 2.665765466700587 
0.993923927092471 0.6019799370683749 0.004415194993254259 2.661066793553355 
0.9554172785810541 0.6599597109904379 0.01351004236551544 2.573265420606295 
0.9483656252997755 0.6691755663982923 -0.001474880439858775 2.557191904699308 
0.9596898700966524 0.6522374046765829 -0.008238401950622273 2.581695423057663 
0.9433091496288678 0.6746988449385894 -0.02341357972595315 2.545205097576847 
0.9328076578389686 0.6859007655155333 -0.03978779757894038 2.521146415702197 
0.9446460486144066 0.6713357597268939 -0.04888925385697928 2.548255677623101 
0.9443849349657477 0.6741588074821558 -0.0233589580065291 2.54825538746752 
0.9255431184364588 0.6940178759048347 -0.01837295370659255 2.50366179662495 
0.9321344214334102 0.6859682898202607 -0.03851150002079368 2.519062730450409 
0.9184185019405655 0.6985405667358778 -0.0636847910859477 2.486734186606162 
0.9057159044597772 0.7148762446458625 -0.03661547253043539 2.458656312011839 
0.8971091538248469 0.7178063962481008 -0.07343726246057922 2.437689237999056 
0.9457220388570917 0.667278672648715 0.07987646314879586 2.55075418817684 
0.9343667006189524 0.6809054671641369 0.05656207465779815 2.523250638629423 
0.9469219023319834 0.6696524658306204 0.03897076481571807 2.55357994365573 
0.9730896408683117 0.6350477910172909 0.007784829888124381 2.613559592619779 
0.9781285741325844 0.627020369016925 0.0195874430000187 2.624884326012197 
0.9704998727053631 0.6389729763777134 0.02149414525835691 2.60792644657514 
0.9793069807162359 0.6187133051653058 0.09376127199904206 2.627514528275393 
0.9751972531273497 0.620294392344769 0.1227563997566181 2.618524096206892 
0.9632411913648388 0.6436172527577795 0.09363494817795076 2.591692764527466 
0.9694730083810148 0.6393898804800402 0.04386281607661748 2.605599947011592 
0.9611091933756507 0.6503779223654493 0.03252774040784104 2.585562048213625 
0.9696156946318921 0.6398140477951869 0.02143214603944006 2.605563167790894 
0.9897001292797269 0.6078579165587638 0.05165435300904879 2.651971816459845 
0.9804796315339711 0.6217163148065217 0.05224626140057474 2.630452552729482 
0.9849979505506981 0.6155585917695018 0.0363021377498858 2.640599017573715 
0.946609213951635 0.6659397810122616 0.07902356011297446 2.552703276793514 
0.9471926237755572 0.6705348668901233 0.04057249703845287 2.555146231169729 
0.9621925392324402 0.6487402052212543 0.05913968416392164 2.588719063990052 
0.9099480678998051 0.7062558815845401 0.07421324440279052 2.467475223499016 
0.8933105934125196 0.7210830813858395 0.08413850390300218 2.429583127270551 
0.8968446473729601 0.7210729012408114 0.03715978255900799 2.437142445039357 
0.9470541517709928 0.666369227694969 0.08099276913027335 2.554059062595135 
0.9312412107195102 0.6862109500649897 0.0795920022811972 2.518887088286447 
0.9346073322673869 0.6813830963032893 0.05621558768132236 2.524148817731438 
0.9475727526206391 0.6657985253428151 0.08059668794259651 2.555424800925899 
0.9359360434059361 0.673869587063216 0.1109161499016317 2.527838992207494 
0.9304709892499921 0.6848970615717983 0.08166107503011545 2.515742493486718 
0.9911712404265801 0.6066751203407268 0.01090658884927707 2.654870660147547 
0.9922823696099703 0.6048253948849701 0.01826969445806567 2.657518873791123 
0.9887026008115432 0.6103389848843638 0.01707653625619494 2.649080827877077 
1.001441459089722 0.5850959966857228 0.07385977305956234 2.678579316072587 
0.9925423205990398 0.599066473423568 0.08599293158323777 2.658423675653451 
0.9942876723587621 0.5976721242311084 0.06164152687318547 2.661513876146211 
1.000056673764478 0.5914975610543476 0.0006646322246078674 2.675123385302212 
0.9998949039149163 0.5917821514020263 0.0002153663120580975 2.674753574685062 
1.000212160198756 0.5912340153181669 0.0002078857208419453 2.675484287363203 
0.999424720413186 0.5928182467784359 0.0001137090530233489 2.673804536470378 
0.9998027898371259 0.5918758129375168 -6.502812054239355e-05 2.674502421355475 
0.9996251583004275 0.5921516520871368 0.0007655667823328111 2.67407592849831 
1.008356018937019 0.5761317497548601 0.03877256263042941 2.694630275768205 
1.012991316013002 0.5651625409318256 0.01893814897725381 2.703314307419399 
1.015048152540998 0.5621273179779515 0.03425425620608841 2.70902187923279 
0.9888768611729797 0.6104860731989766 -0.0001359033031455583 2.649593157576152 
0.9925447380901945 0.6045416545106131 -4.725993700292982e-05 2.658033484898326 
0.9900177035563517 0.6088309285857543 0.004648915414786373 2.652348480934559 
0.9993136672044951 0.5927437840746747 -6.922102247827137e-05 2.67338973246921 
0.9990387763322436 0.5930226228423291 0.001749935454868683 2.672644562261235 
0.9983787276304683 0.5947851504249285 0.0002624458356434485 2.671498677379341 
0.9999371357469852 0.591689082591985 -0.0001426580059465901 2.674836504254611 
0.9999716010510876 0.5916220684364287 -6.502612739744269e-05 2.674911520382548 
0.9997837645539874 0.5919148029012672 -0.0001191030491975877 2.674460310343807 
0.9999500470921834 0.5916525336590162 -0.0001876362511573096 2.674857207882698 
0.9999964227603025 0.5916285395612196 -0.0003041759926087924 2.67500251904581 
0.9999655146620845 0.5916168982929678 -0.0001186773072829102 2.674887146421549 
0.9978836483424491 0.5952410976935614 -0.0002156511760774343 2.670122862344335 
0.9990456994336498 0.5932570591287629 -0.001823743831610953 2.672804749534072 
0.9990492872715385 0.5935626413690931 0.0001726348871947852 2.672996054994758 
0.9926804732186726 0.6043150293247238 4.734093888725754e-05 2.658352935828027 
0.993679286909012 0.6022050563822465 -0.005901103985150273 2.660389190997791 
0.9960162743516895 0.5989084574610892 0.0003127810410586619 2.666124975765015 
0.992695438669115 0.604216843110332 8.130109021924494e-06 2.658349567204648 
0.9899044885386277 0.6089848263324865 0.0001213408842112226 2.652048913886849 
0.9912015456933347 0.6065614925926029 -0.004760806146514006 2.654856378557826 
1.004304306151532 0.5845050790236102 -0.01050483253082388 2.68528224673137 
1.007261417246559 0.5788876250888648 -0.008383760512764524 2.691802955906224 
1.004027162464896 0.5839947193792818 -0.00323777341607762 2.683894422427096 
1.006246790296918 0.5791051691295015 -0.03122140276908529 2.689000419504287 
1.013143500777955 0.5653426552000672 -0.04312708726642091 2.704751200200531 
1.013372021264556 0.5662619551301411 -0.03119621886397777 2.705595975973404 
0.9889972299942154 0.6105663579903576 6.713302495258076e-05 2.650038596761858 
0.9878847950548981 0.6125096663367223 0.002786326057531172 2.647588515303995 
0.9869533421139455 0.613278603501957 -0.0004659940463501356 2.644993875046826 
0.9776508896198762 0.6189766396605194 -0.09817088388098059 2.622950561153838 
0.9744897532322686 0.6224346943323427 -0.1275023725872204 2.617950132948117 
0.9935797475182017 0.5953123466068325 -0.1188090987800672 2.662799406824412 
0.9983843133634748 0.5896801041089944 -0.06739982464922169 2.670667170823134 
1.003736233279074 0.5778453168410075 -0.09004418973217224 2.683395184735574 
1.011428982379878 0.5674034165584479 -0.07251876936596352 2.70176913843745 
0.919423131648158 0.6990102942948621 -0.06145973629755734 2.490064734407205 
0.8986990286267823 0.7169626336304102 -0.07451986826168715 2.441658276854267 
0.9135134606620479 0.6997257855919813 -0.1036465998799736 2.476530497001454 
1.00108991168067 0.589685998055351 0.002233950072340422 2.677493124137734 
1.000957732031598 0.5898152017989187 -0.0001676178856562425 2.67712614684745 
1.001703607632779 0.588585730425884 0.001361913097977706 2.678887697386801 
1.000834873166018 0.5898761966145939 0.002023760753028606 2.676754006025149 
1.001793247539368 0.5882151142676222 0.001718052060262109 2.678967527405083 
1.001026542355351 0.589785531447057 0.005162873589501681 2.677350990025546 
1.001043996423131 0.5899290392765125 0.005534946837265404 2.677494703252187 
1.001873800139877 0.5879900111203704 0.001309400776047237 2.679100233950542 
1.002544786630283 0.5874678922470207 0.005624473701390556 2.681049062091112 
0.9991650053209307 0.5929137071413462 0.006876087994957029 2.673012338864407 
0.9975435168853355 0.5960770857501874 0.00919521609015154 2.669541549595169 
0.9959719418978255 0.5985557002726669 0.004824959256973012 2.665778993577543 
0.9990310636927793 0.5930973826634653 0.007015619203883734 2.672682449383575 
0.9960875066814587 0.5985448400262303 0.004959795280724368 2.666155019563464 
0.9975672925547073 0.595730090318903 0.003951732259534531 2.669373759705066 
0.9977025290103302 0.5955327495072568 0.003980466057512944 2.669702907366442 
0.9961366270902128 0.5984835327179379 0.004447299732315431 2.666285321004269 
0.9956921907964371 0.599078061720426 0.000111359908245842 2.665156025482334 
1.005671481352716 0.5808738751496937 0.006263043311646969 2.687637920379951 
1.004429485739491 0.5835145692989381 0.01628303040115089 2.685135398547797 
1.0031527185372 0.5862668559836124 0.00959018804908974 2.682389681554256 
1.005280724764664 0.5810712606396312 0.006379818991024095 2.686453491658506 
1.003535204444635 0.5859965855803867 0.01004238428091307 2.683519710528974 
1.003611510218441 0.5845702267593119 0.003154747350874497 2.682890003701774 
1.003656738387447 0.5845846530815658 0.003228965906312064 2.68305505203052 
1.003463770419621 0.5855382570396941 0.009502373008951371 2.683011231401917 
1.002356471727976 0.5878019353959506 0.005725212030384948 2.680614081738861 
1.000325629736629 0.5911382943661337 0.009854429895478483 2.675847357943956 
1.002650490778952 0.5867205756789798 0.00603275544464314 2.680960135059385 
1.003413383014951 0.5855648126026261 0.009750244671821279 2.68285902044658 
0.9999992757086752 0.5914607136203514 0.009510787521504988 2.6749446854197 
1.003437278805892 0.5853080870904818 0.01044972843886992 2.682794600930834 
0.9997724827123657 0.5916886887514186 0.01402199131720984 2.67437933644893 
0.9996945079421856 0.5919638643700594 0.01439356449880425 2.674286435024519 
1.003661175478959 0.5848296495322532 0.00988927800214022 2.683247113664041 
1.004106203687497 0.5845205623158339 0.01632849860380391 2.684643085163605 
1.006081552201721 0.5798813049530305 0.02408395682611222 2.688715030977825 
1.003896894030239 0.5847285457785132 0.01641232579577826 2.684048024765921 
1.008298596915926 0.5758236486200966 0.01277048191669318 2.693577939909234 
1.006254297929974 0.5810879105784063 0.02560061400264849 2.68999619680363 
1.008340813895799 0.5755968857081295 0.01244265175869929 2.693556859241627 
1.012316263855202 0.5667686911485196 0.01967455795996387 2.702037005697833 
1.01271820700577 0.567604642599366 0.01813364384363339 2.703855712599602 
1.00808356817944 0.5764561142537454 0.01209136857208139 2.693203526070178 
1.011600002559972 0.5701058745799547 0.002445820161007818 2.70130130176149 
0.980462725008777 0.6224194578358065 0.0527175027005934 2.630848098546514 
0.9905587449421112 0.6048863969191557 0.05143806998961038 2.652927165371354 
0.9860903839744511 0.6121671532212877 0.06825958350425768 2.643799860364663 
0.9800905875234227 0.6220636196720195 0.0511238364822883 2.629287206794002 
0.9857780212258525 0.6130063069317417 0.06968414349894962 2.643263430523044 
0.9716696821397189 0.63365946133974 0.06762584073302914 2.610341547298835 
0.9714077687024424 0.6356281005103001 0.06816447616177568 2.610722920268474 
0.9868704104371979 0.6097671919494276 0.06885952583308763 2.64459602645624 
0.9785849183835041 0.6205735014275856 0.09264208348065144 2.626500881178224 
1.006595100847449 0.5769998382532814 0.05388014245345602 2.68994223708372 
1.007580907594101 0.5763871932478261 0.0370955946340106 2.692061573200544 
1.013833630780886 0.5627771225969285 0.05293949117084786 2.706091733691919 
1.006015228710775 0.5768878503676793 0.05213784836200989 2.687786142183031 
1.014512274500467 0.5622083294224092 0.05186368542865259 2.707880602374379 
1.012676715485821 0.5652454559588527 0.07792010678869261 2.705132968672435 
1.012684671582866 0.5625113451603601 0.07964972793650757 2.703859860108792 
1.014036368321212 0.5641136214720981 0.05148505011049281 2.707252475340059 
1.024679966948616 0.5371853001323978 0.07548951392767568 2.730258317172133 
1.000543838859801 0.5894946877631407 0.04978703021732599 2.676797670602285 
1.008023738305203 0.575154651700781 0.03778993076577252 2.692782285740608 
1.006825989508508 0.5776846790177725 0.05331324916637493 2.691022903867768 
0.9998682128799067 0.5899260595194451 0.04884503751166663 2.674734067620626 
1.006457223855701 0.5779102147668336 0.05499321161503821 2.689952574746594 
0.9950334808295174 0.5968325025614406 0.0632419520971419 2.663598696705064 
0.9948675416919318 0.5977866284791786 0.06371706974374111 2.663666546187438 
1.0068216331019 0.5754828991976855 0.05353135750339162 2.689544971837798 
1.002381662254702 0.5843517015750311 0.07334039533755955 2.681309226539586 
0.9607965990359365 0.6495648702167959 0.05893887284899507 2.585244204205539 
0.9697407115512194 0.6382116792051175 0.04323799606859659 2.605636243604118 
0.9707152617210065 0.6360400447407346 0.06680079296336774 2.608708673253003 
0.9607946546291959 0.6510836509856053 0.05903589186729066 2.586111631555959 
0.9722901547653721 0.6335326670118808 0.06655649406650872 2.61195595491175 
0.9629215940836769 0.6431691869537616 0.09104556025376771 2.59030487095318 
0.963407990971026 0.6422949830764758 0.09230938970183671 2.591405182826551 
0.9706889519154264 0.6348380943590575 0.06552198103717843 2.607667138575409 
0.9778903253309458 0.6217128191490767 0.09382218973167972 2.624911735229437 
0.9997587411908631 0.5914219421218825 0.03309627722325333 2.67458712275032 
1.00754511125742 0.5766656163731465 0.0384615476596739 2.692132588095871 
1.000284841537854 0.588379065347683 0.04866977365452403 2.675235331773847 
1.000703067152047 0.5903096526786754 0.03350021100471869 2.677053127617818 
1.000036134204474 0.5897856747409643 0.04799246543910254 2.675175302944993 
0.9939859650366917 0.6020939063628677 0.03767398264667633 2.662003378324678 
0.9936582450948002 0.602209965356863 0.03623292967627557 2.660912980842729 
0.9997376599881104 0.5900813877263107 0.0494758109644278 2.674382972466955 
0.9901335384455722 0.6054989751543758 0.05183706743353121 2.652037237796869 
0.9901903879806194 0.6082589233187898 0.02916348344598855 2.652973015446399 
0.9960058127015474 0.5976235418097957 0.02669333322284368 2.665633671839175 
0.9940762023263735 0.6006897827205057 0.03637568123366237 2.661440043418112 
0.9898691271352791 0.6081965235741941 0.02820046505042573 2.651835579126416 
0.9939041628330545 0.6011401955239479 0.03749438036655807 2.661144589450154 
0.9855278779757795 0.6141892201026861 0.03762520068025969 2.641594089279685 
0.985421454092829 0.6160019888593996 0.03813991800047904 2.642358605453269 
0.9945090150774739 0.6005222353538259 0.03720317952039792 2.662666373751284 
0.9901920585329804 0.6070450802960494 0.05052183095921976 2.653091920119659 
0.9829290294103532 0.6204027633368021 6.401309338382994e-05 2.636247789057812 
0.9850108145738405 0.6169092255188636 0.005165821600777143 2.64088024712376 
0.9809997515092864 0.623087067433945 0.006069182782261332 2.631640376739274 
0.9830680126140821 0.6200707536353366 2.240048879321633e-06 2.636487243655757 
0.9806031592321044 0.6239416411494509 0.006710677317709261 2.630862046548685 
0.978113484274594 0.6269987575774991 -0.001998780600944687 2.624665306108266 
0.97827695330634 0.6281612260208138 -0.003024092544656101 2.625969777625919 
0.9811803249621165 0.6235365835311427 0.006842544722684521 2.632465959336418 
0.9738336823452688 0.6334740378569371 0.006921934819683936 2.614967731849444 
0.9948734069849593 0.6010481995704474 0.01172707377160843 2.663700534731885 
0.9975755033379865 0.5957562396636233 0.009434843047149954 2.669440825504167 
0.9969936809897999 0.596462823874313 0.01558171160379855 2.668021396365345 
0.9946273487665904 0.6010801274503369 0.01101787826240844 2.662891381528547 
0.9969505995648064 0.5965911728002894 0.01614939765714313 2.667952546590999 
0.9926556645520239 0.6036999685379011 0.01834481784300385 2.658074636583782 
0.9926400934865556 0.6048225395129158 0.01882511997442374 2.65869778125871 
0.9973400664062513 0.5961424518616518 0.01586631914185774 2.668936594032751 
0.9957314518777575 0.5983756510730327 0.0259151501565839 2.665199920409774 
0.980711396508954 0.6230755943647833 0.006841014812321733 2.63069182364621 
0.984832171888776 0.6170798271217296 0.004859329450294473 2.640405500752588 
0.9832972284486766 0.6197720884043145 0.01230839082119861 2.637124162716729 
0.980794902829443 0.6240346006609789 0.006182316965021125 2.631543550437392 
0.9840340133944375 0.6187264668676433 0.01237420080362818 2.63882919142714 
0.9779514275875894 0.6274726067729471 0.01842550245433207 2.624656617846296 
0.977823963374495 0.6270543034135074 0.0197987242338719 2.623987161254558 
0.9834070657980603 0.619315820980601 0.0117516920223222 2.637157164251427 
0.9834623756737784 0.6189426973052652 0.02472760629436849 2.637370444511002 
0.999435358757027 0.5922316896094422 0.01337510977584872 2.673556995540304 
1.003969900093667 0.5845396630811357 0.0169399731952444 2.684204976340409 
1.00074862639078 0.589195187766164 0.02301880018129513 2.676336574181381 
0.999940231529508 0.5915909459821007 0.01352580143009716 2.674856741952115 
1.00057840222725 0.589855314997353 0.02277408910146841 2.676141338118149 
0.9970397254414637 0.5970198905153495 0.01630055296911051 2.668506905183226 
0.9968405746901854 0.5972468715828679 0.01531756999860285 2.667952896810279 
1.00044375502513 0.5898390114593858 0.02373384457607964 2.675696026090083 
0.9957496552390867 0.5974677689221026 0.02656434400840441 2.664739887232445 
1.001065064794509 0.5903424635342912 0.02434097982083577 2.678084089983373 
1.004392838704117 0.5839041050567699 0.01669680287240112 2.685222384775199 
1.005872239162608 0.5804708996395664 0.02440109854300583 2.688342124669739 
1.000532031474341 0.590694739458595 0.02326808151414664 2.676480722625907 
1.005988878485202 0.5803885032709479 0.02522005240716431 2.688688922243541 
1.000374728169593 0.5898173084559911 0.03360288623824646 2.675752248256453 
1.000431216072166 0.5911113086207912 0.03481431925684023 2.676720314207143 
1.006362591708021 0.5796675089005705 0.02461092226537997 2.689461464501595 
1.007599495563835 0.5765526948059322 0.03746651850885234 2.69224509130928 
1.000030611467475 0.5915421088353914 0.001704984971978753 2.67506412034089 
1.000012739935856 0.5917022311680151 0.0007389296883907726 2.675098104796083 
1.000455244685853 0.5906999426312778 0.0009193478628930528 2.675977615482324 
1.000039456395232 0.5916807905571834 0.001975865733357441 2.675175772713818 
1.000514468161494 0.5905765034117383 0.0007600235898938218 2.676101082689064 
1.000900122965935 0.5899413893971408 0.002110037632722746 2.677011713136601 
1.000966049349292 0.5896606418927941 0.001967494558527085 2.677065675734041 
1.00039733209785 0.5909930922257367 0.0007665836689356449 2.675957074338951 
1.000997111284324 0.5898270664955843 -7.247896998777949e-05 2.677264845936931 
0.9991840919572264 0.592928066739566 0.006580024797641113 2.673088419696144 
0.9997334211917385 0.5917749073219596 0.004307997542424887 2.674218684556281 
1.000731980880742 0.590092277381046 0.005741702224601659 2.676555974015223 
0.9990919677068771 0.5930351792283721 0.006671405586168776 2.672846080911749 
1.000861097985864 0.5898508437579466 0.005407186031872071 2.676838453514652 
1.000420893201174 0.5909923970152334 0.009082952193939184 2.67607777184184 
1.000412887660102 0.5907433245893228 0.009273978535481226 2.675900851651944 
1.000644687332643 0.5902475651100972 0.005435665154822659 2.676350213077254 
1.002431392825679 0.5870973605042785 0.00641204997733757 2.68045736370143 
0.9996485204400526 0.5922383804331798 0.0007841747341446457 2.674204880228056 
1.000094168134024 0.5913173974792202 0.0007310951559213765 2.675141269191072 
1.000006288759494 0.5915730985119957 0.001683558695161697 2.675001601119014 
0.9996219357339603 0.5923052798987972 0.0007020443326129867 2.674155670931653 
0.9999757230568176 0.5914258791402518 0.001966399348428361 2.67481310647251 
0.9991941558844097 0.5930845573291509 0.001684811084243028 2.673197511472624 
0.999110709345497 0.5931343074822104 0.001674642571335912 2.672949465024933 
1.000105763547457 0.5912391436968862 0.001722266816141578 2.675133406495431 
0.9998142589201772 0.5920256135288849 0.003963017898706528 2.674637006135117 
0.9924034589768672 0.5990112526617808 0.08715290816263237 2.657995095119202 
1.001951175368305 0.5824646801995681 0.07345627158341489 2.678717179868234 
1.004726262691235 0.5757445909917709 0.09719102252612347 2.686106217579247 
0.9916573266997885 0.5985808320789651 0.08475019127712696 2.655051346951201 
1.005091061695919 0.5755936914012094 0.09733431231330855 2.687038601953768 
0.992024010961628 0.5965275497130346 0.1155599118487296 2.658153269069309 
0.9917540793898326 0.5957992201519187 0.1173700555743622 2.656919466934357 
1.005375338275308 0.5731250011348658 0.09654314108268847 2.686573440970483 
1.009826190814267 0.5585668238574225 0.1291275043428043 2.696971691420145 
0.9998521331640435 0.5919733033232035 -0.0004521720823839141 2.674721674387095 
0.999907641838205 0.5917039031548749 -0.0001182919461941943 2.674747171032242 
0.9997708065429858 0.5919265708643685 -0.0001156126626289019 2.674424238318516 
0.9998865466364507 0.591951046540525 -0.0005504935493431739 2.674822944147896 
0.9997809610012792 0.5919218960654981 -8.445540738474558e-05 2.674455222376056 
0.9995724561230303 0.5923209987325366 -0.0007780701000918503 2.67399815462934 
0.9995367268686912 0.5923338389491143 -0.000785712335527263 2.673887387478787 
0.9997946621494928 0.5919621213085259 -6.043402173023165e-05 2.674524398626882 
0.9994777024042729 0.5926400542653522 -1.428713323209065e-05 2.673872474410305 
1.000171397199354 0.5914902936787582 -0.0003230719220923467 2.675446542811196 
0.9999477020500374 0.5911567914997893 -9.581208087167012e-05 2.674776320789674 
1.000028884813878 0.5917427135884422 -0.0002531946750403599 2.675090546349899 
1.000149359378875 0.5914388115298982 -0.0003595507914433736 2.675397116665443 
1.000032915707628 0.5915916646856465 -0.000205998633054869 2.675100817538161 
0.9998767413672482 0.5916755697908129 -0.0005564062083921585 2.674631998091582 
0.999858083179373 0.5917671202679794 -0.0005452052656809305 2.674622179598694 
1.00005491805314 0.5915878583923708 -0.0002932747475825843 2.675173205951167 
0.9999111843756089 0.5916766817315673 -0.0001908997000501387 2.674742186986794 
0.9990706253662379 0.5932164969625542 -0.001825002468588941 2.672862830630628 
0.9977776033699732 0.5954342520379001 -0.0002149555566730681 2.669886852997707 
0.9983084466245278 0.5947709988402141 -0.003469214141023769 2.671259630283892 
0.9991094133229949 0.5932732785084085 -0.00175207089545651 2.673024047035949 
0.9985671993084332 0.5938508071626828 -0.003684748485865213 2.671570527896037 
1.000145369634953 0.5913649614342458 -0.003103908838693313 2.675344548544051 
1.000075324093116 0.5912865167358705 -0.002830564006548726 2.675064427704752 
0.9984163622945098 0.5940239640871358 -0.003827774370870693 2.671172990596717 
1.000222859138838 0.5914935380311362 -0.005530454951380739 2.675688465990292 
1.001094715007844 0.5901302152351172 -0.001538063410543785 2.677666182156662 
1.000571149637183 0.5897822568936014 -2.912816706396229e-05 2.676151195749206 
1.000466671524977 0.5909603155712566 -0.001013392235703132 2.676052921565429 
1.001038022789809 0.5896492082158596 -0.001724259738196777 2.677313274144407 
1.000479780927344 0.5906705894911555 -0.0008531549834315472 2.676055870073092 
1.000206803006914 0.5913511960325835 -0.002905845007507373 2.675546368224036 
1.000162356083745 0.5913071527597747 -0.002796951883988434 2.675370826561156 
1.000553017066965 0.5908447329168589 -0.001096330592413393 2.67640441849718 
0.9999530078539999 0.591564241700227 -0.001592583475832692 2.674820062077933 
0.9991922139646122 0.5931157141993859 -0.009079827448399559 2.673240070537062 
1.000511700767556 0.5912197959683705 -0.006087013111786953 2.676489012164265 
0.998178785784548 0.5942258243003611 -0.003493315201672199 2.670502681896014 
0.998978219067074 0.5935940217871166 -0.008952620235437405 2.67281078048378 
0.9982867482186921 0.5942511295272279 -0.003097354764505274 2.670879413632509 
0.9966504686169424 0.5972592617406488 -0.004080334702178513 2.667247147130011 
0.9969262103495117 0.5968860268948553 -0.00393496467704416 2.667934303282369 
0.9984525030499249 0.5946341993335699 -0.003745577856822081 2.671657476969049 
0.997782907284593 0.5954969733361152 0.0001499483260998975 2.669941726157226 
1.001534111807452 0.5877109530434549 -0.008439284344887974 2.677893769988403 
1.004129406425981 0.5839222005231758 -0.01030336102923473 2.684348139509613 
1.004383665125682 0.5844618670749075 -0.004041380948097172 2.685399042336026 
1.001769851271522 0.5875567323308436 -0.008003678575416381 2.67858629085251 
1.004221596791421 0.5845613016654496 -0.00409917472721892 2.684916034517124 
1.002228046085199 0.5877472304301362 -0.003655511478501731 2.680169150958492 
1.002198592238339 0.5880808302968843 -0.00402089047977783 2.680080084904001 
1.004204848662746 0.5851077724912835 -0.003598634159291603 2.685077995797526 
1.002883192296784 0.5853282663239561 -0.0003379361194396897 2.6813171750657 
1.005992817038288 0.5820107229427489 -0.01787614147835666 2.689527744553213 
1.007081287912587 0.5776655822870409 -0.03084800055756053 2.690949336888107 
1.011656973510886 0.5700927030562132 -0.01847998712164515 2.701653071166844 
1.005725411746425 0.5819357043305651 -0.01855354442282217 2.688609917992537 
1.011112998945361 0.5709978459540277 -0.01710294411298025 2.700306440997555 
1.007324124121093 0.5773633838994364 -0.008350300154039191 2.691151355958223 
1.007374522823066 0.5791008395301416 -0.008780632408479525 2.692064828079134 
1.011816887030146 0.5707605062986261 -0.01692933456873492 2.702323583275071 
1.011404216807921 0.5690207918694237 -0.003502679896862491 2.700792485343319 
0.9859772415057565 0.61429136608454 -0.01024571488866223 2.642460121318934 
0.9823707078423778 0.6207653238642847 -0.006767801192722656 2.63464450381719 
0.9817269635882417 0.6219797222184428 -0.01389922235349025 2.633384671499949 
0.9861084445790692 0.6143948466745214 -0.009694630508331817 2.642950642598583 
0.9819380590162906 0.6216564950495778 -0.01450433237221407 2.633868962829589 
0.9868232654908892 0.614133782639374 -0.01632225674339301 2.64523268798968 
0.9868295412480678 0.6137713900572009 -0.01626309696974611 2.644993692744143 
0.9815014730324475 0.622090516072479 -0.01439120957695366 2.632682932107032 
0.982319393222424 0.6200426431406773 -0.02365299449147091 2.634305553414025 
0.9912878054997386 0.6066790409484762 -0.004196874637112081 2.655200439999485 
0.989207458893152 0.6101221685985146 -0.01033976843528068 2.650512680764215 
0.9926601677637965 0.6041793051464818 -0.01299557940347343 2.65830261857755 
0.9910696005963009 0.6069338369048829 -0.004609503323086813 2.654632368464678 
0.9926494633817345 0.6040547984429433 -0.01253023720700667 2.658188130200044 
0.9937641318174039 0.6019403662193272 -0.006061846675581443 2.660518368913637 
0.9937919935315284 0.602095248084129 -0.005842582692250876 2.660707420262112 
0.9929820401058206 0.6037722724443536 -0.01274230011070812 2.659102461482926 
0.9963826819347363 0.5982793903162941 -0.0125788155476412 2.667033390658701 
0.9992398317875697 0.5927583315048324 -0.008797566122831894 2.673191108845292 
0.9963368313062763 0.5980880117873462 -0.01230408222357658 2.666742626158214 
0.999850363894114 0.5911723364933572 -0.01404367893117229 2.674356986731655 
0.998985871415153 0.5924570014974975 -0.00945669263466401 2.672177084934992 
1.000157891767802 0.5909578145360582 -0.01403126187710905 2.675231785041223 
1.002014765562117 0.5888522475693299 -0.007963690329247246 2.680113603719884 
1.001903358896541 0.5884360400695237 -0.007399447609924291 2.679508258636733 
1.000368663101894 0.5911936690765983 -0.01443300672136363 2.676057470969878 
1.00405122916285 0.5830974011774714 -0.01079788085031063 2.683608765100794 
0.998320959824156 0.5932302932900101 -0.02141866953845553 2.670569987123584 
1.005855708098995 0.5805752826408614 -0.03111289552102304 2.688548767505146 
1.00558976750224 0.5807423047183889 -0.01867485350233924 2.687480248853852 
0.999289614929999 0.5923446912723755 -0.02094441277916736 2.673258040428707 
1.005248700716859 0.5810653084398156 -0.01886474774272333 2.686535793117857 
1.000130164619926 0.5918982925697784 -0.0138259934092157 2.675670446539295 
0.999853174336375 0.5916359170042403 -0.01492936998980059 2.674610689834301 
1.005155927279517 0.5814534867929166 -0.01807029392593704 2.686435511299907 
1.004154971509919 0.5830181717160636 -0.01074424860617979 2.683906845272292 
0.9935241867550945 0.6006731355330376 -0.04744472683313498 2.659990862234829 
0.998644281455577 0.5899267755596099 -0.06654227896336852 2.671671916992666 
1.005160722864432 0.5802084085849096 -0.04788048062446275 2.686672594422632 
0.9943178421325811 0.5996759318437553 -0.04701544673658142 2.661964318884283 
1.004437934943236 0.5804997095711998 -0.0473273520905088 2.684446225851606 
0.9995848346560063 0.5928172057645076 -0.03494263749203549 2.67489544461223 
0.9989113796496498 0.5925229209134862 -0.03725450193816447 2.672545367762645 
1.004516551563319 0.5806650686147009 -0.04667937049459939 2.684761995452478 
1.006466042681478 0.5782406876905885 -0.03101465355526765 2.689290206387891 
0.9890263801628126 0.610011094742316 -0.0197065897222966 2.649941498777929 
0.9921923559649972 0.6042872640375047 -0.03132621064231499 2.65723893633645 
0.9952463627830868 0.5986738398355871 -0.01997992301100597 2.663635338566197 
0.9896255858569831 0.6088252211307184 -0.0195054664190281 2.651176837963216 
0.9952356751997939 0.599634821884291 -0.02033873495776992 2.664176796570942 
0.9929902083277945 0.6041061836651932 -0.01218813425637163 2.659312464399997 
0.9926274523430516 0.6044469998844823 -0.01289444376929749 2.658319927654662 
0.9950785129606445 0.5995644123214485 -0.01935258740467159 2.663598451894952 
0.9963435301859561 0.5974268719973456 -0.01212880489181737 2.666386748677328 
0.969236176723291 0.6398237282279007 -0.06187776145763221 2.606164797893442 
0.9528298664741082 0.6590882987653924 -0.07170193747612784 2.566783512402997 
0.963880072539222 0.640690761156766 -0.08868507769124641 2.591383475649634 
0.9678739791265992 0.640639163541657 -0.06318620620138271 2.602334798018242 
0.9647449187747456 0.6402780708051552 -0.08851878021685064 2.593839053628793 
0.9772689405518793 0.6243672721243982 -0.07290242339479325 2.622967297563549 
0.9777585761735382 0.6254702521576574 -0.07113270268079473 2.625096984334941 
0.9650750868770177 0.6400389186631436 -0.08902895979213285 2.594635271460205 
0.9778645062340435 0.6196515278711335 -0.09772200590660796 2.624009314115249 
0.9873427306721834 0.609590150657053 -0.06525704195705692 2.64614331350615 
0.9778097036995503 0.6254927851899923 -0.05403628184796193 2.624157681331195 
0.9772379575910679 0.6246185622864787 -0.07266677143613084 2.622984563804017 
0.9879820068045079 0.6107347478823962 -0.06370019104920721 2.648821655805338 
0.9772141768745031 0.6251526484162807 -0.0731215666075585 2.623061262800841 
0.9906525877053882 0.6002718157374403 -0.08296675970808634 2.652671760395665 
0.99139997703978 0.600304454873628 -0.08399076834757337 2.655168254565679 
0.9765775259732776 0.6259135477002786 -0.07314538710762898 2.621566793160639 
0.9781867092911678 0.6194578663902103 -0.09826078969815025 2.624916194362002 
0.9764592756227112 0.6305101453522821 -0.0247981972659481 2.621848870692822 
0.9668402687299534 0.6433079595927531 -0.01996393250504443 2.59880196810526 
0.9695674011799109 0.6372048397999126 -0.03744602267563232 2.604219546548512 
0.9758339077587385 0.6308555815722668 -0.02509083682050066 2.620029157322944 
0.9706747228876127 0.6366616615321297 -0.0385690931461676 2.607469112760188 
0.9803364935457629 0.6230627730965201 -0.03661057233158332 2.630114209402474 
0.9807736688312285 0.6238260911696083 -0.0350730569084562 2.63195560489219 
0.9704230076074015 0.6381792073166189 -0.03838199171157286 2.607528634646614 
0.9773084165508164 0.6251184375395497 -0.05292310326004225 2.622270116754767 
0.9867801274422374 0.6143125909974211 -0.01509678809911846 2.64513541787499 
0.9828187730008483 0.6196945697190051 -0.02410432755477372 2.635724366846426 
0.9868825228991954 0.6130092813068517 -0.0300532656861681 2.645069711939094 
0.9862783238577211 0.6147500062664402 -0.01562421973745802 2.643759991933946 
0.9870323860072804 0.6127826660696033 -0.029510055524328 2.64541014721006 
0.9891948357320736 0.6091600575984825 -0.01927460638405173 2.649995216068883 
0.9893196579745849 0.6095996755301 -0.01839768718324757 2.650654155679483 
0.9874941690005349 0.6122792433597388 -0.03013682382311459 2.646616132606794 
0.9922591618802545 0.6044668249434026 -0.03265129599676483 2.657605980084889 
0.9785638872334091 0.6269481142736283 -0.003725632794429183 2.626106528669053 
0.972992342658087 0.634861133716324 0.007564109527095133 2.61310454589853 
0.9690338194877616 0.6402026704752199 -0.002451891478205537 2.603745767013291 
0.9789248287623845 0.62674144461162 -0.002860106934291004 2.627139608674333 
0.9694401565720504 0.6400337312516439 -0.003970358439904461 2.604953186466647 
0.9777491639469672 0.6290633298721739 -0.01216230801605937 2.624914565816888 
0.9780097291543383 0.628563975801715 -0.01192076992591459 2.625412897006484 
0.9685256711453016 0.6410535964554708 -0.003655930458906777 2.602605128200939 
0.9671146627138288 0.6419747803234973 -0.01851934971360933 2.598847335802769 
0.987099451997268 0.6127299177890119 -0.03092005937447062 2.645626513633644 
0.982329117687749 0.6214785911578037 -0.02502630669702992 2.635287911210117 
0.9803541269671238 0.6223556681865714 -0.03591755597053332 2.629679257919487 
0.9874545121202531 0.6132705046442533 -0.02986465640326676 2.647091419744795 
0.9803126590917891 0.6227554467864713 -0.03610887274603794 2.629748514734033 
0.9871929967907008 0.6108319214452628 -0.04235517367372767 2.645157144322298 
0.9876658999749902 0.6106183469667814 -0.04316530624947246 2.646604314344084 
0.9798164537126356 0.6243970168204076 -0.0363879474731329 2.629204677620901 
0.9782659495875002 0.6246349598058123 -0.05323647898336958 2.625067664744406 
0.9862532675388376 0.6150242721698823 -0.00993844080231476 2.643833376390744 
0.9890682594406499 0.6106799165726611 -0.01033327280816542 2.650409628850122 
0.9882777455265762 0.6112897677609159 -0.003289253576465748 2.648112158224143 
0.9860382397667622 0.6152257610383559 -0.009534658065004602 2.643252592515279 
0.9882524972439679 0.6112295551196335 -0.003658860976219926 2.647995229286124 
0.9863855408458866 0.6147764361778194 -0.002554963708788474 2.644054556228047 
0.9867695724068475 0.6135299208708485 -0.002944971994461339 2.644546147080308 
0.9883186538746179 0.6114310637067172 -0.003541544913780632 2.648346513351998 
0.9879198616385252 0.6123711152707405 0.0001948523928506574 2.647612006616303 
0.9587370413071838 0.6562459038152312 -0.02129066902888434 2.581491726861425 
0.9435939044798166 0.6741299239117408 -0.02300027325741305 2.545706707867707 
0.9449184958574999 0.6704352215928878 -0.04658426931979759 2.54819836157407 
0.9576862949441042 0.6569079549767961 -0.0215276427853583 2.578572673404731 
0.9457345217066768 0.6701204482938563 -0.04691081248055554 2.550572824464716 
0.9593348878481622 0.6528352339045566 -0.03999150363756501 2.581790013620393 
0.9602551397590129 0.6537127806047771 -0.03699325049847754 2.585096665182493 
0.9457553244420681 0.6700980826472932 -0.0477139065527061 2.550611647658237 
0.9520830655005952 0.6592477971315981 -0.07082412245704411 2.564727915458469 
0.9777835537156047 0.6287878893561353 -0.01096989771524768 2.624802039065267 
0.9679813867628265 0.6413848441225358 -0.01991190613884302 2.601277635520221 
0.9762640722316548 0.630887690399394 -0.02539794400468633 2.621519622964591 
0.9768962630371989 0.6291056647761216 -0.01099162814285861 2.622098097772065 
0.975903209612378 0.6302338498455796 -0.02392495390784862 2.619874284841218 
0.9819806988997464 0.6213355073697742 -0.0141449939462737 2.63378284410811 
0.9818152079543117 0.6214674783810913 -0.01376394754164129 2.633316778657608 
0.9764780711163815 0.6298561697398763 -0.02464863988956279 2.621509216814056 
0.9826055278053735 0.6207998394504676 -0.02503038418034801 2.635777020450239 
0.967018695818378 0.6449957936252437 0.01092911600839447 2.60035913929302 
0.9560864610452553 0.6576919705369701 0.01288094091565743 2.573958639007737 
0.9597613986759936 0.6545132545224092 -0.006826290078930188 2.583520930148314 
0.9662476571300329 0.6456873931138569 0.01072061586448553 2.598331703432296 
0.9599529752023975 0.65376509546409 -0.006227908182989225 2.583581582453506 
0.9688898323403874 0.6404177866291365 -0.003958407372921407 2.603382073462021 
0.9692420898980044 0.6402408382656914 -0.00289381709914201 2.604375669053933 
0.9606619968887253 0.6534459021428719 -0.007534705252751074 2.585634873979505 
0.9669482924351661 0.6445325274088698 -0.02070487359217303 2.600118398821354 
0.9149949724693019 0.7052773289266684 0.01622336224096581 2.47952452748244 
0.9306513244018562 0.6878670484436045 0.02720292465039467 2.515198347960726 
0.9195541567997662 0.7013336802423745 0.0459762854993746 2.491437593024836 
0.914883236294162 0.704521629479669 0.0145295634587241 2.478289621989356 
0.9198837026030269 0.699585443178145 0.04646408778545372 2.490811232277531 
0.8994812826332038 0.7201754912245546 0.03606781357815469 2.44451223527394 
0.8976037220699767 0.7198929021500664 0.03830843446215885 2.438637007260698 
0.9201703717293911 0.6987937326471469 0.04695873585164254 2.491263041260078 
0.908955014888252 0.7092006884304218 0.07424899180121444 2.466855014304631 
0.9342013790785186 0.6830656277711917 -0.003661549777434763 2.522432464145077 
0.9300085428344242 0.6886329090323979 0.02616553878319522 2.513705353028153 
0.9162677876949602 0.7050899761292332 0.01462681269147731 2.483192538797914 
0.9356352966928113 0.6830483683471616 -0.001756824451669381 2.526889856234241 
0.9156497364876185 0.7052680085661154 0.01412376778027381 2.481292150605919 
0.9247956482530388 0.6952356301539692 -0.0177554795141439 2.502430227852424 
0.9248531009714246 0.6937715722102129 -0.01983210176336361 2.50110000568851 
0.9151992553680408 0.7062607001939128 0.0150646825668246 2.480446499848195 
0.8991340846368281 0.7214554203073342 -0.004069877824754235 2.443441187220148 
0.9698950925006562 0.638352188740608 -0.03934310010953852 2.606131647828426 
0.9668731116487331 0.6444332021800481 -0.01981416171279913 2.599717610607174 
0.9600241698726938 0.6521686126555967 -0.03888442090070481 2.583437474768377 
0.9708346640220258 0.6393635467508941 -0.03680883094458921 2.609664018657714 
0.9596286008942932 0.6534575420643002 -0.03876059966306657 2.582863956773871 
0.9671971214596347 0.638476285011793 -0.06304332001532628 2.598703979680713 
0.967689793177143 0.6385392242240443 -0.06477082060780533 2.60047224131738 
0.958992236555154 0.6547150674625996 -0.03837595924437863 2.581702984537238 
0.9528049946001405 0.6590124997203146 -0.07128928015745446 2.566856550722408 
0.9461473476409556 0.6728591350526169 0.01927243080020269 2.55263746320498 
0.9307442510838391 0.6874530171544785 0.02589466143964807 2.515329553944003 
0.9342645064595719 0.6858546711980111 -0.001580713990163071 2.524782806513399 
0.9450766036884128 0.6733241464316654 0.01931310080137454 2.549647503332042 
0.9346713377201503 0.6855249029665945 -0.001367962606426586 2.52565701268616 
0.9481003592444193 0.6679272065982124 -0.002365491760752316 2.55542652701723 
0.9487212778980298 0.6677386726969257 -0.0009115993722289511 2.5572158554798 
0.9352674683885612 0.6852314711117488 -0.002683067296617513 2.527278725820751 
0.9431664613755364 0.6756973068776765 -0.02359980002237778 2.545685350190352 
1.005280532612081 0.5819735834611339 -0.04591279244703038 2.687915781371842 
0.9989808444283454 0.5891232114765773 -0.0667772383557776 2.672216310436877 
1.010612301773169 0.5669530105146061 -0.06989384061363116 2.698631689763063 
1.00433818584817 0.5815026517958479 -0.04781666669924545 2.684581942173448 
1.011246210872345 0.5665904433842602 -0.06970983819826942 2.700477375984784 
1.013981908779795 0.5645217597141695 -0.04403828670846555 2.707190563457575 
1.013781285008511 0.5684286346078258 -0.04195031347944674 2.708197311707806 
1.011782095475737 0.5659069564042722 -0.07057361958738474 2.701692030418734 
1.025291637854245 0.5347555697934956 -0.06223599776530307 2.730872266190215 
0.9952339590004574 0.6005261202268009 -0.0182203663216923 2.664657206628957 
0.9928690612410173 0.6032080951951615 -0.03190656031441303 2.65879808183607 
0.9988485429848308 0.5921237296972126 -0.0353698871049342 2.67208012226132 
0.9945382220607142 0.6006780526446273 -0.01949136067450717 2.662465975774225 
0.9990527420096056 0.5922056500897181 -0.0344192322047395 2.672777592935743 
0.9985714120880042 0.5924929092829357 -0.02034546537181041 2.67100310297136 
0.9987845037482507 0.5938045973427476 -0.01923084016723259 2.672402481061183 
0.9998370993613491 0.5910180730009013 -0.0353331437686475 2.674680352358997 
1.006103410012952 0.5798872262372927 -0.03238833104717321 2.689016736730182 
0.9933054662243501 0.590086158502974 -0.1169935957687262 2.658405275710346 
1.012370353947823 0.5517906025857016 -0.1208393575259062 2.701479626371386 
1.004317728770952 0.5805958761294731 -0.08907645305056489 2.686603053801375 
0.9934390827787735 0.5933960990167289 -0.1157181077607187 2.660872080815458 
1.004226077740628 0.5782953932512758 -0.09150947351664732 2.685468628525418 
0.9906914819019518 0.60122187293902 -0.08323139049330108 2.653249974789515 
0.9912577042591347 0.6005943164685584 -0.08299762146005656 2.654660571129298 
1.003272248953013 0.5782536336016589 -0.08979082639214826 2.682128741841303 
0.9992191238292311 0.590158257982784 -0.06547674649578905 2.673592353507604 
0.9880579237823394 0.6119161996688725 -0.04136961710243115 2.648592896293899 
0.978316756257112 0.6245986767868447 -0.05360158427460916 2.62514861636458 
0.9869094051895605 0.6091006600298204 -0.06351547828456021 2.644311270240272 
0.9870956667152172 0.6122759021679685 -0.0426791751056162 2.645684016323965 
0.9875521193475834 0.6087757563891661 -0.06339525599257358 2.646189834414613 
0.9943368369308594 0.5990654183995994 -0.04689734684116686 2.661768753969047 
0.9946616486251382 0.6007247855772265 -0.04495239441151013 2.663712447527708 
0.9879064180959656 0.608512515168112 -0.06417818187541058 2.647142287343389 
0.9984320518796768 0.5899497125421316 -0.06681108541778238 2.671033796982453 
0.9521833697520272 0.6563099152048933 -0.1159545231764482 2.566578367247834 
0.9661372142121268 0.620293195999709 -0.1643663812217559 2.59574927689777 
0.9730858216813048 0.6204716650117812 -0.1258084174798016 2.612278504465446 
0.9544900658025981 0.6525489310764324 -0.1149891634584578 2.57179322560554 
0.9732334621669468 0.6249258313097252 -0.1279380112007133 2.615634581494747 
0.9641744753677104 0.6416084628662926 -0.08765166869782251 2.592874441919276 
0.9636122468200319 0.6426360858059742 -0.08932686856125271 2.591732763869949 
0.9726365375952111 0.6245142345647828 -0.1257141103234132 2.613241376345368 
0.9775692668995061 0.618871187490545 -0.09786963548752575 2.622674702161645 
0.913321627572253 0.6996708550678367 -0.1031174850849358 2.475071225355737 
0.9183237842367108 0.6828931129786137 -0.1499378214640847 2.485038725449251 
0.9397292630818189 0.6739800976948368 -0.1018325744370738 2.538459650141369 
0.9154499372848823 0.6977544003297949 -0.1029259490219223 2.480487823659797 
0.9391491112226844 0.6730033670450702 -0.1049268259818099 2.536805196299941 
0.9383959428364871 0.6781040205779981 -0.0696327145843465 2.534440898479168 
0.9373679957265358 0.6782311620570896 -0.06996221241218012 2.531223376068326 
0.9382499729898921 0.6723557538664184 -0.101561090204631 2.533016429456247 
0.9528128558311355 0.6593288661739568 -0.07084568339386779 2.566901262766228 
0.9827082029045925 0.6202640987277583 -9.692120283631303e-05 2.635427977609408 
0.9826162499027149 0.6196132098209799 -0.006019465764248754 2.634738902150876 
0.9869893611544377 0.6142709645651854 -0.003253363428954616 2.645732450699667 
0.983072995555367 0.6197637275511435 -0.0002948309600715838 2.636317860917977 
0.9868100246813256 0.6143137654120127 -0.003512240875806905 2.645169327527022 
0.9868871675063889 0.6139092802711666 -0.0003530878406943791 2.645158093117435 
0.9863961188174979 0.6146307250550992 -0.0005440266047823388 2.644002309062096 
0.9865733168390219 0.6137069268325029 -0.002622718690274643 2.644010975452151 
0.987874468185812 0.6123137023516679 -0.000219396271134466 2.647428536334469 
0.9873401686678164 0.6130028961802322 0.00964576029316648 2.646146039996198 
0.9846243086412722 0.6167557122435233 0.005427334604625082 2.639534874820824 
0.9877173139436792 0.6127247272773894 0.003023403073800477 2.647158742202109 
0.9876314025644 0.6125756895621548 0.0092087231443128 2.646841467966998 
0.9875836574663897 0.6127829252037792 0.0029588890480075 2.64675647506013 
0.9900088290618813 0.6088285750190584 0.004682699292602638 2.652300587305498 
0.9897698876339539 0.6090609658623897 0.004756560592939055 2.651670386900447 
0.9876057263369292 0.6122871244049481 0.003272541338719515 2.646532709000257 
0.9890609482950118 0.6104748372798703 9.811442580809999e-05 2.650193891899786 
0.9890674405743625 0.6102942254435803 0.01732933243237689 2.650181957717411 
0.9840756658664476 0.6180144387364359 0.02394610241907693 2.638807003075727 
0.9833776699991276 0.6199843278410557 0.01281950286212236 2.63750419176612 
0.9885367928067146 0.6112605482619825 0.01739586534046432 2.64909297472423 
0.9834716745534416 0.6186068127675908 0.01302365439357341 2.636976136454725 
0.9874952946581872 0.6127994260172714 0.009551018176893987 2.646517608957294 
0.9876724416481856 0.612532643864628 0.00979825091184058 2.646923147784266 
0.9837753649063318 0.6191387183799657 0.0118432089001553 2.638299123975016 
0.9845454925791696 0.6173619539596501 0.004982022785732734 2.639641418933125 
0.9959980312947768 0.5984939304260167 0.004212332726379356 2.665820590950423 
0.9973140725931595 0.5962390448402156 0.009539349010117966 2.668876365479386 
0.9947758492338749 0.6003699245422659 0.01125579482793791 2.662968041699447 
0.9962110254892556 0.5981417599561978 0.004396731080924787 2.666310339864128 
0.9946835080669261 0.6006989860731193 0.01100566882078447 2.662858177275834 
0.9939790043491775 0.6022873226495538 0.004588729146421147 2.661429105769154 
0.9939184575606476 0.6022945595142958 0.004203416360059669 2.66122499695037 
0.9945063475012378 0.6008432731781365 0.01149768512066967 2.662358634465565 
0.9912924124275788 0.6060835387621877 0.01120159576237054 2.654921550330226 
0.947886455966153 0.669735274238481 -0.002176855871826499 2.555904036138576 
0.9431890541337202 0.6743812424862238 -0.02270192459010709 2.544682439716916 
0.9576997951471163 0.6556130830073353 -0.02388527596107147 2.577858985190229 
0.9484839813140411 0.6689312546596888 -0.002600805427919659 2.55734973064475 
0.9575928202449925 0.6569716155678093 -0.02301674413708153 2.578506218192125 
0.9607553711338376 0.6520211201491513 -0.006694874858103979 2.584942118595238 
0.9598914589023112 0.6538291305728987 -0.00757150715116209 2.583368613569826 
0.957543627730866 0.6555377071652769 -0.02197687191262715 2.577298158863928 
0.9670641886332699 0.643613392102129 -0.02120170114151361 2.59985882629442 
0.9318783964933618 0.6857356275922426 -0.03872134535378596 2.517594070094741 
0.9197740460520228 0.6995235369720241 -0.06377709216975182 2.492067339325545 
0.9374168240535123 0.6774057297359249 -0.07171061138681083 2.53120690477862 
0.9320377631054552 0.6866443227957477 -0.03964347817596436 2.51889610869822 
0.9368582199598086 0.6760044409381574 -0.06992223840239896 2.528192121223804 
0.945516387626103 0.6717238643183226 -0.04763716484732813 2.551272071641122 
0.9450833930280144 0.6721623823549518 -0.04871977859496289 2.550198977149062 
0.9379014191741581 0.6757586892560041 -0.071172069457593 2.531348041214478 
0.9518896681389128 0.6592355268362012 -0.07305392332928029 2.564324238388191 
0.9266004715292203 0.6939610447125237 -0.01775089219850352 2.506645096098969 
0.8987480711541919 0.7217540497281634 -0.004027911625486253 2.442313899035034 
0.9054074571673782 0.7137632380667204 -0.035425551840042 2.457337954643574 
0.9249874574719025 0.6948839432514418 -0.01802384019216167 2.502314085594791 
0.9072767208290048 0.7135443775741673 -0.03676006587481457 2.462811248756659 
0.9325529706110598 0.6844668245921444 -0.04041905135390898 2.518866010470338 
0.933555754735792 0.6848970771105388 -0.03856242601231458 2.522290661571461 
0.9068092688327472 0.7135426289545219 -0.03738386975541407 2.461215916730903 
0.9187722735728675 0.6996312225610581 -0.06222328979709344 2.489023840581123 
0.9049183335840811 0.7131736438271732 -0.03771643645829512 2.455146784466061 
0.8980502597362294 0.7231212009707126 -0.002696850405108557 2.441274599096992 
0.8794591624167412 0.7350187975089784 -0.03789600573406933 2.396487026887014 
0.906825183523581 0.7131240490510155 -0.03549660053319532 2.460794419359468 
0.8802341373042356 0.7345303817596545 -0.0390896530100228 2.398167884150284 
0.8969358889992122 0.7186921441103264 -0.07457681331963673 2.438055872299666 
0.8973492646554051 0.7171685863529722 -0.07578521198889104 2.437638331679216 
0.8787883661399571 0.7377782645294376 -0.03820961273221936 2.396043057910096 
0.8657652163058035 0.7398608728698313 -0.08716199258213495 2.363597876308355 
0.9344033372611169 0.682931103104305 0.05465995174337417 2.524534789407031 
0.9295232337803631 0.6880208981189855 0.02706871301862206 2.511990663729087 
0.9451737640390236 0.6731570073230565 0.01738913479157211 2.549810613231549 
0.9349710159729269 0.6818943684039094 0.05380477274657122 2.525631259059361 
0.9448249998901956 0.6736118897386818 0.01772361448768108 2.549047260942481 
0.9491445445271576 0.6684720197995349 0.0398904396618948 2.559791191958922 
0.9477283855967429 0.6686561729010928 0.03929271167409736 2.555566852679385 
0.9444173312177335 0.6716069375707699 0.01909970911727038 2.546665000336221 
0.9554812961552502 0.6598526468945217 0.01299415347966142 2.573426198420825 
0.9777826626271289 0.6280782179014491 0.01972139496998314 2.624489147067789 
0.9842382875578389 0.6172796982955824 0.02521736395258823 2.638826778271847 
0.9789125732025772 0.6255616867013725 0.0322993117783951 2.626925905265782 
0.9777173749735718 0.6275680540225647 0.01892099810359318 2.623929822522956 
0.9784961421480133 0.626686618608536 0.03355834090455845 2.626250499240621 
0.9699722781158179 0.6384775766311029 0.02324043371200665 2.605910794148434 
0.9697574963017068 0.6407916729660575 0.02288012424095595 2.606707977854192 
0.9793804281199067 0.6250961089387097 0.03357624918690886 2.627988455682189 
0.9702319999383584 0.6380560391219622 0.04297435329636459 2.607215288276923 
0.9767425815760173 0.617559602377188 0.1238521981681934 2.621530441702321 
0.9721513919680617 0.6149769410935163 0.1641768007048475 2.611145462903156 
0.9530212640678785 0.6525884122927122 0.125750123148075 2.568537020574327 
0.9753714819069766 0.6212029307489387 0.1243888746270452 2.619497520611933 
0.9537139191991517 0.6511986105344597 0.1236808024344919 2.569810093368611 
0.9625085410494527 0.6424816043842839 0.09056794454862307 2.588280933854894 
0.9645657309125388 0.6406899511291784 0.09242657991059175 2.593599909758465 
0.9528247529092265 0.6522928249126779 0.1224450201128562 2.567530445691109 
0.9462385441544318 0.6674238846690241 0.0817507246132522 2.552562960403054 
0.9608431724535074 0.6519286427886507 0.03180510036238793 2.585669000387568 
0.9552849362639538 0.6580574443106099 0.01428396669367367 2.571673166815258 
0.9665129613740524 0.6452372265148842 0.00934391375814566 2.598919983290722 
0.96136257705368 0.6507381955859504 0.03083307192634745 2.586576157676046 
0.9662827392697027 0.6456807369715832 0.009690128738346451 2.598477723062848 
0.9707608042789585 0.6390192530053538 0.02224184729364459 2.608724735367943 
0.9697847370502961 0.6399970039320928 0.02203736450651228 2.606263706275459 
0.9662166847187371 0.6439791710785729 0.01053326549789276 2.597191672727864 
0.9733643626084006 0.6346186747680221 0.007525423384832222 2.61416783728167 
0.9797929394271789 0.6234269469544028 0.05241923941758393 2.629244784951682 
0.9699812981441813 0.6373937232038301 0.04469876598660149 2.606020398277943 
0.9787056804527285 0.626154306934595 0.03211694632791771 2.62652190838555 
0.9803165863111242 0.6225227970964309 0.05110768211537151 2.63037798222653 
0.9787252679773204 0.6265402273654271 0.03316597657041265 2.626899653293469 
0.9859347816904336 0.6145985837556549 0.03694901930783039 2.643046198565209 
0.9850248121021881 0.6161430345146498 0.03718414714564328 2.641124493328988 
0.9787680414541898 0.6252374278264041 0.03318572444523554 2.626268528166652 
0.9837590751629316 0.6178904974413194 0.0245273760679156 2.637665317068032 
0.9486205468769802 0.6675786375283684 0.03870822352331753 2.557684314206298 
0.9551648314158968 0.660283690347725 0.01330649793016926 2.572727086976389 
0.9620636338537725 0.6503579646501363 0.03216095620586227 2.588411459376536 
0.9476575647346399 0.6671947839979399 0.04096297092875183 2.55441300909781 
0.9611580475525822 0.6511582865896118 0.03122288383337816 2.586110721944389 
0.9603344468081688 0.6516550230133943 0.05921327086966081 2.58503734384662 
0.96089212120551 0.6500715506441824 0.05750815764958097 2.585822717756475 
0.9611409614808104 0.6519115986324955 0.0323614182728078 2.586617664212486 
0.9707242786812875 0.6373309745308706 0.04424653558337441 2.608187254203127 
0.8941166404196438 0.7190153439404505 0.08597748227946407 2.43005339824831 
0.871845417451423 0.7359240451314806 0.09794128496263704 2.379190867018091 
0.8764894420410778 0.7370179106083151 0.03968619238636616 2.38911160095617 
0.8928314131816242 0.7232961077126088 0.08589419083286533 2.429663360376862 
0.8766883104703003 0.735546207249001 0.04069718899044078 2.388849430980864 
0.8968712545115555 0.7203216180724482 0.03629953025958282 2.436577655713798 
0.8989085556582611 0.7197287258161126 0.03662575865635704 2.442108899815086 
0.8800504008958007 0.7354131693183915 0.03781107744870293 2.398512129071599 
0.8967817584457414 0.7219963525628663 -0.003944440146345696 2.436780725379498 
0.9304548922662635 0.6847032521050634 0.08079791490363253 2.514786245728055 
0.9104177586539539 0.7078748186253949 0.07313124669611519 2.470426282882096 
0.9186455635902381 0.6989026186642572 0.0456713997568807 2.486713052997536 
0.9300139727088811 0.6873101175158775 0.08091222563357464 2.515795902659668 
0.9189295424026307 0.6997039188727784 0.04706686150813908 2.488452214386948 
0.9355869063363732 0.6812434101404717 0.05707640297490089 2.527057033058862 
0.9353999242101929 0.6827873229947388 0.05608646472315126 2.527417355256851 
0.9202743295496373 0.7005193613211486 0.04507608483656726 2.493123551281413 
0.9292140577164124 0.6879897922918139 0.02584273183128796 2.510834948121845 
0.936931566546275 0.6738150743454943 0.1121352231613746 2.53060584339898 
0.9234589325190249 0.6795751387352309 0.1552820158234114 2.499130994486375 
0.9115080751006792 0.6989832777191852 0.1167807378946837 2.471351955765283 
0.9362137894413889 0.6744515254855096 0.1118692866675215 2.528782032309807 
0.9130715775635806 0.7000029986837281 0.1142173450485485 2.476468083985094 
0.9299013595584684 0.6838187010645245 0.0788544052073312 2.51271088549658 
0.9316586429787246 0.6831387822274394 0.08036481217931404 2.517589441348938 
0.9117353783235225 0.7005577610607751 0.1141029818254415 2.472712469194081 
0.9093137971711153 0.7075014780111749 0.0752650016691476 2.466904794073648 
0.9923004459909962 0.6047540729647582 0.01763623908693413 2.657501354866467 
0.9954543247931625 0.5987511419841886 0.02674580010194139 2.664511836374563 
0.9901293877058801 0.6071582037745663 0.02860527155467048 2.652094994581327 
0.9928442404124547 0.6040863184388441 0.01800935529643899 2.658883204366813 
0.9900493067086491 0.6079122181100621 0.02776192320673868 2.652268234683121 
0.9887077552237703 0.6112102457621706 0.01711811431236011 2.649611529552768 
0.9887121462722869 0.6110640245783336 0.01647228581991787 2.649511145400206 
0.9896559150192329 0.6083880299887801 0.02872890790130918 2.651271041763015 
0.9838964354636869 0.6172370466771427 0.02534701011706337 2.637754592468356 
0.9917030722257225 0.6001288995150236 0.08672540110260388 2.656248165872292 
0.9789940515718688 0.6194109240179697 0.09382214343696856 2.627200666047016 
0.9859471906296404 0.6115705160710732 0.06701216807209971 2.642791280726278 
0.9920671280372302 0.5996233184036238 0.08572608436590835 2.657179800275016 
0.9863648870342983 0.6117868345787503 0.0690818303429962 2.644494841587265 
0.9950260133859439 0.5966510368495084 0.06225970596826812 2.663299148528304 
0.9942600672936598 0.5996650745874884 0.06289307751285513 2.662682659779372 
0.9863670572258361 0.611817524481105 0.06860941503689078 2.644511446281525 
0.9899235751857811 0.6057552610523095 0.05063722092926656 2.651429067051987 
0.9999203239843214 0.5917136542369836 0.000170783260187158 2.674797631803688 
0.9998958291631775 0.5917925291053991 -3.599391955021296e-05 2.674762833502457 
1.000039119774646 0.5915387963773049 2.572098632396516e-05 2.675089136151774 
0.9999216296878499 0.5917664241632757 0.0002456984879110215 2.674833170938883 
1.000053106847133 0.5915135489750916 3.130549052659516e-05 2.675120689439372 
1.000186252429563 0.591249675843175 0.0002448219741846524 2.675407439100114 
1.00018929221661 0.5913013966454486 0.0001700445231964573 2.675448152421557 
1.000067426049558 0.5914886926792705 2.729180936150139e-05 2.675153623060814 
1.000214233367347 0.5912270781607663 -3.676359208739129e-05 2.675487124139656 
1.000412448941343 0.5907808225340078 0.0008124636554108899 2.675882946445932 
1.000098020345204 0.5915969474741049 0.0008341850357769505 2.675319717348908 
1.000189869166968 0.5911951458548983 0.0001292011884066471 2.675387016179121 
1.000434543730463 0.5907345317953671 0.00074970076523229 2.675929155417061 
1.000163761371072 0.591385786233539 0.0001324233807008015 2.675412927305599 
1.000331873209006 0.5910303053894784 -0.0001208200056713805 2.675761983065865 
0.9998492493449059 0.5919856460968284 4.874138337703614e-05 2.674722290479187 
0.9999160582857121 0.5917486962485208 -2.83770121291935e-05 2.674804128402996 
0.9999089404568804 0.5916898108821859 0.0001964143341039237 2.674745672330875 
0.9997821436493707 0.59196804578538 -0.0001017153791735321 2.674488706821371 
0.9999356551334254 0.5916595968684814 0.0001538169743610569 2.674816466728156 
0.9996842828317443 0.5921996427419592 0.0006785443132145092 2.674300860747597 
0.9997004002743068 0.5921907853304359 0.0007456808618199436 2.674349143088758 
0.9999142709636151 0.5918101511414479 0.0001551641337352322 2.67483440209992 
1.00001309039611 0.5914088308157199 0.0008248615566838079 2.674926044316864 
1.003257957772107 0.584745213030301 0.003525788457315381 2.681822331935314 
1.002574623057504 0.5876832583595881 0.005814803816975035 2.681275188358401 
1.001662402120577 0.5882003769963106 0.001226457902739408 2.678515126013745 
1.003289061481579 0.5853182048367153 0.003266885306560172 2.682259899511436 
1.001701813633224 0.5884714705782157 0.001273233329843591 2.678812030532554 
1.001855816722797 0.5882915288464612 -0.0005871095929000373 2.679217108167508 
1.012265666388007 0.569286181278207 0.01838927438766772 2.703243960983331 
1.016905798625441 0.5594182629035979 0.008103667845655652 2.713190081862494 
1.015647683156919 0.5614157766844309 0.03368448200645135 2.710640458827664 
1.005420608372027 0.575996081654795 0.09597560127709151 2.688501489459984 
1.001324056155986 0.5831504478597666 0.0729072701810146 2.677080727675517 
1.012366144931062 0.564851984497198 0.07914025196729654 2.703873258905396 
1.005236629754512 0.5745269868926399 0.09730837986009959 2.687148091331089 
1.012347853731756 0.5621702345684521 0.07850819294345128 2.702360876282597 
1.020109320487275 0.5433951654824093 0.1022491563012774 2.720354551541938 
0.9927211672046634 0.6045741999236969 0.0001426323922479765 2.658650511563572 
0.9958284468715177 0.5988169358471116 -0.000134087020579958 2.665436156721006 
0.993883794377234 0.6019767947435661 0.004457222678732073 2.660933519469163 
0.9925156930197159 0.6046101125844792 -7.430569614050237e-05 2.657991678687673 
0.993898006656179 0.6020766321586024 0.004710751441103758 2.661029452933167 
0.9899402086346459 0.6086000215529551 0.004878715031374037 2.651948331858559 
0.989897019912126 0.6092820726454815 0.004874729931783678 2.652220052078686 
0.9940777876108107 0.6018398547322056 0.004620428418730534 2.66145958949763 
0.9913087406755465 0.6064367438482552 0.01074950253890215 2.655190768701649 
0.9990963059732864 0.5932330686495804 0.001507069379465315 2.672957399466863 
0.9997026128222062 0.5917474769298308 0.004598151766668161 2.674102230441949 
0.9978773907318453 0.5954692036319734 0.003950574397773121 2.67024870557301 
0.9992229218057315 0.5927866483741798 0.001546760176944175 2.673112214240339 
0.9978108436659112 0.5957948088362218 0.003616082695259674 2.670222609941564 
0.9981263654038541 0.5947052986549557 -0.0002283587580097746 2.670611826075857 
0.9982424763166764 0.5944973625736671 -0.0001662623453135662 2.670867167991613 
0.9974804819275516 0.5957095773337385 0.003992826480585754 2.669075631304049 
0.9960793917156935 0.5989507181429164 0.0004023677734639372 2.666362445345098 
1.006680640055975 0.5797309522625195 -0.0004888884501690108 2.690318127027953 
1.008373104149402 0.5753695786589038 0.01193253028162746 2.693570789846309 
1.005369727668519 0.5816042809058759 0.005698213710299343 2.687045244473462 
1.005657903419135 0.5804791230826878 0.005826839182980941 2.68734667816295 
1.008002860140861 0.5759970517575852 0.01278028207312146 2.692697430765133 
1.004538908842602 0.5843066586971614 0.01719350298590612 2.685970657525629 
1.025375690929545 0.5383740943815906 0.04456641623019124 2.731455917074595 
1.014402682732185 0.5637386706486799 0.05328884574703389 2.708523096218838 
1.014416746589649 0.564830970594566 0.03376130259165557 2.708271495871495 
1.014904025908439 0.5620713022595388 0.03350658978830006 2.708434953691129 
1.014380774028328 0.5631092558002133 0.05176350332593561 2.708056088740156 
1.007274802779485 0.5764217042107651 0.0373911494429127 2.691102879641118 
0.9999736877488241 0.5916319824615129 -7.618377754487126e-05 2.674924292113047 
1.000020023066739 0.5917221361003132 3.479317178474464e-07 2.675131587850381 
0.9998223078590156 0.5920568527625939 -2.111339018231051e-06 2.674672339630659 
0.9999729256249155 0.5916128715873937 -6.638555167239315e-05 2.674910427754163 
0.9998231518836354 0.5920823792038047 -1.377629144105468e-05 2.674690296049611 
0.9997838198319648 0.5919875084160232 -0.0001171288682511654 2.674503447012137 
0.9998048296116521 0.5919990510007112 -8.823309770936826e-05 2.674580123223228 
0.9998703282407065 0.5920534403577832 6.453929883192222e-06 2.674830055468615 
0.9995225245673199 0.5925330959212252 -9.202071972055708e-06 2.673958015760322 
1.000056179238742 0.5917124180982419 -0.0002543381328245554 2.675175029883058 
0.9999431459812304 0.5911996141502365 -0.0001075930863260562 2.674762580357836 
1.000023257822788 0.5917738547517367 -0.0002585345688617873 2.675097123308922 
0.9999900012718389 0.5916333355263336 -0.000298694756799747 2.67498400389551 
1.000000022189798 0.5916066070305138 -0.0002750454278703777 2.675000745762932 
0.9999689530589835 0.5916150209552723 -0.0001141420806404684 2.674897465420619 
0.9999650645715299 0.5916167561556256 -0.0001088634656715775 2.674885701472351 
1.000004341241148 0.5915912046749955 -0.000280339457513609 2.675005694042214 
0.9999977219721875 0.5916029425332959 -6.591426005587979e-05 2.67498587385729 
0.9991423538120482 0.5931074120070511 -0.001747696492466861 2.673034975644685 
1.000015061670064 0.5914531772551518 -0.001624413045387574 2.674959922154155 
0.9996186398406092 0.5924822993266746 -0.0008162103401646345 2.674246497750601 
0.999017115648149 0.5933096949971164 -0.001705519950332603 2.672740623315811 
0.9996034929114006 0.5922794301983054 -0.0009281147689069582 2.674076944486424 
0.998893104839173 0.5935648709717757 -0.0001300046801000043 2.67247872599741 
0.9989517353021617 0.5934515212652716 -0.0001276671531139779 2.672605989964534 
0.9995665664000374 0.5923138062751572 -0.0009132630965918481 2.673974771674399 
0.9995519963868239 0.5925993040825127 0.0001003652043981074 2.674095287487491 
1.000113543533261 0.5906036916184296 4.831267677594347e-05 2.675101320284524 
1.000133455733533 0.5915155070288745 -0.000390441007999269 2.675296495363604 
1.000511221560064 0.5910273918720196 -0.0008439207265558587 2.676247663294844 
1.000451194345716 0.5909294500532978 -0.0009155725409497972 2.676108728029878 
1.000176394223857 0.5913319629293883 -0.0002430333214375733 2.675415401065533 
1.000022838067469 0.5915390061321462 -0.001388392295276543 2.675049041145188 
1.001347681955434 0.588294324388016 0.0001698873709370399 2.677922336316915 
1.001013479073638 0.5900861907891756 -0.001872624312770965 2.677340530335433 
1.002262459408974 0.58824361357618 -0.003525159803807925 2.680394976318627 
1.002092064558565 0.5878351238091026 -0.003713117701556477 2.679778220114693 
1.001126692152871 0.5893307909564156 -0.001440138055926414 2.677414511265026 
1.000602568608847 0.5904835610780703 -0.005516656429232864 2.676370503715761 
0.9937400831685591 0.6022114862178343 -0.006084984913915882 2.660598642896082 
0.9961969836155146 0.5979840413862904 -0.01138015181993156 2.666233746477176 
0.9969408451853742 0.5970037353602455 -0.003763650823283269 2.668055960267392 
0.9939324919896708 0.6018886825694155 -0.006040358163807056 2.661029939515551 
0.9970436310577644 0.5971797802261825 -0.004264973547157639 2.668500943356277 
0.9957935257953865 0.5988790151633365 2.480068844365427e-05 2.66537194873812 
0.9958745267129141 0.5988385026779487 3.069664923870979e-06 2.665613697307875 
0.9966653227302449 0.5971324953561066 -0.00387972331175445 2.667216731116455 
0.9980385339740719 0.5954446394438822 0.0003665058352610588 2.670759711100102 
0.989732187255989 0.6087777358229592 -0.0003051200724823322 2.651361437925476 
0.9877208061847065 0.612614732534518 0.0001775089408941907 2.647103336721482 
0.9883826514033845 0.6115141685322432 -0.003663288002962689 2.648608284357512 
0.9900159937716974 0.6088253505719996 0.0001456113609917031 2.652325555620567 
0.9882689283862945 0.6114995563142732 -0.003855701749062524 2.648217694163926 
0.9911573149462831 0.6066955315125546 -0.004830165578558688 2.654792561816367 
0.9911513524888234 0.6062160127220906 -0.00493989174384378 2.654470229780825 
0.988075197760236 0.6116702415523395 -0.00371435522901539 2.647674500001806 
0.9890276182235407 0.6104787809401027 -0.009916669122166665 2.650146953149848 
1.007595201698958 0.5791330268209575 -0.008089821443210875 2.692826880267712 
1.005549758562476 0.5797385047004094 -0.0002714791143649086 2.687263653294804 
1.003975824894357 0.5851338935550704 -0.003716926202144128 2.684229331478186 
1.016704868617742 0.5583842358089867 -0.008858784898307279 2.71280313722368 
1.011683938361739 0.5714981975162534 -0.01781224059824825 2.702292158527143 
1.014194750100597 0.564984646956058 -0.03031699045711413 2.707311221967138 
1.013028873015953 0.5667496598919376 -0.03001711827113438 2.704667677935781 
1.011628618881407 0.569533282035434 -0.01749278904510279 2.70121460996055 
1.006806462400157 0.5785634493496236 -0.03203586608749709 2.690594446374539 
1.01358914139637 0.566736007097136 -0.04309456855979538 2.706684082442231 
1.024435696916449 0.5389552868938216 -0.03955834509828012 2.729117844165722 
1.013100789386588 0.5690820219582682 -0.029744490128249 2.705891840818841 
0.9877195131940992 0.6126671657785895 0.003178486670332962 2.647126789082199 
0.9849558510299913 0.6171560985833924 0.004039799558895011 2.640872099413723 
0.9862202904025269 0.6146313210787487 -0.0005622407525911851 2.643417914678577 
0.9875302926153395 0.6129803841208281 0.003050806105849364 2.646712831115881 
0.9861741858771033 0.6142124026507561 6.029333603162368e-05 2.643016290298613 
0.9873567332187226 0.6133774954459199 0.0001440803660437855 2.646383491094914 
0.9871806181679034 0.6135644744812891 0.0001159591110344232 2.645919907340244 
0.9867800931580285 0.614303929706851 -0.0005926697040256407 2.645065461767576 
0.9873903338207578 0.6124591409193519 -0.0005418316091955638 2.645923979304644 
0.9733549294875039 0.6212517714672404 -0.1276354166955773 2.61322047418906 
0.9942926565340869 0.579492092312353 -0.1488836253921578 2.660582047622456 
0.993662441118244 0.5904859667139363 -0.1159054832805478 2.660071211471405 
0.8785180547138224 0.7353175458344026 -0.03766680247665226 2.393881496829573 
0.8992046058186686 0.7213597927300963 -0.001607898731333851 2.443559689036819 
0.8764192221588939 0.7383015256624463 0.002075679242172179 2.389244107030104 
0.878234443424612 0.7352676735049284 -0.03964889610963716 2.392817093109187 
0.8757121421234727 0.740724724543572 0.002685217441137967 2.388569353201798 
0.8502619396511297 0.7541856038465037 -0.04092808918989617 2.327583577688804 
1.003894216320487 0.5794364022859948 -0.0907763859599634 2.684434403680388 
1.021821425610288 0.5377755665251811 -0.09145555008646981 2.722882033618559 
1.011513876634303 0.568826935321978 -0.070507213658623 2.702516788310023 
0.9437654713982856 0.6505545728421358 -0.1624979035302949 2.543872448985603 
0.9528375164097092 0.6541627250161048 -0.1135910664644027 2.567518457223869 
0.9368340686316785 0.6777681088806192 -0.1027019110074071 2.531750189853193 
0.939894882941507 0.6713498090057035 -0.102673784753349 2.537473523533495 
0.9529613231218681 0.654314745299596 -0.1144073227133321 2.568384674576813 
0.9519745967044486 0.6599366448763992 -0.06999477148353064 2.564602989349932 
0.8967598183502137 0.7104677763698094 0.1342218558218852 2.43758743856241 
0.8917414117673079 0.7206576524621161 0.08547533539557428 2.424647746800934 
0.9127863347993225 0.6967304671525711 0.1154316703940747 2.473012485226557 
0.911794357298182 0.702026581741807 0.1157750141206 2.473883437214637 
0.8920509930090837 0.7209336369548981 0.0860501174258302 2.425893247924759 
0.9079547219380414 0.7069469527042679 0.07316953499394195 2.462120713745533 
0.8968932820703892 0.7202784272352459 -0.07434114908778569 2.438301716471633 
0.8907635112112784 0.7145995089537281 -0.1261127628271119 2.421973490694733 
0.913751148972985 0.6981899794118412 -0.1044218166771068 2.47582331425617 
0.8530173833562674 0.7523928930007289 0.05527653389006762 2.334535037701476 
0.8745312639486081 0.7398089651666373 -7.336526185614301e-05 2.384582503162977 
0.8806569312594827 0.7342938807557201 0.04022904611829213 2.399104548288819 
0.8793441780041292 0.737241757013241 0.03888794680329214 2.397695449817224 
0.8740842165260631 0.7389053002829895 0.002019259561595325 2.383042381743331 
0.8972113926358011 0.7211785433152902 -0.004417165433445898 2.437465115921088 
0.9759743350505754 0.6199347768931002 0.1224563746769763 2.620883566628883 
0.9779276654322246 0.6199155386192343 0.09260543394516529 2.623845230244743 
0.99091710696874 0.5976381588174313 0.1168792987970287 2.655084656379175 
0.9754923031797847 0.6207175942239112 0.1245480057335184 2.619819978617139 
0.9917070401719502 0.5943427070133023 0.1162144280410082 2.655672230991923 
0.9944171394430394 0.5821073281110725 0.1504549282199493 2.661971701492516 
0.9494785848664915 0.6462466119884752 0.1650707633600749 2.558935378091722 
0.9345823684290209 0.6770274058116169 0.1126620413233945 2.525726530050863 
0.9540916318095076 0.649975691595696 0.1245958392386868 2.569977893935081 
0.9523494156610463 0.6536502525437548 0.1239332053287959 2.566930356575453 
0.9357992429605723 0.6739192942253699 0.1106424898527912 2.527471499722396 
0.9456355365126194 0.6666582443996388 0.07977126451402423 2.549940576567352 
1.000782496860025 0.5898694678301457 0.000143174318263801 2.676576001486958 
1.000511297631509 0.5908446452638074 0.0009032763183195667 2.676249513860792 
1.000307422553433 0.5911469268272669 -6.609633519908881e-05 2.675749016412273 
1.003432783018345 0.5847355998455992 0.0002730982704735947 2.682393594556955 
1.003335792768989 0.5850937353645713 0.003254251591268791 2.682287734468602 
1.001865905835009 0.5889571555342782 -0.0003961162877156071 2.679633255564255 
1.011461124703866 0.558883681313311 0.1265300559500258 2.702435254052707 
1.004187080162106 0.5741796122204498 0.09601662106312017 2.683339659977281 
1.020648730767522 0.5428654707354945 0.102234899556026 2.72169253001963 
1.003897458787315 0.5849190149105356 -0.0004140884833016547 2.684035079546757 
1.005982805100573 0.5799029573469542 0.0008822570597071348 2.68810380142965 
1.005547738652308 0.581465144477073 0.006009649590852883 2.687575444523648 
1.022576776085395 0.5461187413600697 0.02218723617010864 2.725302032008452 
1.025963326819597 0.5397554243313479 0.0419368593105307 2.734052730409885 
1.014541326908987 0.5642737345252715 0.03436038321402009 2.708485756205378 
1.000548673025932 0.589801305925912 -1.214364610668513e-05 2.676087519225938 
1.000026264165462 0.5905705908353576 0.0001574889186488143 2.674803557086477 
1.000590063062371 0.5909672369903307 -0.0008735388812251211 2.676467401957125 
1.002912708664054 0.5854081445116412 -0.0001883390830884455 2.681460987151174 
1.001007901101287 0.5881585078461768 0.000648097135201731 2.676726728900102 
1.002498679147338 0.5881430868405501 -0.003674967606160691 2.68111477352564 
1.021679366981766 0.5475861078924998 -0.02277248486385012 2.723914328081418 
1.016500417973199 0.5570101562998467 -0.006902562442278426 2.711325882426493 
1.013578673930432 0.5664247159667201 -0.03141587959834216 2.70607949729907 
0.8645629157041669 0.7404717389612241 -0.08735722918999558 2.360757288067351 
0.8809488980348298 0.7360178644556615 -0.03777556420756157 2.401319370235596 
0.8508083120833421 0.7536964485844599 -0.04144165138235513 2.328358079687246 
0.9207463010265017 0.6811007278004483 -0.1503697072452583 2.491009230442129 
0.943749542329179 0.65188440400394 -0.1651979927764912 2.544942238810477 
0.9384055225721426 0.6759697956013521 -0.1013014508140993 2.535548238633141 
0.9248372120494838 0.6808040857361428 0.1567664654878207 2.5039543056527 
0.8978808114198643 0.7098114239579093 0.1353089317731804 2.440702061922382 
0.909574729585153 0.6978071631812989 0.1145568556356468 2.464309941051798 
0.8716480787160512 0.7375250690362997 0.09755065954518759 2.379441472614556 
0.8536090685453235 0.7517484749421522 0.05742944995621499 2.335981545570383 
0.8760780575119376 0.7354003273198912 0.0393322246927389 2.386631496438393 
0.974844678296951 0.6140783396214781 0.1624644792780636 2.619304048880283 
0.9739839117121895 0.6195219938030736 0.122517817126801 2.614003046501638 
0.9951483806244124 0.5822381512347324 0.1510720692881029 2.664088752812005 
0.9729146698992924 0.6153425342782504 0.1648377941905945 2.613488866019474 
0.9523081286077738 0.6453365599843509 0.1637933013446856 2.567409209666376 
0.9510004161581272 0.6513695706732572 0.1238215666593401 2.56117850741258 
1.000262208617783 0.5909991307847318 4.740008129679919e-05 2.675511962184103 
1.000199107392431 0.5913351115037833 0.0002033677873613871 2.675500721429441 
1.00019241888098 0.5912754215810635 -2.592790916510135e-05 2.675443129618335 
1.001655571129048 0.5882981396806559 8.018284859006613e-05 2.678556883999902 
1.001635443000575 0.5885185079069867 0.001274548819723743 2.678621629376404 
1.000948377897054 0.5900193922155396 -0.0001215711522710584 2.677214089085937 
1.01344544093443 0.5685890365059919 0.01900876762818947 2.706870326892441 
1.011241868421963 0.5701859123134957 0.002116198857299707 2.700100698994386 
1.015579750605358 0.5600128243468061 0.009110191825706642 2.709107212676319 
1.01624919479305 0.563019943194672 0.03459253749464496 2.713600258997877 
1.016697963732497 0.559108841526391 0.007807673717810638 2.712232320778694 
1.02146938983477 0.5474731664614118 0.02272493314826496 2.722357342361099 
1.021239316705146 0.543979039198249 0.1000280839257858 2.724322450792087 
1.011609518217885 0.5625387125642273 0.07867676591657029 2.700181176728366 
1.025869947691309 0.5362406550806122 0.07570707015840081 2.733694298682764 
1.006544651286386 0.5802262147134399 -0.0004877415887435194 2.69011485623049 
1.010332275810326 0.5708369594213755 0.003545925775209873 2.697488722801216 
1.008830412069918 0.5759693952543778 0.01251904423736428 2.695456383075409 
1.026258771171743 0.5370993204451611 0.04389529794257293 2.733633454135602 
1.026024769232746 0.537842705071063 0.07279163960031564 2.734978917941883 
1.013469780183099 0.5638620263796973 0.05247910852634517 2.705359347422831 
1.000083842732871 0.5906079339269537 2.496757696130612e-05 2.675004993707645 
0.9998846388096801 0.5909540538941414 2.726017949687503e-05 2.674546962744949 
1.000214640496069 0.5914953634928307 -0.0003428383160549088 2.675554606266723 
1.001181440770712 0.5883411086921171 9.952865662945997e-05 2.677396080264249 
1.00042138211744 0.5895922174760339 0.0002106000723053696 2.675602873973697 
1.001273066058743 0.5900937727418082 -0.001641987592022021 2.67820882261368 
1.007780925765066 0.5791233620430248 -0.008289448518742047 2.693437303281635 
1.010774585555465 0.5701564607681834 -0.002654450776113715 2.699300848306051 
1.004782851167714 0.5792139832733102 0.001106706252881754 2.684421285545205 
1.00441881501036 0.5850134273218005 -0.003385035549219697 2.685638096598817 
1.005127790491908 0.580110477778788 -0.0002388963628760946 2.686064221037823 
1.0024372403037 0.5845187109692723 0.0002537970847322804 2.679647144884524 
1.015719465582483 0.5594235086806196 -0.008434415610872926 2.710033374610135 
1.010985349132051 0.5676286463972854 -0.001329510722649354 2.698653570365735 
1.011799377677865 0.5714252515348909 -0.01782284969664576 2.702641668899291 
1.012111650208552 0.567716102705357 -0.04331441367518246 2.702257051073542 
1.025850747279151 0.5345916889136975 -0.06186374021016221 2.732604223485569 
1.025996164960653 0.5381175489010435 -0.04105630680895871 2.734034584735073 
1.012205147321783 0.5679400284311537 -0.03065071146455854 2.702291168375897 
1.024948767046804 0.5391761688581606 -0.0391233870882122 2.73092256714976 
1.022501602007374 0.5461462178590729 -0.02383439248821803 2.725965260555929 
0.9729838039345911 0.6205315196950162 -0.1261432756257199 2.611786118946207 
0.9687838324292671 0.617882269052284 -0.16489010208793 2.602489757050275 
0.9959598334199459 0.5804873324223256 -0.1531529278180684 2.667008259533891 
0.9922529112474419 0.5904157976422633 -0.1172090162693854 2.655337675923676 
0.9960267830878655 0.5779912543590121 -0.1490794202713689 2.665292422676833 
1.013939928902727 0.5529135064660058 -0.1246139786484497 2.707740483993556 
0.8485052986876366 0.7544209274492153 -0.0399031316221754 2.322533048169595 
0.8781404074731262 0.7394448048865211 0.002163180552877394 2.394910763326877 
0.8454707790931647 0.7580731925918885 0.009539446224338295 2.315891633671978 
1.002553373946505 0.5802952760594376 -0.09053242228507095 2.68052430036607 
1.012875190437585 0.5510357829206576 -0.1210363170560585 2.702707865553078 
1.023668172722919 0.5373650520523473 -0.09395027488518369 2.729005004636953 
1.010015657168918 0.5678056009602719 -0.07221689874779974 2.696961820219755 
1.022605410668386 0.5376511950539238 -0.09102855489690871 2.725395974296253 
1.026748958717901 0.5343579904926635 -0.06473845773562163 2.735803888891264 
0.9461435941461378 0.6487729557062458 -0.1629256382790628 2.550074535388861 
0.9666995703572138 0.6211103535770087 -0.1675170612494711 2.598362599102514 
0.9525885298737808 0.6549368847655627 -0.1134106620104069 2.567037716136314 
0.8968543574676567 0.7117860486349317 0.134325062607982 2.438376315400498 
0.8720780538719616 0.7350959599781255 0.1003972694418643 2.379539273467571 
0.891314426482582 0.7197029759100413 0.08488981182337195 2.422589674026091 
0.8994433101721037 0.7183138402741914 -0.07403984296274996 2.444747890982797 
0.867656883748093 0.7387820534378974 -0.08747925396147889 2.367768565307894 
0.8897731063447544 0.7156193215533599 -0.1268136522678436 2.419847754193802 
0.915042803157975 0.699064208359938 -0.1032414164909235 2.480258865842345 
0.8928374769190315 0.7132248447121742 -0.1265985532769362 2.426757123602069 
0.9179190334789356 0.6846384831623806 -0.1538659727094404 2.485975208835817 
0.8529154001342413 0.7538387838044677 0.05502779232726659 2.335051168726568 
0.8447537568937716 0.7584238444197997 0.009800378602598119 2.314454087633237 
0.8746768480978524 0.7387662288281206 7.132892985301589e-05 2.384285608259954 
0.9965129562247582 0.581805656937498 0.1483530427479028 2.668620462452272 
0.9901667416110195 0.5953847288334234 0.1156991031975677 2.651323407495017 
1.010540052740018 0.5581260972694991 0.1294583951494287 2.698839511571187 
0.9504620600233462 0.6470412607151432 0.1658752501733055 2.562179455172167 
0.9261601131829504 0.6783928728279632 0.1545201518985529 2.506720906547184 
0.9330356649171744 0.6754008779091255 0.1111149398296714 2.519677091326923 
