0.9999596685614653 0.5917014132852504 0.004244679813306291 2.674928931929422 
1.001053625860496 0.5895944027541822 0.001997947158650324 2.677315912646513 
1.001004103634912 0.5902006851305412 0.005233187064158727 2.677523170337303 
0.9999643541092699 0.5914789489078489 0.004470036776726772 2.674810051538007 
0.9992013948753852 0.5931823788463807 0.006443380331126276 2.673299052782554 
0.9977053050953313 0.5956523635079927 0.004034541641743079 2.669787618054053 
1.004009127461391 0.5845550965866148 -0.0004583053203727424 2.684205548372217 
1.005434728281292 0.5813062180765314 0.005810133362286631 2.687102485262399 
1.003616043014279 0.584956752381436 0.003174048687868703 2.683138181273718 
0.997421125699898 0.5960963973414903 0.009617643416687088 2.669143260765905 
1.000462741047709 0.5903776728415462 0.009552233323211881 2.675848656117167 
0.9997657682653274 0.5920638884219823 0.01365388442246696 2.674580811535652 
1.008066611692604 0.5750548249473112 0.03745835747575697 2.692999964688603 
1.005531234582455 0.5816132475454763 0.02410653809028003 2.687815064320923 
1.012957059879925 0.5663901813061647 0.02006303178693859 2.703958425321707 
0.9696810092488041 0.6389066864844878 0.04464867677567663 2.605991227132524 
0.9808112602619963 0.62091466649349 0.05230959041360464 2.630829681360429 
0.9715268209850169 0.6349775880425146 0.06592719793312701 2.610658754466839 
1.002195916883262 0.5830394457587358 0.07462662724438439 2.680065720067009 
1.006428934428142 0.5764384270822617 0.05241789567874481 2.688861919127719 
1.011862439833888 0.5651552945374821 0.07909311608899317 2.702434342267284 
0.9900270297873481 0.6060210986507687 0.05216566783496439 2.652038650721293 
1.000468118484601 0.5888384490804683 0.04933924138553964 2.675981637619464 
0.994996725211666 0.5990360620606245 0.06232603033425093 2.664748603801071 
0.9464042757819571 0.6652167681485034 0.08115201324192919 2.551695380799313 
0.960519040825394 0.6503227757019626 0.05709119328667157 2.584535987514412 
0.9622478865450401 0.6445170784380237 0.09276249571838785 2.589013043349778 
0.9954761534283758 0.5982655278785712 0.02642576338086088 2.664292916957136 
1.000067994017602 0.5913736756770649 0.03418509137404229 2.675639685759483 
0.993963408490696 0.6004370801120378 0.03684278627883613 2.660938775364656 
0.9836710624602177 0.6182777382444783 0.02539974121979233 2.637655596387015 
0.9902907874822935 0.6074452581838558 0.0288528913062101 2.652735700801262 
0.9855370026049327 0.6154563898304705 0.03642339562298751 2.64237325384335 
0.9825710086869446 0.6209262525127098 -0.007281463888607735 2.635427104816748 
0.9830354521021736 0.6200454653127139 0.0002750635359836569 2.636358955065684 
0.9785832700748256 0.6269890732783228 -0.003006503889821223 2.626195545211198 
0.9912089006949273 0.6067616454986415 0.01139130266533037 2.655058331197444 
0.9948867516521188 0.6004200975951378 0.01146618960286592 2.663341917512671 
0.9925835955645621 0.60452039834477 0.01779210666781639 2.658326686130531 
0.9732219233916433 0.6334546317531022 0.008600344422865969 2.612969966016239 
0.9809661871080607 0.6238524817238715 0.006090032416665819 2.631979983842046 
0.9772909950770765 0.6284110257343439 0.01919277458962601 2.62308975651039 
0.9973665909312942 0.5961714089746477 0.009227306069738726 2.668999826955211 
0.9995859304785337 0.5921291355820197 0.01405999326462299 2.674024580907908 
0.9970063591841171 0.5963007836624153 0.01574291722308424 2.667974124841653 
0.9957995711606374 0.5981209553318522 0.02725735676678733 2.665310506780892 
1.001180540553197 0.5892443375263713 0.02377244711843147 2.677773060909091 
1.000294627001223 0.5911699998445731 0.03319883073410011 2.676255457566239 
0.9999301119392257 0.5916381060029521 0.004044174552123753 2.674792741711349 
0.9999128637788934 0.5919066805430779 0.001728388580979526 2.674886827547792 
1.000934943760236 0.5898175920195108 0.002338323729491133 2.677054976342764 
0.9976202203032363 0.5959826317546404 0.009667288149512929 2.669735631116552 
0.9990102144337345 0.5930550349342387 0.006738348845498393 2.672582629613319 
1.00026802129029 0.5906815705083359 0.009844738334851964 2.675388980491546 
0.9992585976837176 0.5928495115660344 -9.81483020663803e-05 2.673270785329453 
0.9996720873913242 0.5921063873892887 0.0006937503414161213 2.674204554113571 
0.9991642442523631 0.5931696564812563 0.001522124999707004 2.673148718362264 
0.9786311665099012 0.620458521370798 0.09503863791341687 2.626712715964848 
0.9926202834495926 0.5972405635220097 0.08611113762851191 2.65737557818661 
0.990791630853284 0.5971817552419928 0.1159639911213068 2.654478907315462 
0.9999196141481193 0.5915252388921451 -0.001406876224869182 2.674685018454021 
0.9998128138005473 0.5919385162514949 -0.0004286684422571755 2.67457076401188 
0.9995384291454492 0.5925461870688601 -0.000827763914005021 2.674017694410977 
0.999965303357361 0.5915563549807954 -0.001342567994646729 2.674862586562095 
1.000204185177952 0.5913732192114476 -0.000390057812001597 2.675540622282257 
0.9997878380778231 0.5917538464882256 -0.000634967165531689 2.674382765121223 
0.9999471654634635 0.5914332771984507 -0.001485410432676023 2.674722012266691 
0.9990685481006308 0.5932868379605182 -0.001874058286590221 2.672896493035155 
0.9999616497923092 0.5915421031260125 -0.002835489203675583 2.674837924173806 
1.00051678124987 0.5906222851456761 -0.005421963438568988 2.676162539871163 
1.001232671475808 0.5895031136420957 -0.001835624293086605 2.677875312527677 
1.000024126656354 0.5914713253726119 -0.003055615876765459 2.675009920465991 
0.9965485813731499 0.5975046815035682 -0.01161465071655578 2.667104058205821 
0.9992394791526705 0.5935172794757793 -0.009531164787049832 2.673635415474411 
0.996681613361721 0.5972205775364889 -0.003802177220040291 2.667327522902379 
1.00031721725442 0.5906412322747043 -0.005881814600494133 2.675499572925147 
1.001612961977339 0.588331588413725 -0.008053209321775156 2.678494199807875 
1.002251336809523 0.587649775387719 -0.004155281216012731 2.680210659275458 
1.004300654410585 0.5845746580184388 -0.01044831542079102 2.685282699117703 
1.005913872638858 0.5812278506016966 -0.0177437784306634 2.688813478412268 
1.007653410869098 0.578133098653947 -0.009672228978685906 2.692710073551189 
0.989095824531025 0.6100384525004162 -0.01045173289692173 2.650099692200707 
0.9857961980099217 0.6149857957107638 -0.0100953878715816 2.642294222690701 
0.9866496430429345 0.613483945700411 -0.01542818939569968 2.644237381041008 
0.9927068283657976 0.6042317603805268 7.467949332675256e-05 2.658396165833423 
0.9913681746857472 0.6065162000964547 -0.004731570057010344 2.655370348884781 
0.9937999811289402 0.6023773768719112 -0.00618526587631261 2.66089602326544 
1.000527898273358 0.5907370290126901 -0.00519312632365343 2.676259419290195 
0.9991555083969603 0.592297696934482 -0.009031775243101069 2.672642729302338 
1.00169765532761 0.589031946324505 -0.007727406596053124 2.679162717396349 
0.9960086604772443 0.5982821432323182 -0.01213215982990321 2.665774203408633 
0.9987043016073732 0.5934380946266051 -0.02033083030728042 2.671991447094221 
1.000060463957875 0.5912252343003824 -0.01456169219414634 2.67508970366688 
0.9921879792868464 0.6040028899125598 -0.03300152690955893 2.657052582911675 
0.9940972796709877 0.5995398605723117 -0.04639313519708708 2.661203930665303 
0.9992720439682703 0.5917914178097828 -0.03618827031850701 2.67332631208842 
0.9888405509818036 0.6104938142204916 -0.01047835387836273 2.649532137745032 
0.9894935651593704 0.6093242030044639 -0.01885914356811548 2.651058621849871 
0.9927952796303806 0.603489766947526 -0.01300477205914034 2.658319273962313 
0.9787039954898086 0.6252495345662353 -0.05249281937129986 2.626879224149691 
0.9687089697152129 0.6383072379322902 -0.06281411972878782 2.603390243472218 
0.9769806822422944 0.624896504960745 -0.07192654782624761 2.622313187099757 
0.9988421574235133 0.5890413275498095 -0.06712160416768394 2.671872660419663 
0.9872772545771946 0.6109468013240935 -0.0659020149730952 2.646704275599321 
0.9910681344441802 0.6001425434706481 -0.08284279541228864 2.65392752092162 
0.9828600494579585 0.6211904099534934 -0.02421622300972948 2.636838837155534 
0.9759470802690975 0.6303385043661948 -0.02499931045724572 2.620049680772589 
0.9799038878115105 0.6226120788286972 -0.03531984671699889 2.628364518628431 
0.9891164255757597 0.6102201076702598 -0.009850793389047891 2.650275612894754 
0.9869191306005375 0.6134423187135294 -0.01554327849632777 2.64508448236814 
0.9893777500310018 0.609406471655508 -0.01896925401906945 2.650734138026028 
0.9828723018681544 0.6206707752347126 -0.007111846657026925 2.63623496792973 
0.9780571478422545 0.6274638633925299 -0.002885348733222039 2.624767824891809 
0.9772512516250581 0.6279785960365187 -0.01063657939264347 2.622542784014168 
0.9925464509792142 0.6032796865223042 -0.03249896892034965 2.657817276721377 
0.9868630260771449 0.6136699724579172 -0.03087031677724703 2.645405338876357 
0.9875890731457906 0.6106635095885921 -0.04216183629038225 2.64633673011254 
0.9830114282024202 0.6192530007996492 -0.006750713240986776 2.635810306940523 
0.9860314925376654 0.6153350200229619 -0.00985940384386497 2.643302544703947 
0.9868635105591845 0.6144993116928289 -0.002488576488936111 2.645455580351781 
0.9676286603860896 0.643972881067208 -0.01940889011509333 2.601869964409335 
0.9580795667882565 0.6557156306983899 -0.02166124919049436 2.579075321548595 
0.9594071029113428 0.6523302423913629 -0.03781984246643687 2.581542979760948 
0.9828553649713079 0.6207295470944403 -0.006650098252000016 2.636211258346724 
0.9776020526149979 0.627707544276748 -0.01142394306585925 2.623518775592383 
0.9819567873057286 0.6220277179008935 -0.01439671387854563 2.634190940145066 
0.973702288567733 0.6344651352939724 0.008424662534473909 2.615151563445348 
0.9666825613539972 0.6437817344769668 0.009771621773684314 2.598552448773108 
0.9688928271915521 0.6414729981303271 -0.003296024083115449 2.604157081244397 
0.8972057287685962 0.7213990136236842 -0.002178690871079446 2.437885463866663 
0.9163956985224996 0.7047518277541234 0.01658420368928924 2.483064142469894 
0.898435486557374 0.7210122998104797 0.03660486637108658 2.441835771710494 
0.9433099714505206 0.6740602913971887 -0.02477616710989122 2.544804543112412 
0.9342032965051804 0.6850296599068506 -0.002692906704017033 2.523763298133374 
0.9256428539277128 0.694170381502098 -0.01793836490926016 2.504166810949171 
0.9776222126526417 0.6249002813237212 -0.05420185704450949 2.623230972008336 
0.9698836836798885 0.6403104661453362 -0.03838119746977003 2.607215578569023 
0.9682387112125889 0.6379890311434705 -0.06299981549380966 2.601738899102006 
0.9562474833304436 0.6595869133939802 0.01418360638423842 2.575669939243221 
0.9454645815691516 0.6711253059195798 0.01840862561215765 2.549612973155875 
0.9481479264141278 0.6692860361958436 -0.001372906867925635 2.556665624436487 
1.006769821525007 0.5798666506103323 -0.02974173268030636 2.691103363585725 
1.005149217026733 0.5805946325044725 -0.04677402467289179 2.68671599577538 
1.013073994063987 0.5651298237846015 -0.04349222759696974 2.704439113970146 
0.9963092395065625 0.5983768070292317 -0.01140732049388477 2.666819099254607 
0.9956540356949926 0.599538532017664 -0.01924126827849558 2.665475431898412 
0.9986399545568965 0.5933983141929658 -0.02053085039718256 2.671760696210227 
0.9780862411722542 0.6191202039020057 -0.09846815403104121 2.624280636543673 
0.992527847227435 0.5941631942838176 -0.1153173451750526 2.658371386809889 
0.9918635777388164 0.6010636290082463 -0.08179623299191233 2.656958148454823 
0.9927753402154922 0.604126678551709 -0.03144739493977312 2.659032492596665 
0.9878312227858652 0.6109689705464754 -0.04223959203975317 2.647274993652246 
0.9938813702474341 0.5997322620219856 -0.04617666380911542 2.660613263746584 
0.9515994231317786 0.6608211508672092 -0.07146221199267132 2.564003325372916 
0.9528478371916387 0.6539786534000566 -0.1129976490199834 2.567662023829123 
0.9637056769800006 0.6404984951625903 -0.08975871257786645 2.590868446254678 
0.9183706626407663 0.7005122425793097 -0.06276571798251369 2.488015202059342 
0.9137368817678105 0.6986426450413812 -0.1014045025631323 2.475876296853248 
0.9387699840726541 0.6779015205927494 -0.07026908443865201 2.535513592456683 
0.9844367683802631 0.617868919509003 0.004409083678204181 2.639608529770822 
0.9828222438209676 0.6198477746850363 0.000595193442519103 2.635548654265745 
0.9865643943914407 0.6141241611081221 -0.0008017823255178663 2.644232885917934 
0.9910021484336783 0.6068732892481034 0.0112089828790488 2.654442370975555 
0.9874714936688002 0.6123086991424566 0.009984435714571976 2.646153895232482 
0.9897400936298063 0.6091593592269583 0.004417860148805025 2.651623206486282 
0.991343539612443 0.6063453092064615 0.01130138028829031 2.655226654619061 
0.9887222736057842 0.6106884620256767 0.01657554412662638 2.649355229383508 
0.987438085026204 0.6130306527823419 0.00995399849465344 2.646480398552068 
0.9957245322043164 0.5990529527524716 -0.0001981238156336649 2.665244905148764 
0.9959427765459357 0.5986226171157539 0.004673114892690294 2.665725063823309 
0.9938921330497753 0.6020088012328414 0.004433030813092575 2.660979175436485 
0.9553557128006345 0.6600100700968893 0.01354464533682867 2.573103911381558 
0.9483354278064526 0.6692278282414718 -0.001421414463131636 2.557132617470097 
0.9596592633490952 0.6522845850423252 -0.008202504582362683 2.581628923216109 
0.9432869565653799 0.6747793065007796 -0.0233455982184154 2.545190502122485 
0.9327696784319325 0.6859922710249855 -0.03972769064581325 2.521092176101862 
0.944639593660337 0.6714179711609589 -0.04885356566286705 2.548291741966429 
0.9443589547374747 0.674241038940201 -0.02328979341926833 2.548229932926428 
0.9255094427927232 0.6941008566921167 -0.01828131452256954 2.503617565840135 
0.932089635479073 0.6860623725676184 -0.03844664495470521 2.518989239049584 
0.918334925894883 0.698617900219034 -0.06365587840017942 2.486531180699396 
0.9056340636728926 0.7149536974223212 -0.03654227352742297 2.458463438502059 
0.8969810711207007 0.7179074921666848 -0.07342690529021056 2.437381403677135 
0.9455759170031435 0.6673770209219627 0.07988400772059266 2.550361995096719 
0.9342966799523271 0.6809705485592281 0.05657889001603484 2.523079579015393 
0.9468405986817706 0.669709853329798 0.03899722174414543 2.553363600657319 
0.9730153275231989 0.6351068255256582 0.007803374762769212 2.613356737991169 
0.9780322221797862 0.6270945509749764 0.01963040033038289 2.624618386516291 
0.9703995306229435 0.6390443975694033 0.02152707281910637 2.6076488642008 
0.9791608754128558 0.6187966191460079 0.09383153926293526 2.627096097335305 
0.9750291458877933 0.6203856365303183 0.1228087574037354 2.618041358891024 
0.9630632888075662 0.6437236486026742 0.09368413722250735 2.591195726692939 
0.9693469419451558 0.6394801095906255 0.04391165970782246 2.605253560988209 
0.9610021011541545 0.6504561416150795 0.03256241922488149 2.585271854691976 
0.9695141402326928 0.6398904240590461 0.02147229869940985 2.605285502275966 
0.9896267819497768 0.6079143459391065 0.05175657526473883 2.651769639475883 
0.9803618484849275 0.6218009271389309 0.05232809964287084 2.630125384237076 
0.9849096524640207 0.6156198418760452 0.03638919620032067 2.640350516181564 
0.9464654360700293 0.666038324515028 0.07903214186404997 2.552317448610808 
0.9471038801971654 0.6705920154184648 0.04059053846206749 2.554905782370414 
0.962054004425104 0.6488258839468544 0.05917200816939876 2.588333745427063 
0.9099439376930376 0.7063050144258443 0.0741996730634322 2.467502836343018 
0.893343410871518 0.7211357735974248 0.0841270401910388 2.429723987671175 
0.8969634373109022 0.7210750182433795 0.03719384321255232 2.437505600286846 
0.9469038404990722 0.6664740077068928 0.0810024660622841 2.553658440085603 
0.9311390428693556 0.6862965392963253 0.07959157982197708 2.518630620103708 
0.9345374753307714 0.6814493144628067 0.05622874840142412 2.523978577047891 
0.9474258190585804 0.6658963931220458 0.08061140771857456 2.55502855660375 
0.9357620000296466 0.6739771079922201 0.1109290382160006 2.527371238563907 
0.9303663790267444 0.6849828577641093 0.08165943459037672 2.515479015199643 
0.9911219813021472 0.6067134434544474 0.01095281929133123 2.654731976387562 
0.992245590155214 0.6048572599543431 0.01833695559919335 2.657417954560202 
0.9886374057401335 0.6103882294646602 0.01713685701743209 2.648897545461428 
1.001398729525138 0.5851136259375184 0.07393016177020546 2.678451905111607 
0.9924443118934427 0.5991183258573903 0.0860641808727096 2.658137318286077 
0.9942270782024287 0.597698972184553 0.06172906493385302 2.661335063596085 
1.00004113701633 0.5915247739248388 0.0006634155456890186 2.675087818356516 
0.9998766250024987 0.5918113631306099 0.0002148207554463673 2.674710092121422 
1.000194353834179 0.5912645902661563 0.0002069304103706187 2.675443144944817 
0.9994114644182794 0.5928396080850249 0.0001138595158416143 2.673773155077723 
0.9997846957137444 0.5919038319856588 -6.470801061646465e-05 2.674458860907492 
0.9996105889555917 0.5921762367402477 0.0007641158670785045 2.674042062937379 
1.008403313111502 0.5761099199965238 0.03883474716771652 2.694778545314402 
1.013073003387298 0.565123851010183 0.01896105815959164 2.703567387856142 
1.015110904719647 0.5620907866361259 0.03428343403896712 2.709213769289899 
0.9888154910943207 0.610541273824567 -0.0001366797827274762 2.649425075746836 
0.9925016569978709 0.6045875538882594 -4.773321755840831e-05 2.657918998656288 
0.9899611777988591 0.6088799536487426 0.004665222687201458 2.652192334780846 
0.9993013004770863 0.5927646885735108 -6.886608528945179e-05 2.673361042097302 
0.9990310053615848 0.5930389813278726 0.001751388044040488 2.672628457261431 
0.9983715041832905 0.5948013901192081 0.0002640417190121662 2.671484370665907 
0.9999327290435551 0.5917234872589966 -0.0001363244380840402 2.674842190624155 
0.9999700769823904 0.5916745532427399 -6.53337431736046e-05 2.674937507603513 
0.9997710216344198 0.5919553291036909 -0.0001090441413020522 2.67444191029193 
0.999943886075244 0.591689345880746 -0.0001786974742270769 2.674858488664514 
0.9999937481192238 0.5916083227097485 -0.0003041276095804662 2.674981673084072 
0.9999633697106201 0.5916628362946573 -0.0001196913985448421 2.674907188198615 
0.9978696814543564 0.5952315150376779 -0.0002144669601124339 2.670070817192726 
0.9990251720761066 0.5932781526856632 -0.001803759151353173 2.67274903228136 
0.9990295652189116 0.5935684847988784 0.000172557303417657 2.672933994629533 
0.9926955163111884 0.6042741452371752 4.647932460610716e-05 2.658377865313482 
0.9936912263662184 0.6021893873063401 -0.00588148696275995 2.660419088540632 
0.9960165916209284 0.5988808802393499 0.0003132854614222746 2.666109473221738 
0.9927134227562222 0.6041765841283337 9.371312666228265e-06 2.658384504098851 
0.989920288298385 0.6089489829109396 0.0001202380517909038 2.652078982026982 
0.9912208687200827 0.6065373028058728 -0.00475025513882628 2.654905287745984 
1.004267243858832 0.5845382324453842 -0.01048573553003862 2.685177878060566 
1.007222259662769 0.5789190448664904 -0.008380267526421084 2.691689912717705 
1.003981766505182 0.5840154095494337 -0.003241388741264718 2.683754988037876 
1.006245372190911 0.5791532163332859 -0.03116634998633635 2.68902143357387 
1.013164233879146 0.565385776847283 -0.0430960282408597 2.704843611911874 
1.013367684981871 0.5663077532348244 -0.03117441932174667 2.70560640423508 
0.9889386699008585 0.6106203113645048 6.699484780672243e-05 2.64987903537985 
0.9878271717787727 0.6125576664943729 0.002792213815329807 2.647428682217931 
0.9869054936803364 0.613315970975488 -0.0004679864688524354 2.644859740841233 
0.9777579347456246 0.6189997165482816 -0.09814747626641872 2.6233120638537 
0.9746048746337534 0.6224596988068881 -0.1274911070214113 2.618339301004822 
0.9936858546736286 0.5953402236786254 -0.1187923193267449 2.663165254405686 
0.9984469632010299 0.5897117421523618 -0.06734737914506216 2.670890162283234 
1.003814609226267 0.5778805874931161 -0.09001775344672587 2.683674887412749 
1.011481049201349 0.5674459759959173 -0.07249134365215559 2.701966305493582 
0.9193488926891564 0.6990806403712807 -0.06142993721535241 2.489885726783853 
0.8985819600732291 0.7170610028280673 -0.07450824402065948 2.44137948709534 
0.9134624710682374 0.6998108725758003 -0.1036585818661206 2.47644026034459 
1.001099549953462 0.589698100193831 0.00223181103062591 2.677532322894483 
1.000955418033437 0.589837893740202 -0.0001692401690514741 2.67713180451781 
1.001725554219404 0.5885926991160576 0.00136079407830631 2.678964860633512 
1.000843346426401 0.5898894273506627 0.002020745292339995 2.676789966723047 
1.001817188002596 0.5882220156339393 0.00171626121239636 2.679051303695171 
1.001055205822353 0.5897799877793138 0.005170568871744581 2.67744315211116 
1.001072619222075 0.5899237840656678 0.005543780654428124 2.67758688688194 
1.001898269229366 0.5879963609712613 0.001307034784906072 2.679185434764548 
1.002592653488226 0.5874542799271464 0.005634028457169676 2.681200608965467 
0.9991798541567291 0.5929124752146008 0.006893957970170604 2.673060981563304 
0.9975491897836227 0.5960807338621662 0.009225271913837362 2.66956283574391 
0.9959567643174839 0.5985710627718598 0.004843346435764107 2.665737961384063 
0.9990440794985895 0.5930974839023346 0.00703444320670886 2.672725846056225 
0.996074207504476 0.5985599772473306 0.004978773469751638 2.666120070994505 
0.9975616166234339 0.5957430768638864 0.003965763444554158 2.669362701974421 
0.9976982700084447 0.5955442350940064 0.003994431217309734 2.669695630047005 
0.9961229228158462 0.5985007349745964 0.004463328204193915 2.666250318679974 
0.995671585826339 0.5991066579003759 0.0001136357758142409 2.665104951025088 
1.005747440655085 0.580851409175046 0.006273695547390186 2.68787875792906 
1.004495757626057 0.5834842955672112 0.01632085652959187 2.685339555322448 
1.003213145519494 0.5862438046994021 0.009608691325966957 2.682577746474978 
1.005356134264604 0.581047212729467 0.006393387158687072 2.686691589321274 
1.003598767168153 0.5859718446833057 0.01006146294638595 2.683717365783329 
1.003667695470422 0.5845581468298023 0.003159721523982718 2.683070349268502 
1.003712964521354 0.5845734007427065 0.003234158390939433 2.683236059605089 
1.003527499431606 0.5855123820466654 0.00952107213188127 2.683208804298235 
1.002403077234769 0.5877886501935247 0.005733787491545451 2.68076154939563 
1.000359761739771 0.5911266609577726 0.009879253123190055 2.67595418202408 
1.002698827017947 0.5867051324955109 0.006042965296185571 2.681112202292141 
1.003475210706279 0.5855385268361599 0.00977142590634561 2.683049997049637 
1.000030902249286 0.5914506640967202 0.009535320235789322 2.675044036848152 
1.00349863433617 0.58528251267359 0.01047217408688266 2.682984458181891 
0.9998055224184851 0.5916743302295242 0.01406271977823512 2.674481165349404 
0.9997261489765439 0.5919507278568327 0.01443524692783014 2.674384339246139 
1.003723379018484 0.5848023448288759 0.009909531382235066 2.683438739250262 
1.004169697832948 0.5844906388353671 0.01636904888984914 2.684838076832022 
1.006144412797907 0.5798544260177166 0.02413344939068649 2.688910808456978 
1.003959235878508 0.5847021520963394 0.01645096322133516 2.684241162752798 
1.008381644694246 0.575792847255882 0.01279387927888036 2.693838628287383 
1.006316558426848 0.5810636940731949 0.02565126976153692 2.690191440721434 
1.008423363494837 0.5755646786697916 0.0124648228216823 2.693815045990169 
1.012398669766307 0.5667303258103699 0.01970130075971766 2.702292861090847 
1.012802823896075 0.5675665752381061 0.0181563912001322 2.704119183464989 
1.008166217103108 0.5764242950374114 0.01211182496299445 2.693462235375915 
1.011690753885063 0.5700666224529676 0.002445860250625528 2.701583767914897 
0.9803431265516696 0.6225018932613865 0.05279768220262244 2.630513766721819 
0.9904864835353209 0.6049401099230091 0.05154071144145576 2.652726523804066 
0.985981819245547 0.6122234397634904 0.06834199900156988 2.643483723461242 
0.9799738275649795 0.6221441247057575 0.05120528853697694 2.628960897987872 
0.9856678104851165 0.6130641915979667 0.06976823829891247 2.642942780129532 
0.9715213275780991 0.6337399453687889 0.067682192741228 2.609916544797985 
0.9712579115719301 0.6357114404029811 0.06822191825245075 2.610295419366671 
0.9867616082563232 0.6098204603537256 0.06894162722737142 2.64427573614196 
0.9784389347094165 0.620658328063301 0.09270964609071956 2.626084551306778 
1.006605253545259 0.5769884670136095 0.05394598365531817 2.689973068838636 
1.007625016227598 0.5763653350278197 0.0371588099368895 2.692199256764352 
1.013864892489138 0.5627538426825112 0.05297212958762471 2.706185590831957 
1.006023161931687 0.5768758894500553 0.05220112875304354 2.687809279647353 
1.014542159348133 0.5621866659248966 0.05189588283071941 2.707970468324531 
1.012663114694933 0.5652492122405853 0.07796051826402049 2.705092698278985 
1.012671546238507 0.5625179977571491 0.07968905672493326 2.703822222202592 
1.014065832330912 0.5640951462101379 0.05151718190977821 2.707343295972824 
1.024688714921731 0.537195351165801 0.07549349381396095 2.730293635129473 
1.00053466611518 0.5895063690611927 0.04987998043080155 2.676778727859825 
1.008068216736151 0.5751324589949781 0.03785492666994651 2.6929202503515 
1.006835952522561 0.5776714569266538 0.0533792255570467 2.691051937676118 
0.9998569098265307 0.5899386450257563 0.04893742904872158 2.674708499341006 
1.006465270798064 0.5778990057606479 0.05506007059334381 2.689975989277363 
0.9949748648040923 0.5968611769606303 0.06333181612579761 2.663427210924582 
0.9948076899677739 0.5978140678537899 0.06380587752196226 2.663490667497221 
1.006830266852871 0.5754688070414183 0.0535959667777883 2.689567783247282 
1.002340952986545 0.5843674577084447 0.07341069446749571 2.681187826249225 
0.9606544679409736 0.6496470088049561 0.05897340181070847 2.584845176193724 
0.9696135923610478 0.638298549101313 0.04328985560212065 2.605283884819695 
0.9705708908653879 0.6361216378946813 0.06685638203642187 2.608298032337942 
0.9606522740189575 0.6511686854963703 0.05906856674687438 2.585713735852945 
0.9721467763637661 0.6336125556769 0.06661260512973623 2.611546038317039 
0.9627516468733016 0.6432752182274537 0.09109092105369883 2.589832907440889 
0.9632334748179791 0.6424022551711539 0.09235671129607287 2.590919069756575 
0.9705422790790501 0.6349192291762541 0.06558036130653221 2.607248416953075 
0.9777427786607761 0.6217998035793046 0.09389181283134133 2.624491998471341 
0.9997719524280887 0.5914174998307582 0.03317688042214375 2.674631051015917 
1.007589101067122 0.5766472445108272 0.03852883630929233 2.69227129447227 
1.000276661444198 0.5883899268792004 0.04876259146957778 2.675219024740292 
1.00071804287273 0.5903016911164201 0.03358207065989919 2.67710047506551 
1.0000265622716 0.5897978238728615 0.04808625022722217 2.675155026880184 
0.9939504143690588 0.6021177607809306 0.03776857748697671 2.661903745012617 
0.9936221518271656 0.6022338139680181 0.03632608265153982 2.660811341335852 
0.9997260705685111 0.5900953730550265 0.04957173052304093 2.674356898742432 
0.9900622716902957 0.6055500827291667 0.05194143135871427 2.651838819583759 
0.9901326943979337 0.6083081802885725 0.02925132658437192 2.652815602011706 
0.9959954981462413 0.5976380515675265 0.02677968046033584 2.665610150688161 
0.9940424784383181 0.6007132980208427 0.03646904168190229 2.661346015833456 
0.9898116235005715 0.6082452878394085 0.0282882730759078 2.651678421806504 
0.9938681548773999 0.6011661958216736 0.03759005411895725 2.661044390391681 
0.9854396950312319 0.6142500047333992 0.03771111131270072 2.641345549793204 
0.9853314869179545 0.6160643145452173 0.03822593878442142 2.642105416776656 
0.9944747539356611 0.6005437524858137 0.03729683539949524 2.662568566434719 
0.9901219504945575 0.6070985177052451 0.05062280088506018 2.652898596562903 
0.9828862478932937 0.6204409856005308 6.629545830442179e-05 2.636131695841262 
0.984947954539134 0.6169574390927608 0.005177097254812965 2.640704129280244 
0.9809327419251538 0.6231457468269449 0.006089163164274397 2.631458504133414 
0.9830273725682139 0.6201089574873832 7.73229261167826e-06 2.636378179838576 
0.980535703452436 0.6240024506650766 0.006732358991402317 2.630680231687685 
0.9780764655856311 0.6270419541237485 -0.001989646985438304 2.624572133906589 
0.9782401241206614 0.6282027107110173 -0.003015900110100776 2.625876143593839 
0.9811120458567166 0.6236001223387564 0.006864528761408526 2.632283211265818 
0.9737644325666788 0.6335334296509395 0.00694178991574905 2.614781274992085 
0.9948548900539909 0.6010666896603457 0.01177155001441545 2.663650890233005 
0.9975807784459754 0.5957581397878866 0.0094661905730728 2.669459618864158 
0.9969979401509741 0.5964653320925118 0.01563475799638057 2.668037811083736 
0.9946071099599751 0.6010991233365915 0.01106038776132476 2.66283626609979 
0.9969537900526583 0.5965952745499916 0.01620375472289537 2.667966289700777 
0.9926216689338616 0.6037284091085326 0.0184117488550807 2.65798080409852 
0.9926045102307345 0.6048552028298623 0.01889368652691074 2.658601308364549 
0.9973453311851942 0.5961439603190517 0.01591934655739876 2.668955355464024 
0.9957218483557506 0.5983930043377047 0.0260004276150053 2.665180714229899 
0.9806410136393859 0.62313547340822 0.006862589480014637 2.630499784521329 
0.9847687269955033 0.6171285842582038 0.004871753027675614 2.640227796773739 
0.9832167884978426 0.6198379015279241 0.01234476149075393 2.636902403146268 
0.9807242724953026 0.6240969076538452 0.006202087430961531 2.631352189992977 
0.983953991225309 0.61879424440744 0.01241248393109152 2.638609725329032 
0.9778573463177404 0.6275515366702873 0.01846946689137777 2.62440111555994 
0.9777260690300525 0.6271349321680395 0.01984364246747054 2.62372037463139 
0.9833256880602796 0.6193838979040441 0.01179231846784119 2.636933617917393 
0.9833728919370625 0.6190204923109345 0.02479573763907045 2.637127739241421 
0.9994648813129109 0.5922197750233211 0.01341487122627727 2.673648448156449 
1.004031897186869 0.5845111585047545 0.01698133219831652 2.684395751569657 
1.000783948799691 0.5891797000420876 0.02308472419007127 2.676446535170464 
0.9999717200583031 0.591577489817937 0.01356538485310124 2.674953815505403 
1.000611879264383 0.5898412115619639 0.02284126428863204 2.676245852805031 
0.997043655854818 0.5970244439329567 0.01635492411445253 2.668523453463095 
0.996843521662067 0.5972520802913606 0.01536959847790028 2.667966420698532 
1.000475310059132 0.5898263801536874 0.0238032499088221 2.675794991325651 
0.9957406690037747 0.5974818975317507 0.02665122038618414 2.66472090899054 
1.001099659550852 0.590326371069626 0.02440687585214748 2.678191276775339 
1.00445550359066 0.5838744665960955 0.01673750723443993 2.685414741337109 
1.005933011829044 0.5804419312863484 0.02445396023759649 2.68852962184972 
1.000564121702908 0.5906797592105038 0.02333366895489594 2.676580113321479 
1.006048956234591 0.5803609791137594 0.02527247305596652 2.688874812434841 
1.000392196026632 0.589809264343286 0.03368415330492577 2.675808274585637 
1.000447191564704 0.5911055193485186 0.03489699283357283 2.676772821744112 
1.006423232461367 0.5796394577713216 0.02466231133559313 2.689648800266124 
1.007644438764546 0.5765330130428294 0.03753315830343364 2.692386505089287 
1.000025393795015 0.5915607097307327 0.001703818449077357 2.675057774317366 
0.9999977412955322 0.5917294452020783 0.0007377624135200023 2.675064331876443 
1.00044639745244 0.5907247788942648 0.0009174545124477718 2.675962850745382 
1.000035102693219 0.5916991000420697 0.001975879902642583 2.675172123351775 
1.000505793875778 0.590601508940776 0.000758989568924601 2.676086987167432 
1.000907339262356 0.5899545069940331 0.002107979471590686 2.677043445651074 
1.000973957897202 0.589673466477091 0.001964320374076898 2.677099545661223 
1.000388488622568 0.5910174681395388 0.0007654468340844725 2.675942042674775 
1.000995434821254 0.5898493397378027 -7.456738779029966e-05 2.677272392739472 
0.9991995815378488 0.5929263394136393 0.006596434122501045 2.673138955283011 
0.9997415316387473 0.5917811699788125 0.004315054945315288 2.674249366903582 
1.000757982385655 0.5900889816724416 0.005752461352200876 2.676640604020165 
0.9991064003386331 0.5930338073988121 0.006688010926215239 2.672893302165624 
1.000888148170069 0.5898463867697049 0.005416266068489935 2.676925870823496 
1.000455024750052 0.5909812730952266 0.00910661616270631 2.676184935731077 
1.000448175985417 0.590730142880127 0.009297260015919037 2.67601063495523 
1.00067030950239 0.5902444819396129 0.005445027819002809 2.676433638945614 
1.002478669533593 0.5870836580377328 0.006423815246237375 2.680606925530761 
0.9996346420727 0.5922621066787725 0.0007839488709878429 2.674172804419526 
1.000079479122083 0.5913445137348274 0.0007298843103621869 2.675108459232494 
1.000000349395857 0.5915926274911897 0.001682584541130397 2.674993401222358 
0.9996077413146461 0.5923297208055724 0.0007013493113503059 2.67412297190552 
0.9999703845845394 0.5914448460241661 0.001965708240713633 2.674806572923736 
0.9991876399346004 0.5931009478708942 0.001686110690780062 2.673185593326109 
0.9991039678708955 0.5931505290436817 0.00167638839915434 2.67293669070581 
1.000101622760568 0.5912571515185766 0.001720844904922277 2.675130284195173 
0.9998220573748825 0.5920339380285281 0.00396847280556184 2.674667876129327 
0.992304687804337 0.5990628937507585 0.0872248141190469 2.657705996699826 
1.001908157984044 0.5824818616566313 0.07352706311922472 2.678588667591759 
1.004661957715282 0.5757785028164081 0.09724071251925571 2.68591558045793 
0.9915583142432848 0.5986323713451566 0.08482285202803966 2.654761737112556 
1.005027410254542 0.5756273058326847 0.09738237277018144 2.686848706822302 
0.9919045339369263 0.5965938316421051 0.115613356440792 2.657805060767312 
0.9916341550310194 0.5958623864357975 0.117424751424022 2.656567568265712 
1.005310157333451 0.5731627892600452 0.09659178650526155 2.686381565912277 
1.009747062060989 0.5586152267171077 0.1291432852078508 2.696734791151281 
0.9998392617366901 0.5919963834398259 -0.0004360036128433655 2.67469251600569 
0.9999031607890094 0.5917366996207222 -0.0001107148460365139 2.674751660107257 
0.9997579991556765 0.5919628730644561 -0.0001041739546680142 2.674403127187936 
0.9998731615693237 0.5919750997760893 -0.000535013144014373 2.674792651995131 
0.9997682001746738 0.5919575243132335 -7.41798567993474e-05 2.674433868046051 
0.9995534688276082 0.5923486695631299 -0.0007601353547832152 2.673951397737028 
0.9995184628433111 0.5923601621679193 -0.0007682122871262758 2.673842243732941 
0.9997814252447137 0.5919951157615631 -5.200267335756784e-05 2.674499906018587 
0.9994592373469686 0.5926622375744423 -1.238795788992192e-05 2.673824238815252 
1.00015842593164 0.5914631228618693 -0.0003247859575125953 2.675387311451233 
0.9999484113774451 0.5912172679732711 -7.947976476017892e-05 2.674814578406705 
1.000021673796614 0.5916984768351792 -0.000264690877481844 2.675040318392373 
1.000136585384084 0.591411270518062 -0.0003643391481205195 2.675338339598793 
1.000029797130712 0.5915726782977297 -0.0002086372452219154 2.675079209006331 
0.9998638261815966 0.5917008905169346 -0.0005421768067425151 2.674604049761152 
0.9998454217377484 0.591790000296153 -0.0005297682691013636 2.674593619724651 
1.000051971726827 0.5915691170064147 -0.00029496902700232 2.675152331286469 
0.9999062653001802 0.5917125570748054 -0.0001810881372057198 2.67474704365865 
0.9990495726297421 0.5932392295754922 -0.00180611991756221 2.672806356790094 
0.9977643429396809 0.5954237019886707 -0.0002134523983589187 2.669836564319122 
0.9982919422403577 0.594788170823678 -0.003445228870142673 2.67121500389666 
0.9990878505365308 0.5933006733441969 -0.001731649685191896 2.672968618840201 
0.9985485570198903 0.5938792499025054 -0.003657303635176549 2.671525407502072 
1.00011688759439 0.5914047176670555 -0.003081038198234045 2.675273283094182 
1.000046885372249 0.5913283108363002 -0.002811098357120904 2.674994539275844 
0.9983981332980409 0.5940512985925571 -0.003798723725201276 2.671128588114946 
1.000193884264773 0.591543551235143 -0.005503573336773821 2.675621578894829 
1.001060659969317 0.5901146644469544 -0.001543238676628579 2.67754383965819 
1.000546694233007 0.5898859403180201 -2.603557250420289e-05 2.676131012327724 
1.000441595446136 0.5909233371329621 -0.001020231713607502 2.675947819909797 
1.001004460505011 0.5896423670612057 -0.001728896281954147 2.677197663380917 
1.000454147940915 0.5906562089222327 -0.0008565587723924083 2.675962181717915 
1.00017824612543 0.5913917087659361 -0.002888838367333056 2.675475311762037 
1.0001338692846 0.5913458518704872 -0.002778686532925036 2.675298943160703 
1.000527505373109 0.5908321730269633 -0.001100902437827047 2.676312188923469 
0.9999310004640936 0.59159220070602 -0.001576320936437282 2.674763400411068 
0.9991741181529707 0.5931627779376579 -0.009038322419323834 2.67320752994861 
1.000481069364479 0.5912715434564013 -0.006057917957151857 2.676417589233373 
0.998161115548843 0.5942521085391235 -0.003466636706835188 2.670459549338088 
0.9989610693480641 0.5936392958512261 -0.00891177326698819 2.672780358216505 
0.9982679957322383 0.594272827516102 -0.003076027334265867 2.670829983493536 
0.9966443922108474 0.5972600545163491 -0.004060091276208573 2.667227495968062 
0.9969193297963471 0.5968864466208331 -0.003914777507712719 2.667911699290426 
0.9984350893552381 0.5946525566570262 -0.003721245322845841 2.671610527328474 
0.9977695774887063 0.5954860808228053 0.0001503878834928326 2.669890993866213 
1.001499853422033 0.587758262288164 -0.008414590686586473 2.677807404547692 
1.004093413741237 0.5839623403894156 -0.01028630235161794 2.684251367175861 
1.004337899453639 0.584478530086505 -0.004046086985150668 2.68525610222504 
1.001736005855182 0.587602742445311 -0.007979761846924704 2.678500540238832 
1.004175977678886 0.584578860784368 -0.004106984095587778 2.684774134363072 
1.002188803101678 0.5877653901369427 -0.003651176892538362 2.680049175604517 
1.002157763975517 0.5880711238412015 -0.004030573730966981 2.679938652150463 
1.004158105863362 0.5851335488173743 -0.003601120102202131 2.684937038447444 
1.002837972467399 0.5854317067745093 -0.0003317748260697895 2.681226725575087 
1.00596884454629 0.5820556790793144 -0.01784131801859714 2.689473098045342 
1.007079502442826 0.5777147021476379 -0.03079555714855303 2.690970040210501 
1.011631630327649 0.570131168016154 -0.01846512867911588 2.70158926546235 
1.005702220152606 0.5819785308682758 -0.01851942884176988 2.688556742708259 
1.011088292468541 0.5710359677922836 -0.01708892495709619 2.700244649203271 
1.007284421158168 0.5773956869260332 -0.008346631798678674 2.69103698296865 
1.007335769724252 0.5791296020385464 -0.008776040892945281 2.691951395742818 
1.011792137757977 0.5707913411440247 -0.01691703427864004 2.702257170001033 
1.011366068214115 0.5691116492862569 -0.003506565070354306 2.700715940819917 
0.985998135999272 0.614284181909776 -0.0102356641609955 2.642524239165589 
0.982364751638118 0.6207826446423494 -0.006765540032263058 2.634635906869161 
0.9817497532642486 0.6219912034426025 -0.01388432505668784 2.6334662676525 
0.9861266110583701 0.6143884766513001 -0.009686462214451881 2.643006377358866 
0.9819619306230253 0.6216679747236539 -0.01448911496675575 2.633954026929541 
0.9868617076875121 0.6141291284025251 -0.01629721584002239 2.645355758625409 
0.98686742256045 0.6137704864424892 -0.01623660523952484 2.645117310867683 
0.9815261348704969 0.6220998240581158 -0.01437627219801226 2.632769285869482 
0.9823682098771404 0.6200443447086359 -0.02361993383857166 2.634465708736788 
0.9913064200964647 0.6066549014500727 -0.004191660378150955 2.655247138762182 
0.9892338780728516 0.6101040933854713 -0.01032588683054534 2.650588478923084 
0.9926846218995047 0.6041711825431236 -0.01296237674526034 2.658378091304658 
0.9910896807221526 0.6069079529000158 -0.004602475054002775 2.654682840136537 
0.9926714901896215 0.6040486320089616 -0.01249770333556764 2.658256774126207 
0.9937779504094456 0.6019244844208766 -0.006041696540064824 2.660554332631524 
0.9938036566452833 0.602077879915949 -0.00582581336794841 2.660735451887977 
0.9930026769506973 0.6037675969574715 -0.01270957719813612 2.659167502248275 
0.9963863890218984 0.5982984302784833 -0.01253426912256863 2.667056611312454 
0.9992201227891396 0.5928027374394749 -0.008758561370433559 2.673151611113842 
0.9963393937905025 0.5981123200945976 -0.01225874448869818 2.666765278747554 
0.9998350694986801 0.5912282406328143 -0.01399710306074045 2.67433860992908 
0.9989673793741746 0.5925064421792779 -0.009412073303247455 2.672144575525515 
1.000141739729098 0.5910165259504429 -0.01398346276479596 2.675212205930925 
1.001979705765614 0.5889057721122122 -0.007938601033864338 2.680028219124606 
1.001867374112895 0.5884851123936867 -0.00737422993577801 2.679417154097199 
1.000351597305351 0.5912540148018681 -0.01438421860881894 2.676035800659952 
1.004016644899888 0.5831470525043427 -0.01077483586897472 2.683522052747132 
0.9983208705254929 0.5932820005106046 -0.02135914523819327 2.670599332852334 
1.005855459339615 0.5806270259076847 -0.03105956886149045 2.688576137298572 
1.005567491918861 0.5807987457099075 -0.01863710104229535 2.687437846299376 
0.9992898763819027 0.5923976733829065 -0.02088766297715296 2.673289327426632 
1.005227008032789 0.5811202170294596 -0.01882529290179438 2.686494391544734 
1.000112232227997 0.5919564185412173 -0.01377955992781387 2.675644650453859 
0.9998365349377771 0.5916950195102307 -0.01487803684272104 2.674589711014799 
1.005133966183386 0.5815077725774263 -0.01803318295699665 2.68639294091165 
1.004119502424953 0.5830687830239437 -0.0107216331449819 2.683817745194624 
0.9935767029238844 0.600703165378178 -0.04738090660025033 2.660179929889874 
0.9987073807033241 0.589961331094581 -0.06649234922844319 2.671898283389425 
1.005192895846044 0.5802523480703662 -0.04782723018751176 2.686802831817469 
0.9943705955805471 0.5997049091372704 -0.04695122320613147 2.662153791083348 
1.004470097010663 0.580543493590429 -0.04727296651460969 2.684576140702998 
0.9996088253049249 0.5928553114865275 -0.03487628044832037 2.674995546631985 
0.9989351168083903 0.5925618123527254 -0.0371865620587306 2.672645030114119 
1.004547766179977 0.580709272942259 -0.04662558204758046 2.684889037213774 
1.00646637082097 0.5782929643157367 -0.03096062733395637 2.689319748772256 
0.9890654493143304 0.6100112783820141 -0.01966936376269464 2.650069822770295 
0.9922350031105523 0.6043098637552908 -0.03126393360035883 2.657391665205074 
0.9952655758992974 0.5987032873087705 -0.01992762249915069 2.663715704490587 
0.9896638214026149 0.6088266675107733 -0.01946899255830476 2.651303238208244 
0.9952565234621231 0.599662650277988 -0.02028657407277304 2.664261608026485 
0.9930112580057039 0.6041025228605984 -0.01215721178130516 2.659379496600564 
0.9926493720458814 0.6044423389870572 -0.01286140129044165 2.658389254908071 
0.9950974898050927 0.5995932837850467 -0.01930030937621209 2.663677713748528 
0.9963463540782791 0.5974494848053473 -0.01208477101518514 2.666409130762693 
0.9693154188841205 0.6398543181752312 -0.06184929988665257 2.606439565082024 
0.952880783425658 0.6591368381854751 -0.07169621806362521 2.566978335760679 
0.963975886408501 0.6407130713254829 -0.08867224677868299 2.591706161096305 
0.9679501085934121 0.6406717795398322 -0.06315876414001419 2.60260048532696 
0.9648379727865728 0.6403023153350467 -0.08850446363057403 2.594154081899653 
0.977366331839385 0.6243854093232015 -0.07286629838708156 2.623293587175362 
0.9778534272850168 0.6254876564978622 -0.07109872081156403 2.625414899716427 
0.9651695024823236 0.6400610703574948 -0.08901545366084 2.594953224119918 
0.9779738556209865 0.6196686181430457 -0.09769823110471942 2.624374537348198 
0.9874280197533792 0.6096126649106484 -0.06520584335022279 2.646434297392842 
0.9778886683069017 0.6255139729124281 -0.05399439860019504 2.624426542331993 
0.9773313388005427 0.6246412516415171 -0.07262958512031539 2.623300716280738 
0.9880650158214611 0.6107559585571036 -0.06365058424099501 2.649104402058128 
0.9773085500648041 0.6251700470838341 -0.07308593285671149 2.623377492582051 
0.9907458847981211 0.6002916331073375 -0.08292491834548842 2.652988022165285 
0.9914941843867811 0.6003245077827214 -0.08395025491999929 2.6554879633104 
0.9766712964414896 0.6259320552062172 -0.07311041707521598 2.621881511255291 
0.9782929121635731 0.6194773816788443 -0.09823621876035189 2.625272714797109 
0.9764992144313573 0.6305138722234926 -0.02476894338829811 2.621980763478665 
0.9668509396066489 0.643337354195142 -0.01993948302857908 2.598855161190504 
0.9696211789798248 0.6372265229597803 -0.03741184533160426 2.604406739831047 
0.9758715878652046 0.6308607011687463 -0.02506130797187391 2.620154489827129 
0.9707283569163142 0.6366838889675708 -0.03853554651157619 2.607656125628235 
0.9804037218755807 0.6230632352953259 -0.036566125595818 2.630332598292005 
0.9808389038496989 0.6238278639855199 -0.03502765292013761 2.632168449564235 
0.9704774953031721 0.6382034344799628 -0.03834834238190321 2.607719489257101 
0.9773894220425312 0.6251380342622006 -0.05288014697643723 2.622544583556592 
0.9868149568375114 0.6143117289001548 -0.01507283270958849 2.645249120391139 
0.9828672020257334 0.6196966859118663 -0.02407175294844605 2.635883565291375 
0.986940485640342 0.6130128345944038 -0.03000347541462478 2.645261020765945 
0.9863145112741466 0.6147478033424825 -0.01559940345735224 2.643877243987349 
0.9870877698911118 0.6127882163869444 -0.02945998652587998 2.645594252735576 
0.9892347409093237 0.6091615668428013 -0.01923688983173918 2.650126928671237 
0.9893571904860519 0.6096013527096676 -0.01836213052709459 2.650778283218971 
0.9875485330359441 0.6122854578054252 -0.0300872126287429 2.646797399909321 
0.9923039909821428 0.6044878670905331 -0.03258998553605287 2.657764911379388 
0.9785296044543982 0.6269888759519057 -0.003714440140469016 2.626020730448217 
0.97292277953684 0.6349189529951035 0.00758332797815739 2.61291633764758 
0.9689987808866247 0.6402433522623988 -0.002430398771934053 2.603659099947238 
0.9788900778276545 0.6267821821003798 -0.002849769552517426 2.627052362375589 
0.9694068286073434 0.6400740539300319 -0.00394945414910907 2.604871547972368 
0.9777506787695215 0.629084700773453 -0.01214582955271366 2.624932942434364 
0.978011458997935 0.6285826427079648 -0.01190304776017063 2.625430356502993 
0.9684921345285791 0.6410964284221644 -0.003633581263511133 2.602524557844355 
0.9671232721144969 0.6420026758960991 -0.01849416939353993 2.598893235053908 
0.9871580927882071 0.6127326197153069 -0.03086970053611358 2.645819471747048 
0.9823774501621308 0.6214795919693034 -0.02499235343463922 2.635445958623607 
0.980417376966726 0.6223552319844361 -0.03587019398627926 2.629884163193524 
0.9875105201606676 0.6132733839271631 -0.02981508553779846 2.64727594369075 
0.9803767808798605 0.6227542821999225 -0.03606266665448591 2.629955880734444 
0.9872610410637201 0.6108399705332674 -0.04229338658521749 2.645383365432874 
0.9877346455335089 0.6106277745176186 -0.04310497626483298 2.646833752960406 
0.9798791515414575 0.6244008482028465 -0.03634317504684054 2.62941035982564 
0.9783450628172724 0.6246557711333371 -0.05319188034630701 2.625336761150024 
0.986270994369628 0.615017029043086 -0.009929913958149844 2.643887010942846 
0.989096675673364 0.6106610577124669 -0.01032061444895293 2.650491455674298 
0.9882874102530294 0.6112789302564446 -0.00329030846186644 2.64813730018387 
0.9860557747924235 0.6152181246589828 -0.009526779357567636 2.643305385405186 
0.9882637994990215 0.6112184265791738 -0.003657995831192466 2.648025560911448 
0.9863760193296505 0.6147836732667783 -0.002556104217009998 2.644027749527901 
0.9867590000400145 0.6135389110888263 -0.002946790455234055 2.644516920305239 
0.9883299520748883 0.6114172382842138 -0.003542910102214389 2.64837514408721 
0.9879118521765309 0.6123652886289968 0.0001910078243663097 2.647582048247802 
0.9587342887814296 0.6562942204579818 -0.02124565762444855 2.581514731920348 
0.9435705155651835 0.6742135236041557 -0.02293528876751259 2.545690242325217 
0.9449169514444565 0.6705193872792308 -0.04654171181414156 2.548251030272673 
0.9576830328886067 0.6569562976855031 -0.02148324680008321 2.578594195959084 
0.9457370873761566 0.6702034057898859 -0.04686880111810563 2.550637344901247 
0.9593651796500621 0.6528817230981446 -0.03996214111865776 2.581917389027284 
0.9602880832014734 0.6537643698289677 -0.03695395594943061 2.585235780735161 
0.9457564047148018 0.6701800645157975 -0.04767614243680624 2.550670377087638 
0.9521301130699601 0.6593030527442262 -0.07081756698690952 2.564915802238216 
0.9777830563203362 0.6288073052886325 -0.01095223014092301 2.624812857806075 
0.9679922575831836 0.6414120103930941 -0.01988744731546138 2.601330131082233 
0.9763046862135333 0.6308940843832923 -0.02536906151570945 2.621655276198407 
0.9768969457015565 0.6291264420918031 -0.01097471596426839 2.622113451148743 
0.9759415644512912 0.630238874492959 -0.02389313829188098 2.620001735759224 
0.9820046977459185 0.6213457649207077 -0.0141296182232299 2.633867782533478 
0.9818378167827932 0.6214780574781266 -0.01374978434787681 2.633397403470779 
0.9765161964801415 0.6298617810953979 -0.02461660586850012 2.621636232787901 
0.9826562648102019 0.6207998281323381 -0.02499814706030458 2.635942313708127 
0.9669479349028181 0.6450604751715575 0.01095961416880533 2.600174363795134 
0.9560235396665248 0.6577477262471064 0.01291743940188475 2.573795976175986 
0.9597312142410294 0.6545594305894051 -0.006791879481227571 2.583455319884641 
0.9661781931006426 0.6457503145380746 0.01075105728144818 2.598149897522243 
0.9599234467463703 0.6538143935851846 -0.006195450279510185 2.583520071475097 
0.9688558670882841 0.640465072331183 -0.003936958649567713 2.603303363536899 
0.9692087056659222 0.6402876295027276 -0.002872599431430398 2.604298607611463 
0.9606324877200758 0.6534955135653452 -0.00750155896868852 2.585573245802511 
0.9669565496335096 0.6445671872048739 -0.02068487061813501 2.600167672517517 
0.9150392539470181 0.7053075002079862 0.01630054353205959 2.479685773444797 
0.9306450352876254 0.6879126751857878 0.02725455061396001 2.515214987061145 
0.9195705447244896 0.7013634718298751 0.0460083213041006 2.491513027619386 
0.9149269041684616 0.7045512291972182 0.01461102996190348 2.47844915820376 
0.9198992234831307 0.6996150655668328 0.04649455642641941 2.490885235526635 
0.8995709900616466 0.720179379046796 0.03612020188722376 2.444789565956492 
0.8977118094844376 0.7198961713939913 0.03834632711079018 2.438969410351574 
0.9201869516738889 0.6988262876516226 0.04698174517715144 2.491341797321207 
0.9089563859449171 0.7092392689762301 0.07423583199754705 2.466888936759381 
0.9341824792547121 0.6831320314990267 -0.003572523868022366 2.522422484315554 
0.9300060563036262 0.6886742464549106 0.02622386815014109 2.513730751508487 
0.9162989441390551 0.7051237413754484 0.0147114292907927 2.483316466252116 
0.9356097593452083 0.6831173756465976 -0.001671765668018144 2.526860750631885 
0.9156771531372598 0.7053047676773975 0.01421106558521314 2.481407166505971 
0.9247634657658005 0.695312029872224 -0.01765925238695723 2.502385535884641 
0.9248139799448054 0.6938515459300926 -0.01973576315926105 2.501037471665077 
0.9152333151321459 0.7062869009189628 0.01514605601320948 2.480573741656565 
0.899155891145803 0.7214923545439222 -0.003967815014240108 2.443537225132486 
0.9699500141657672 0.6383777266351246 -0.0393125847909686 2.606324996061671 
0.9668835179375604 0.6444670441884439 -0.0197917533003181 2.599773374888881 
0.9600571664046412 0.6522132359770463 -0.03885189411197336 2.583572251385385 
0.9708888974925906 0.6393920331633591 -0.03677423865589332 2.609857173856702 
0.9596612538906861 0.6535068089877523 -0.03872727507445865 2.583000200389455 
0.9672730368977307 0.6385063962965386 -0.06301634165136552 2.598967572946398 
0.9677672851878834 0.638566166190732 -0.06474698598925946 2.600738711936559 
0.9590218408949258 0.6547696976740421 -0.03834140384882902 2.581833296440613 
0.9528535928281414 0.6590671022585339 -0.07128066937485296 2.567048549198529 
0.9461011983775314 0.6729079658716045 0.01931991677803594 2.55252736931083 
0.9307369063641707 0.6874995542846704 0.02595373571257465 2.515342980627099 
0.934251573400232 0.6859111386423101 -0.001495161836989119 2.524783718533522 
0.9450341900307737 0.673369282282019 0.01936093343908278 2.549546680890208 
0.9346580655839262 0.6855851901167698 -0.001285685709259344 2.525659470999717 
0.9480676689389833 0.6679823567660833 -0.00231006094013511 2.555361571390309 
0.9486895307858109 0.6677943560560065 -0.0008528262353413703 2.557154226002753 
0.935245318532404 0.6852955312236148 -0.002596816472818628 2.527255665803962 
0.9431423357739815 0.6757768303207328 -0.02353205696313318 2.545664257445625 
1.005311496977223 0.5820130030848978 -0.04586127752684976 2.688039093002407 
0.9990432754058459 0.5891560272979492 -0.06672669785753899 2.67243969810537 
1.010663817410225 0.5669951323973554 -0.06986492790820806 2.698826410171776 
1.004369265257848 0.5815426709076419 -0.0477634578249781 2.68470597753036 
1.011297375642547 0.5666316616136855 -0.06968330292753021 2.700670522818468 
1.014003215100352 0.5645664502774186 -0.04400851852898941 2.707286153249906 
1.01380302637868 0.5684722687866404 -0.04192085724004461 2.708293674905084 
1.011832278204094 0.5659471322315469 -0.07054831315226286 2.701881899852143 
1.025331467952108 0.5347810695985374 -0.06223850866475138 2.731020361399356 
0.9952505121893459 0.6005578931515693 -0.01816861506290345 2.664730272799997 
0.9929115013783485 0.6032298823117196 -0.03184507356203564 2.658949752698078 
0.9988746610544501 0.592162777165035 -0.03530375764732859 2.672187765781286 
0.99455594376805 0.6007091783304711 -0.01943834193398337 2.662542490262729 
0.9990770820201521 0.5922459939142202 -0.03435347961103737 2.672880185337751 
0.9985708608413751 0.5925418628315093 -0.02029152118488347 2.671029284571791 
0.9987827257696085 0.5938556636477005 -0.01917588198774835 2.672425934637503 
0.9998611994468841 0.5910582587267954 -0.03526749824759948 2.674782127071079 
1.006104158966381 0.579938918244537 -0.0323330734936749 2.689047268858449 
0.9934079943168127 0.5901125079168672 -0.1169783434720229 2.658759017876733 
1.012456905121814 0.5517995781327374 -0.1208405143531863 2.70177448419258 
1.00439699021752 0.58063285851707 -0.08905247289930837 2.686887099002344 
0.9935422738460543 0.593426997726566 -0.1157020044093146 2.661230229358764 
1.004305615008435 0.5783308896013485 -0.09148321501381176 2.685752566383541 
0.9907815259953957 0.6012458659064789 -0.08319212328220058 2.653558218538735 
0.9913472486836652 0.6006176342605293 -0.08295679966530842 2.654966993316974 
1.003351339043444 0.5782892441162625 -0.08976293332195587 2.682410795918871 
0.9992826226927423 0.5901881015799462 -0.0654260862777519 2.673817208324958 
0.9881240584107479 0.6119285078156513 -0.04130912378542899 2.648815669968253 
0.978397167998874 0.6246176215681855 -0.05355797596813297 2.62542090189292 
0.9869935528707188 0.6091251727196624 -0.06346427101691277 2.644599816615949 
0.9871602103052426 0.6122892623793794 -0.04261874990134682 2.645902097900178 
0.9876336465542933 0.6088021195682929 -0.06334317778023409 2.646471001054625 
0.9943910246811081 0.599092198465616 -0.04683416733683968 2.661961393768376 
0.9947140734909597 0.6007545393367085 -0.04488982387182476 2.663901116358937 
0.9879884876584238 0.6085362866694864 -0.06412693000976835 2.647423868187888 
0.9984972108607585 0.5899827294276139 -0.06676076541445253 2.671265992322645 
0.9522793072236316 0.6563450647192248 -0.1159535670442339 2.56690781131075 
0.9662598208730609 0.6203019422458006 -0.1643648895391099 2.596150201545431 
0.973205644080417 0.6204933899179311 -0.1257981564702019 2.612680896233865 
0.9545839139507178 0.6525761922862054 -0.1149862669600609 2.572110720059895 
0.973354188081624 0.6249477756068578 -0.1279259968577214 2.616039305792892 
0.9642679059720517 0.6416305349770883 -0.08764059616881964 2.593189076691642 
0.9637063945299874 0.6426576217401255 -0.08931476298114875 2.592048955471547 
0.9727543123848746 0.6245379772138895 -0.125701202668418 2.613637576474022 
0.9776794842255007 0.6188913111549488 -0.09784631383321304 2.623044727660466 
0.9132858534526106 0.699747832136787 -0.1031238291511493 2.475017788765601 
0.9183694451100978 0.6829311320402691 -0.1499517367042889 2.485210492996516 
0.9397718499339969 0.6740316057015957 -0.1018322750945543 2.538630869754109 
0.915411325747701 0.69782720203514 -0.102932310887945 2.48042343423021 
0.9391892193432372 0.6730459191162945 -0.1049366903014534 2.536962974228675 
0.9383894266975721 0.6781620858961745 -0.06961989438977684 2.534460456473846 
0.9373619555723384 0.6782929465476349 -0.0699514306272797 2.531247048878233 
0.9382876148439945 0.6723945834483567 -0.1015653673682443 2.533162780556253 
0.9528635976525419 0.6593751384893053 -0.07083795202793626 2.567094699583755 
0.9826679044644775 0.6203001071638362 -9.296131625869671e-05 2.635318504968267 
0.9826083494887292 0.6196269807820134 -0.006016598631905153 2.634721680529307 
0.9869812191495501 0.6142778236968068 -0.003254035583644273 2.645709953451076 
0.9830327430740643 0.6197992590839198 -0.0002911661371319385 2.636208231372098 
0.9868013909488239 0.6143207492128508 -0.003514847158950276 2.645145230106738 
0.9868526483608466 0.6139357522867462 -0.0003565675805787825 2.645061072833952 
0.9863610384940499 0.6146583371023804 -0.0005497112981046799 2.643904164913147 
0.986562630313271 0.613715510091847 -0.002625081189418234 2.643981165073551 
0.9878657872467602 0.612308877629168 -0.0002222578902696444 2.647396986650542 
0.9872711498420302 0.6130599220632187 0.009679127343713309 2.645954739035064 
0.9845586405411196 0.6168068496417667 0.005440046370231598 2.639351469272424 
0.9876585284346445 0.6127735748109638 0.003033624054013478 2.646995609568976 
0.9875642952617473 0.6126308244928865 0.009240457624330171 2.646655186569936 
0.9875219530885319 0.612832777381153 0.002966904783160066 2.646584366858921 
0.9899518720051315 0.6088773509243268 0.004700925766236305 2.652142812157012 
0.989711762865093 0.6091117940781665 0.00477452854142989 2.651510141445181 
0.987544449700494 0.6123347260427361 0.003282145530114719 2.646360633388189 
0.9890028053459213 0.6105286306326012 9.936656276421233e-05 2.650035556986988 
0.9890033256138439 0.6103436324110046 0.01738981129429618 2.650001873539085 
0.983988767252742 0.6180901504525571 0.02401357181560062 2.638571226089151 
0.9832927188662604 0.6200526828352781 0.01285642201792378 2.637269192466242 
0.9884709984319781 0.6113130381826538 0.0174565390035021 2.64890976479221 
0.9833880501918297 0.6186707924305508 0.01306107341019863 2.636742673805997 
0.9874268986163818 0.6128516591954519 0.009586782431978347 2.646325269066979 
0.9876043224310569 0.612585014479477 0.009832045946317045 2.646731720757817 
0.9836959784104862 0.6192022154015752 0.01187703141523565 2.638079188532872 
0.9844786845123124 0.617412924957554 0.004993054602608657 2.639454114977188 
0.9959822759492892 0.5985091796804349 0.004228016033809015 2.665777522993855 
0.9973173734635409 0.5962447833270956 0.009570886931224229 2.668891011050789 
0.9947578133220519 0.6003877867464287 0.01129885619528288 2.662919605249586 
0.9961973390229925 0.5981555650254421 0.004412350829514201 2.666273197359354 
0.9946640332335752 0.6007175374503304 0.01104844840179175 2.662805377664184 
0.9939469392381658 0.6023149085685661 0.004607737255363307 2.661339784611065 
0.9938860987162491 0.6023220858222286 0.00422084966433238 2.661134607579816 
0.99448514696415 0.6008633010715753 0.01154226620421847 2.662301001242033 
0.9912444990409432 0.6061221893421496 0.01124785456973633 2.654787523390736 
0.9478540271389279 0.6697911159432444 -0.002118998536574088 2.555840085085774 
0.9431689662301362 0.6744617931920777 -0.02263937521447735 2.544674742100493 
0.9576911262835907 0.6556595857509068 -0.02384769879389298 2.57786183612632 
0.948450487891909 0.6689858996164045 -0.002544085910969302 2.557281208294129 
0.9575860338144907 0.657022258769468 -0.02297579288129946 2.578518210728325 
0.9607250076580045 0.6520683292562026 -0.006658447742377054 2.584876474539792 
0.9598615346407107 0.6538789237478633 -0.007537795523604968 2.583305925009428 
0.9575407002082182 0.6555881746784354 -0.02193899920483766 2.577322350036089 
0.9670726651001574 0.6436474673762381 -0.02118228350736941 2.599908398166134 
0.9318353895613689 0.6858289035442827 -0.03865919407650172 2.517525284338971 
0.9197050807527704 0.6996041921497465 -0.06375020868218473 2.49191228191232 
0.9374029067781247 0.677473864152314 -0.07170233657924281 2.531211443050408 
0.9319947635399011 0.6867396934287844 -0.03958273928164557 2.518828263871475 
0.9368443064392435 0.6760717866078595 -0.06991108834651871 2.528196415457503 
0.9455135945204749 0.6718085287900483 -0.04759686984952888 2.551321279350534 
0.9450802502935518 0.6722474663411016 -0.04868541063264595 2.550247288375784 
0.9378960898348778 0.6758235168993477 -0.07116304707115248 2.531377383798055 
0.9519361866344598 0.659283533854279 -0.07305042632480047 2.564505386648185 
0.9265626384062671 0.6940423285725937 -0.01765338234450357 2.506586040558887 
0.8987529790243319 0.7217974988026046 -0.003930062612823481 2.442364427914639 
0.905329158928016 0.7138423175663005 -0.03534888481430717 2.457157218315657 
0.9249574495850902 0.6949619921213023 -0.01793052896927788 2.502277201527569 
0.907205375295023 0.7136214472067826 -0.03668571467182589 2.462650045424807 
0.9325021783306789 0.6845621889933 -0.04035812928852225 2.518774514467658 
0.9335128813727508 0.6849912677159151 -0.038496046373937 2.522222544983447 
0.9067296103242557 0.7136226485391675 -0.03731161536274259 2.461031232222161 
0.918691935156051 0.6997150746495041 -0.06219040185300359 2.488836357088577 
0.9048317651645817 0.7132490005015035 -0.03764572585320929 2.454939098760709 
0.8980621343245251 0.7231607257075903 -0.00259858661434954 2.441341072004967 
0.8793673706704815 0.7351081468605416 -0.037842556068147 2.396285635204051 
0.9067476812790225 0.713197205257779 -0.03542055537482323 2.460611114250931 
0.8801292843479416 0.7346228279667598 -0.03903780474774492 2.397929831075366 
0.8967960565778403 0.7187978071743503 -0.0745624422414084 2.437715555270681 
0.8972096695302644 0.7172835462143419 -0.0757682929424885 2.437303763987672 
0.8786790685391308 0.7378768575523078 -0.03815677902179045 2.395796409895504 
0.8655851240598562 0.7399436520104473 -0.08717926030596358 2.363143281909917 
0.9343447846355322 0.6829899359807569 0.05467936979822417 2.524395764436087 
0.9295232675212772 0.6880633287607971 0.02712249654856086 2.512024153594472 
0.9451348593041636 0.6732018449054847 0.01743917147575512 2.549720474713971 
0.9349095778124636 0.6819565707807941 0.05382631153501879 2.525485139720107 
0.9447881933633206 0.6736549581996015 0.01777193383259601 2.54896223662415 
0.9490556833614708 0.6685330509484982 0.03991483358836127 2.559553280490316 
0.9476435804610174 0.6687104700447817 0.03931675516853437 2.555336944274624 
0.9443768993277676 0.6716534242091592 0.01914624133256884 2.546571067492288 
0.9554181243154051 0.6599038270112813 0.01302907987572572 2.573260090065754 
0.9776831197149997 0.6281539720439878 0.01976471893521797 2.624213921522632 
0.9841496203827264 0.6173525435973095 0.02528658629876403 2.638583198437423 
0.9788050958532237 0.6256372349813968 0.03236076114213871 2.626625261671415 
0.9776211621029058 0.6276419419174432 0.0189669034806721 2.623664236421317 
0.9783870055832969 0.626764057579723 0.03362147886044056 2.625945947520215 
0.9698664649974722 0.638550761265209 0.02327470354073827 2.605616849971049 
0.9696513447167439 0.6408673169142901 0.0229138591773545 2.606414896612332 
0.9792713085850612 0.6251728246914281 0.03363976782825549 2.627682904589923 
0.9701068148751902 0.6381463506711439 0.04302380287189507 2.606871258029596 
0.9765753635524772 0.6176494544603833 0.1239054387882037 2.621048351480738 
0.9719735476268108 0.6150567138067661 0.1642033225238618 2.61062245461451 
0.9528163724945552 0.6526969079673213 0.1257894626994277 2.567962516220975 
0.975202997185638 0.6212955256702859 0.1244422703792815 2.619013959778727 
0.9535137937358603 0.6513095882437148 0.1237143298094857 2.569251311956819 
0.9623327760490386 0.642585978118235 0.09061677179099835 2.587789261400332 
0.9643962984385206 0.6407911021806441 0.0924737094631127 2.593124977794409 
0.9526272848114528 0.6524023080399359 0.1224774248673457 2.56697963745871 
0.9460791237213174 0.667527755016022 0.08176310508583205 2.552131770666449 
0.9607403984140117 0.6520026076580399 0.03183991305422537 2.58539004353208 
0.955221580322784 0.6581130652738576 0.01431752727000263 2.571509397627733 
0.9664427060749399 0.6453018714847583 0.009376964580270819 2.59873663576662 
0.9612595347580899 0.6508140724959632 0.03087008324125093 2.586297291007406 
0.9662108249334596 0.6457447240308792 0.009719671708620018 2.598288454310977 
0.9706594885287215 0.6390963681483646 0.02227876874426859 2.608448074137658 
0.9696847804550913 0.6400696054110256 0.02207208400718899 2.605988497181556 
0.9661445956401258 0.6440414478587554 0.01056282041276618 2.597000624617078 
0.9732929657016066 0.6346754631148583 0.007545433247002344 2.613972955040448 
0.9796761485778022 0.6235124971995387 0.05249905451850888 2.62892175528205 
0.9698508127129503 0.6374859409623894 0.04474986645480666 2.605660511164733 
0.9785971249883578 0.6262300938580495 0.03218416779910469 2.626218018025309 
0.9802019102825125 0.622607005042396 0.05118725494121938 2.630060745369236 
0.9786131720246443 0.6266172099879825 0.0332295622209805 2.626585059176111 
0.9858481845720507 0.6146593252140874 0.03703422415024671 2.642802336075294 
0.9849371674780489 0.6162057543002922 0.03726907497183526 2.640879091448181 
0.9786570092582243 0.6253134060036688 0.03325020389252593 2.625956678505537 
0.9836695604265824 0.6179637425038553 0.02459868273070168 2.637419492478176 
0.9485327600549167 0.6676352796706347 0.03873336765912607 2.557446162251157 
0.9551020149448118 0.6603356729146022 0.01334107806940854 2.57256258919436 
0.9619578012386114 0.6504311304448115 0.03219542096894727 2.588122207011948 
0.9475643962989138 0.6672537275885922 0.0409852901303031 2.554159718419908 
0.9610549511794884 0.6512295911487935 0.03125980045521925 2.58582890299626 
0.9601983271970663 0.6517356019406163 0.05924541171358373 2.584657320942615 
0.960756510678773 0.6501523280428538 0.05754046425431963 2.585443645832772 
0.961034348999352 0.6519837985756153 0.0323937077296506 2.586324952250739 
0.9705970608635681 0.6374180255491424 0.04429537511208694 2.607834357371248 
0.8941441153794921 0.7190639526370758 0.08596533343259058 2.430177695311343 
0.8718918156826274 0.7359739211314326 0.09793966734437805 2.379370640348657 
0.8766634764264705 0.7370279596526877 0.03970478371883122 2.389636264811482 
0.892865158918743 0.7233446966782943 0.08588136336318389 2.42980529680192 
0.8768511531844544 0.7355617428011222 0.04072784856192387 2.389347548818572 
0.8969869723583236 0.7203251164612005 0.03633217425907733 2.436933078272898 
0.8990013360948423 0.7197389210410211 0.03667028083721535 2.442401191415528 
0.8801919798365012 0.7354360704981704 0.03784807349986549 2.398955550896767 
0.8968221144077058 0.7220229701616535 -0.003843119542288518 2.436925493404583 
0.9303536318613678 0.6847913990424936 0.08079708349501849 2.514538200135727 
0.9104095900701082 0.7079202614455629 0.07312447506951759 2.470435688569619 
0.9186662771796119 0.6989355242878342 0.04569643556390292 2.48680345117232 
0.9299174269064284 0.6873917086289039 0.08090824666965835 2.515555108995553 
0.918946060399837 0.69974048932093 0.04709191484772757 2.488533223944586 
0.9355223297232839 0.6813068947379143 0.05709204492393045 2.52690228176856 
0.9353353786968495 0.682850432312703 0.05610354120689603 2.527263591393942 
0.9202843246275931 0.7005524857354658 0.04511158139109568 2.493181425673665 
0.9292164977492444 0.6880337196128529 0.02590002684695679 2.510877171960452 
0.9367559852076085 0.6739220686654297 0.1121563167452432 2.530134020535482 
0.9232463346410678 0.6796673561343171 0.1552994657298674 2.498541424262949 
0.9113671647963523 0.6990674467383668 0.116778894099144 2.470984412888239 
0.9360362832030155 0.6745621355765946 0.1118867700367977 2.528307618860648 
0.9129416956227946 0.7000893189784015 0.1142108551792638 2.476134127034496 
0.9298024020826683 0.683905428343339 0.07885407530229689 2.512465254334355 
0.9315622760544635 0.6832231476619178 0.08036460689455989 2.517351216318504 
0.9116142655884044 0.7006408580255586 0.1140955061796202 2.472403423469803 
0.909308081991106 0.7075511563048771 0.07524946208007423 2.466925575859266 
0.9922635096794135 0.6047868044768024 0.01770291497876653 2.657400327362547 
0.9954421260254841 0.5987710898115881 0.02683283451573668 2.664485526513357 
0.9900734729690123 0.6072083915148855 0.02869371821546259 2.651943949175018 
0.9928095501826093 0.6041168341699031 0.01807600882523241 2.658788003898595 
0.9899938869162259 0.6079643940235815 0.02784788062766153 2.652119980639632 
0.9886411469690484 0.6112619068601561 0.01717852806037527 2.64942507336964 
0.9886473153071509 0.6111146058219843 0.01653328974653807 2.649329743739027 
0.9895977306678644 0.6084424008059417 0.02881658630588049 2.651115103532031 
0.9838064627181473 0.617312312114677 0.02541829075428209 2.637508503825253 
0.99160454716624 0.6001826348735683 0.08679764486836106 2.655961102823111 
0.9788459763225424 0.6194956688195837 0.09389104749332475 2.626777212293455 
0.9858375463551072 0.6116248350659077 0.0670951229305318 2.642470269966409 
0.9919694978608059 0.5996759074698191 0.08579716243661853 2.656895290428396 
0.9862544841210238 0.6118424686400153 0.0691658467440531 2.644172493829502 
0.9949661876807294 0.5966767623653246 0.06234717527668642 2.66312149894737 
0.9941996914656788 0.5996953807088988 0.06298218016885421 2.662506322548782 
0.9862576857649573 0.6118733723677747 0.06869285601797637 2.64419241181119 
0.9898502762890452 0.6058086391364975 0.05074218553560345 2.651225626230958 
0.9999014368345868 0.5917436595732917 0.0001701871877124921 2.674752592734134 
0.9998794301973289 0.5918215409305411 -3.590862472138689e-05 2.674725483662779 
1.000022201687509 0.5915688566110512 2.55947864465497e-05 2.675050663632746 
0.9999031607841115 0.5917958613696208 0.0002451115042724391 2.674789188686227 
1.000035903238434 0.5915438739751664 3.124545493373005e-05 2.675081422751201 
1.000167826516755 0.5912805573269654 0.0002439876248997818 2.675364419095619 
1.000170631302843 0.5913324955977235 0.0001694128344855005 2.675404481682732 
1.000050401910599 0.5915188309354958 2.716310215363911e-05 2.675114841058365 
1.000196585094798 0.5912584661362634 -3.673768041913806e-05 2.675446987689658 
1.000401883404568 0.5908059596564769 0.0008118199520754494 2.675862646549975 
1.000083277653111 0.5916238246438484 0.0008336008111603535 2.675286592910257 
1.000171639366017 0.5912261843279049 0.0001287064213862475 2.675344738375706 
1.000424065724252 0.5907598243695413 0.0007491614355736982 2.675909237540531 
1.000145477591581 0.5914168862295084 0.0001316011501000992 2.675370512359935 
1.000315817384226 0.5910599626637806 -0.0001218039384344497 2.675726106199045 
0.9998302847391829 0.5920135437792731 4.866016601736199e-05 2.674675761032839 
0.9998993444230662 0.5917780396281461 -2.843229169858316e-05 2.674765925185362 
0.9998903792203847 0.5917199589904431 0.0001954497484879782 2.674701800879573 
0.9997641058531541 0.5919954225179024 -0.0001011212729705121 2.674444952855578 
0.9999172397483467 0.5916896771200207 0.0001531925216657098 2.67477303953375 
0.9996692532666599 0.5922247071938335 0.00067752606209882 2.674265749193351 
0.9996857124123686 0.5922150834050374 0.0007448234690918307 2.674314713525521 
0.999895637588979 0.5918398377149627 0.0001545046487931611 2.674790023481478 
0.9999978511249236 0.5914361564680288 0.0008232399650820121 2.6748915319235 
1.003312248577901 0.5847335443425653 0.003532455254456072 2.681996617351853 
1.002622799056976 0.5876692689491363 0.005824030406795966 2.68142754172907 
1.001685581936157 0.5882080069581394 0.001224246639631872 2.678596700751081 
1.003343897473323 0.5853060568805735 0.003272038672184046 2.682435642791363 
1.001724891551398 0.588476940529584 0.001271096021552365 2.67889204603676 
1.001879845771791 0.5883030857820656 -0.0005883690241949069 2.679303880366016 
1.012347278841991 0.56924830337425 0.01841024470229776 2.703497232432638 
1.016993958588637 0.559379603539834 0.008100785382836009 2.713465889052391 
1.015712881385422 0.5613814053564778 0.0337111108630421 2.710841911009517 
1.005357081297914 0.5760302774763928 0.09602317780270854 2.688313689839284 
1.001281046552815 0.5831669888003961 0.07297908702992853 2.676952463385034 
1.012351816249247 0.5648559072263274 0.07918105121719141 2.703829867255462 
1.005173179440032 0.5745608833044955 0.09735634911431076 2.686959901550658 
1.012332335729672 0.5621792919267419 0.07854925215985517 2.702316910960191 
1.020076498046453 0.5434261455422648 0.1022561630671643 2.720260692632938 
0.9926794612356552 0.604619965311348 0.0001437153544378295 2.658540548222043 
0.9958094752572749 0.5988449906508841 -0.0001341073366531426 2.665390038783895 
0.9938508695172167 0.6020054898964364 0.004474932166009743 2.660842051842228 
0.9924727130035795 0.6046560761780188 -7.403988190580873e-05 2.657877646916493 
0.9938656512287052 0.6021057474238953 0.004729989644053578 2.66094001814686 
0.9898822112968734 0.6086474517805603 0.004897449345727 2.651786334688838 
0.9898382371546216 0.6093325458949681 0.004893964619457132 2.652057375858521 
0.9940467427317727 0.6018650830100097 0.004639048850566199 2.661371953361797 
0.9912610688680759 0.6064768162488922 0.01079351618683511 2.655058417494744 
0.9990892742890357 0.5932505940348257 0.001507808037126651 2.672944429307906 
0.9997099675380757 0.5917549469324909 0.004606077003731797 2.674131133020788 
0.9978750220113458 0.5954802110239327 0.003964289302706034 2.670247455486769 
0.9992171975629955 0.5928014544952684 0.001546996991300125 2.673101966077812 
0.9978070319979012 0.5958095619922129 0.003628035854024108 2.67021881638916 
0.9981172218104004 0.594721094874615 -0.0002293908940677091 2.67059087056522 
0.9982348458084516 0.594512402355272 -0.0001661473082202575 2.670850738537398 
0.9974729367979056 0.5957232653954784 0.004007171611847301 2.669058815756827 
0.9960634009529082 0.5989772469113248 0.0004060831462604276 2.666325392989292 
1.006760684770306 0.5797044626093955 -0.0004902785889474621 2.690570432421982 
1.008458645065408 0.575335229880224 0.01195377987632814 2.693837904479847 
1.005444370114609 0.5815811198044289 0.005707574981221296 2.687281161858631 
1.005733631657532 0.5804556875305886 0.005836963955872405 2.687586140302553 
1.008086183751698 0.5759653440778869 0.01280555486896605 2.692958581499852 
1.004604865786775 0.5842781992399535 0.01723215535685377 2.686174802642249 
1.025419630950038 0.5383655234589214 0.04456629143856359 2.731600699281365 
1.014434634076517 0.5637181368684399 0.05332010785406595 2.708620709442445 
1.014477608436405 0.5647962170725556 0.0337864904487685 2.708458218270165 
1.014964825542349 0.5620358289384214 0.03353344852138785 2.708620598342933 
1.014412863134594 0.5630842718023494 0.05179576555591331 2.708151910885211 
1.007319622896101 0.5764011219032057 0.03745305374548523 2.691243578019078 
0.9999718339061748 0.591685427623638 -7.571467813407979e-05 2.67494975400641 
1.000019878185818 0.5917749802597433 3.298510587680268e-07 2.675162393503341 
0.9998131297338586 0.5921143989187838 -1.75741251371525e-06 2.674675898467588 
0.9999713970605033 0.5916663997149001 -6.636465857236836e-05 2.67493701695436 
0.9998136869786537 0.5921364053572595 -1.266277995049613e-05 2.674690819382048 
0.999771031884689 0.5920249896210518 -0.0001075697019109843 2.674483102710924 
0.999791288288184 0.592033228406875 -8.013909424147998e-05 2.674555319911815 
0.9998591251810132 0.5921088037461285 6.13936344336608e-06 2.674825588079316 
0.9995037649659151 0.5925601889845327 -8.762568925939198e-06 2.673911702395438 
1.000048001085092 0.5916711718473662 -0.0002658136515991966 2.675123364960657 
0.9999442725868781 0.5912535370875373 -9.037179521196872e-05 2.674798326742949 
1.00002282909174 0.5917291187159047 -0.0002762076241872433 2.675069154952759 
0.999987930225803 0.5916126251043974 -0.0002987752640094456 2.674964872329632 
1.000001522428418 0.5915941297959076 -0.0002811032311812159 2.674998363537055 
0.9999663796517989 0.591661091043161 -0.0001161244819177834 2.674916162241141 
0.9999631378422918 0.5916631961981758 -0.0001110325662479951 2.674906769194004 
1.000004617254216 0.5915798174649868 -0.0002883660951618562 2.674999882486452 
0.999997748865768 0.5916566052724505 -7.059432208104896e-05 2.675017721237222 
0.9991209111312787 0.5931377495586394 -0.001726476745591414 2.67298166881867 
0.9999920368780676 0.5914803823403446 -0.001605572921361254 2.674899431733401 
0.9995986037212353 0.5925117482511462 -0.0007990515250242162 2.6741973123004 
0.9989974543535154 0.5933297567162189 -0.001685365454268364 2.672687173601601 
0.9995837374189054 0.5923095289989567 -0.0009101773276473061 2.674029081117435 
0.9988743074808394 0.5935711227253666 -0.0001279541398099374 2.672419987266917 
0.998932696701105 0.5934590699819066 -0.0001259102249026811 2.672547217772143 
0.9995469142112582 0.5923416796375777 -0.0008944346437680152 2.673925930931829 
0.9995333894276471 0.5926211254554372 0.0001009785371022892 2.67404636129624 
1.00010276392497 0.5906998371610136 5.114099352291742e-05 2.675122414162971 
1.000121113012056 0.5914815296519017 -0.0003928926679741789 2.675235378201286 
1.000486018038341 0.5909913837059499 -0.0008468162916280746 2.676142624484543 
1.000426088336211 0.5909161982104389 -0.0009187915339271881 2.676017437431913 
1.000163245069985 0.5913001097221913 -0.0002475413972651097 2.675352840478894 
0.9999998345010298 0.5915658815199317 -0.001376861540164078 2.674988445448271 
1.00131263917852 0.5884028382843811 0.00016684716863275 2.677869387362647 
1.000980273895119 0.5900696001902501 -0.001875823405146174 2.677220487569332 
1.002220071450295 0.5882302258024346 -0.003526593124323333 2.680246071373261 
1.002050276119446 0.5878540419413303 -0.00371193396422899 2.679650264137117 
1.001091531445601 0.5893254916664957 -0.001447153744146106 2.677294529214017 
1.000570661604542 0.590532709556234 -0.00548896040895637 2.676293243489828 
0.9937524378641589 0.6021923934918213 -0.006066229639038997 2.660627998919959 
0.9962000090114614 0.598004487470731 -0.01133802043859227 2.666255562360031 
0.99693376047793 0.5970042692760934 -0.003745013804662588 2.668032756944389 
0.9939438750300915 0.601872854442401 -0.006020800143974893 2.661057967167807 
0.99703723808547 0.59717935943621 -0.004245761778963466 2.66847943193762 
0.9957931994785112 0.5988521314680257 2.48354619366356e-05 2.665354727905273 
0.9958738142612314 0.5988111430205443 2.539133603466153e-06 2.665594953174353 
0.9966595634542774 0.5971319666441249 -0.003860150169715858 2.667197251624186 
0.9980240717947497 0.5954334555598905 0.0003659680222300516 2.670705043498532 
0.9897512094939719 0.6087440606898697 -0.000302456646702812 2.651403421831261 
0.987713535849283 0.612606634801897 0.0001758627684407143 2.64707433853316 
0.9883926168219659 0.6115005648006042 -0.003664094575926018 2.648632647561017 
0.9900306095319662 0.6087915609427805 0.0001431620396824601 2.652352988830644 
0.9882802334443661 0.6114856860116397 -0.003856397122951117 2.64824626221057 
0.9911796306197018 0.6066699922341464 -0.004821019475675106 2.654850530275219 
0.9911735551238535 0.6061939643991774 -0.004929276324003107 2.65452996946234 
0.9880870838739485 0.6116577614471163 -0.003714680375615619 2.647705879974938 
0.9890537676752214 0.6104606311620668 -0.009902484595483997 2.650221751884138 
1.007556382571667 0.5791559240840091 -0.008087097015814747 2.692709659047062 
1.005503836785376 0.5798482645801172 -0.0002748412504325369 2.687173679813065 
1.003930962167922 0.5851636373691962 -0.003719280338116812 2.684096873518611 
1.016679985581846 0.5584591270215986 -0.008865745146213614 2.71276094237697 
1.01165964037868 0.5715342019829684 -0.01779714312784515 2.702230369952416 
1.014190306841763 0.5650170913180059 -0.0302987893262682 2.707313597355118 
1.013024268582985 0.5667952513538137 -0.02999715512452249 2.704677102992974 
1.011603158639609 0.5695727432417914 -0.01747906598165364 2.701151200208352 
1.006804665938292 0.578611091425022 -0.03198115949665661 2.690614100456271 
1.01360974663532 0.5667759792895752 -0.04306594265951291 2.70677482028358 
1.024454443403088 0.5389921932774018 -0.03956502597571861 2.729200913201907 
1.013096697830664 0.5691261361575922 -0.02972198175111274 2.705902003172838 
0.9876603920524595 0.612716149940707 0.003187092921541252 2.64696266810423 
0.9848942439976366 0.6172072293592464 0.004047532541174318 2.640701955003356 
0.9861819664658179 0.6146594512413911 -0.0005676404525570862 2.643309436755289 
0.9874704884312543 0.6130311854864482 0.003058603829299489 2.646547659981428 
0.9861356975241174 0.6142382702962865 5.704998457758978e-05 2.642905926550281 
0.987312706797704 0.6134137119099226 0.0001451789312776123 2.646261175004217 
0.9871364232596048 0.6136009940764842 0.0001163664229883773 2.645797222923137 
0.9867460274129167 0.6143296242257485 -0.000599427395159201 2.644969467678577 
0.9873797489835405 0.612457112023833 -0.0005439480459451696 2.645887870431359 
0.97347084178293 0.6212762145523296 -0.1276244237788836 2.613611933457378 
0.9944032515545667 0.5794975445874959 -0.1488825030447981 2.660950224791339 
0.9937675602534194 0.5905089038430371 -0.1158895085485927 2.660431071914432 
0.8784219149480571 0.7354056426004301 -0.03760970275939064 2.393664684903341 
0.8992176887131121 0.7214010456989608 -0.001509264595365306 2.443631064050396 
0.8764629359065089 0.7383521655549882 0.002138925746717381 2.389417161998089 
0.8781282055201363 0.7353593083867874 -0.03959639077074417 2.392574664281127 
0.8757627435508081 0.7407744497139591 0.002742449505402539 2.388756659488123 
0.8501628752310685 0.7542595389196277 -0.04092242782007553 2.327365062979521 
1.003972043191702 0.5794728640419282 -0.09075202396605342 2.684713803294766 
1.021883942630453 0.5377922943948168 -0.09145953624820544 2.723101959861695 
1.011565935450411 0.5688673190035095 -0.07048126386050323 2.702712766167011 
0.9438699636256841 0.6505724875766515 -0.1625016884625716 2.544216181203279 
0.9529326626903619 0.6541962927905133 -0.1135897755031234 2.567845257898805 
0.9368764223590185 0.6778196987725955 -0.1027041576035184 2.531919685646876 
0.939937142655506 0.6713884813220083 -0.1026766620325606 2.537633733276094 
0.9530549913048862 0.6543378332544562 -0.1144072355926627 2.568698968855668 
0.9520217447648013 0.6599812367988361 -0.06999050558425475 2.56478410349817 
0.8966285857428297 0.710549234553049 0.134235246065125 2.437257350885776 
0.8917627226776773 0.72070418645157 0.08546603142418077 2.424748876662104 
0.9126598883471777 0.6968083012038124 0.1154256933860819 2.472685155376285 
0.9116687049761135 0.7021117004159122 0.1157695743024213 2.473564623427682 
0.892070081736475 0.7209833200025653 0.08604615801409549 2.425990343497125 
0.9079547038354733 0.706994920110989 0.07315628319537906 2.4621580100218 
0.8967699559102285 0.7203878720209071 -0.07432821941236073 2.438012326624166 
0.8906877595877155 0.7146596074927463 -0.1261326412285968 2.421797734727774 
0.9137044970394346 0.6982789502485863 -0.1044290809608073 2.475747011532696 
0.8531992625790145 0.752423312847222 0.05527571772795509 2.335091299443984 
0.8746263166673275 0.7398391676182107 -1.2403576138057e-05 2.384890041871483 
0.880799300485704 0.7343140842538111 0.04024503178341405 2.399545751776639 
0.8794900729403562 0.7372533320087429 0.03891674543616327 2.398142808680152 
0.8741647192945138 0.7389456167392757 0.002088232878527626 2.383314870072345 
0.8972383101358257 0.7212092919068002 -0.004322744475405978 2.437572014776129 
0.9758060119607013 0.6200282300867901 0.1225064066725435 2.620401197103086 
0.9777779766222909 0.6199999274417741 0.09267740988130307 2.623417131499953 
0.9907967701051625 0.5977038866968293 0.1169348031992947 2.654732812976581 
0.9753216609333293 0.6208082060469222 0.1246011985914643 2.619328584748904 
0.9915863504455389 0.5944083386897407 0.1162702955942518 2.655319280216184 
0.9942892773262823 0.5821718528854666 0.1504735314407186 2.661588534354733 
0.9492666166801792 0.6463351084285275 0.1650970902147676 2.558325327421596 
0.9343893147513846 0.6771430772980712 0.1126813715776968 2.525207243417092 
0.9538942962979862 0.6500824718014808 0.1246364529689573 2.569425722078674 
0.9521490216621248 0.6537634223259262 0.1239690995046659 2.566374066216471 
0.9356161228138238 0.674031096096444 0.1106549174634106 2.526978180428192 
0.9454815153419095 0.6667594241880895 0.07978522789711895 2.549524532410107 
1.000778868101979 0.5898916752410136 0.0001432352441920641 2.676577017810552 
1.000502249482427 0.5908690638424619 0.0009030191151333687 2.676233836274859 
1.000290823762493 0.5911773703424027 -6.602590948459925e-05 2.675711793206747 
1.003488701553526 0.5847255946571212 0.0002746138418801864 2.682574258111039 
1.003391451283976 0.5850817669856403 0.003259194677727011 2.682466389469379 
1.001889430252686 0.5889700046083735 -0.0003969308144824656 2.679718968181948 
1.011381425629508 0.5589344340470807 0.126543263421183 2.702197805278203 
1.004123267810706 0.5742150724864324 0.09606624683286571 2.683151931452782 
1.020616310990226 0.542896064173753 0.102241844320741 2.721598905741974 
1.003954865402142 0.5849086303988645 -0.00041364500718133 2.684220403540329 
1.006061588576062 0.5798758304177417 0.0008845625974210849 2.688351490627059 
1.005625165781698 0.5814401887365298 0.006019538289679686 2.687819733075835 
1.022645992725187 0.5460921519547973 0.02218692159412787 2.725522224858799 
1.026006925579798 0.5397445248447016 0.0419384787352047 2.734195435753595 
1.014604141107996 0.5642400579462818 0.03438269043066371 2.708679465529539 
1.000524579736116 0.5899044465933077 -1.096904455443339e-05 2.676068263799741 
1.000015262546528 0.5906701142943851 0.000158409835530618 2.674825857190806 
1.000565996731138 0.5909304357527478 -0.0008772506745419393 2.676365699180623 
1.00286881061814 0.5855103796127927 -0.0001855203441327191 2.681374295016481 
1.000972463871749 0.5882659799327925 0.0006462802051497899 2.676671804225264 
1.00245845143217 0.5881315517645411 -0.003680480180359533 2.680974167944653 
1.021675578453296 0.5476429647870384 -0.02277679691845914 2.72393230251296 
1.016475329642513 0.5570822532105145 -0.006907539592047237 2.711281349464778 
1.013573220231725 0.5664596668387512 -0.03139867402939162 2.706080055657726 
0.8643739063158646 0.7405601193656859 -0.0873753030241442 2.360281568433715 
0.8808464934190681 0.736111280012357 -0.03772002504952931 2.401087265128901 
0.8506869126902765 0.7537705684181799 -0.04143682522950307 2.328075813107894 
0.9207957413499157 0.6811393482479038 -0.1503847902931927 2.491192483225422 
0.9438599641351225 0.6519015010547684 -0.165205364598442 2.545304117551418 
0.9384412240355826 0.6760225295162302 -0.1013005024144574 2.535698336171358 
0.9246245686827754 0.6808981398180747 0.1567863063893339 2.503367684858878 
0.8977374625512317 0.7098962600661308 0.1353259780063351 2.440337275637011 
0.9094362374771602 0.6978895464303507 0.1145554921607344 2.463948498091542 
0.8716935353220789 0.7375783108938661 0.09755494424268814 2.379623676979508 
0.8537755217493616 0.7517756264616392 0.05744315626926143 2.336489038729469 
0.8762533086434893 0.735412262508206 0.03934540616701167 2.387161272094609 
0.9746685577010972 0.6141617839020322 0.1624852429689183 2.618787520709641 
0.9738132816054945 0.6196123794048747 0.1225725639553548 2.613512615972018 
0.9950214606026867 0.5823024069020118 0.1510901587745719 2.663706802671469 
0.9727375013152958 0.6154208779297131 0.164862565662069 2.61296551873642 
0.9521013000491283 0.6454286845922804 0.1638123835020271 2.566815732707194 
0.9507955492536093 0.6514779923112606 0.1238635552743963 2.560605503637746 
1.000244882620913 0.5910292461217606 4.730716035359895e-05 2.675472134045992 
1.000181101334266 0.5913662030590254 0.0002032077262208301 2.675459224894563 
1.000174370895519 0.5913069664317852 -2.557863884258781e-05 2.675401759604433 
1.001677439893744 0.5883106883956152 8.115634489560918e-05 2.678637076345396 
1.001657319838542 0.5885247403186417 0.001272628024732883 2.678698140462482 
1.000945849639911 0.5900439174231036 -0.0001226456978429937 2.677220081417831 
1.01353017327501 0.5685499818410222 0.01902870266272455 2.70713361847783 
1.011331494659954 0.5701471481871946 0.002116707542099782 2.700379618206757 
1.015667126842473 0.559972336884598 0.009111070185624728 2.709379299024397 
1.016313617839251 0.5629841230985939 0.03461579260298456 2.713798271824261 
1.016786108539981 0.5590716208854777 0.007806583651998017 2.712508966057103 
1.021539029450796 0.5474466304848665 0.02272531378303648 2.722578878169974 
1.021206919729491 0.5440099743315073 0.1000342106901258 2.724230328679832 
1.011595550385499 0.5625469028790703 0.07871684351895815 2.700142084919587 
1.025878331754861 0.5362502705535558 0.07571025189954658 2.73372756697102 
1.006624057545731 0.5802006759929742 -0.0004880587261415038 2.690365429092738 
1.010421550058897 0.5707979376564539 0.003549132148535131 2.697766175212212 
1.008916482694957 0.5759356561107449 0.01253863380638345 2.695725643117388 
1.026301314649374 0.5370919302781859 0.04389470315250343 2.733773884426872 
1.026033174021654 0.5378526649515132 0.07279536400973613 2.73501339032422 
1.01350078422918 0.5638428771850919 0.05251049752913927 2.705454916600734 
1.000073013865428 0.5907024590549091 2.671771651654707e-05 2.675024994665935 
0.9998875739485843 0.5910405803691785 2.920669938194674e-05 2.674608066611721 
1.000202885812765 0.5914641344554259 -0.0003429113939766657 2.675497027532567 
1.0011474227268 0.5884505213199435 9.753682640878481e-05 2.677347130089215 
1.000397536085473 0.5897018479251576 0.0002101776541728498 2.675588146640313 
1.001238251593815 0.5900760861283247 -0.001645162289775534 2.678082705177999 
1.007741404749265 0.5791482132383161 -0.008287201114064462 2.69331889841095 
1.010737627937576 0.5702484430368544 -0.002655696919189594 2.699229105022129 
1.004736121409851 0.5793220814440703 0.00110469740581289 2.684327671329501 
1.004373666038589 0.5850416830131243 -0.003386924284624428 2.685503737013755 
1.005083163374753 0.5802208864784314 -0.0002396983800412735 2.68597904294602 
1.002394255050876 0.5846390431639683 0.0002533906074429385 2.679574014782318 
1.015695910219947 0.559500060323715 -0.0084389739398086 2.709996699894803 
1.010946466850661 0.5677184856233057 -0.001332694122149298 2.698573955217843 
1.011773354337966 0.5714575413384347 -0.0178100542698728 2.702571896995495 
1.012132538570871 0.5677570188697535 -0.04328700680741118 2.702349213873557 
1.025890994008179 0.5346173851145336 -0.06186534923937417 2.732753742213215 
1.026015167700247 0.5381524433833064 -0.04106253366106213 2.734117562435094 
1.012199591145049 0.567979909875553 -0.03063100298799131 2.702294211179447 
1.024968482146076 0.53921480479107 -0.03912846539306673 2.731009699038686 
1.022497845128535 0.5462011780713503 -0.02384032546821658 2.725982318968226 
0.9731004127052468 0.6205566033912397 -0.1261345929638764 2.612180284721893 
0.9689013878154719 0.6178921677109038 -0.1648921484528632 2.602876472226123 
0.9960716119055805 0.5804911085970621 -0.1531512744439102 2.667379575935716 
0.9923566320629275 0.5904408041662057 -0.117194013282085 2.655694125438742 
0.9961339934959837 0.5779975470741399 -0.1490800537132295 2.665650690907608 
1.014026344388244 0.5529210296243636 -0.1246137387152023 2.708034269088413 
0.8483963532170484 0.7544944119006003 -0.03988932553290148 2.322283135734835 
0.8782022384774617 0.7394982543914991 0.002209833385535607 2.395134755845671 
0.8455640081382715 0.7581155950401119 0.009542659331908142 2.316202487083032 
1.002632466725763 0.5803319825600192 -0.09050972678855507 2.680807774774899 
1.012960375391841 0.5510453706394595 -0.1210374435176014 2.702998616420858 
1.023730195692144 0.5373802368155602 -0.09395247083296392 2.72922269708146 
1.01006733525954 0.5678454419808752 -0.07219194021901257 2.697156389030798 
1.022667487681352 0.5376688934227385 -0.09103172637593618 2.7256148786334 
1.026787163451037 0.5343827152007282 -0.06474012643599786 2.735946210629464 
0.9462464531384386 0.6487914460236262 -0.1629306384094395 2.550413982479565 
0.9668256049967413 0.6211175018048146 -0.167515975956777 2.598773428986099 
0.9526818541141852 0.6549727810968496 -0.1134099329181112 2.567359946918668 
0.8967188366611154 0.7118680368966623 0.1343396517464548 2.438037573755025 
0.8721107080011563 0.735142763061803 0.1004058338030258 2.379676371013233 
0.8913423984456631 0.7197491585962184 0.08488282815225712 2.42271068347839 
0.899315963487005 0.7184195543955085 -0.07401971258868421 2.444442841949414 
0.8675022955500546 0.7388600387325193 -0.08748922607320976 2.367381162729815 
0.8896958532558479 0.7156842487918859 -0.1268376016672539 2.419672230231118 
0.9149996375293077 0.6991465164326576 -0.1032489833572131 2.480188380955341 
0.8927840481996586 0.7132820513231167 -0.1266145084714382 2.426643206827693 
0.9179676142283656 0.6846715056950222 -0.1538800584254442 2.486152649619704 
0.8530981372238169 0.7538701883091155 0.05503015344668483 2.335611373339999 
0.844863513078047 0.7584657733777512 0.009807672020861856 2.314808683774031 
0.8747639667995918 0.7387987314223003 0.0001221331736121764 2.384570219144282 
0.9963869357755012 0.5818719366405061 0.1483682143605363 2.668244026342364 
0.9900464130603194 0.5954490889316735 0.1157555495661131 2.650972074373056 
1.010461844434551 0.5581726082675496 0.1294732150062315 2.698603105999333 
0.9502491630526997 0.6471293944090756 0.1658994071117884 2.561565377540705 
0.9259520099503583 0.6784851499026087 0.1545339402787634 2.506143022743119 
0.9328450316790254 0.6755137158587928 0.1111364976912587 2.519164040882093 
