-1.2091 0.00251554
-1.15801 0.00324588
-1.0832 0.00431502
-1.00839 0.00538375
-0.957306 0.00611333
-0.793025 0.0158119
-0.766464 0.0181774
-0.727568 0.0216377
-0.688672 0.0250935
-0.662111 0.0274509
-0.231709 0.161161
-0.225545 0.147766
-0.216517 0.128005
-0.20749 0.108068
-0.201326 0.0943506
-0.651298 0.0325473
-0.63548 0.0356591
-0.612317 0.0402106
-0.589154 0.0447554
-0.573336 0.0478552
-0.363849 0.182889
-0.354715 0.187943
-0.341338 0.195282
-0.327961 0.202548
-0.318827 0.20747
1.03368 0.00483297
1.07757 0.00408016
1.14186 0.00297758
1.20614 0.00187482
1.25004 0.00112166
0.714976 0.0232324
0.743922 0.0204481
0.786312 0.0163688
0.828701 0.0122871
0.857647 0.00949829
0.368633 0.17371
0.379415 0.166085
0.395205 0.154863
0.410995 0.143575
0.421777 0.135832
0.0189942 -1.15427
0.0229965 -1.13461
0.0288575 -1.10625
0.0347185 -1.0784
0.0387208 -1.05968
0.0874201 -0.615422
0.0916848 -0.581971
0.09793 -0.533325
0.104175 -0.485077
0.10844 -0.452351
-0.0895738 -0.605159
-0.0854225 -0.642466
-0.0793435 -0.697509
-0.0732645 -0.753053
-0.0691132 -0.791275
-0.0444974 -1.00696
-0.0406661 -1.03122
-0.0350555 -1.06712
-0.0294449 -1.10348
-0.0256136 -1.12857
-0.167725 -0.0490954
-0.1621 -0.0782125
-0.153864 -0.121151
-0.145628 -0.164457
-0.140003 -0.194246
-0.137444 -0.2263
-0.133037 -0.255552
-0.126585 -0.298658
-0.120132 -0.342094
-0.115725 -0.37195
-1.48697 0.00136925
-1.43588 0.0014833
-1.36107 0.0016503
-1.28626 0.00181728
-1.23517 0.0019313
-0.937494 0.00790915
-0.910933 0.008995
-0.872037 0.0105844
-0.83314 0.0121731
-0.806579 0.0132575
-0.48052 0.0923741
-0.469756 0.0988278
-0.453995 0.108251
-0.438233 0.117639
-0.427469 0.12403
-0.421977 0.136181
-0.411213 0.143317
-0.395452 0.153709
-0.37969 0.164031
-0.368926 0.171038
-0.265238 0.205606
-0.259074 0.198834
-0.250047 0.188822
-0.241019 0.178694
-0.234855 0.171712
-0.565264 0.0544757
-0.549446 0.0601116
-0.526283 0.0683451
-0.50312 0.0765543
-0.487302 0.0821458
-0.314165 0.210794
-0.30503 0.210555
-0.291654 0.210092
-0.278277 0.209496
-0.269142 0.209016
1.27244 0.00128829
1.31634 0.001008
1.38062 0.000597514
1.4449 0.000186994
1.4888 -9.33616e-05
0.872419 0.00986769
0.901365 0.00876591
0.943755 0.0071521
0.986144 0.00553781
1.01509 0.00443517
0.488439 0.0853806
0.509068 0.0765704
0.539279 0.0636453
0.569489 0.0506926
0.590118 0.0418323
0.600646 0.0412852
0.621276 0.037341
0.651486 0.03156
0.681696 0.0257732
0.702326 0.0218181
0.427279 0.125804
0.438062 0.118821
0.453852 0.108572
0.469641 0.0982952
0.480424 0.0912627
0.287319 0.209279
0.294715 0.209589
0.305545 0.209983
0.316374 0.210304
0.32377 0.210481
0.327544 0.201069
0.33494 0.1975
0.34577 0.192233
0.356599 0.186915
0.363995 0.183254
0.134483 -0.236986
0.141373 -0.196735
0.151464 -0.138252
0.161554 -0.0803038
0.168444 -0.041025
0.17196 -0.0234162
0.17885 0.0032751
0.188941 0.042086
0.199031 0.0805757
0.205921 0.10668
-0.00277481 -1.19671
0.00122753 -1.19225
0.0070885 -1.18613
0.0129495 -1.18049
0.0169518 -1.17692
0.209503 0.108883
0.21665 0.125017
0.227117 0.148484
0.237584 0.171763
0.244731 0.187554
0.248379 0.18483
0.255526 0.191085
0.265994 0.200145
0.276461 0.209086
0.283608 0.215122
0.110616 -0.41752
0.114881 -0.38751
0.121127 -0.343819
0.127372 -0.300424
0.131637 -0.270955
-0.0669948 -0.818868
-0.0628435 -0.852594
-0.0567645 -0.902419
-0.0506855 -0.952776
-0.0465342 -0.987471
0.0408348 -1.02456
0.0451177 -0.992673
0.0513895 -0.946482
0.0576613 -0.900874
0.0619442 -0.870058
0.0641298 -0.830205
0.0684127 -0.793899
0.0746845 -0.741183
0.0809563 -0.688993
0.0852392 -0.653647
-0.0236584 -1.14425
-0.0198269 -1.15506
-0.014216 -1.17125
-0.00860515 -1.18786
-0.00477361 -1.19944
-0.198318 0.077231
-0.192693 0.0569225
-0.184457 0.0269878
-0.17622 -0.00318433
-0.170595 -0.0239273
-0.113477 -0.404769
-0.10907 -0.438841
-0.102617 -0.489089
-0.096164 -0.539768
-0.0917573 -0.574627
