0.99997897846545 0.5916983432635564 0.004251261674664689 2.67499133627774 
1.001071576547589 0.5895954639314895 0.001996491096246247 2.677376273684154 
1.001037301807402 0.5901903144443346 0.005242259874597839 2.677627568297057 
0.9999834063269918 0.5914764662959069 0.004477525943047387 2.674871958276772 
0.9992267614711792 0.5931751790569588 0.006458582630690658 2.673379153835266 
0.9977161207561699 0.595654930793412 0.004046722245227508 2.669825074059743 
1.004065852649601 0.5845383661009138 -0.0004584101283107536 2.684385020227611 
1.005509607523081 0.5812758378814953 0.005819397022399032 2.687335097258965 
1.003670975070367 0.5849388838895093 0.00317831144824634 2.683310968161279 
0.9974448115545301 0.5960890215646588 0.009646702123468385 2.669217665615817 
1.000505017126511 0.5903582810169267 0.009574473169892333 2.67597801296478 
0.9998120282852656 0.5920420408439298 0.01368874162735105 2.674722100968627 
1.008148239809848 0.5750105811514716 0.03750712953409019 2.693249825153563 
1.005610593654257 0.581575790356347 0.02414627734682837 2.688059312443924 
1.013051780344847 0.5663414732297802 0.02008069110460537 2.704249764208372 
0.9696623654722916 0.6389191707997846 0.04475097580892619 2.60594385193813 
0.9808069879323411 0.6209182497852624 0.05240766323341714 2.630823184645468 
0.971520836614839 0.6349689946316954 0.0660165273083856 2.610639783912585 
1.00224523879315 0.5830035337194203 0.07468289749131675 2.68021317760076 
1.006496485257734 0.576394286280919 0.05246972427993894 2.689065283783659 
1.011926549082985 0.5651120613109938 0.07912195100625963 2.70262764894984 
0.9900471466340551 0.606012549168813 0.05226404322798601 2.652105030223409 
1.0005218951891 0.5888067568358341 0.04941580303032708 2.676145053213741 
0.9950321865545326 0.5990077709971563 0.06240627310816953 2.664853854455017 
0.9464107832173534 0.6652072662027338 0.08122252903196416 2.551715495360154 
0.9605097482558044 0.6503176404632255 0.05718542089064164 2.584508575144338 
0.9622479860227521 0.6445103268166543 0.0928286912545892 2.589015344961498 
0.9955093371257382 0.5982511220939269 0.02650106474425068 2.664396203966343 
1.000124677651084 0.5913392408746007 0.03425470936118249 2.675809931582545 
0.9939942679413003 0.6004201376229165 0.0369284001082533 2.661033809026201 
0.9836560683186873 0.6183032384100039 0.02549163899704956 2.637624812277499 
0.9902996297545384 0.6074491786442408 0.02894067786625529 2.652769575826157 
0.9855371512803293 0.6154602849352103 0.03652182208558573 2.642379783143002 
0.9825881442093787 0.6209454979238537 -0.007245771577746719 2.635495088857826 
0.9830336513538669 0.6200743884038025 0.0003151346271007616 2.636371342472114 
0.9785848688541644 0.627018333908526 -0.00295076787391313 2.626219298647415 
0.9912043328814045 0.6067793479095352 0.01144071315100433 2.655054610086191 
0.9948994705581337 0.6004203780133546 0.01150714958577064 2.663384508516229 
0.9925942359524033 0.6045225725222981 0.01785755169675126 2.658364321940852 
0.9732040617249578 0.6334887911245501 0.00867831986216148 2.612934844993374 
0.9809503153489537 0.6238894980567588 0.006153221086490085 2.631951999030585 
0.9772681975431587 0.6284458315732562 0.01928120039582694 2.623039455811692 
0.9973892984626145 0.5961644659836188 0.009255370895759066 2.669071207806044 
0.9996312820489515 0.5921081874175388 0.01409568777772914 2.674163373924288 
0.9970384147323138 0.5962873986521802 0.0157890291933475 2.668073186951923 
0.9958339672479103 0.5981061806401291 0.0273332049608438 2.665417677990661 
1.001239242665019 0.5892106339775807 0.02382732087728556 2.677949674815173 
1.000352267677035 0.5911344814264885 0.0332685511869079 2.676428334428202 
0.9999489572694981 0.5916351678684622 0.004049781313996548 2.674853685922822 
0.9999186629040205 0.5919148105462 0.001728598996580496 2.674910899741078 
1.000952205295349 0.5898192806752492 0.002337549966312599 2.677113412288326 
0.997645291923274 0.5959745854663385 0.009695966803509348 2.669814247515076 
0.9990348865917205 0.5930473600020466 0.006754516231474609 2.672660113176621 
1.000309219220947 0.5906634315585564 0.009868302075445621 2.675515510717433 
0.9992582709030483 0.5928587164935151 -9.826835346395952e-05 2.673275160287092 
0.9996703401702494 0.5921180967059578 0.0006932917452291447 2.674205686340652 
0.9991695836648579 0.5931763941682585 0.00152348576424221 2.673170461592457 
0.9786359207279678 0.6204474696388462 0.09510529306282871 2.626727641167351 
0.9926450941378426 0.597219049231223 0.0861714799432705 2.657449735592445 
0.9908142294487828 0.5971622955864243 0.1159999979154765 2.654545850515364 
0.9999293052475601 0.5914923468696694 -0.001402414438838561 2.674697773376474 
0.9998243930036138 0.591895151935435 -0.0004243891555040166 2.674583586312606 
0.9995506182999785 0.5925103339188673 -0.0008239279927600053 2.674036955405783 
0.9999749496239921 0.5915218005618756 -0.001339211330027541 2.67487421423194 
1.000213127962528 0.5913273430601167 -0.0003891962299568167 2.675543219578532 
0.9997993075013351 0.5917110131568624 -0.0006304919232637552 2.674395550162608 
0.9999568024418531 0.5914005039347517 -0.00148135127792983 2.674734655353417 
0.9990807381949041 0.5932593345355734 -0.001871311338330238 2.672920667000144 
0.9999684727338433 0.5915184468015245 -0.002831911341605699 2.674846595609026 
1.000518207821888 0.5906155272328218 -0.005413809300219218 2.676163249473541 
1.001233400949812 0.5894878594668413 -0.001838233472010067 2.677868811029118 
1.000030481518984 0.591449409628565 -0.00305057625796739 2.675018062309308 
0.9965652297547632 0.5974952424037591 -0.01159833730695691 2.667153436715917 
0.9992453420787285 0.5935045506505968 -0.009519695375023205 2.673647241416028 
0.9967003550936561 0.5972097830294567 -0.003798351260402245 2.667383216407807 
1.000319131832149 0.5906347098926465 -0.005871810276039687 2.675502048948851 
1.001608460513593 0.588343497614161 -0.008041466975834572 2.678486140231667 
1.002244079565921 0.5876534707883885 -0.004154187599254905 2.680188696012179 
1.004286155604581 0.5846031577980064 -0.01043331311109131 2.685250866553751 
1.005901086714379 0.5812637183218069 -0.01771855318603439 2.688791183562268 
1.007632673104164 0.5781443082483555 -0.0096641204457216 2.692647044100521 
0.9891334741865089 0.6100349117247698 -0.0104288744733238 2.650221320375032 
0.9858292294396847 0.6149895936872212 -0.01006382892136986 2.642404790339219 
0.9866899992728132 0.6134820805558263 -0.01538890187271539 2.644368318886889 
0.9927393574093614 0.6042254589245626 7.477955520746652e-05 2.658499839660271 
0.9914026951326455 0.606515670663672 -0.00472030770740265 2.655483928831998 
0.9938295275531965 0.6023711724709319 -0.006173210619387178 2.660989944862744 
1.000529098457881 0.5907267928560985 -0.005187838559867882 2.676257337369145 
0.9991610457701967 0.592286630136295 -0.00902118450745586 2.672654488128103 
1.001691955976217 0.5890388268213119 -0.007718751537154723 2.679147780985573 
0.9960263583597121 0.5982691460223128 -0.01211438268349195 2.665824914964601 
0.998711890225195 0.5934420643205427 -0.02030628836131877 2.672018531875333 
1.00006124961092 0.5912270843925752 -0.01454380057879393 2.675093181075626 
0.9922179050235722 0.6039944842600754 -0.03296002580565806 2.6571450014768 
0.9941269090834906 0.599533117444339 -0.04635063205749075 2.661296011472877 
0.9992862376046587 0.5917912712245632 -0.03614888187096314 2.673372067076003 
0.9888779679934478 0.6104904108326737 -0.01045400903651059 2.649653027469134 
0.9895313742424194 0.6093172095974829 -0.01882413599550875 2.651178304043776 
0.9928270874266305 0.6034821646548518 -0.01298156169119829 2.658419482679362 
0.9787553294013365 0.6252391244544498 -0.05245163471820111 2.627037887281537 
0.9687584697991066 0.638296575336345 -0.06277984354930201 2.603541171720471 
0.9770369171007084 0.6248816788722089 -0.07189263676231109 2.622484499847187 
0.9988724405855202 0.5890510379745625 -0.06708335777245135 2.671976452343059 
0.987322214437675 0.6109339261862471 -0.06586265045959425 2.646841653396391 
0.9911133716446285 0.6001463251792979 -0.08281091534959528 2.654076395576479 
0.9829046502524922 0.6211865672639193 -0.02416869032252582 2.636981285731938 
0.9759844853633258 0.6303381125212899 -0.02494372884315615 2.620169733691462 
0.9799528485778057 0.6225998332600303 -0.03526816781143906 2.628515013458156 
0.9891530307520422 0.6102170664399057 -0.009827702151570659 2.650394110679846 
0.986958871390222 0.6134409646672344 -0.0155046565038494 2.645213736361613 
0.9894170865250606 0.6093986080732411 -0.01893346880158384 2.650858279332699 
0.9828898743524266 0.6206907077678545 -0.00707489580134575 2.636304921863262 
0.9780587695177599 0.6274939020140632 -0.002828633507863657 2.624792153173667 
0.9772704662169178 0.6279977750302579 -0.01057903556672174 2.622617134194925 
0.992577838927762 0.6032718028479259 -0.03245728181369559 2.657914856236732 
0.986905106834436 0.6136597629945443 -0.03082547979019779 2.64553594675805 
0.9876317901235265 0.6106511693180459 -0.04211406075236057 2.646467716730943 
0.9830295603118718 0.6192680149298665 -0.006713489528555861 2.635878903338365 
0.9860652802141689 0.6153384375407501 -0.009828845593181815 2.643415379833436 
0.9868804224099345 0.6145198151152138 -0.002470046325308096 2.645523943348696 
0.9676462944353977 0.6439947376930492 -0.01934541052495165 2.601940301757557 
0.9580831138302706 0.6557418576451522 -0.02158734450704942 2.579102617935841 
0.9594301360100916 0.6523436193453807 -0.03776536641278622 2.581623756934429 
0.982872670278877 0.620749392060336 -0.006613068196419086 2.636280331634114 
0.9776218067490319 0.6277268287044727 -0.01136637328955693 2.623594846844138 
0.9819908079665937 0.6220374220870939 -0.01435238256556492 2.634307787450599 
0.9736855056794387 0.6344952346449056 0.008504224953116058 2.615117308558964 
0.9666651343188865 0.6438115930436996 0.009865442960569713 2.598516895298614 
0.9688889505990155 0.6415007327998636 -0.003220258979341077 2.604162628333995 
0.8971566757484034 0.7214132922830216 -0.002075939297658131 2.437747207012285 
0.9163830261573104 0.7047524072043591 0.0166988812109547 2.483027589285924 
0.8984738578837873 0.7209886061827856 0.03669842688167813 2.441937522023424 
0.9432814233023621 0.6740983107091564 -0.02469207827134653 2.544739161880827 
0.9341743006872698 0.6850579755170151 -0.002578289756676274 2.523692561310653 
0.9255952445018084 0.694203823886098 -0.01784459699740023 2.504041692013691 
0.9776750539438656 0.6248896801715372 -0.05416025501607259 2.623394195068176 
0.9699232834575078 0.6403166978677061 -0.03833217412676641 2.607345655905579 
0.9682869920937831 0.6379806251199843 -0.06296421077152671 2.601887265483756 
0.9562285779639031 0.6596060897719498 0.01429336280299393 2.575624415443661 
0.9454507132257743 0.6711375056667326 0.0185271483820649 2.549579778314389 
0.9481283164904332 0.6693113196748017 -0.001267103534867696 2.556620911472501 
1.006763765727281 0.5798986603079546 -0.0297041723452278 2.69110024126556 
1.005159684089812 0.5806178726940606 -0.04673430344675779 2.686762428373042 
1.013075405978554 0.5651625785730509 -0.04346124487087279 2.704460911146444 
0.9963263184285257 0.5983647048631462 -0.01138993111346083 2.666868298407611 
0.9956752041323692 0.5995345645823609 -0.01921532221718629 2.665542725390544 
0.9986479277401377 0.593401690207634 -0.02050626013458551 2.671788695536812 
0.9781437162841013 0.619125140969238 -0.09844647211698046 2.624469448781929 
0.9925787006738349 0.5941917617344682 -0.1153061423202672 2.658555407105839 
0.991909531636149 0.6010694018705669 -0.08176583462355354 2.657110655121939 
0.9928053283957414 0.6041181735971703 -0.03140613439344714 2.659125095592326 
0.9878737857270056 0.6109555774165358 -0.04219325311412983 2.647404982984165 
0.9939121030466216 0.5997251418615681 -0.04613337261358558 2.660708677832281 
0.9516301157348483 0.660818452194975 -0.07144437367685906 2.564097608847829 
0.9529018445365545 0.6539825787162159 -0.1129912018156289 2.567836103437108 
0.9637635110223949 0.6404922313619077 -0.08974042162283727 2.591048911339775 
0.9183111673552209 0.7005397211197684 -0.06274064851928052 2.487849527868226 
0.9137081426499734 0.6986602269496424 -0.101406071395177 2.475801044061145 
0.9387662527514088 0.6779150109016396 -0.07024697171976471 2.53550938046819 
0.9844222436342035 0.6179055202132716 0.004446972714271463 2.639583988798048 
0.9828198431339823 0.619877047983062 0.0006351268891851157 2.635559254609331 
0.9865647013450166 0.6141550998024821 -0.0007882265105253853 2.644253134043895 
0.9909971396999347 0.6068912174375052 0.01125731153690785 2.654437305531194 
0.9874553815643097 0.6123387288950622 0.01003420397383935 2.646120009886988 
0.9897253204063372 0.6091915342250932 0.004441813378824397 2.651594370097128 
0.9913394767557899 0.6063620265629207 0.01134992830512559 2.655223901183207 
0.9887152028870028 0.6107050349125674 0.01664356720713454 2.649343312726544 
0.9874212885602811 0.6130609401589159 0.01000437461362773 2.646444394275975 
0.9957264287514145 0.5990663359275228 -0.0001984094798376166 2.665259210691699 
0.9959494445056145 0.5986297306027013 0.004689072418522431 2.66575149848612 
0.993891660631777 0.6020227381323239 0.004450396427911696 2.660986134814082 
0.9553374228604872 0.6600317770158736 0.01365233039044532 2.573061818977802 
0.9483180115134344 0.6692537027413181 -0.001318448014218874 2.557095357079171 
0.9596483827400872 0.6523139131589392 -0.008116334051428772 2.581613112557102 
0.9432638907339768 0.6748154210643929 -0.02326082135286067 2.545141026315251 
0.9327299973598759 0.6860277370453853 -0.03966595902710498 2.520991093845512 
0.9446316575717422 0.6714442563450629 -0.04880917724329181 2.548282892682179 
0.9443349518715922 0.6742778451452885 -0.02320265021846375 2.548177921017124 
0.9254595100289532 0.6941364091335767 -0.01818632456168006 2.503486464952941 
0.9320444565777084 0.6860994183418379 -0.03838191633748585 2.518872278725957 
0.91827073643635 0.6986487676730259 -0.06362814857941573 2.486353581317791 
0.9055389556477009 0.7149897154333275 -0.03648308351982318 2.458198158464371 
0.8968796364164944 0.7179377209797863 -0.07341774158769175 2.437097559209027 
0.9455869532167904 0.6673645493115408 0.07995619102310546 2.550394585532195 
0.9343196644311438 0.6809551320556086 0.05667037871595738 2.523146013524942 
0.9468395622343929 0.669702528778631 0.03910899685020575 2.55336017241702 
0.9729959095725448 0.6351397410433506 0.007881823469467844 2.613315704714111 
0.9780100004737508 0.6271227858058308 0.01971871123636328 2.624565711408612 
0.9703761026488756 0.6390703431782392 0.02162453904628355 2.607592129281789 
0.9791666069577302 0.6187852801317448 0.09389856830851413 2.6271141507421 
0.9750354359693272 0.6203755301796215 0.1228456053427961 2.618060039566861 
0.9630599711762315 0.6437165440842757 0.09374936845001268 2.591186713474708 
0.9693303714028653 0.6394939083336861 0.04401464237091084 2.605213597550734 
0.9609833680298081 0.6504736975112164 0.03266709069863615 2.585227091204996 
0.9694888561134382 0.6399186623798442 0.0215735645519109 2.60522456245274 
0.9896465654776188 0.6079055822265426 0.05185355095115914 2.651834228211972 
0.9803578657723639 0.6218072313761036 0.05242720547212678 2.630121657888725 
0.9849083833266696 0.6156252965326767 0.03648908366496507 2.640353426144831 
0.946474864191067 0.6660272870855455 0.07910516250634791 2.552345754152029 
0.9471019009886584 0.6705836501573472 0.04069863687666091 2.55489854108607 
0.9620426218552782 0.6488226336326858 0.05926254484310513 2.588301190286268 
0.9100113866683097 0.7062738447374528 0.07425217291152784 2.46769009209298 
0.8934354322184636 0.7211040446084664 0.08415331707512005 2.429979006801638 
0.8970202475230368 0.7210431759240886 0.03727960616589689 2.437656108792956 
0.946911595138879 0.6664616991043609 0.08107283947988898 2.553681299901265 
0.9311709622816806 0.6862732724885447 0.07965447650944824 2.518718678160411 
0.9345602105827248 0.6814326619505051 0.0563196990417402 2.524043514462158 
0.9474342735902498 0.665882674332393 0.0806823436437433 2.555052366695113 
0.9357831196506319 0.6739619932100591 0.1109631436783681 2.527431060574775 
0.9304001450178772 0.6849617282035716 0.08171802367072217 2.515574163715689 
0.9911166783306425 0.6067311845009025 0.0110014156422805 2.654725815396179 
0.992255029480571 0.6048606148506831 0.01840319380350986 2.657452335855982 
0.9886299698828465 0.6104047971122364 0.01720549401710787 2.648884481857884 
1.001447659981708 0.5850780271053603 0.07398645880168503 2.678597798614538 
0.9924696491735299 0.5990963295697417 0.08612469632619663 2.658212972877803 
0.9942615187564097 0.5976707081127626 0.06180794401800514 2.661437077491558 
1.000037524981879 0.5915384167664997 0.0006630525078829643 2.675083877464403 
0.9998684576635525 0.5918273536744035 0.000214553855801153 2.674692402404934 
1.000186784287785 0.5912811157612131 0.0002064901215479167 2.675427741967346 
0.9994109328588405 0.5928492243148581 0.0001139850704383286 2.673777093580823 
0.9997776383981427 0.591918782920227 -6.454268647694878e-05 2.674444256218157 
0.999608302743228 0.5921881218863564 0.000763449576801599 2.67404150428704 
1.008484922046084 0.5760652599174846 0.03888289354626383 2.695028099045662 
1.013167052513536 0.5650747288720409 0.01897798601042637 2.703856313375953 
1.015202092795462 0.5620372756562165 0.03430637674115473 2.709491890411057 
0.9887990614491411 0.6105812313205087 -0.0001364422746049545 2.64939560664749 
0.9924944297288103 0.6046135675058987 -4.86282001590416e-05 2.657910874536479 
0.9899477819955826 0.6089111549094857 0.004687824086941489 2.652167451052283 
0.9993013313901283 0.5927738475569447 -6.875084804189951e-05 2.67336658363263 
0.9990358644967599 0.5930449422074504 0.001753251246880946 2.67264814425488 
0.9983780515792867 0.5948070765924749 0.0002653378481388281 2.671509499378044 
0.999941724904463 0.5916830200137774 -0.0001324229225836389 2.674848147555624 
0.9999773527179556 0.591636187628245 -6.327106680058144e-05 2.67493900630729 
0.9997836721273919 0.5919222204136178 -0.0001062485699193768 2.674464353683932 
0.999952520381782 0.5916481460260652 -0.0001759229396743311 2.674862819001756 
1.000000131551751 0.5915538483171485 -0.000300287752157401 2.674970669557205 
0.9999681687662231 0.5916224044693414 -0.0001184132242193826 2.674899226876783 
0.9978855718277209 0.5952186733678848 -0.0002142696753384274 2.670115881390239 
0.9990376626672611 0.5932515572145352 -0.00180029108752825 2.672774742965603 
0.9990429555771946 0.5935487367371225 0.0001720812400578337 2.672966733621598 
0.9927279518820483 0.6042679921382667 4.669167158268622e-05 2.658481330828087 
0.9937201599415657 0.6021838896072714 -0.005869863661674269 2.660511418208879 
0.9960393379368868 0.5988722315297865 0.0003122260017200782 2.666179663169388 
0.9927472162413594 0.6041692967722206 9.424979511773637e-06 2.658491757058882 
0.9899541543270707 0.6089484586415524 0.0001202814523806745 2.652190316903171 
0.9912555385679679 0.6065366413054362 -0.004738456850050492 2.655019263135214 
1.004253428683172 0.5845652762937729 -0.01047289412689359 2.685147537557931 
1.007202271036041 0.5789290680288934 -0.008373468728547674 2.691628765625207 
1.003965439337619 0.5840114054824578 -0.003242082030372374 2.683698227985563 
1.00623938855933 0.5791877192219749 -0.03112533013032091 2.689019917754794 
1.01316610101029 0.5654171543160328 -0.04306654285527324 2.704866189897458 
1.013356585078784 0.5663393007949629 -0.03115058440927373 2.705586081694627 
0.9889240864683105 0.610659199302706 6.674371223970272e-05 2.6498550146397 
0.9878143072863422 0.6125928688906112 0.002810838395557915 2.647408230647897 
0.986898670081554 0.6133526971939288 -0.0004684693390474695 2.644860114925218 
0.9778152806241894 0.6190057603090934 -0.09812672770420307 2.623501006753467 
0.9746659900686325 0.6224760891996055 -0.1274824264537289 2.618547602745858 
0.9937373675861549 0.5953672890258975 -0.1187814589414507 2.663350831494701 
0.9984751837928045 0.5897246029478277 -0.06730627970510041 2.670988675032958 
1.003849476953534 0.5779105364905571 -0.08999733216180938 2.683806777837007 
1.011499498302755 0.5674830538267196 -0.07246876196500589 2.702047806487426 
0.9192886895169912 0.6991062492002299 -0.06140483957988428 2.489717027885538 
0.8984902270678972 0.7170888856789254 -0.07449776470443163 2.441121614363515 
0.9134335600613145 0.6998297574729577 -0.1036612476231582 2.476366088575295 
1.001117401885551 0.5896992283760558 0.002231262724658591 2.6775923968786 
1.000963374528778 0.5898470185872161 -0.0001705222832249348 2.677163646567216 
1.001753219839652 0.5885898163820474 0.001360582504714279 2.67905528283104 
1.000860224144825 0.5898915326232534 0.002019412808731275 2.676847343990783 
1.001846298714546 0.5882189297276977 0.001715566541600219 2.679146435930342 
1.001089302999466 0.5897680021869757 0.005178478058326168 2.67754960529771 
1.001106863031671 0.5899119874420121 0.005552792788750709 2.677693928250263 
1.001927666921152 0.5879929098928508 0.001305858251728313 2.679281302940685 
1.002642303522373 0.5874350822123685 0.005642860076065775 2.681354829907773 
0.999205743843204 0.5929040464298551 0.006910605307252666 2.673142069175786 
0.9975734539426979 0.5960740670605088 0.009252514585488029 2.669639613431372 
0.9959638070358242 0.5985758849740045 0.004860801393779734 2.665764237007503 
0.9990687184367626 0.59309005196622 0.007051944217734896 2.672803392390867 
0.9960823833165484 0.5985645095465705 0.004996123725506884 2.66614993077125 
0.9975711585255667 0.5957466457004283 0.003977786884645531 2.66939651908208 
0.9977088322278984 0.5955467259806551 0.004006183650516451 2.669732186530673 
0.9961308562794366 0.5985068407319947 0.004478321651749238 2.666280350801258 
0.9956731408198732 0.5991203297668071 0.0001152835743768506 2.665118311998838 
1.005822056204114 0.5808234174513948 0.006282666115121994 2.688111938232105 
1.004570475926318 0.5834468619273149 0.01635120286900947 2.685567648125476 
1.003276903302637 0.5862151766097509 0.009624338555441515 2.682773647336156 
1.005430105589622 0.5810182243108867 0.006404546130908347 2.686922024785473 
1.00366448721869 0.5859422374163792 0.01007761977309528 2.683919362778954 
1.003723264288665 0.5845401183616893 0.003164410935163963 2.683245184427561 
1.003768667685092 0.5845557487109939 0.003238901369758734 2.68341160238256 
1.003593155295363 0.5854821071332693 0.00953688500937765 2.683410222879427 
1.002452079676971 0.5877693781227311 0.005741746620874025 2.680913502552477 
1.000402354495366 0.5911081397077087 0.00990125391906705 2.676085062220561 
1.002749089753078 0.5866844940029643 0.006052139205854035 2.681267663492474 
1.00353971167871 0.5855072561492297 0.009789118216608592 2.683246966354242 
1.000071619841144 0.5914333420594842 0.009556959960914494 2.675169304982131 
1.003563179429507 0.5852516303217424 0.01049064057948377 2.683181848351488 
0.9998529844934348 0.5916501841600124 0.01409755181075252 2.67462510080564 
0.9997729263675991 0.5919273755491392 0.01447113342395555 2.674526449061936 
1.003788416625958 0.584770318636863 0.009926500719503694 2.683637097372405 
1.004242622645285 0.5844520899899676 0.01640153378171653 2.685059404016804 
1.006225503149572 0.5798142314685266 0.02417298891799387 2.689159618317508 
1.004031660629376 0.5846671557733323 0.0164820312461954 2.684462805618182 
1.008468776747996 0.5757546513635942 0.01281215112163671 2.694108772716408 
1.006397535368994 0.5810253078511176 0.02569174501479876 2.690440825412248 
1.008509881368138 0.5755260020217423 0.01248255524861749 2.694082819078927 
1.012493297427597 0.5666810791702617 0.01972104107930741 2.702583618773765 
1.012898668666931 0.5675177839531774 0.01817317822206938 2.704414270608754 
1.008253123594724 0.5763852735550973 0.01212865569536029 2.693731030110244 
1.011782196740635 0.5700219057451513 0.002445485657720721 2.701865533537705 
0.9803382595797865 0.6225058496758333 0.05289607292249485 2.630505704459846 
0.9905058558560104 0.6049322173402468 0.05163786831811485 2.652790591588209 
0.9859933644087862 0.6122070807938191 0.06842597475853623 2.643517223699739 
0.9799698115698454 0.6221473139497288 0.05130477906316957 2.628955129633995 
0.9856791910050356 0.6130477320359525 0.06985108234024277 2.642975429830564 
0.9715140497809359 0.6337328488193574 0.06776978164410029 2.60989443209616 
0.9712503169750916 0.6357033530240193 0.06830986199114988 2.6102717149766 
0.9867723114096562 0.6098034770393413 0.06902380413247779 2.644305909133727 
0.978445237197401 0.6206477779849529 0.09277735939616713 2.626104799830988 
1.006674092192261 0.5769442716168013 0.05399837149944359 2.690180645047702 
1.007704485076292 0.5763210842760699 0.03720830331915443 2.692441831940592 
1.013946033286622 0.5627024383939242 0.05299851961028904 2.706431337816667 
1.006091213286367 0.5768317311292086 0.05225327988251605 2.688014279959388 
1.014621993569215 0.5621362691800748 0.05192189224282873 2.708212405135257 
1.012727283302667 0.5652057371293197 0.07798836527871256 2.705286208597321 
1.012735915766654 0.5624759980932166 0.07971514939534827 2.704017091492448 
1.01414556127736 0.5640462741456311 0.05154302734381631 2.707585834515964 
1.024761256904753 0.5371568222622372 0.07549029496294762 2.730519554168271 
1.000589377751654 0.5894762039325463 0.04995577075473041 2.676946721245972 
1.008147873549016 0.5750878978884001 0.03790519149853409 2.693163034559594 
1.006904583670812 0.5776258565529299 0.05343240225293743 2.691257951333222 
0.9999101937599161 0.5899090318679566 0.04901308361088559 2.674871927635432 
1.006533328324866 0.5778546007777056 0.05511270707626202 2.690180496849908 
0.9950104822573165 0.5968338489457589 0.0634112298065177 2.663533649897135 
0.9948427697060525 0.5977858320739181 0.06388456604484223 2.663594884400934 
1.006898256827259 0.5754237205332403 0.05364790603822862 2.689771541480049 
1.002390291555414 0.5843312886585456 0.0734673810322652 2.681335141438944 
0.9606439946008891 0.6496422965984959 0.05906411655595455 2.584813996387989 
0.9695957586216112 0.6383104085339391 0.04339385235094425 2.605238740870535 
0.9705657677639969 0.6361126694840833 0.06694544499299661 2.608281624829432 
0.9606416417022721 0.6511633178206339 0.05915941161095463 2.585681698269682 
0.9721400527370595 0.63360452600226 0.06670163212456649 2.611525205541422 
0.962751643736475 0.6432690767775585 0.0911580732573988 2.589835154248759 
0.9632312164944089 0.6423970786766072 0.09242273370625619 2.590914701020983 
0.9705361678583322 0.6349107620350047 0.06567068391171003 2.607229328396852 
0.9777493849399892 0.6217891963642911 0.09395943846639028 2.624513123103443 
0.999828292719821 0.5913858405040073 0.0332450538134224 2.674801815745009 
1.007669013294227 0.5766043554973427 0.03858040595822702 2.692515819381455 
1.00033182648362 0.5883593727154193 0.04883830468137083 2.675388246872369 
1.000774975668062 0.5902677883952779 0.0336511837912136 2.677271884561627 
1.00008070697601 0.5897671564562984 0.04816405154700162 2.675320611986153 
0.9939802560580968 0.6021007432603176 0.03785511671619872 2.661995332151886 
0.9936510938560775 0.6022169528685423 0.03641171609387781 2.660899863546203 
0.9997797640974611 0.5900655381390972 0.04965002033061713 2.674521324148745 
0.9900830940591335 0.6055401548000493 0.05203874319864274 2.651906474239452 
0.9901413635081683 0.6083128291819839 0.02933961548202862 2.65284960661442 
0.9960296222672265 0.5976228855394508 0.02685506178649433 2.665715972849804 
0.9940726862638186 0.6006959856866504 0.03655557260029537 2.661438607422458 
0.9898197474477506 0.6082497924765102 0.02837616152018939 2.651710454778802 
0.9938976349345306 0.6011499439799096 0.03767674487958862 2.66113508345615 
0.985439349598248 0.6142547852411142 0.03780920292147109 2.641351136115257 
0.9853301805101934 0.6160698592902356 0.03832472276372749 2.642108346799884 
0.9945047391829411 0.6005257321294516 0.03738251409879177 2.662659634553278 
0.9901427043482369 0.6070888275658219 0.05072028654549547 2.652965977060867 
0.9828834606553349 0.6204708938599781 0.0001054373164728645 2.636141407670976 
0.984933947933152 0.6169911295109615 0.005217129049367764 2.64067945260297 
0.9809181963082638 0.6231796090148782 0.006149839514835762 2.63143278647785 
0.9830254915741302 0.6201380647662864 4.790465994048256e-05 2.636390386043258 
0.9805206468378743 0.6240382689208013 0.006794730747951008 2.630654174867892 
0.9780761621081235 0.6270717395903189 -0.001933407116339526 2.624590141776489 
0.9782392919835329 0.6282331935547433 -0.002960226142595933 2.625892790877298 
0.9810972047840817 0.6236363258544132 0.006927204070075795 2.632258166594905 
0.9737485421007684 0.6335668880270736 0.00701955563834591 2.614751870771727 
0.9948678181613276 0.6010690565988673 0.01181329487441383 2.663695569544788 
0.9976047804188359 0.5957504739976427 0.009494143142524808 2.6695348605425 
0.9970291995376955 0.5964512118836937 0.01568203501335038 2.668133750451305 
0.9946185947415711 0.6011018567978351 0.01110024766660252 2.662876311811207 
0.9969849696061892 0.5965818076662353 0.01625108442576206 2.668062293821833 
0.9926330804053002 0.6037299767783204 0.01847709614974354 2.658020676587608 
0.9926151373309297 0.6048594378615115 0.01896100554329054 2.658640182432785 
0.9973775227410944 0.5961299536692919 0.01596598467863258 2.669054243064986 
0.9957558926790914 0.598379014858841 0.02607552386173373 2.665287025239479 
0.9806246769916437 0.6231699528804572 0.00692417309683658 2.630468697110276 
0.9847535431322169 0.6171630522067919 0.0049120396984061 2.640199714738694 
0.9831968878284513 0.619871227888414 0.01241174460536289 2.636858992959594 
0.9807068995234675 0.6241341908571928 0.00626364378727724 2.631319422026832 
0.9839347433330142 0.6188279181738531 0.01248052520218453 2.638568576634501 
0.9778354439661993 0.6275857203194977 0.01855773196285982 2.624353253366017 
0.9777030421538933 0.6271697296280844 0.01993174331249472 2.623669379620106 
0.98330454884657 0.6194185882836187 0.01186105029986223 2.636886929573544 
0.9833589243016218 0.6190465772008702 0.02488658584561954 2.637100606764926 
0.9995099364374243 0.5921973023752063 0.01344948235629058 2.673785216831488 
1.004104201711818 0.5844734519510573 0.0170139264480061 2.684615468448522 
1.000843830816693 0.5891471895113553 0.0231381518925983 2.676627916965955 
1.000018024108739 0.5915543587960171 0.01359976823062615 2.67509441777499 
1.000670400192382 0.5898088620757737 0.02289636893614959 2.67642266758748 
0.9970751882841332 0.5970125115295862 0.0164030992233466 2.668621582055311 
0.9968740086143684 0.5972406982420818 0.01541573440451728 2.668061262497594 
1.000533201671104 0.5897948255096893 0.02385945978917451 2.675970171742872 
0.9957754767597362 0.5974666629680675 0.02672593345297136 2.6648291349163 
1.001159484242005 0.5902931747936787 0.0244606187209271 2.678372039152546 
1.004527877251757 0.5838368530255801 0.01677000019988265 2.685634800637875 
1.006012751269616 0.5804000096654606 0.02449635757918773 2.688772824198387 
1.000622251819112 0.5906472542764429 0.02338731461939379 2.676755484619315 
1.006128715360298 0.5803198257243455 0.02531384846602696 2.689118469638946 
1.000451044232068 0.5897752824201568 0.033752089516818 2.675986241446396 
1.000505399147987 0.5910730044345842 0.03496609826669431 2.676949513698843 
1.006502926910791 0.5795986536402064 0.02470337732532548 2.689892433558068 
1.007724441416959 0.5764895607797293 0.03758492060282712 2.692631165199494 
1.000031380549044 0.591567948032017 0.001703973505390057 2.675081964020821 
0.9999943787734533 0.5917433229748237 0.000737526547367052 2.675061358326743 
1.000448715590852 0.5907359250141497 0.0009168597648137221 2.675977143874378 
1.000041689110042 0.5917062363714479 0.001977057441685473 2.675198241880451 
1.000508234844063 0.590612741820551 0.000758915181062735 2.676101737531007 
1.000923457347479 0.5899564983667098 0.0021074313406137 2.677098246467566 
1.000990560470552 0.5896750518399957 0.001962863832771088 2.677155729849877 
1.000390779830951 0.5910282716463674 0.0007652903084891666 2.675956030696125 
1.00100392976416 0.5898581460565967 -7.608713728047168e-05 2.67730585162041 
0.999225647746857 0.5929177567351074 0.006611707998760307 2.673220564598442 
0.9997593052268768 0.5917792087449297 0.004322056283736944 2.674307308685849 
1.000790361092313 0.5900788146654506 0.005762746555246839 2.676742401084276 
0.9991319033343472 0.5930255074563303 0.006703829135881611 2.672973193359502 
1.00092125441541 0.5898353702885702 0.005425306776674935 2.677029584528665 
1.000497313425469 0.5909635407734943 0.00912756312606721 2.676315305852585 
1.000491279385806 0.5907105660458754 0.009317763384873843 2.676142623420347 
1.000702265955721 0.5902344324192621 0.005454222338179576 2.676534039147678 
1.002528257027041 0.5870642057619406 0.006434070465046964 2.680760820820109 
0.9996327876083598 0.5922735136345118 0.000784185545759208 2.674173397329153 
1.000076367594611 0.5913581308963396 0.000729567192464929 2.675106167320306 
1.000005839246771 0.5916004950538428 0.001682935262975115 2.67501630793889 
0.9996056591173005 0.592341646953678 0.0007012320922155136 2.674123117052368 
0.999976278137403 0.5914522623609044 0.001966380806073182 2.674830557998583 
0.9991933798401923 0.5931069538847158 0.001687906832167604 2.673208234059895 
0.9991095494009201 0.5931564539277027 0.001678578359541464 2.672958748915691 
1.000108360828546 0.5912638545198711 0.001720899011443958 2.67515665781875 
0.9998397218616009 0.5920333640858316 0.003974172579543353 2.67472627819116 
0.9923298208190516 0.5990405739575904 0.08728464390069551 2.657780655106727 
1.001956408376877 0.5824468301303295 0.07358346146176034 2.678733084782618 
1.004705133646838 0.575748615590884 0.09727306272078673 2.686045567821914 
0.9915837307336561 0.5986102593910887 0.08488409848178383 2.654837677268143 
1.005070466359971 0.5755971856565799 0.09741345947986217 2.686977677253525 
0.9919267769965922 0.5965746669520272 0.1156484854796301 2.657871140208912 
0.9916564347147369 0.5958407220350528 0.1174588849930612 2.656632004319329 
1.005352166136701 0.5731343308528444 0.0966228670498827 2.686508717826055 
1.009784558233992 0.5585903210644382 0.1291400840767429 2.696846281024685 
0.9998504016259689 0.5919519457623387 -0.000431439604556998 2.67470323834993 
0.9999127953074284 0.5916970062535982 -0.0001075963494517057 2.674760197698618 
0.9997702208265917 0.5919308782121295 -0.0001017929274766894 2.674424804508392 
0.9998844886722932 0.5919306745886196 -0.0005300503419305015 2.674804007354603 
0.9997806020467509 0.5919252807124856 -7.173302064903363e-05 2.674455997794774 
0.9995656975355719 0.5923132171169173 -0.0007562701639270301 2.673971032422511 
0.9995309557409177 0.5923252208055693 -0.0007640507077226188 2.673863057944299 
0.9997937987817707 0.5919623710460444 -4.966766268148083e-05 2.674521644516744 
0.9994722397385362 0.5926368975115029 -1.237176796937834e-05 2.67385241242701 
1.000167554519448 0.5914211059376225 -0.0003219964350403849 2.675392796824356 
0.9999498535683259 0.5911813935933329 -7.847407427706851e-05 2.674798169445415 
1.00002728952118 0.5916472885190697 -0.0002638444738651108 2.675028668353283 
1.000144845400799 0.5913657834693692 -0.0003631476605183692 2.675338888042392 
1.000036611315204 0.591521376519256 -0.000207891975006764 2.675071508864697 
0.9998749685997805 0.5916581905011651 -0.0005373069502651318 2.674615836569561 
0.9998564864968162 0.5917464979776929 -0.0005246941863346714 2.674604663887344 
1.000058601593061 0.5915154218452192 -0.0002923278456171977 2.675142612836134 
0.9999153956137593 0.5916710475199467 -0.0001784842365944144 2.674752838243582 
0.9990617067252479 0.5932129558231926 -0.001803415452868533 2.6728310741948 
0.9977809811157552 0.595410527663027 -0.0002132236041656748 2.669883907969353 
0.9983049098336283 0.5947683350445897 -0.003441438395443708 2.671246251163242 
0.9991001712059002 0.5932733165546502 -0.001729219006584096 2.672993321097744 
0.9985602463220964 0.5938602585749869 -0.003653988669305997 2.671552926972174 
1.00012302969126 0.5913814568790191 -0.003076981101382352 2.675279930653258 
1.000052995265282 0.5913050884065485 -0.002807647648978072 2.675001103710443 
0.9984106268096011 0.5940320509242429 -0.003795718318417743 2.67115861969639 
1.000196478865628 0.5915283142415662 -0.005497044797587574 2.675621158584119 
1.001062923146936 0.5900940605688469 -0.001546375109738085 2.677539317046535 
1.000553877724648 0.5898680381101477 -2.615679776149317e-05 2.676144367999411 
1.000449200289821 0.5908912913461573 -0.001021681840908198 2.675954238925349 
1.001006708465943 0.589626287137762 -0.001731445679469424 2.677195726748048 
1.000461560239639 0.5906246196177979 -0.0008582300773782636 2.675968204232364 
1.000183917239403 0.5913701483698229 -0.002884258930895603 2.67548139455617 
1.000139971050396 0.5913243516936801 -0.002774540747465087 2.675306499723034 
1.00053446690188 0.5907999666400509 -0.00110175891229974 2.676316335189874 
0.9999407732637996 0.5915580813454754 -0.001572066722781791 2.674775693368712 
0.9991797326253671 0.5931512877366244 -0.009027933267242797 2.673219275182756 
1.000482429153444 0.5912570426580209 -0.006050053059736014 2.676413502573655 
0.9981743165651376 0.5942328218975689 -0.00346451505897141 2.670491907699284 
0.9989677305369173 0.5936267302124735 -0.008901555257521621 2.672794928450199 
0.9982807569153168 0.594254918153025 -0.003073843249706479 2.670861698502373 
0.9966634268127158 0.5972484862562591 -0.004055915493899009 2.667283695818711 
0.9969374815792701 0.5968755331863616 -0.003909816878117966 2.667965366259928 
0.9984477075016587 0.5946333519235401 -0.003716795380276931 2.671640996893702 
0.9977862898708258 0.5954727327420384 0.0001502644936089992 2.669938484752211 
1.001494427140547 0.5877750604338901 -0.008400095002801283 2.677799067568581 
1.004080600019904 0.5839888261472714 -0.01027293471871308 2.684223993859794 
1.004322387351289 0.5844809509887111 -0.004049974419872854 2.685205890221344 
1.001730064366591 0.587619866143909 -0.007968389697106969 2.678490691463826 
1.004161005291193 0.5845811155596244 -0.004109403822786082 2.684725631535938 
1.002180930700751 0.5877639315394521 -0.003649602941587275 2.68002215148514 
1.002150958544397 0.5880645926605855 -0.004031472141144169 2.679912269446638 
1.004143611434017 0.5851323124643296 -0.003603019167836617 2.684888018703349 
1.002828857968128 0.5854282176154271 -0.0003313590415090762 2.681194262552873 
1.005954876952737 0.5820903701037859 -0.01781585240549235 2.689446112433973 
1.00707434819713 0.5777514995227669 -0.0307561382911977 2.690972782343396 
1.011611743900196 0.5701531037234842 -0.01844679875142236 2.701534488584853 
1.005689143222845 0.5820132580819627 -0.01849271388176156 2.688532779904436 
1.011069610281451 0.5710564327391695 -0.01707177244221759 2.700193166181685 
1.007263567452005 0.5774076441553213 -0.008339131230944411 2.690974027041557 
1.007315132022658 0.5791336857915916 -0.008768058807500485 2.691884447757195 
1.011772738868352 0.5708042520789237 -0.01690136743170441 2.702198865079761 
1.011342134940536 0.5691330851545802 -0.003506676058527367 2.7006479356793 
0.986031842370503 0.6142874523426356 -0.01020427117043664 2.642636752931669 
0.9823827244419785 0.6208009708010059 -0.006727630981832508 2.634706086814167 
0.9817830986387377 0.622001572646303 -0.0138391149153936 2.63358133707765 
0.9861589436506832 0.61439247516011 -0.009655139843567254 2.643114868994767 
0.9819956653351436 0.6216784679976265 -0.01444424150068215 2.634070396689269 
0.986903547155052 0.6141274992566698 -0.01625923986933475 2.645491673305324 
0.9869084981977798 0.6137708631312482 -0.01619820051925145 2.645252040363325 
0.9815601736161413 0.6221100585102449 -0.01433122159498247 2.632886458621617 
0.9824122937485057 0.620041775567426 -0.02357209434662501 2.634607294089256 
0.991340718364444 0.6066559424663537 -0.004181495815088082 2.655360960586045 
0.9892706796552035 0.6101022587396322 -0.01030280351325919 2.650708350626566 
0.9927170744592073 0.604162769459004 -0.01293861815138068 2.658479905009083 
0.9911247964454756 0.6069082059433912 -0.004591715060003492 2.654798850207689 
0.9927026915739422 0.6040413260495701 -0.01247448255430595 2.658355148640644 
0.993806979075083 0.6019183226493441 -0.006030153180477036 2.660646562831914 
0.9938319263818383 0.6020720519818508 -0.00581484409363128 2.660825377762511 
0.9930326093892387 0.6037602699819606 -0.01268769555426363 2.659261740148926 
0.9964045019627934 0.5982875016884047 -0.01251497946153071 2.667109864677357 
0.9992255239752468 0.5927918478064567 -0.008748489309281649 2.67316300119761 
0.9963565234499042 0.5980988120157251 -0.01224075026829567 2.666813828466209 
0.9998368814868059 0.5912303531995541 -0.01398024232736718 2.674345658909402 
0.9989731774577499 0.5924953428507119 -0.009400975630552776 2.672157173526019 
1.000142699326974 0.591019584118381 -0.01396585723641866 2.675217026466889 
1.001972550171395 0.5889131813763252 -0.007929534342812183 2.680008740430456 
1.001860114650364 0.5884943451520563 -0.007366139635652326 2.679398344780752 
1.000352092267106 0.5912553186120333 -0.01436534050353241 2.676038072487222 
1.004003381541669 0.5831750360996713 -0.01075999065934424 2.683493929356843 
0.9983277539129457 0.5932816760287578 -0.02133358555642923 2.670621663671527 
1.00585128720122 0.5806534025191891 -0.03102157840059812 2.688576329501727 
1.005554385071129 0.580830184127487 -0.01861157144899537 2.687411824346433 
0.9992964999334266 0.5923979452688325 -0.02086301822338722 2.673311175632219 
1.005215017952617 0.5811512320979607 -0.01879993501779325 2.68647185080573 
1.000112444959707 0.5919576583589534 -0.01376235911396807 2.675646005215582 
0.9998374032551332 0.5916960005157639 -0.01485859357084887 2.674593038819456 
1.005122023292141 0.5815389833760265 -0.01800853073813658 2.686370723054279 
1.004105362754508 0.5830970416881446 -0.01070656358229923 2.683786840072215 
0.9936061400788566 0.6006957602701544 -0.04734052155922418 2.660271193883135 
0.9987363445033973 0.589971274531563 -0.06645425726710384 2.671997666636949 
1.0052036215681 0.5802735280195591 -0.04778917485481935 2.686849109723541 
0.9943999445596915 0.5996965672065598 -0.04691017715705254 2.662244385018733 
1.004481298383644 0.5805650030306929 -0.04723472121436032 2.684624064445888 
0.9996219248302751 0.5928547030569913 -0.03483676874909043 2.675037486058054 
0.9989480500188936 0.5925611432195124 -0.03714594146780334 2.672686360474559 
1.00455863305783 0.5807315575269235 -0.04658653137436054 2.684936266252462 
1.006462079705197 0.5783225022042844 -0.03092395074879799 2.689321278623948 
0.989103323052223 0.6100031205699175 -0.0196355661928572 2.650189003229224 
0.9922658800609865 0.6043046937124724 -0.0312226046408575 2.657489197962343 
0.9952873381823837 0.5987009066609714 -0.01990061391300594 2.663785843310266 
0.9897008869030504 0.6088193395206883 -0.01943562333371948 2.651420368890407 
0.9952794035995605 0.5996572351807797 -0.0202586045246657 2.664333578053188 
0.9930413850537751 0.6040936982731019 -0.01213588540080153 2.659473469602653 
0.9926798756208298 0.6044326745637064 -0.01283919489748628 2.658483938877169 
0.9951197311422109 0.599588764814909 -0.01927345604260264 2.66374813994537 
0.9963639126143926 0.5974394658637864 -0.01206610929573442 2.666461112366155 
0.9693657307670877 0.6398434856626553 -0.06181623077321822 2.606593125026328 
0.9529130486364396 0.6591359891679807 -0.07167696159280476 2.567078803633489 
0.9640328363055806 0.6407025904621891 -0.08865336028599745 2.591881016750765 
0.967998504598959 0.640661768863463 -0.06312579001464422 2.602748103890443 
0.9648927102386159 0.6402937685354892 -0.08848519754745209 2.59432314122545 
0.9774235135872557 0.624371009754615 -0.0728327906626212 2.62346829500569 
0.9779084234249388 0.6254708991502276 -0.07106747658039564 2.625581249560451 
0.9652248240975175 0.6400523185344051 -0.08899668089559948 2.595124179426996 
0.9780327447488827 0.6196689371222392 -0.09767660173769496 2.624564674684327 
0.9874754479291508 0.6096018910782777 -0.06516681739350641 2.646581047022986 
0.9779390781519242 0.6255038919487866 -0.05395369315025486 2.624582291312184 
0.9773853795018327 0.6246280647878735 -0.07259557096766971 2.623465969252781 
0.9881108818032746 0.6107425300099829 -0.0636123210736857 2.649244453664854 
0.9773630611002443 0.6251525934678354 -0.07305365543668732 2.623541970781571 
0.9907930823379347 0.6002941201772789 -0.08289279454216018 2.65314252986052 
0.9915417087834071 0.6003278205592268 -0.08391952578512532 2.655644352432096 
0.9767256554386198 0.6259155712724422 -0.07307882641024757 2.622045885992398 
0.9783499746753885 0.6194792743768841 -0.09821469837060928 2.625457935489026 
0.976537586658605 0.6305137199084028 -0.02471357032989924 2.622104319326386 
0.9668687194354368 0.6433549616749484 -0.01987568493204451 2.598922700803154 
0.9696615573109306 0.6372294955898844 -0.03736058290625106 2.604537586714004 
0.9759080351965951 0.6308615590683058 -0.02500621108650584 2.62027231123908 
0.9707690673870223 0.6366872078490666 -0.03848456877821011 2.607788244149299 
0.9804536762366354 0.6230523832189799 -0.03651639750133853 2.630487155622665 
0.9808875410803016 0.6238183135143075 -0.0349770618166616 2.632319645729438 
0.9705186811767672 0.6382064683445429 -0.03829856795823301 2.60785273062903 
0.9774418005161543 0.6251291811206248 -0.05283805867826716 2.622707442449701 
0.9868543785189688 0.614312409851971 -0.01503514415287911 2.645378624484368 
0.9829108721490041 0.6196944012534615 -0.02402465264869315 2.636024004553908 
0.9869854941142505 0.6130029434409543 -0.02995843741384398 2.645401453454084 
0.9863547709533145 0.6147475024865421 -0.01556140017610468 2.644008798779719 
0.9871312496538228 0.6127798776062052 -0.0294147908049403 2.645730676863121 
0.9892732732553371 0.6091546843930441 -0.01920187627040754 2.650249011037152 
0.9893943735937625 0.6095944319412424 -0.01832847951436428 2.650895940449933 
0.9875907694659918 0.6122774501943673 -0.03004313536461329 2.646930048686014 
0.9923359044548943 0.6044813663591575 -0.03254901336436546 2.657864996495602 
0.9785299311763521 0.6270191878831401 -0.003657471675591944 2.626041030252456 
0.9729060163515982 0.6349523925811542 0.007661301221741998 2.612884200008178 
0.9689960345326226 0.6402688029822421 -0.002353987748322951 2.603666792036604 
0.9788913760707334 0.6268118371349508 -0.00279238024495896 2.627075509468288 
0.9694049492010576 0.6400994603077901 -0.003874206681352986 2.604881769652974 
0.9777704924564082 0.6291024413091899 -0.01208950598867491 2.625008175866153 
0.9780315203241923 0.62859901949286 -0.01184558150845337 2.625505600678204 
0.9684890706107981 0.6411235927245652 -0.003557478424207964 2.602532048395331 
0.9671400633476595 0.6420176170489386 -0.01842880175191659 2.598956216656236 
0.9872029268790534 0.6127218246525435 -0.03082502693798408 2.645958790618767 
0.9824209399724911 0.6214763654566418 -0.02494443070584807 2.635585024352369 
0.9804648560122458 0.622344154355535 -0.0358183392460913 2.630030586776997 
0.9875536511447204 0.6132626648320393 -0.02977077482489278 2.647409784114357 
0.9804246422065515 0.6227423271908914 -0.03601224719583231 2.630103049912115 
0.9873055905117384 0.6108264677771551 -0.04224610715920806 2.645519603674189 
0.9877793067778292 0.6106149234961337 -0.04305870658126792 2.646970787985551 
0.9799261538835831 0.6243922038701575 -0.03629372523723148 2.629556635725467 
0.9783957117383105 0.6246483302461975 -0.05314854666146714 2.62549494219084 
0.9863032199410514 0.6150215186662165 -0.009898917974212596 2.643995383149885 
0.9891350909753474 0.6106581271621812 -0.01029743057575251 2.650615922549008 
0.9883174012826937 0.6112891528509961 -0.00327874137574625 2.648242358387199 
0.9860882106865116 0.6152221644632891 -0.009495834702594162 2.643414187483543 
0.9882945397737959 0.6112283194542191 -0.003646334986970178 2.648132879305696 
0.986393664134501 0.6148042205544488 -0.002537780986734601 2.644098488180721 
0.9867758622518121 0.6135597859220898 -0.002929807985623333 2.644585266214009 
0.9883611447515855 0.6114247226458899 -0.003532111215485556 2.648482423515715 
0.9879308059506851 0.6123804705042044 0.0001888091382692011 2.647653857240579 
0.9587380548119531 0.6563179583019592 -0.0211681790779191 2.581540988585638 
0.9435480606711832 0.6742504284490952 -0.02285108203630251 2.545643002126218 
0.9449111747793025 0.6705460515304505 -0.04649194647533043 2.548249151354369 
0.9576850334879196 0.6569806648017578 -0.02140678460147714 2.578615230065822 
0.945734661529693 0.6702293106678499 -0.04681871260309486 2.550645384853183 
0.9593875547141966 0.6528946985135893 -0.03991132891270734 2.58199571780268 
0.9603117486632093 0.6537788846506647 -0.0368980543265577 2.585319257812495 
0.9457544933128129 0.6702045763139139 -0.04762924227658341 2.55067877075836 
0.9521599015489003 0.6593057989563271 -0.07079880846731793 2.56501128247038 
0.9778021954983362 0.6288238508742849 -0.01089385747853542 2.624885268115138 
0.9680110074200624 0.6414263065802013 -0.01982349569509198 2.60139886062323 
0.976343679435472 0.6308951840108571 -0.02531454956154651 2.621781546910815 
0.9769163498778051 0.6291442350894075 -0.01091711253143885 2.622187395158353 
0.9759791089445984 0.6302391435017974 -0.02383577200951209 2.620122798794989 
0.9820383325870156 0.6213564303943722 -0.01408415943313693 2.633984061593165 
0.9818706757889781 0.621488828928401 -0.01370466136224618 2.633511204283281 
0.9765536244774218 0.6298625142063383 -0.02455953708645454 2.621757183586595 
0.9827015389337519 0.6207960058452048 -0.02495112527667666 2.636086913234737 
0.9669304665394109 0.645090248231461 0.01105544293505779 2.600138946623769 
0.9560051048297817 0.6577709997923389 0.01302543971767678 2.573754270680633 
0.9597214814233566 0.6545887102509018 -0.006704524668772377 2.583443388943786 
0.9661603658847412 0.6457814952218155 0.01084607819784863 2.59811415549582 
0.959915922291678 0.6538442643288733 -0.00610977619609979 2.583515690286345 
0.9688518472149514 0.6404927683946299 -0.003861791163759473 2.60330835351853 
0.9692064136611517 0.6403140138704145 -0.002795790630648281 2.604308381871751 
0.9606256176733774 0.6535254869996678 -0.007416461485500521 2.58557071575284 
0.9669724085755877 0.6445882162548663 -0.02062419122272049 2.600231585424319 
0.9150361860679349 0.7053043535803367 0.01641606202159816 2.479675697270907 
0.9306459793750081 0.6879148294174741 0.02737126717198375 2.515223222704484 
0.9196071725300209 0.7013356391663399 0.0461066705068163 2.491610414218473 
0.9149207788981638 0.704549225978391 0.01472908940307717 2.478431550155449 
0.9199377280648888 0.6995855290324304 0.04659020548593008 2.490986814189819 
0.8996127868284283 0.7201537863018237 0.03621471761526182 2.444899829574156 
0.8977655716871917 0.7198685827806269 0.03843371019514404 2.43911364549563 
0.9202234662170374 0.6988012079970178 0.04707251432816031 2.491441047495794 
0.9090256739394663 0.7092017155169061 0.0742881086779516 2.467076485874907 
0.9341499114351445 0.6831615645009688 -0.00345422189889873 2.522341649949486 
0.9300096669781893 0.6886732332222236 0.02634391092891401 2.513744506242523 
0.9162917590367761 0.7051237538234606 0.01482672339508016 2.483296587093427 
0.9355778107305786 0.6831469107012856 -0.001553344240051496 2.526781541186693 
0.9156642472195148 0.7053082103265793 0.01432848398157286 2.481372266541257 
0.9247064632069288 0.6953462439575419 -0.01755979998198815 2.5022317770217 
0.9247528051169993 0.6938850008482675 -0.01963868559813416 2.500870341198989 
0.915223805701993 0.7062852438278323 0.0152609308727817 2.480544965242168 
0.8991061692959282 0.7215090321690513 -0.003870307878255707 2.443399679450164 
0.969991077092492 0.638381975035845 -0.03926432788038729 2.606458733561523 
0.9669007220061377 0.6444890303459958 -0.01972908505381454 2.599842264677041 
0.9600811975999929 0.6522269369533567 -0.03879832994307673 2.583656354282592 
0.9709298763025056 0.6393973602251996 -0.03672343353780401 2.609991377210698 
0.9596851593385157 0.6535206274267685 -0.03867574090070988 2.583083616727357 
0.9673222893293101 0.6384971872326175 -0.06298285478627544 2.599118550795564 
0.9678177271545441 0.6385554578451749 -0.06471510839763787 2.600892472545854 
0.9590432286057533 0.6547858892459473 -0.03828911326532896 2.581910348936268 
0.9528836593995779 0.6590701678344286 -0.07125968272846318 2.56714490201907 
0.9460874372375849 0.6729170481714096 0.01943980523147717 2.552492960109757 
0.9307368912844283 0.6875024286713647 0.02607519728149828 2.515348090795287 
0.9342239847583117 0.685935702024592 -0.00137721735032208 2.52471481823128 
0.9450218416186534 0.673379067165626 0.01947899986924474 2.549516934731804 
0.934633784357338 0.6856110585650509 -0.001171302303973541 2.525602271759944 
0.9480458766868733 0.6680080650570351 -0.002206071007258956 2.555310058898863 
0.9486712136358932 0.6678185718478656 -0.0007451398132052909 2.557112607159048 
0.9352168046522441 0.6853231801011107 -0.002481157877270596 2.527186090690972 
0.943116264002501 0.6758143986028443 -0.02344683857999328 2.545606592215029 
1.005321422081435 0.5820335002093788 -0.04582283427912134 2.688082063104945 
0.9990715206315419 0.5891698136292002 -0.0666877493216817 2.672539161868809 
1.010681885693394 0.567030861117133 -0.06983933991303051 2.698905529065174 
1.004379641034932 0.581564858468296 -0.04772221463452031 2.684751350121304 
1.011315585081449 0.5666658189321537 -0.06966015307992982 2.700749298577797 
1.014005380957775 0.5646011574622546 -0.04398214979724029 2.707311872905447 
1.013804885581758 0.5685046085127352 -0.04189407213863632 2.708316963665647 
1.011849466830114 0.5659830790598935 -0.07052619422167125 2.701958567345161 
1.025342019050262 0.5348096126172905 -0.0622408170667348 2.731071013269182 
0.9952711196185609 0.6005554150217833 -0.01814266883850298 2.664796567914913 
0.9929417548783069 0.6032230202423483 -0.03180538398016742 2.659044391537219 
0.9988892302861944 0.5921633014347191 -0.03526516403575543 2.672235156732967 
0.9945775015805787 0.6007054129259431 -0.01941206684751381 2.662611136927818 
0.9990907225920072 0.5922478513967043 -0.03431505877220792 2.672925331425763 
0.9985775274858836 0.5925456986155117 -0.02026647043384778 2.671053184358735 
0.9987883549400659 0.5938561054528333 -0.01915255525102002 2.672444605588286 
0.9998740661626045 0.5910597356372841 -0.0352293620190311 2.67482461166734 
1.006100177833761 0.5799648168323408 -0.0322945873861871 2.689047755094804 
0.993457801954457 0.59013787542339 -0.1169680867522406 2.658938151819236 
1.012495391948106 0.5518195835733699 -0.1208446582163705 2.701914608802222 
1.00443157806036 0.5806667944151583 -0.08903415688450685 2.687020704901767 
0.9935926838689965 0.5934559020255453 -0.1156914215883194 2.661413122131286 
1.004340444585655 0.5783622187960469 -0.09146402036342463 2.685885459324072 
0.9908265014381937 0.6012526220361105 -0.08316090092925731 2.653708117417027 
0.991392137555294 0.6006239293633927 -0.08292505562546885 2.655116514812399 
1.003386085177162 0.5783197770849153 -0.08974133889256609 2.682542520758976 
0.9993113351792715 0.5901991435790428 -0.0653873482864397 2.673916355264188 
0.9881671502681961 0.6119166504021402 -0.0412631047724597 2.648948213753066 
0.9784484211703802 0.6246071437498785 -0.05351648504693435 2.625579315747354 
0.9870405114237102 0.6091157002406794 -0.06342552459484342 2.644745858635312 
0.9872024690756929 0.6122772017587135 -0.0425733694082461 2.646031726461465 
0.9876788670285473 0.6087944528422976 -0.0633037605706174 2.646612519460106 
0.9944213077705226 0.599086830437082 -0.04679232526110506 2.662056486409138 
0.994743167813165 0.6007480856386106 -0.04484940839516244 2.66399175116959 
0.9880337083199788 0.6085257752411981 -0.06408870519667156 2.647563965638237 
0.9985273029223352 0.5899914957860281 -0.06672237079972243 2.671368371465906 
0.9523352077271628 0.656352794957861 -0.1159464537690842 2.567090560118878 
0.9663251341713301 0.6203090371573456 -0.1643636738682555 2.596365216154986 
0.9732693399093376 0.6205056512401076 -0.1257892714099835 2.612894821398764 
0.9546386684709611 0.6525816735938249 -0.1149790521297692 2.572288356444328 
0.9734187003468183 0.6249618170738053 -0.1279168175537019 2.616256774965305 
0.9643226310350704 0.6416246291436823 -0.08762382695890285 2.593359960800892 
0.9637618374579321 0.6426511474590287 -0.08929776079162269 2.592221728745356 
0.9728169834279109 0.6245533852171292 -0.1256914371396585 2.613849798252835 
0.9777388195962384 0.6188956527073209 -0.09782580972768117 2.623238980270615 
0.9132656437628367 0.6997642869145132 -0.1031229705778223 2.474966310062625 
0.9184016499122247 0.6829369665391689 -0.1499545566178747 2.485314894777819 
0.9397995775332275 0.6740386751881187 -0.1018258033963519 2.538722621965351 
0.9153877745165819 0.6978442435686137 -0.1029324861513884 2.480362818542833 
0.939215640740936 0.6730500911257196 -0.1049346300886892 2.53704890042587 
0.9383834242761008 0.678175249114139 -0.06959991098833895 2.534449281100675 
0.9373577171421476 0.6783047124528118 -0.06993124953775866 2.531239981481318 
0.9383121134053798 0.6723999069430611 -0.1015612357176001 2.533243134579382 
0.9528965899775032 0.6593739875842141 -0.07081762166628132 2.567197410317499 
0.9826664953662787 0.620329397278815 -5.327993125939033e-05 2.635332262388394 
0.9826255268491315 0.6196424466842634 -0.00597849402263357 2.634787493415027 
0.9869990161420105 0.6142978308700956 -0.003236076833241586 2.64578087845739 
0.9830314793465097 0.6198281258964272 -0.0002517849968161403 2.636222215980105 
0.9868190126547285 0.6143405039307424 -0.003498285671219314 2.645215350868446 
0.9868539889347641 0.6139661700418054 -0.0003426930305965618 2.645084419996904 
0.9863617172357395 0.6146899350643147 -0.0005380581804354993 2.643926049900109 
0.9865794048947379 0.6137360404283796 -0.002608596822429326 2.644049037638758 
0.9878838649338487 0.6123246970355231 -0.0002244770158315881 2.647466302092145 
0.9872548140916555 0.6130916339678342 0.009728666360318321 2.645921156607774 
0.9845430565251155 0.6168418771533805 0.005480259449940296 2.63932249865711 
0.9876447754160522 0.6128096915044372 0.003054645003546686 2.646972800585909 
0.9875490301240404 0.6126610637168405 0.009288506724542447 2.646624170838852 
0.987506714925767 0.6128698633046307 0.002987587396488014 2.646557259275834 
0.9899384682618841 0.6089084952349774 0.004724891764438861 2.65211783773981 
0.9896973621224948 0.6091443260904812 0.004798417852128432 2.651482789094654 
0.9875297230175254 0.6123699770579313 0.003302903469390195 2.646334103043466 
0.9889877992939967 0.6105677024219951 9.997557671022137e-05 2.650010232519472 
0.9889965910053771 0.6103594153062357 0.01745898619990726 2.649990381092151 
0.9839758308219797 0.6181149926666828 0.02410398032533354 2.638546623136205 
0.9832707400130574 0.6200878113640362 0.01292436682823062 2.637220109424113 
0.9884631050572328 0.6113310516894092 0.01752620682923725 2.648896055733432 
0.9833672682765816 0.618702388183401 0.01312809757852926 2.636695298841343 
0.987410740131917 0.6128809130284512 0.009636486619188388 2.64629069691744 
0.9875891238924045 0.6126131842149379 0.009881595167244607 2.646699601254939 
0.983676960135541 0.619233747787821 0.01194234198439578 2.638037463624108 
0.9844621059683679 0.617448785031965 0.005033129352394102 2.639422338594275 
0.9959887237991382 0.5985139818140544 0.004243233539073711 2.665801774443894 
0.9973402784353308 0.596239395311935 0.009598915466714904 2.668964023718834 
0.9947706633581529 0.6003893427704732 0.01133873964380832 2.662963547843403 
0.9962054127604529 0.5981593340902308 0.004427513762793097 2.666302202086397 
0.9946756922467711 0.6007191616220714 0.01108868711180272 2.66284538363757 
0.9939463765856261 0.60232877513264 0.004626951941004718 2.661346368345979 
0.9938850041650156 0.6023360056115169 0.004237806069490072 2.661139414586539 
0.9944960952576177 0.6008657328927908 0.01158385321879952 2.662339128027698 
0.9912404225951859 0.6061386115416237 0.01129543368569332 2.654784638980703 
0.9478337316205375 0.6698193575508286 -0.002014104259091401 2.555794780935313 
0.9431467762822644 0.6744979761872248 -0.02255605949052672 2.544628234898365 
0.9576897069652637 0.6556829913851474 -0.02377698980303599 2.57787129079528 
0.9484308027217928 0.6690131618931755 -0.002439981535688842 2.557237285832326 
0.9575851648732238 0.6570491922346757 -0.02290256483552834 2.578532070962174 
0.9607173350091315 0.6520964024391567 -0.006569920033129513 2.58487018405458 
0.9598534440146012 0.6539102356747777 -0.007452145119138386 2.583300300051059 
0.9575431903569237 0.6556143917799867 -0.02186667270948253 2.57734649508162 
0.9670885466560019 0.6436687284430576 -0.02112192733375322 2.599972536253645 
0.9317920775499298 0.685861127982421 -0.03859719329194405 2.517409985283458 
0.9196472065548346 0.6996343496116449 -0.06372456193652364 2.491753884760842 
0.9373940086834353 0.6774867769584967 -0.07168586406874622 2.53119115703944 
0.9319525093101571 0.6867746226441093 -0.03952201687027462 2.518717919945346 
0.9368343059648644 0.6760822805760978 -0.06989208022963309 2.528170900588911 
0.9455091709386046 0.671835269401132 -0.04754855404393316 2.55132376402939 
0.9450749172239513 0.6722747028631111 -0.04864133387233085 2.550247103739093 
0.9378904573529476 0.6758332161538115 -0.07114465172051684 2.531364900672885 
0.9519670571377579 0.6592832542720202 -0.07303316617299002 2.564602068771158 
0.9265091227067772 0.6940739074177921 -0.0175525097270025 2.506440252410396 
0.8986930727611137 0.7218187837657924 -0.003834033651244221 2.442199633349484 
0.9052307864341809 0.7138818947085782 -0.03528595719444157 2.456885123751685 
0.9249075396849942 0.694992803779122 -0.01783424168798986 2.502142322363342 
0.9071165679247062 0.7136582082500842 -0.03662443281770069 2.462404546747406 
0.9324549624593772 0.684596257470979 -0.04029700510507071 2.518648171977625 
0.933471677852485 0.6850234372617163 -0.0384309784285722 2.52211358313492 
0.9066379209937753 0.7136603218309856 -0.03725195653377946 2.460777053479742 
0.9186277168705602 0.6997463127183731 -0.06216219040575664 2.488659643185732 
0.9047290618517813 0.7132864710974125 -0.0375870140154481 2.454652689213475 
0.8980039797530549 0.7231765907642367 -0.002500560473714207 2.441176287874476 
0.8792358978589724 0.7351394005813074 -0.03780513347397264 2.395918274806827 
0.9066545774740296 0.7132304446385952 -0.03535973920767724 2.460349977302663 
0.8799995352417732 0.7346531011871755 -0.03900080706020615 2.397565860337003 
0.8966893448920735 0.7188302188727965 -0.07455215687861334 2.437417286745073 
0.8971057518426706 0.7173186063468376 -0.07575331569237834 2.437014380921106 
0.8785449899453177 0.737909705177499 -0.03811981325492698 2.395422500971798 
0.8654485420119309 0.7399699397217553 -0.08718937150162478 2.362766496292652 
0.934368451971896 0.6829712106269491 0.0547773820354068 2.524462266485738 
0.9295304495411557 0.6880627134858237 0.02723828849999303 2.512049302471278 
0.9451186567050255 0.6732116750467584 0.01755938335986338 2.549678989301476 
0.9349312328449827 0.6819391928178647 0.05392568831565851 2.525546221309724 
0.9447746733355399 0.6736646449032333 0.01789304613761393 2.548929213982118 
0.9490500351182762 0.6685281869658974 0.04002672888441554 2.559537004714957 
0.9476394793753893 0.6687058154713303 0.03942891682489793 2.555325304225489 
0.9443660433267687 0.6716637555810036 0.01926119639882221 2.546546292158901 
0.9553963395956245 0.6599244723733447 0.01313806543308353 2.57320636802684 
0.9776588940261948 0.6281856533442491 0.01985318344371327 2.62415701817198 
0.9841360860539949 0.617376752148823 0.02537799582376569 2.638556279877968 
0.9787883642831903 0.6256538503155918 0.03245901408236779 2.626584461047061 
0.9775977362098943 0.6276717961088839 0.01905493425805734 2.623608678955478 
0.9783698630298994 0.6267812833539672 0.03371996631495099 2.625904265497952 
0.9698415784286112 0.6385770999804015 0.02337207171041229 2.605555875048915 
0.9696254400888653 0.6408948643314721 0.02301265707763713 2.606351548745309 
0.9792540697891863 0.6251898434346219 0.03373823432937931 2.627640736927247 
0.9700897017572236 0.6381611190558532 0.04312795221246259 2.606830086531271 
0.9765807538325582 0.6176373625177348 0.1239409883653668 2.621063031983577 
0.9719810070336998 0.6150408146000829 0.1642012082915872 2.610636404776777 
0.9528174022530705 0.6526853361755091 0.1258240292160233 2.567962510862984 
0.9752085778676365 0.6212855669930393 0.1244787042180874 2.619030389034412 
0.9535161249210977 0.6512997710573212 0.1237489547603072 2.56925669809165 
0.9623310783865547 0.6425786513309135 0.0906838642984379 2.587785466852068 
0.9643944653963686 0.6407839097827911 0.09253874586363088 2.593120984771024 
0.9526325786795988 0.6523917325798363 0.1225115432897411 2.566993882911381 
0.9460856508194091 0.6675149037936756 0.0818315776827629 2.552149568112765 
0.9607215268660152 0.6520189598092377 0.03194755435059559 2.585343928282584 
0.9552041665243363 0.658135684754338 0.01442328388668061 2.57147084904687 
0.9664219641776493 0.645333585154137 0.009471757245272897 2.598691833640997 
0.9612404026143363 0.650830811029163 0.03097841716124423 2.586250499238416 
0.966189942261321 0.6457773973788619 0.009814647910709247 2.598243856867291 
0.9706355499711802 0.6391242399246417 0.02237909133819252 2.608391225634464 
0.9696611067272558 0.6400971181693899 0.0221708589909483 2.605932128490197 
0.9661258230400713 0.644071704541484 0.01065587461516725 2.596961185466463 
0.9732741197375995 0.6347070194530683 0.007623818064598642 2.613932858047477 
0.9796726618911473 0.623518238669087 0.05259818710601481 2.628919178618162 
0.969832805218235 0.637501985095639 0.04485168447468424 2.605617414174847 
0.9785791388901429 0.626247337506003 0.03228442672245858 2.626173618395073 
0.9801986592934733 0.6226126521957904 0.05128740255812459 2.63005891257554 
0.9785943779126214 0.6266351445440715 0.03332882359862349 2.626538530123256 
0.9858475358771138 0.6146645690404632 0.03713321817356505 2.6428070144774 
0.984936569444185 0.6162105997699269 0.03736775135988609 2.640883764299168 
0.9786392934445631 0.6253304044284346 0.03334847009858764 2.625913034488187 
0.9836549236745306 0.6179886107964948 0.02469091721004797 2.637389432737374 
0.9485268441456658 0.6676311816457693 0.03884578057125745 2.557429054414111 
0.9550823963170629 0.6603564190497599 0.01345087755790968 2.572515896957679 
0.9619387496695113 0.6504413027058658 0.0323023991638948 2.588071561533408 
0.9475607020027608 0.6672499621248884 0.04109217399366737 2.554150107911296 
0.9610354656381446 0.651240688434701 0.03136604790338857 2.585777434291541 
0.9601902409988948 0.6517280853188785 0.05933587851793468 2.584631932880055 
0.9607473926950615 0.6501467957630586 0.05763347512832243 2.585416180940623 
0.9610149007104352 0.6519958899924839 0.03249950841654807 2.586274308349834 
0.9705789519354374 0.6374300557488298 0.04439801466921032 2.607788464664938 
0.8942350715949245 0.7190321081870266 0.08598746692817764 2.430429318725972 
0.8720010540899743 0.7359504914358983 0.09793514799592372 2.379673871140766 
0.8767428519640909 0.7369963946269222 0.03975876052515714 2.389848306606619 
0.8929591585857919 0.7233086647020546 0.08590383180545319 2.430062589237949 
0.8769258745939671 0.7355355510328973 0.04078619520445375 2.389549921482229 
0.8970396624205347 0.7202943087450617 0.03641598029742695 2.437071755560967 
0.8990430466499743 0.7197106440101285 0.03676249398932831 2.442508438216762 
0.8802434671609949 0.7354138899406827 0.03791361086906537 2.399094043271602 
0.8967658598156246 0.7220351223791165 -0.003738745533624866 2.436766189881951 
0.9303876500718201 0.6847685896590945 0.08085698954482609 2.514634328437345 
0.9104750634184557 0.7078853160236281 0.0731815081339123 2.470613858945997 
0.9187097600878291 0.6989091727439687 0.04579146070335779 2.486923129362552 
0.9299528144858756 0.687366910813732 0.08096783635285466 2.515652859656683 
0.9189891047159192 0.6997151606044355 0.0471859431862174 2.488651876075054 
0.935543219442541 0.6812901787891992 0.05718193751934263 2.526961730173273 
0.935357635813441 0.6828291022138356 0.05619789162900676 2.527323944279297 
0.920321141192035 0.7005246906634951 0.04521244569904519 2.493279367620489 
0.9292242118299385 0.6880336894622611 0.02601987928866242 2.510905012071309 
0.9367764348382855 0.6739051448556697 0.1121906249534342 2.530190931977285 
0.923263563182974 0.679651355548119 0.1552959305634971 2.498583110736957 
0.9114165744070429 0.6990435980990864 0.1167921476620013 2.471119762574418 
0.9360546168752358 0.6745473877036625 0.1119211971119942 2.528359748244845 
0.9129923038585577 0.7000637822377616 0.1142262529868005 2.476272377237698 
0.9298386561067187 0.6838839133503847 0.07891378598469648 2.512568306414567 
0.9315961573668984 0.6832016696776756 0.08042328593216536 2.517447685039299 
0.9116696235158572 0.7006143344997584 0.1141095066064185 2.472555306803801 
0.9093789484285807 0.7075182944262859 0.07529892539364096 2.467121170897948 
0.99227247787675 0.6047912517268922 0.01776859165460735 2.657433723294857 
0.9954754682334392 0.5987582673109488 0.02690857934166494 2.664590138774276 
0.9900828773560499 0.6072135095356196 0.02878154195686004 2.651980672806468 
0.9928201598157026 0.6041195975703118 0.01814183311607306 2.658825743158755 
0.9900028830695 0.6079703518081244 0.02793559727886795 2.65215576254808 
0.9886327031704489 0.6112801396344847 0.01724857137530902 2.649409674356833 
0.9886391508625985 0.6111321120510206 0.0166023141668564 2.6493147161334 
0.9896056553721118 0.6084496109535185 0.02890534526777645 2.651148129090156 
0.9837926035881284 0.6173371506853307 0.02550938309784625 2.6374809919475 
0.9916301058289111 0.6001611860120055 0.08685828373145602 2.656037487491626 
0.978851178928149 0.6194856684556987 0.09395778159047757 2.626794242853168 
0.9858486474886992 0.6116073469025259 0.06717893809093956 2.642501665807254 
0.9919951753627525 0.5996542770720211 0.08585818649796112 2.656972236238096 
0.9862654012171034 0.611825468096199 0.06924924086957432 2.644203699271384 
0.9950004003543218 0.5966481436607135 0.06242600159080695 2.663222458430234 
0.9942344152592585 0.5996675363566983 0.06306167869420312 2.662609120408329 
0.9862690505640851 0.6118569144758387 0.06877618574746801 2.644225328683907 
0.9898693818947962 0.6058005031629701 0.05084075470848998 2.651288869704259 
0.999892850842685 0.5917600204988901 0.0001698698080152316 2.674733729128734 
0.9998699647902927 0.5918382753049735 -3.577923338220772e-05 2.674703919687851 
1.000012477514833 0.5915861421055991 2.544581742665506e-05 2.675028555937668 
0.99989488397571 0.5918119955715048 0.0002448582510672543 2.674771219925564 
1.000025932190445 0.5915614156543237 3.122854449168652e-05 2.675058644691922 
1.000159804491312 0.5912973000094863 0.0002436299355989181 2.67534764012831 
1.000162451253936 0.5913492951666176 0.0001691332082666801 2.675387211835489 
1.000040617873736 0.5915361384700377 2.717027093445787e-05 2.675092545201176 
1.000186495337354 0.5912764168015919 -3.684446723735513e-05 2.675424045590081 
1.000403080096788 0.5908172841161451 0.0008120203894023678 2.675873314230284 
1.000080194217253 0.5916373645542549 0.0008338139775879333 2.675284348443427 
1.000163810378485 0.5912429303963406 0.0001284742116679693 2.675328601432294 
1.000425342027368 0.5907711170991249 0.0007493683116372842 2.675920151324037 
1.000137577945554 0.5914336684052476 0.0001311499178852452 2.675354162896598 
1.000310824382893 0.5910754416164715 -0.0001224881232201805 2.675718646015602 
0.9998226556663469 0.5920285189086346 4.858876596619645e-05 2.674659265782115 
0.9998896390083153 0.591795083495551 -2.840158053481219e-05 2.67474374539894 
0.9998819911999541 0.5917363744850503 0.0001949205745976724 2.674683627556307 
0.9997570724457817 0.5920100141527629 -0.000100820656580494 2.674430212087222 
0.9999090211235894 0.591706031706796 0.0001528908699859134 2.674755394234875 
0.9996667070071402 0.5922368373437601 0.0006771637619595282 2.674264471574177 
0.9996833955772996 0.5922268152835513 0.0007445993718035514 2.674313962689327 
0.9998872848549155 0.5918560936953077 0.0001541799333118659 2.674771875748238 
0.9999943722315763 0.5914499012321459 0.0008226598500150568 2.674888093925482 
1.00336635202281 0.5847157624402992 0.003538262181183895 2.682166714897971 
1.002672624875729 0.5876496999368405 0.005832521511671253 2.681582127444672 
1.001713980437472 0.5882057021758438 0.001223249673892589 2.678689836538239 
1.003398301088183 0.58528805956639 0.003276780521954672 2.682606544150403 
1.001753320680482 0.588472852648358 0.001270171701338725 2.678984276525767 
1.001908883686908 0.58830379708297 -0.0005894314149654932 2.679400971207405 
1.012441598602616 0.569199386977184 0.01842606672831367 2.703786843881607 
1.017090945458305 0.5593310935836904 0.008098267763466657 2.71376615724674 
1.015805562381119 0.5613291994137569 0.03373195560936861 2.711125924689156 
1.005400359505374 0.576000042127166 0.09605476978297652 2.688443958908634 
1.001329914160249 0.5831314663680788 0.07303605436848924 2.677098717036171 
1.012415549422645 0.5648126845972891 0.0792088011911441 2.704021651272901 
1.005216651959833 0.5745297396097697 0.09738690576170531 2.687090099317818 
1.012395351907871 0.562138859712402 0.07857676106166694 2.702508416611891 
1.020131828238717 0.5433954951968502 0.1022514389809755 2.720431043711199 
0.9926734293981505 0.6046467164365419 0.0001453002358876551 2.658536888243668 
0.9958127526898019 0.5988575799832631 -0.0001345607667476662 2.665408383949554 
0.9938494732607747 0.6020187504502013 0.004492578375551783 2.660845535660028 
0.9924650795409756 0.6046828188370571 -7.461521681494129e-05 2.657868689494784 
0.993865182207153 0.6021189275769364 0.004748516065794779 2.660946443753748 
0.9898684639040678 0.6086776319006197 0.004921345422424742 2.651759655755902 
0.9898239730444878 0.6093651532120439 0.004919156353459757 2.652030495044059 
0.9940471490379099 0.6018769880431021 0.00465690939049352 2.661380397104391 
0.9912567625667523 0.6064935430218632 0.01084075198553357 2.655054942378408 
0.9990946396042359 0.5932574954204021 0.001509129911358708 2.672966343421813 
0.9997273554441066 0.5917536028599829 0.004613755422732788 2.674188174450129 
0.9978867926109446 0.5954821390155145 0.003975850179998392 2.670287710796263 
0.9992235040574706 0.5928062983343205 0.001548012955614367 2.67312579372312 
0.9978178322425363 0.5958142822883689 0.003638201762457841 2.670257516350297 
0.9981223945322417 0.5947264037021588 -0.0002301144694325469 2.670611196681804 
0.9982410665978388 0.5945171151908003 -0.0001662300716933117 2.670874168848618 
0.9974812485323625 0.5957271719522647 0.004019016700330757 2.669088768407983 
0.9960679275471755 0.5989896847008565 0.000408826360243484 2.666347861056522 
1.006837852647932 0.579673313436597 -0.0004912578039614859 2.690810463648277 
1.00854690133113 0.5752948356621362 0.01197076887683412 2.69411062333174 
1.005518077189917 0.5815525573751547 0.005715911833307411 2.687510836765751 
1.005807944174715 0.5804273226541361 0.005845748602302855 2.68781806013178 
1.008173109353822 0.5759267429664265 0.01282542433973759 2.693227812636397 
1.004679598558961 0.584241940525749 0.01726323202865912 2.686403594202832 
1.025505031108179 0.5383232924757235 0.0445636576172757 2.731868592252124 
1.014515867762205 0.5636675796983508 0.0533446914037362 2.708867136405096 
1.014567878020068 0.5647440923487936 0.03380675871081035 2.70873380868383 
1.015055049380249 0.5619827642203717 0.03355488836105888 2.708895559244304 
1.014494195803278 0.5630317848784586 0.05182204412899495 2.708397798313356 
1.00739995415146 0.5763574090320959 0.03750184189885258 2.691489259898316 
0.9999782463016086 0.5916492605140051 -7.319838741851486e-05 2.67494968556991 
1.000023291809693 0.5917444706813053 1.591067730634023e-07 2.675155712319877 
0.9998258062393578 0.5920835271451501 -1.496304528342332e-06 2.674699768223372 
0.99997867959695 0.591629321363971 -6.401458125046223e-05 2.674939302124736 
0.9998256666979561 0.5921063028550735 -1.309984333571444e-05 2.674712823431621 
0.9997838001290675 0.5919905555146111 -0.0001050479728943418 2.674505150851679 
0.9998035401888908 0.5919990969775413 -7.707103911874601e-05 2.674575831793175 
0.9998712270359943 0.5920780559819482 6.006489677319242e-06 2.674847617607066 
0.9995166710077587 0.5925344292751896 -8.571442432977166e-06 2.67393931002871 
1.000052929195718 0.5916198305594605 -0.0002639554110081721 2.675109345082591 
0.9999448121189798 0.591218073586825 -8.962444200257097e-05 2.674779145816709 
1.000022911631104 0.5916740657644454 -0.0002717786457195736 2.675036826305297 
0.9999941171069666 0.5915579708790203 -0.0002949784976077781 2.674953108183804 
1.000002698365694 0.5915398760609999 -0.000277709065138657 2.674970179574923 
0.9999709884136607 0.5916210411768204 -0.0001148712952762793 2.674907794905189 
0.9999675765767363 0.5916238284924418 -0.0001102150913548405 2.674898241124886 
1.000004830252597 0.591524629045085 -0.0002838110123318179 2.674967941631999 
0.9999978133074586 0.5916218172564952 -7.321389876030651e-05 2.674997368302364 
0.9991327980061359 0.5931103223619039 -0.001723625339824822 2.673004883736105 
1.000001483480275 0.5914475667164588 -0.00160100582764752 2.674911420397467 
0.9996108828801687 0.5924758894763305 -0.0007954327089159309 2.674216876533127 
0.9990099306240325 0.5933027019179316 -0.001682233293652217 2.672712560419256 
0.9995960049829045 0.5922750689927547 -0.0009063894838215808 2.674049436670287 
0.998888211317711 0.5935513647698136 -0.00012802239636349 2.672454417418288 
0.9989462129446901 0.5934393114404629 -0.0001259306328993526 2.672580363280518 
0.9995593467489677 0.5923069303591258 -0.0008900661201240294 2.673946661760673 
0.9995464373148576 0.5925957695350279 0.0001009363586102796 2.674074681532842 
1.000111683274969 0.59067156963579 5.252518221637714e-05 2.675135413788589 
1.000130507777115 0.5914404697484945 -0.0003917213842808211 2.675242327193051 
1.000493717341572 0.5909591778613121 -0.0008473602694354157 2.676149240237061 
1.000433529279254 0.5908837931288228 -0.0009194209204015242 2.676023053419692 
1.000172686908334 0.5912539940771242 -0.0002467660276849774 2.675356958432952 
1.000009069565528 0.5915316657684579 -0.001373725960936105 2.674998904946279 
1.001313110394506 0.5883926352737876 0.0001650369207269987 2.677864927159885 
1.000982527700672 0.5900492715425795 -0.001877793133787821 2.677216116264159 
1.002213794161855 0.5882210875007976 -0.003527218911423811 2.680219930451408 
1.002044261692211 0.5878567367761811 -0.003712136496851107 2.679631877970968 
1.001092848703959 0.5893102967873296 -0.001450782561699302 2.677290029216234 
1.00057153686179 0.5905266796850471 -0.005480591126602448 2.676292541661235 
0.9937808811352812 0.6021858697798567 -0.006055311553501043 2.66071809395608 
0.996218045668667 0.597994912975917 -0.01132104298923806 2.666309400883662 
0.9969516463848188 0.5969942161850466 -0.003741001938136645 2.668086074620264 
0.9939719022360756 0.6018675292231884 -0.006009671906092813 2.661147437029167 
0.9970553630249103 0.5971687154421511 -0.004240188576280036 2.668533162062657 
0.9958164464413357 0.5988444286235889 2.511472474420035e-05 2.665427121378782 
0.9958963355762599 0.5988036765742933 2.423144079103225e-06 2.665665088164929 
0.9966787514788195 0.5971211202131976 -0.003854633897229071 2.667254374347013 
0.9980396552935751 0.5954197640686026 0.0003650325914652924 2.670748598793975 
0.9897869806871115 0.608743381798648 -0.0003010882329353334 2.651520935251535 
0.9877332828989376 0.6126206728129189 0.0001751250214568558 2.647148001975046 
0.9884229698993312 0.611508214075588 -0.003653525738588982 2.648737261199441 
0.9900637298472574 0.6087914969401249 0.0001425624997353284 2.652462166727302 
0.9883112161645198 0.6114937202222175 -0.003845498997257761 2.648353154692592 
0.9912159334419515 0.606668623036118 -0.004809564079846129 2.654969456344154 
0.9912095189314143 0.6061948339825789 -0.004917803923813089 2.654649178070794 
0.9881184641274785 0.6116674646818729 -0.00370303939912735 2.647815132775192 
0.9890908247665671 0.6104583428405798 -0.00987908769249606 2.650342162320056 
1.007536087675084 0.5791583841064623 -0.008080836975103327 2.69264296264398 
1.005484916215005 0.5798598316217736 -0.0002757291389635351 2.687117238571186 
1.003915409638785 0.5851577651861323 -0.003718375582874606 2.684041472786358 
1.016658084943111 0.5584881745814169 -0.00886873199573595 2.712703502710799 
1.011640033429571 0.5715487071292763 -0.01777946300557171 2.702172259486892 
1.014178687038656 0.5650391093149876 -0.03027710639962229 2.707286049688071 
1.0130132320044 0.5668260812026735 -0.02997475236108949 2.70465663834497 
1.011583303972623 0.5695959799068955 -0.01746258816287607 2.701097415111536 
1.006798909268395 0.5786464827208173 -0.03193915039279843 2.690613880851447 
1.013610776317924 0.5668072175862174 -0.04303844146778579 2.706794757408896 
1.024453129805877 0.5390213542009143 -0.03956912138999086 2.729212016861919 
1.01308436083636 0.5691540554707368 -0.02969742470915658 2.705875380938271 
0.9876473406428963 0.6127515808299017 0.00320787325295152 2.646941765531438 
0.9848808194201479 0.6172423925188883 0.004084663091301058 2.640680080963806 
0.986180506397934 0.6146912478279843 -0.0005551116988951923 2.643324399299318 
0.9874566171904908 0.6130684418344561 0.003079053850228711 2.646525216851878 
0.9861345146306778 0.614267638679642 7.05113479653652e-05 2.642920345332562 
0.9873078044840341 0.6134497786911721 0.0001461746580303942 2.646267460933851 
0.9871319390515569 0.6136373264734414 0.0001167915295998545 2.645805045322317 
0.986747661142101 0.6143591712678463 -0.000588907859945956 2.644993231217208 
0.9873963160992877 0.6124751298072348 -0.0005457274449851057 2.645953540012909 
0.9735321418255189 0.6212910066566886 -0.127615243671959 2.613820030879011 
0.994457434171739 0.5795107237703341 -0.1488844107402255 2.661136988225822 
0.993818446636542 0.590531261500103 -0.1158785736485814 2.660611621635054 
0.8782843486336778 0.7354391354247516 -0.03757077466245726 2.393280137903018 
0.8991599875892177 0.7214143100159258 -0.001406869347532507 2.443465518178821 
0.8764016476421297 0.7383637940282269 0.002199668834074779 2.389245049409636 
0.8779867513499792 0.7353939509355767 -0.03955705072195546 2.392181084744774 
0.8757035679434536 0.7407837974970214 0.002802054352577669 2.388586504267293 
0.8500090752052009 0.754284522223749 -0.04092530887505728 2.326944181051312 
1.00400607684284 0.5795066115983813 -0.09073322079726157 2.684845723202052 
1.021907700641338 0.5378182987179408 -0.09146507708999529 2.723196114041661 
1.011583925677022 0.5689034930045549 -0.07045955864360852 2.702792178384345 
0.9439309550100359 0.6505758200548771 -0.1625009638754922 2.54441136806522 
0.9529888331405179 0.6542021213392794 -0.1135828326061481 2.568027796809006 
0.9369041589766118 0.6778272438401226 -0.1026982255904461 2.53201114554521 
0.9399637123488888 0.6713941542707956 -0.1026716409056275 2.537720579564572 
0.9531105712267943 0.654340403223133 -0.1144017236954344 2.568877255537043 
0.9520516411746165 0.6599792101493599 -0.06997279635703046 2.564876615961906 
0.8966887822986265 0.7105305977025291 0.1342294190351034 2.437424541623054 
0.8918593906521413 0.7206689828036352 0.08548936210135889 2.425014217870092 
0.9127120744768908 0.6967828465532002 0.115438058347002 2.472828765348206 
0.9117219940090445 0.7020847708083071 0.1157822568421435 2.473710319931779 
0.8921638921623731 0.7209483533166623 0.08607313668023872 2.426247583103598 
0.9080284280598506 0.7069617244814762 0.07320760843542676 2.462362118342889 
0.8966750358049485 0.7204185539395711 -0.074316417738445 2.437746936889411 
0.8906459488765819 0.7146736021441963 -0.1261398481024815 2.421684765629816 
0.9136794656929697 0.698299174596362 -0.1044268943645644 2.475684191382568 
0.8532905975350201 0.7524017698134718 0.05527604576556246 2.33533938107306 
0.8745771546845564 0.7398425126434315 5.192892120547344e-05 2.384749703213756 
0.8808541437571038 0.7342901146530552 0.04029824824514101 2.399690688226919 
0.879542125010099 0.7372269506071782 0.03897690568771917 2.398279732976139 
0.8741173377918821 0.7389528905866747 0.002148425598507834 2.383180561539337 
0.8971765165004043 0.7212227988252415 -0.004220919677909434 2.437395871655584 
0.9758114018988331 0.6200185982262093 0.1225429633078606 2.62041730018913 
0.9777836405396557 0.619988572979069 0.09274538939396705 2.62343503849593 
0.9908192557693064 0.5976845162695122 0.1169703157492855 2.654799079584969 
0.9753265418192359 0.6207958244218693 0.1246369603984205 2.619341109502144 
0.9916081971894505 0.5943880378799989 0.1163050288202335 2.655383407861656 
0.9943098545562924 0.5821523067491176 0.150469147623747 2.661644488412351 
0.9492700373978363 0.6463215422682451 0.1650940023702229 2.55832687323815 
0.9344043721718783 0.6771293282047607 0.1127149742812747 2.525248949691846 
0.9538987142129391 0.6500697012283504 0.1246712597391454 2.569436045490001 
0.9521535095503494 0.6537537364286299 0.1240042448596362 2.56638674775382 
0.9356331164577446 0.6740174687788522 0.1106902331705008 2.527026081209668 
0.9454910175710037 0.6667457929012638 0.07985588769751101 2.549551308269183 
1.000786021708381 0.5899003546837258 0.0001433585616941498 2.676605936875623 
1.000504480280791 0.5908798400721553 0.00090344698315783 2.676247620413049 
1.000285454525009 0.5911934121795618 -6.601172223009351e-05 2.675703406496139 
1.003543826555844 0.584709361824546 0.0002757585483023905 2.682748651153104 
1.003446507772782 0.5850637790602427 0.003263831009397276 2.682639531233709 
1.001918072581995 0.5889718772263025 -0.0003976578786930926 2.679815300841692 
1.011417544433556 0.5589103218911762 0.1265399974448778 2.702305507317349 
1.004167250518962 0.5741851115979304 0.09609752563939149 2.683284800073318 
1.020671054737147 0.5428653780801569 0.1022370241322127 2.721766997512887 
1.004011126223671 0.5848920337961094 -0.0004134352978610755 2.68439830177952 
1.0061377392466 0.579844450919792 0.0008862777783783391 2.688587941110867 
1.005700595530548 0.5814105234872354 0.006028265657193832 2.688054632716993 
1.022738872261218 0.546045191856279 0.02218574384830523 2.725811837939827 
1.026091595965591 0.539700603084759 0.04193766175932363 2.734460106308354 
1.014696169628627 0.5641883913321667 0.0344009475509123 2.70896118134752 
1.000531890960066 0.5898872986831076 -1.168704476780306e-05 2.676082500671368 
1.00002452159003 0.590642222391871 0.0001594315631424754 2.6748401920896 
1.000573463570091 0.5908986718893943 -0.0008780454475015963 2.676371813744635 
1.002860324152207 0.5855072750382072 -0.0001858404489152121 2.681344163899302 
1.000973610645214 0.5882552965019634 0.0006442760477737997 2.676669302508312 
1.002451580567162 0.5881229816200045 -0.003681160771092649 2.680946373555481 
1.021662546913191 0.5476756384437774 -0.02277940115904703 2.723906120212328 
1.016453685845855 0.5571112409879455 -0.006910993060826987 2.711224764371213 
1.013560346058006 0.5664822875635421 -0.03137626102377317 2.706048652328314 
0.8642335708161111 0.7405909944038569 -0.08738756620159323 2.359898242987085 
0.8807120055052525 0.7361410613461821 -0.03767923462157124 2.400709098404921 
0.8505374471616033 0.7537937881248197 -0.04143631228236684 2.327665189526491 
0.9208276561962034 0.6811460852056465 -0.1503886544934381 2.4912965055331 
0.9439244713014081 0.6519039690072039 -0.165206188922573 2.545509821537156 
0.9384657397370765 0.676030830345164 -0.1012936102652363 2.535780627775174 
0.9246392479250054 0.6808828438607063 0.1567821808383747 2.503403020357501 
0.8977918074749547 0.7098769566667492 0.1353233710963327 2.440486461154709 
0.9094879643897269 0.6978650482625846 0.1145688474937631 2.464090084275723 
0.8718035226280376 0.7375550441940246 0.09755294618112849 2.379929426901705 
0.8538670672286991 0.7517536565813291 0.05744676667576201 2.336735805001286 
0.8763302973513727 0.7353831173924105 0.03939479274503723 2.387367584373715 
0.9746742103662372 0.6141472482570139 0.1624827484260219 2.618796581624427 
0.9738194062142936 0.6196000845226163 0.1226088446186434 2.613529545422237 
0.9950414536805662 0.5822830941765446 0.1510856735392024 2.663760585732052 
0.9727439652267263 0.6154048098455978 0.164859545990361 2.612975881090009 
0.9521043673495397 0.6454157865733489 0.1638087516516926 2.566816444777645 
0.9507985485895967 0.6514659829108916 0.123899177002076 2.560611700815854 
1.000238996604374 0.5910450114504381 4.732377613626655e-05 2.67546187445466 
1.000173366135995 0.5913829612786395 0.0002032269503548856 2.675443410265714 
1.000163957264178 0.5913251773216655 -2.544239939826368e-05 2.675377895348985 
1.001704917856087 0.5883121753818987 8.189606117701439e-05 2.678729449097822 
1.001684869633793 0.5885212659256049 0.001271754537130663 2.678787839270635 
1.000953650130722 0.5900544896215142 -0.0001234983786436495 2.67725222763106 
1.013626158070697 0.5685004626789335 0.01904361769741225 2.7074287761229 
1.011422042380575 0.5701030817296292 0.00211657437087467 2.700658642248325 
1.015763500957037 0.5599228158933238 0.009111622915985313 2.709676782551918 
1.016405893000776 0.5629308272557082 0.03463438038622654 2.714080248709992 
1.016882969957922 0.5590243210643723 0.007805213477339837 2.712809496903895 
1.021632378298008 0.547399805533174 0.02272462441383151 2.722869888822733 
1.021261868599397 0.5439789329722962 0.1000297278019659 2.724399532118196 
1.011660278793469 0.5625059210297635 0.07874332356800277 2.700338872679001 
1.02594945518076 0.5362118820720655 0.07570623215876254 2.733948699133039 
1.006700653021257 0.5801702915843903 -0.0004883692427210145 2.69060381969089 
1.010512067026884 0.5707534661720918 0.003551230014493993 2.698044746083442 
1.009005293388363 0.5758955475534508 0.01255455848642871 2.696000414912993 
1.026384987232855 0.5370507249205846 0.04389161732113928 2.734036559249757 
1.026104667895658 0.5378139104744126 0.07279296992861882 2.735236025845958 
1.013582303225165 0.5637934644882058 0.05253537380036175 2.70570302702734 
1.000080807181214 0.590674396416622 2.720562224929265e-05 2.675034375578393 
0.9998894257662898 0.5910037185127633 3.013275730585013e-05 2.674592457623184 
1.000212253716736 0.5914248657025859 -0.0003414949812369471 2.675504940248176 
1.001148798790731 0.5884409751238819 9.60002182354463e-05 2.677346078386689 
1.000405250740598 0.5896841385096924 0.0002098834065588853 2.675603352898538 
1.001239553127366 0.5900550248908736 -0.001647399285887593 2.678074724782936 
1.007720594495663 0.579150512288423 -0.008280103651617673 2.693250330287444 
1.010714561764032 0.5702692326978518 -0.00265527444302392 2.699163741923665 
1.004717431702103 0.5793344771656285 0.001102674434782478 2.684272552708759 
1.004358347547775 0.585035156513612 -0.00338548832617831 2.685448745244379 
1.005065280250463 0.5802320014682649 -0.0002396078126109621 2.685925840625649 
1.002386245890762 0.5846407018488018 0.0002527093960392676 2.679548295918529 
1.015675410059899 0.5595293097055293 -0.008440818553162199 2.709944200038281 
1.010922503130005 0.5677419956479023 -0.001334874764133959 2.698507104260043 
1.011753011095597 0.5714701330450654 -0.01779309230523956 2.702510197662499 
1.012133726518089 0.5677884761834205 -0.04326049454422704 2.702369839992385 
1.025902175682623 0.5346457427854621 -0.06186726968846967 2.732806357640182 
1.026014157347996 0.5381808013007758 -0.04106681778731291 2.734129265219163 
1.012186416966809 0.5680056715379841 -0.03060734077725599 2.702263632294113 
1.024967865491438 0.5392449186367427 -0.0391318146297272 2.731023612342149 
1.022484735629383 0.5462327631118526 -0.02384393001785548 2.725955208135253 
0.9731622310633717 0.6205711768498511 -0.1261261416888401 2.612389694320695 
0.9689634212066771 0.6178998138458549 -0.1648934090718422 2.603082161455145 
0.9961266141351666 0.5805036176076229 -0.1531532733252291 2.66756894605913 
0.9924068929647716 0.590464486373082 -0.1171829538256192 2.655873421211832 
0.9961866773451078 0.5780111463173907 -0.1490830232560988 2.665833156860402 
1.014064745348323 0.5529404883663618 -0.1246170745030487 2.708173972108063 
0.8482344870022277 0.7545214911104522 -0.03988834105545726 2.321839489009185 
0.8781462210382808 0.7395075673499723 0.002268484115741718 2.394973738612992 
0.8455195549398253 0.7581204440219064 0.009543951418524769 2.316081661551893 
1.002666751668251 0.5803657023337244 -0.09049144762917717 2.680940359456551 
1.012998559815279 0.5510657888309041 -0.1210417253090519 2.703137999391653 
1.023753845400986 0.5374054938708259 -0.09395701752070915 2.729316204902913 
1.01008495191682 0.5678812752937241 -0.07217001443859544 2.697234439601635 
1.022691611952578 0.537695579760097 -0.09103688773496157 2.725710563614302 
1.026796897911865 0.5344114738866433 -0.06474289330888487 2.735994285869575 
0.946304838723159 0.6487955603640549 -0.1629307733266271 2.550601858681709 
0.9668926485797998 0.6211237868922996 -0.1675148242808009 2.59899354277553 
0.9527369315667811 0.6549806340996074 -0.1134032267674784 2.567540301410645 
0.896778054451859 0.7118501186987729 0.1343352812067336 2.438203682859501 
0.8722168234422989 0.7351169958271226 0.1004049373602351 2.379968173169151 
0.8914402031603261 0.7197143468612321 0.08490500691308267 2.422979458222318 
0.8992164973373196 0.7184487424645725 -0.07400347859932378 2.444162495751719 
0.86738565023897 0.7388835373608716 -0.08749453299660384 2.367057771447865 
0.8896554149071209 0.7157004114924389 -0.1268480098823652 2.419565797723967 
0.9149742405689625 0.6991642133647351 -0.1032474870619154 2.480122708685079 
0.892753446465271 0.7132949283571088 -0.1266202823743652 2.426561473192832 
0.9180034350911146 0.6846761797965665 -0.1538839771026389 2.486267797564647 
0.853189708388275 0.7538474537560556 0.05502911673925098 2.335859504009497 
0.8448296285829991 0.7584696863620561 0.009808689463370514 2.314715970772169 
0.8747100249333928 0.7388036440186417 0.0001825387828415853 2.384414791587973 
0.9964070324893767 0.5818527423287752 0.1483636150834777 2.668298928443964 
0.9900696729054249 0.5954279875578803 0.1157903858496894 2.651040418672049 
1.010498841605032 0.5581470350378418 0.1294694040215433 2.698712111686234 
0.9502508195911836 0.6471163431465987 0.1658957136430905 2.561562001256602 
0.9259676362213534 0.6784699618789811 0.1545303836447937 2.506180241407719 
0.9328627234841401 0.6754986847938749 0.1111703740049482 2.519212943407493 
