1.034501401608174 0.5462571455555093 0.009912723402547893 2.765844331667615 
1.038584373027026 0.541784788697253 0.004437035291603312 2.777391868329748 
1.03860266794532 0.5425832163535207 0.01190746837700316 2.777949697614617 
1.034277276770965 0.5463790380044546 0.01070034016314937 2.765148807478596 
1.032565291943291 0.5494572238262847 0.01355748573078085 2.761000954655306 
1.028494189005515 0.5543065428135308 0.008894421857987257 2.749694136650865 
1.043684939314924 0.5359762802903919 -0.0003336696077322629 2.79182494661027 
1.038424568093093 0.5352062756895497 0.01119847329928315 2.773505394533869 
1.042278598587997 0.5363884648747551 0.007582643365038601 2.787277189649465 
1.027482033449713 0.5552517165325344 0.01730540401596949 2.746881775782705 
1.033246817506284 0.5465227366735497 0.01880963783898652 2.761817370156904 
1.029022708586535 0.5511870686953235 0.02350979559968766 2.750055329741992 
1.024663138552151 0.5363639456138676 0.0434074717320523 2.728069412942829 
1.027094387913476 0.5417231993763351 0.03244055644502019 2.738696690063843 
1.03266071300963 0.5253092345314656 0.02520195745483696 2.748927564724443 
0.9907444314672066 0.5937702045987749 0.0496573283210593 2.646857636872043 
0.9987490583824351 0.5808781027620439 0.05538014075849067 2.6660509279512 
0.991840987579613 0.5844302797398662 0.06289974049282977 2.64570135016921 
1.013875919569452 0.5390611482150852 0.07080304899831122 2.694524038738426 
1.02011854425798 0.5346369728759488 0.05356970711964613 2.712182592830564 
1.020448559747724 0.5208511594950138 0.07313655380900563 2.707377967004695 
1.007950643066982 0.5667548276678794 0.05629321243116892 2.688821667988786 
1.017202513590235 0.5505686160895031 0.05422175936067526 2.710757868760318 
1.010077536034483 0.5581730248966029 0.0628507845376636 2.691527941288212 
0.9834480054116006 0.5990604152779544 0.07323849627227436 2.627547997502894 
0.9881745893782736 0.5926693443547389 0.05748527157847617 2.63806563600702 
0.9870376900023194 0.5881640843315543 0.08145310089117321 2.633402353479951 
1.018634226299519 0.5617251689606562 0.03675968369169795 2.7210098786967 
1.020630143304239 0.5527141141171523 0.04228213698093887 2.723024246516637 
1.014260442972726 0.5624463105078709 0.04463200864761367 2.707000150235943 
1.003321863874387 0.5840059078331727 0.03514843215034194 2.682218595900451 
1.011814547382604 0.5723331077506181 0.03822712890241711 2.703984454226073 
1.005148969854835 0.5765995212128797 0.04384492863123895 2.684400959224944 
0.9898959343275404 0.5962012636851337 0.003235835157908582 2.644269630434528 
0.9933478026963969 0.5955158317642085 0.01077974737269351 2.655313187714855 
0.9883727127460478 0.5983766644818519 0.008622591648517584 2.640574992125734 
1.015664200813132 0.5723553640158007 0.01820464350859135 2.716427522463911 
1.022234517025898 0.5627415843186078 0.01849123678774097 2.733177981761787 
1.016921616468084 0.5691187713323003 0.02671060832822271 2.719031344743364 
0.9873819364245305 0.5997570906106737 0.02061770051035274 2.638349569352648 
0.9943181644896959 0.5954358250646589 0.01681680490894761 2.658542381368467 
0.9944925879326887 0.5940830695872823 0.02945347262425912 2.658622433555334 
1.027695910901668 0.5551531166705034 0.01682911135691548 2.74753667505449 
1.028788409718974 0.551313540554887 0.02400773346451909 2.749329968085132 
1.023947616264976 0.5578175806971089 0.0253062397270494 2.736472065105407 
1.018730661678782 0.5616810997145966 0.03736761798477618 2.721337474259682 
1.025020136890031 0.5510004630050325 0.03403497419013728 2.736633021904574 
1.020723943401859 0.5525821512062141 0.04132367920675362 2.723250983174403 
1.034830654137947 0.5460469426880915 0.009734314433718437 2.766858795675002 
1.031912090791155 0.5481601558394672 0.003443879591584391 2.75797540084746 
1.038100066597076 0.5423044235810833 0.00532417889626614 2.776024238990161 
1.02779703487539 0.5551341668699736 0.01740212699220606 2.747877552914617 
1.032214969190895 0.5488479314282241 0.01392845167220393 2.759461788425412 
1.033267391650273 0.5466093960416073 0.01926654471848062 2.761961265804525 
1.027442126921891 0.5498108733728867 -0.0003441239988896487 2.743678735751949 
1.027627108027099 0.5492554480073708 0.0008470184060977236 2.744012320576099 
1.029729294486738 0.5497978058621806 0.002996026700820248 2.751447909979448 
0.994187889909794 0.5711744771282817 0.08605599341136376 2.647438772299686 
1.005135643527343 0.5512238402324926 0.07979709081655777 2.672180748098542 
1.001689425701733 0.5496821302668256 0.1053138126377286 2.662235353017837 
1.014408883200326 0.5538927857397425 -0.006586060777309425 2.708365392235498 
1.012848851129706 0.5635294188786775 -0.009669393947868378 2.700627684279386 
1.019410880101591 0.5641454274997921 -0.007258339717302244 2.719246554218494 
1.014871730609324 0.553655277980468 -0.006574292494068193 2.70895881267671 
0.9942761501379933 0.5490696226864283 -0.001399642975847229 2.682548702932386 
1.014750036376796 0.5649000017903032 -0.00981466499908935 2.700864127877717 
1.015098509635451 0.5526505665275363 -0.006173023351054094 2.708290414334807 
1.02322624237498 0.5635413466412017 -0.00774809645126185 2.733305706235162 
1.017433060432603 0.5480316292734058 -0.006570744457755094 2.712822263420859 
1.017175059764184 0.5461797707074969 -0.004822502966769593 2.71454014709757 
0.9986200122600166 0.5362121171924825 -0.001413149071509827 2.696891190200902 
1.017754985407943 0.5503807076015297 -0.005590081861842654 2.715071660851692 
1.016592168750591 0.5572261371322118 -0.01120564920066113 2.710941180828065 
1.020257617640441 0.5453075331861676 -0.01037803261449883 2.716378312390829 
1.022587133868681 0.5731409200079294 -0.005006335049084054 2.740201768399233 
1.017733556849918 0.5476246202732542 -0.004604014790195896 2.715828754487273 
1.010880325050521 0.5388556734222955 -0.003843130618506274 2.705289857989546 
1.000610260949459 0.5290631238133023 -0.001507738098125 2.694706188167582 
1.001540439967251 0.5229645864608545 -0.003865695265383727 2.692813200207753 
1.002440249041979 0.5164722344226377 -0.01083708168643324 2.691667771179663 
1.00161921378861 0.5020837177315082 -0.00320299908754089 2.68336182471454 
1.000194921993797 0.5889765191931436 -0.004718280405047579 2.674129530017882 
0.9934121797287084 0.5932793573175227 -0.002187249583271056 2.654121135782306 
0.9946095288681652 0.5849220672528814 -0.007967276963414481 2.653202860922861 
1.013870790535513 0.5926967258551397 0.0004934054948030423 2.721935597909661 
1.007833227693863 0.5911238838123335 -0.001031012953686552 2.700775951716567 
1.015939441311911 0.5819756177104264 -0.003519909786465353 2.722661243857328 
1.017409254350667 0.5443908933904678 -0.006019725019013585 2.715209471521772 
1.021336329039018 0.5453218088166423 -0.01030571391866878 2.714274308015046 
1.013075958789803 0.539214514399017 -0.004864350596959012 2.704482225314825 
1.01606653495482 0.5568530279448261 -0.01230808784811498 2.708787924661102 
1.013404305493605 0.5413045530568247 -0.01752272342641617 2.691192475391968 
1.016971519961901 0.5393907216460477 -0.01259251925005991 2.702186306322195 
1.003755504088965 0.5522726786655531 -0.03067869002088519 2.663503390809332 
1.005618914439767 0.5397225018492291 -0.04102525488916534 2.665345031751394 
1.011564214361784 0.533155574502193 -0.03039289573702435 2.682996579550776 
1.000573000709926 0.5894783409610744 -0.004345840043287408 2.675602839752534 
1.00042863684862 0.5750037629525645 -0.01262268584885411 2.666831016006021 
1.008760639788834 0.5739779770931109 -0.008688238594971632 2.694080657697137 
0.9848509067301913 0.569371281836471 -0.04914777109588767 2.611544935175546 
0.9738300019027971 0.5796595950396509 -0.05784956178278004 2.58157304272718 
0.9834431894708627 0.5630015894656514 -0.06530218327542212 2.607824715163319 
1.000523127502973 0.5132100851148573 -0.05806798849979333 2.675378889249761 
0.9965376824842977 0.5493054685395929 -0.06074772631554117 2.644265015193576 
0.991131251665864 0.5237457810363649 -0.07256273247670428 2.647628356263864 
0.988996124723332 0.5867353386129552 -0.01540169268155273 2.635778287950028 
0.9812429345552124 0.5951654236841323 -0.01529831861181194 2.6151796201076 
0.9853443714028784 0.5797783081230292 -0.02935665894026665 2.619958301612279 
1.000591307697338 0.5891778467362284 -0.003548712311803382 2.675545711234802 
0.9949849627704069 0.5850537214244982 -0.007702064083539298 2.654478741611892 
1.000193862275351 0.5752929948661043 -0.0125901860588686 2.666204139044801 
0.9902117763210466 0.5959947623058109 0.003465313234390718 2.645178044351609 
0.9879300718742392 0.5989831230859185 0.008877601765205276 2.639470434780387 
0.9847805566828474 0.5975203013217413 0.0002790934514771561 2.628190114143088 
1.003772205377939 0.5520056216706355 -0.02925276248062446 2.665238290762723 
0.9951924711873241 0.5713612981693512 -0.02520873972650041 2.647704879736759 
0.9965987497436349 0.5569825051352751 -0.03822414443128167 2.644106174733183 
0.9905481411869019 0.5953417863006988 0.00335771485985444 2.645916638512904 
0.9933467034444988 0.5936975502488359 -0.001788480772818405 2.65419279743113 
0.9956209838514469 0.5991689966457322 0.004502479899136938 2.664992161587124 
0.9737989537285447 0.607241510204177 -0.007310696179317604 2.598132569052182 
0.9628653673178972 0.6110620461942864 -0.01348913532212629 2.565019319098689 
0.961209257193176 0.6019280298786619 -0.03309092380995338 2.554312581400327 
0.9903996304168274 0.5959980247157581 0.004076542508351004 2.645793767371894 
0.985095837922305 0.5971707154503988 -0.0005154132958377298 2.62901706585481 
0.9880655386074229 0.5931091678239013 -0.004637435381616706 2.636379019412986 
0.9877249885924761 0.5985182006058628 0.0210799468477975 2.638689895826951 
0.9823639299315142 0.6036887749972591 0.02369070318785913 2.624272764264434 
0.9801412609841947 0.6042703909663442 0.01041345884619897 2.617119114761627 
0.8956280699754834 0.667411203771114 0.005017931736048345 2.390564779858777 
0.9261036104945636 0.6456603426874848 0.02489441461345392 2.47011898407713 
0.9211526086562812 0.6583768470203845 0.04198535321733234 2.464346221481319 
0.9424456226581639 0.6235761771546621 -0.01962566828317373 2.507341046265869 
0.9388200010826743 0.6323922247565138 0.006127091374978667 2.501449501282175 
0.921731337882517 0.6418024615886451 -0.01496658487109327 2.453890150103927 
0.9834318798179049 0.5694624202536863 -0.05044888892674267 2.607867533189017 
0.9736754915272824 0.5927724361494908 -0.03272727923301554 2.588745180803493 
0.972645616086521 0.5792265420431382 -0.05844462459622078 2.578795791336558 
0.9732667743138315 0.6134046469211817 0.0311939521739486 2.60065765171128 
0.9628471169262274 0.616172527826123 0.03208122343073983 2.568687289170563 
0.9568268264781441 0.6199849878439124 0.01146172950492639 2.551192151156642 
1.003369961812128 0.5083045053801759 -0.02031523857673987 2.691924552001586 
1.003470704119267 0.5054320245768869 -0.03657215151708505 2.689275167027584 
1.009204126008355 0.4816944352626735 -0.03154825200373478 2.700586921473829 
1.016233192095378 0.5573879656262903 -0.01102776599497818 2.709717935314993 
1.010312176393481 0.5538362674941859 -0.01750209877667328 2.687478591967857 
1.013620069161302 0.5408862961660629 -0.01789697809762822 2.69172935257615 
0.9763078959426515 0.5433569429501972 -0.08578605894268805 2.609830395869165 
0.9865680969470169 0.510392021921756 -0.09908191199762995 2.644762074509486 
0.9906823702811577 0.5240370962965003 -0.07142027447551824 2.649111014295622 
1.004217584927545 0.5525737254325286 -0.02854426778353161 2.665931598652091 
0.9975055913220799 0.5564836156056561 -0.03872906644224807 2.644973462605953 
1.005633109831764 0.5396181456756145 -0.04116871177466566 2.665202861205449 
0.9613797756213909 0.5990177478817393 -0.06870589816198615 2.550134846173741 
0.9610698267898383 0.5742902277090893 -0.1001644194673153 2.573841664955124 
0.9694155298672686 0.5715959137191617 -0.07885962288643154 2.579902921380456 
0.914156761484365 0.6462882841665143 -0.06643912848900353 2.433270900650276 
0.9262367746775131 0.6226871681702234 -0.09937191338893933 2.479264824298692 
0.9469475005709648 0.6177207574703842 -0.07024307819937461 2.518345268206414 
0.9987715527765868 0.5929273784156278 0.01396602090532791 2.671795531676159 
0.9931727194334603 0.5964815288685207 0.01053765490383419 2.655331981717847 
0.996887608128918 0.5968556366397819 0.005284738994943678 2.667802035876899 
1.015462839477919 0.5723979500222438 0.01811701758711858 2.715747838547194 
1.007414670991631 0.5826067245475132 0.01761407054953236 2.694621185250535 
1.012086441996012 0.5777280024452555 0.007793235026345966 2.707302463811736 
1.015702607233068 0.572210935209829 0.01823109851904951 2.716421607787039 
1.010490328388169 0.5774352469118992 0.02590391568780701 2.702112393510103 
1.007424033433553 0.5830081295910789 0.01756558599322819 2.694866119935077 
1.025560958671892 0.5592750480160714 -0.0001391299168559441 2.742396171918078 
1.025878112756468 0.5589425604379903 0.008798444809696571 2.743343522941249 
1.022020908284963 0.5645528069419561 0.007761520257174484 2.733368486705243 
0.9723086462566459 0.6151097969501539 0.02963538393004795 2.598531467033639 
0.9576244914301324 0.6206051499577295 0.01047795849316099 2.554181690980272 
0.9687611468647854 0.6136409938185684 0.005330643466599036 2.58575304768209 
0.9432258942867677 0.623884369981255 -0.01881366766943219 2.509971410892226 
0.927345611827058 0.6330121369677694 -0.04143792981370321 2.46620705090247 
0.9433637987314925 0.6158262668305603 -0.04955592746856539 2.506105896356725 
0.9444650921475342 0.6232900654699176 -0.01772163769039571 2.513545511231375 
0.9213344771299181 0.6421195407994891 -0.01478846461190634 2.452742065592442 
0.9250915165391307 0.6336467143542729 -0.0391122285557158 2.459445875732055 
0.9116272540710395 0.6455714858087567 -0.06656079351693832 2.426661133440806 
0.8923389523548458 0.6666506998042095 -0.0343554515707706 2.377898242014066 
0.883332129437417 0.6575966233134201 -0.07420732567467668 2.357826334044129 
0.9841218658775951 0.599663407133402 0.07267687553746964 2.629983604394531 
0.9728298233699321 0.6114401456731505 0.05941021733069811 2.599536113956356 
0.9770596800896608 0.606496484394885 0.04919041379879814 2.609517225320396 
0.9872982066294494 0.5993846373691508 0.02042027522485602 2.637824286290093 
0.9949942701013568 0.5912561078435722 0.02977737450132772 2.658581414025094 
0.9883899184362762 0.5978807503134953 0.03279993691667189 2.640842895579818 
0.9949985674211449 0.5693097154998478 0.08468933808998949 2.648862577907734 
0.9902781212461704 0.5695639094238487 0.1095192290743475 2.635887708033439 
0.9862183789880929 0.5886055595198402 0.08267169447817506 2.630956076980227 
0.9909427410184638 0.5939817760946574 0.04964517509359372 2.647616373066064 
0.984268004633519 0.6030142251488302 0.04313753555119576 2.630837204884573 
0.9881824160512885 0.5984664808792717 0.03321021432443962 2.640500808617025 
1.007733530533109 0.5680562494920592 0.0559533996025589 2.688732132076284 
0.9985350699975337 0.5806846534251972 0.05534712709788879 2.665275801431366 
1.004776124740928 0.5765106609149658 0.04351385904479834 2.68304092028866 
0.9836990972076763 0.5994492528119233 0.07214982190269091 2.62852556633133 
0.978445251525937 0.6067746354299923 0.05112430448411188 2.614320176657311 
0.9880181233145567 0.5926564041649127 0.05886710187365699 2.637561050620957 
0.9561852388550118 0.6339523393829015 0.07226568229972598 2.5604657924818 
0.9444429540485442 0.6481600225124758 0.07831935553481398 2.533116435649791 
0.9215758878500082 0.6558157618061135 0.04208205869947185 2.463905142304902 
0.9848465929127809 0.5986240140685193 0.07289420866808027 2.631535945230326 
0.9771172574874275 0.6132395011723227 0.07489593994271213 2.615619162580038 
0.9732282828913598 0.611818290600784 0.05973325112275457 2.601006525740237 
0.9848823788625962 0.5994492808183449 0.07114961704256738 2.632119257593157 
0.9814557532353747 0.6049633566749012 0.0954767311793453 2.626608801313375 
0.9788120483897876 0.6119559945632872 0.07498104861960291 2.620444357082929 
1.015534948539133 0.5724281990727909 0.01792321836617924 2.71601903776672 
1.016683368713399 0.5693782732442338 0.02713729213908671 2.718368985962151 
1.010524350133818 0.577240996854978 0.02625626873531573 2.702121360070953 
1.013116160507538 0.5406647784908396 0.07006234283838116 2.692672421881684 
1.004675302310777 0.5525655014951296 0.07955252823661015 2.671507739886474 
1.009704839488806 0.5556936499089664 0.06160320573288124 2.68882878228772 
1.028004422754233 0.5488636612188142 0.0008740820047476888 2.745083105772606 
1.023701001413418 0.5506632956627745 3.149250689821407e-06 2.731445580851438 
1.024806947680223 0.5501211464927962 6.939981813443668e-05 2.734906422517376 
1.027867621360457 0.5498729790119429 0.0002954381684956651 2.745159127440394 
1.024717252965313 0.5501956797660293 -5.528025605825577e-05 2.734639465384374 
1.027379908163985 0.5493910967298511 0.0009919975622010636 2.743246566785514 
1.024885822116038 0.5375985749778254 0.0449905594594867 2.729554446251348 
1.032839060329292 0.5242118739257343 0.02417329843633985 2.748899876243367 
1.029719537990692 0.5209043157054266 0.03587650285154208 2.736984507994858 
1.00880814082081 0.5820058485440821 1.298406210185788e-05 2.698750311919807 
1.018912450558502 0.5691066461382878 -0.0001807864867062715 2.725278477383073 
1.012281738389701 0.577223086369094 0.008547794413268221 2.707699849113328 
1.027687968527621 0.5495640974084175 -0.0001031676950149212 2.744380054770743 
1.029240050440584 0.5494866156519916 0.003395931984755476 2.749621188961237 
1.02898289361953 0.5519514551108858 0.0008390997239786801 2.750059469922456 
1.006552716710837 0.5656155723770068 -0.005618665552793604 2.680982008130894 
1.003677937377027 0.5553690203085653 -5.398677285325127e-05 2.66488430091253 
1.013835676057334 0.5676463857087591 -0.007325524689465236 2.707763011851616 
1.011205486982719 0.5657608609571645 -0.008399380309254764 2.688177730753512 
0.9963752671006902 0.5673781483197119 -0.00875466144064368 2.671611458482659 
1.006573431487605 0.5624742336167141 -0.001051810989424127 2.670935383367645 
1.024668721218084 0.5837945749857457 -0.000373245543134192 2.753084860080929 
1.022492242989113 0.5661363213209805 -0.005191228702872784 2.735810759872498 
1.022491359931408 0.5809573067476829 -0.0006821746209543791 2.744166247050859 
1.014009016551437 0.5930720459735624 0.0003971438949986574 2.722581387717131 
1.01582692036965 0.5816673425013579 -0.003042970267483394 2.722113794214832 
1.022619013062745 0.5862739782199979 -0.0001963526546717961 2.747602368388764 
1.013241448159129 0.5922485939975827 -0.0003569703091654793 2.719579407260468 
1.003764876829344 0.5979185724790407 0.0004966419881334233 2.691244164933186 
1.00770726686078 0.5907493992805346 -0.001452853189099699 2.700189301620927 
1.001131669898658 0.5226409052276162 -0.004008992072856912 2.692930461374102 
1.001680027240541 0.5029616900600397 -0.002101381626192174 2.68308167826032 
0.9998254575731232 0.5089051493841003 0.002214142592087795 2.679033084014915 
1.002530742261007 0.5074921781023092 -0.02169492082997417 2.69003388269339 
1.009191209247666 0.4820803442737285 -0.03135176497247081 2.700057699136416 
1.008157302923962 0.4847960465080268 -0.02070690559804921 2.696775760694284 
1.00817648777494 0.5821917377155613 -0.0001475597374718822 2.69670795375939 
1.00452204046646 0.5863151348255473 0.007160004313001781 2.68697396067761 
0.9992756884443644 0.5922849460070536 -0.0003681928588248158 2.672975028529273 
0.9762182803400368 0.543256110999872 -0.08536092316642821 2.60949775811237 
0.9700657900000328 0.541296410818595 -0.1099315613808002 2.603475664265405 
0.9866528529758629 0.5117579490112819 -0.1020927165658006 2.646847931501445 
0.9982125507386953 0.5119377117516518 -0.05850359907342279 2.673534743627616 
1.000719971658835 0.4932325389162136 -0.0761204534514547 2.680010690687748 
1.009143962405996 0.4815512206839429 -0.05965992271137574 2.702494304805247 
0.9148844485941835 0.6441833474722743 -0.06569174017042546 2.434213723579274 
0.8887066279140695 0.6552648312263161 -0.0746864363355013 2.371925581926649 
0.9260011621800959 0.6237007287035771 -0.1007778233130587 2.480529805571336 
1.038936375429692 0.5412157560479786 0.004366669609154972 2.778308475888712 
1.036581089221924 0.5433809651774981 -0.000695062761785491 2.771374038261353 
1.043098073080029 0.5386300451102159 0.002902045715126915 2.791206866220557 
1.038249443338363 0.541952080465482 0.004389819967641971 2.776333920477989 
1.042626245287168 0.5383971989673466 0.004244206465975637 2.789468551251255 
1.038608904279177 0.5419692582687247 0.01168020032159561 2.777635109304297 
1.038012929997042 0.5424198347708938 0.01194636899276019 2.775838803733417 
1.042848571542381 0.5380054013730245 0.003143524081900605 2.790002242445939 
1.040954987903027 0.5393487154626548 0.01280569176673506 2.784326981648113 
1.032065750147597 0.549332533292733 0.01423791639008624 2.759215334498951 
1.027896925517642 0.5551272228123567 0.01663148108861606 2.748230104747809 
1.025636013157253 0.5588854349305169 0.00908322442370087 2.742479862170117 
1.031917444570629 0.5494841555140942 0.01451856539993362 2.758810281349844 
1.025919008727862 0.5589649452768054 0.009479707668138901 2.743481673089422 
1.028626957052779 0.5543081754225985 0.008809855052012101 2.750142933358376 
1.028692535816714 0.5539828571740771 0.008549621179681211 2.750190964230296 
1.026207371659547 0.5586799052958771 0.00851337498472941 2.744320983691471 
1.025362747737075 0.5593682472026277 0.0002814343795583414 2.741783624081261 
1.038202490229374 0.5352669450593294 0.01176189219009565 2.77275410417395 
1.030660921452611 0.5414316542526056 0.02563505202816245 2.750491150861441 
1.035299332503715 0.5414372154997378 0.01869350869444622 2.766166030168461 
1.038239892345828 0.535195176777726 0.01185354711931642 2.77286728106792 
1.035672305911496 0.5412100354612666 0.01900649206903605 2.767328064302685 
1.042396236662249 0.5356114263207296 0.007703472424822716 2.787238266169596 
1.042441119233892 0.5357303814215519 0.008048235432898468 2.787474133076542 
1.03588066035016 0.5407064973322196 0.01860255845110476 2.767759198856763 
1.039715045205576 0.5404913366025131 0.01352086419830515 2.780677009861057 
1.032963184131448 0.5476028061467609 0.01933745996292051 2.761452762260818 
1.039905144467702 0.5389656145601419 0.01400523669178695 2.780519467459778 
1.036021577905197 0.5410730151843092 0.01900389775149269 2.768452759689575 
1.032938942705653 0.5477518213693394 0.01887461583221425 2.761434905832397 
1.035707662579732 0.5409720162179439 0.02001723380003816 2.767335816833548 
1.028585705991703 0.5511492543844442 0.0240183120667051 2.748534424324352 
1.028511338163983 0.5515454352707102 0.02473381807994322 2.748528448354635 
1.035677774320601 0.5406412160331924 0.0190628045550722 2.767013490312749 
1.0308366464712 0.5433874242354934 0.02563726704566706 2.75214132127966 
1.027419435947597 0.5397900365444648 0.03219810825576938 2.738806885111804 
1.030439160911631 0.5424325314527327 0.02588710555558526 2.750280129462359 
1.033996564708696 0.5332160604483954 0.01894212455398271 2.75743659033878 
1.02748417018201 0.5413424129703129 0.03402204922585383 2.739881798165444 
1.03409853044538 0.5329285242899485 0.0184406786627512 2.757603119902679 
1.032314219341299 0.5256070843468544 0.02438679534360952 2.747914499077554 
1.032463827010266 0.525976736768163 0.02333822312184772 2.748630364828398 
1.0337349658017 0.5340061718283007 0.01806449195318969 2.756961929619457 
1.037604089772104 0.5244381116152249 0.002916006996092526 2.765057579213833 
0.9985556718861762 0.5812970529370284 0.05550542356274805 2.665705237021871 
1.008225306659748 0.5664072378489672 0.05601461942876236 2.689451506469454 
1.00174422750173 0.5683231868124493 0.06671913535856103 2.669550134284101 
0.9985506049232947 0.581164999686521 0.05500877521429311 2.665591541710721 
1.001495629280483 0.5687662519649831 0.06774290891464789 2.668965390544852 
0.9913742707707033 0.5839586687738297 0.06406132084777774 2.643948453846111 
0.9915031628011526 0.5846936651511616 0.06411339560948739 2.644742938506866 
1.002134897171348 0.5650581571913524 0.06666181461665849 2.668855979122637 
0.9942853058738029 0.5711341813814816 0.08307439438957251 2.647576542883391 
1.020122635800782 0.535927863545728 0.05554828709387334 2.713058687290815 
1.024746675731032 0.5377850269775526 0.04342504571751937 2.729100156993983 
1.025299093288383 0.5201153978308157 0.0508044142985812 2.722153377858351 
1.019689678412326 0.5353217641691312 0.05307075513888874 2.7111039788264 
1.025838690641914 0.5195190704529704 0.04976086507611831 2.72354428988751 
1.021016067520606 0.5209774742038706 0.07226462751428014 2.709316487126644 
1.021067497167482 0.5195475122505112 0.07422675101746604 2.708951078821831 
1.025451135730004 0.5208821795417055 0.04940690213630722 2.722884630844902 
1.031347009800349 0.4954594713637611 0.06917137857380858 2.731647363899229 
1.016909043487164 0.5514694639469236 0.05480267885121441 2.710393078173794 
1.025158153740412 0.536560788843644 0.04393966294851887 2.729755243239221 
1.020387873817616 0.5372057902548638 0.0549330873338321 2.714548731519285 
1.016653578741384 0.5518276710604185 0.05399644586439204 2.709673563130631 
1.020071053696066 0.5372581386671266 0.05646900055349217 2.713533293033639 
1.009961266249101 0.5557076665466836 0.06369144511710803 2.689828421096795 
1.009901205280693 0.5561479406886431 0.06387142268999824 2.689891227992327 
1.020308444286171 0.5344645216494412 0.05470498759886053 2.712666199002743 
1.014002228331681 0.5399280116977457 0.06943496979534949 2.695281767488627 
0.9872213231791778 0.5926912565202559 0.05856076047859014 2.635097069980733 
0.9910388065560103 0.5933524219797685 0.04929612214289007 2.647574833313787 
0.9916705830240125 0.5847694208545001 0.06347781115839415 2.645345641842452 
0.9880273669816778 0.5930517349640587 0.05801633540490821 2.63782439227474 
0.9923249235751243 0.5827926240564395 0.06286842972590133 2.646233818780335 
0.9871207105561994 0.5875220476610462 0.08002622910743855 2.633225336902132 
0.9862557992633452 0.5870081111686076 0.08190342465162008 2.630198818302168 
0.991679008291793 0.5836103899612471 0.06205923021934879 2.644546134584879 
0.9936391161401921 0.57232857034846 0.08482670215448558 2.646206354517132 
1.020243369349547 0.5524982179142217 0.04138304500043435 2.721567108017133 
1.024681432698869 0.5377654070838623 0.04445320568027908 2.728832547123556 
1.016800507580773 0.5499064115947412 0.05353667882527355 2.709127153938488 
1.021038731161096 0.5516618954386528 0.04163968477899539 2.723774518855377 
1.01688068723066 0.5509180317603237 0.05280894233717809 2.709893732309165 
1.014234810186697 0.563651139432482 0.04523267937688941 2.707584465793346 
1.014089826876237 0.563629272958818 0.04401674749608602 2.70701290763298 
1.016667214547262 0.5511985988020853 0.0541955898393542 2.709358548527123 
1.007996804182204 0.5659883583515047 0.05591478763543277 2.688503487530957 
1.011657780067361 0.5728582952946945 0.0384128061506849 2.703821431939363 
1.019054359006457 0.5613795592502899 0.03691023583923281 2.722199413854743 
1.01439174169067 0.5625113419633228 0.04442480602582859 2.707460284750491 
1.011486313868204 0.57281254059116 0.03782164348736259 2.703195187760512 
1.014287700342717 0.5628700932456423 0.04523534151386185 2.70730023278974 
1.005135744134381 0.5757922091359817 0.04464303997911975 2.683925622696322 
1.00506941876849 0.5769059796378001 0.04489107355686384 2.684322348508756 
1.0146654889608 0.5622298726000284 0.04490968588034833 2.708134041400784 
1.008115153632728 0.5672982247293166 0.05479460085117471 2.689567318830604 
0.9930365445553317 0.5959385948266067 0.01037052004470895 2.654544188220738 
0.999196738490394 0.5917687256342324 0.01470044025562361 2.672522491782228 
0.9942855662534009 0.594370690007206 0.01656900482700639 2.657821605732845 
0.9932408142507864 0.5955821821102152 0.01036791873371169 2.655003607343059 
0.9939944934926347 0.5953950461546671 0.01745252890168343 2.657455283896156 
0.9878865187314002 0.5985971778109346 0.009626082976000554 2.639109130613638 
0.9879479106418644 0.5996858410452653 0.008889217217066285 2.639973796944183 
0.994524191641418 0.5952258245487354 0.01757652126480529 2.659088693254239 
0.9876780685270411 0.5998192787028838 0.01931667108813231 2.639344633375998 
1.022169734635398 0.5632855305740695 0.01866672771725177 2.733313302612861 
1.027851570662838 0.5546787234539416 0.01706179817486552 2.747789498441928 
1.024122371291858 0.5580442730400368 0.02508507708315926 2.737176641044825 
1.022020681768085 0.5633243792527955 0.01812909550842803 2.732807772077439 
1.023918306491465 0.5582863622620721 0.02562604870580922 2.736607350045861 
1.016884010192462 0.5685318741699737 0.02718836626813868 2.718582778295007 
1.016830557451323 0.5695805960420696 0.02752880076068093 2.71898483898405 
1.024204754587315 0.5579842897440702 0.02539181802120292 2.737358037070591 
1.018852639638078 0.5616980350107101 0.03596924921276621 2.721704001402176 
0.9940100769266588 0.5944620458945306 0.01732617739461898 2.656972635842525 
0.9991170326865481 0.5918317026408796 0.01436164031620481 2.672304036782931 
1.00058327629198 0.5894518517378932 0.02238573629448428 2.675902575827445 
0.9940985219933894 0.5955167221879992 0.01684127648314641 2.657863050921098 
1.001071203168117 0.5889710348380411 0.02247971101655686 2.677202292801474 
0.9947576727338014 0.5935907605811555 0.02889277968395322 2.659223710868354 
0.994653663873748 0.5933355196690487 0.02991498141344039 2.658749851153036 
1.000721273573871 0.5892854786097134 0.02202533002407774 2.67624042727358 
1.0030822808534 0.5848212620843517 0.03482179484498586 2.681857000511152 
1.028579821600935 0.5516478542938215 0.0234265116739398 2.748772801480395 
1.030695229155603 0.5433967048732086 0.02654855054739272 2.751671620648874 
1.024525853524871 0.5507917437933374 0.03337615581514263 2.734870893411121 
1.029042632890022 0.5510015412160629 0.02343502717863812 2.749979186612942 
1.024715919185748 0.5514107628563161 0.03313063054951713 2.735830984424655 
1.023828167130398 0.5587764181536401 0.02594686953587228 2.736595400584754 
1.023831891119505 0.5588653903313715 0.02497212914736885 2.736613472414605 
1.024585318271704 0.5514080139475661 0.0341507218081597 2.735403061234338 
1.018689806897084 0.5608683664643751 0.03662205095962486 2.720722584099057 
1.024671765794901 0.5520190433520147 0.03469455939504366 2.736070980911029 
1.030989223750891 0.5423797506925864 0.02588834262390952 2.752094085297537 
1.027572484804765 0.5399333851351887 0.03222709626066367 2.739380527130491 
1.02449348217688 0.5521309088990789 0.03373232297518926 2.735492854122154 
1.027616089718624 0.5399215354495157 0.0332647659434013 2.739530374504835 
1.02049082660632 0.5514371931856349 0.04185455631350875 2.721870699233713 
1.020505859720365 0.5524162194497029 0.04293501513792854 2.722485346301259 
1.027921636534003 0.5396329233859554 0.03284717011652222 2.740365877389126 
1.024682585030129 0.5376700937634898 0.04315668163003603 2.728765056019209 
1.032337271309924 0.5471548488943011 0.003212912417351954 2.758915020510771 
1.027832892827911 0.5495309803156475 0.001159785649870075 2.744844201760669 
1.032143505940176 0.5463843037142124 0.001885589067733533 2.757844851362745 
1.032316824960948 0.5474758202258274 0.003989076819889211 2.75900847468515 
1.032451731007393 0.5459972718061458 0.001458005534596105 2.758679414859673 
1.038184443969796 0.5424609753346358 0.004587439863721674 2.776384786396547 
1.03870144760982 0.5412202352333224 0.003885792496623144 2.777509798846127 
1.032050940396533 0.5468205865372689 0.001469881230268525 2.757731010193095 
1.036631521059959 0.5433692487143778 -0.0004397011573056019 2.771551909007832 
1.032491325108327 0.5490162324885461 0.01397833808114175 2.760501946373376 
1.034159847168536 0.5462821316082938 0.01038834246662897 2.764696324745443 
1.037423795266195 0.5428663468112189 0.01317303094760581 2.774081717400863 
1.032092040149248 0.5491582945695184 0.01374554613742136 2.759219573067192 
1.037448746888971 0.5426982102786232 0.01246831032698613 2.774054189487253 
1.033779843339338 0.5467946704413366 0.01814301317822834 2.763799795839953 
1.033408588879355 0.5469266944315083 0.01865308928958603 2.76258742906706 
1.037372349091719 0.5427204011606211 0.01228443846997869 2.773802602003173 
1.039837208056872 0.539270850638123 0.01474673900708821 2.780477562685783 
1.027537466069758 0.5494116191455912 0.001138465300753951 2.743787829009924 
1.028089539310998 0.5486850514126796 0.00101651134242112 2.745276996825201 
1.031996615845813 0.5474579413520464 0.00324850356242169 2.75791229766598 
1.027466074913569 0.5496656157375253 0.001001068075613465 2.743675759977595 
1.031863400798095 0.5471330498682186 0.003932969324300691 2.757292696555542 
1.029891182838609 0.5496064289028076 0.003533743797012153 2.751896325443847 
1.029540747502677 0.5496245703177285 0.003225257535874195 2.750704990813011 
1.032371523396568 0.5466529145616801 0.003248553219195935 2.758759908121326 
1.034418493874629 0.5472645779301798 0.009480641775013175 2.766096975374534 
1.004742272407503 0.5530934451062629 0.08083634240554502 2.672093279206771 
1.013621418530967 0.5383491745502497 0.06966443356753975 2.693120932909668 
1.013250169168728 0.530445397400049 0.08974268264892578 2.689280504857499 
1.004218614604745 0.5525433551877044 0.07841596239516342 2.669826384439367 
1.013631640169307 0.5304032064433102 0.09036528425939395 2.690453719039289 
1.002454153275186 0.5491283828219922 0.1055615846348482 2.664547130547772 
1.002198968299446 0.5484873983350048 0.1074117382828548 2.663465182457933 
1.013878072414434 0.5285789316146732 0.08998763291536548 2.690337196754047 
1.016481052367433 0.5134504870465517 0.1188379235395728 2.694381210038378 
1.013439395958679 0.5638347442948148 -0.011090900271245 2.700353987164122 
1.007169250371243 0.5675511151597949 -0.007322684389014218 2.683906229505425 
1.01351743541632 0.5698577631263884 -0.007986512792373713 2.707998107282164 
1.013423040291566 0.5635121637882647 -0.009906246279658946 2.700126025280684 
1.013479750380274 0.5700451130137744 -0.006844865638823709 2.708003037997446 
1.018531377445216 0.5656426730881869 -0.007337560220187738 2.719809650590828 
1.01811343198874 0.5660525461874915 -0.007059521322062601 2.719747808440864 
1.013673819913797 0.5707414857467238 -0.006187878217912848 2.70878260915414 
1.018649631609894 0.5767875807285402 -0.0009617399933850815 2.729582186651696 
0.9947328413885844 0.550896060927388 -0.0007708216603211834 2.687051361992525 
0.9834386535317243 0.4846283065332833 -0.01112308531407372 2.616824031343303 
0.9941839269092729 0.5762266157672005 0.001959383917745418 2.686049269619877 
0.9941667065433148 0.5491282325273048 -0.001161111441353407 2.682298331517169 
0.9944065837510436 0.5619373445207335 -0.004811217192100881 2.670036341925008 
1.014688394257604 0.5651714907584565 -0.0100184651739402 2.700577059080953 
1.01419929128483 0.5653360608934652 -0.01051927211422275 2.700826645108692 
0.9962330010325289 0.5653504675045679 -0.006801225983208784 2.671234752974556 
1.010526486289399 0.5668738743439268 -0.009300446216467608 2.685852139750224 
1.022453284442724 0.5656406632275199 -0.005418960693941444 2.735435382985963 
1.024879507406504 0.5837918319153608 -0.0004061523687966245 2.75377684196545 
1.02312283806078 0.5647741411969756 -0.00597516747644958 2.737251010461097 
1.023201276359837 0.5635912998446377 -0.006813925562692389 2.734206267344777 
1.023850937315851 0.5606450427347904 -0.007551769116226071 2.735038282594762 
1.017919024416513 0.5476312410089492 -0.007023395615894965 2.713784916367603 
1.017924060862399 0.5471732696036801 -0.006297554256135035 2.713599642308367 
1.024063374170275 0.5606519654302425 -0.008173967209942769 2.735759038218709 
1.018381824135902 0.5428041312895255 -0.00585270620979465 2.711423088346054 
1.00032026323931 0.5395166504369533 -0.0001172185659164337 2.699755436311453 
0.9980781579230569 0.4589208089697216 -0.002057503777916882 2.648807888278124 
0.9985473926776702 0.5552995378689586 0.0007955160625845933 2.702927805827418 
0.9988497521669201 0.5363729344567321 -0.001203594736963097 2.697260429070273 
0.9989660699395531 0.5416199363959214 -0.002876590039883519 2.695261466752148 
1.017173869758237 0.5504892147037883 -0.005560721350504777 2.714198051770337 
1.01726587290016 0.5503773890323786 -0.005574362756621824 2.714687430915318 
0.9990574084566742 0.5420018049140981 -0.003036674312386219 2.695009969079201 
1.015842593367791 0.5539756457439963 -0.005682430787529855 2.710036955304703 
1.020003514827085 0.5458554166064307 -0.0103677646634449 2.71411986477297 
1.018826921138741 0.5424315775089987 -0.006127739078658889 2.712316725856627 
1.023740486416733 0.5607906730791927 -0.008067305439814178 2.735644408647913 
1.019630633079743 0.5458242252177499 -0.0103122226474842 2.714483786751893 
1.023783795408584 0.562577194181368 -0.005561974742576557 2.738170066974513 
1.022551685033375 0.5731308994420312 -0.005174152796090114 2.740122919863468 
1.022857674871185 0.5730936127067007 -0.004484917553125941 2.74099974590249 
1.023572820827562 0.5644885839661488 -0.006014373457124765 2.73861565661097 
1.025260088363741 0.5833898271067128 -0.0003530808713068388 2.754820836102291 
1.008349634733479 0.538184781573544 -0.002877724147712818 2.702710894551427 
1.002129482635225 0.5217081900712756 -0.003349559462485552 2.692636740665165 
0.9977236432768941 0.5096406636258263 0.001075835642050902 2.681506463270212 
1.008019655744415 0.5381200984088779 -0.003270717763068095 2.702968104932936 
0.9979802556723147 0.5097009054054097 0.003066385938805157 2.681159515869396 
1.000684558583939 0.5277433809970642 0.0001068539032751158 2.689396708825313 
1.000630855176042 0.5379621093745152 0.007115107755421167 2.697339780156633 
1.000295491391661 0.5080031306959847 0.002255763870473204 2.683448885109569 
0.9988206716159339 0.4601094275389022 -0.004198228385254412 2.655536792163998 
1.002433035915298 0.5169317263150786 -0.0116411214810746 2.691242963265351 
1.00373045962195 0.5068645782242441 -0.02230342820604329 2.692705788644377 
1.004795503502368 0.4908963970537424 -0.009906345395483981 2.689504939017243 
1.002086181436485 0.5167950542948148 -0.01124502896725046 2.691370378877207 
1.004447922414262 0.4919207087547687 -0.00893629589724918 2.687977801526354 
1.001414796267266 0.5019318231304163 -0.00227812514141697 2.681862504884626 
1.001562720568011 0.5064784019653293 -0.00221095860313894 2.682799065150879 
1.00543595984201 0.4952343387318283 -0.008163930350738143 2.690612488587207 
1.002665503086196 0.4533936353885162 -0.001761351481911191 2.665425077074263 
0.993163529111241 0.5925724231205522 -0.002310062418637995 2.652906199959901 
0.9898948287912961 0.5965196567577565 0.003385741036749321 2.644435197764595 
0.9880370412956856 0.592578323897557 -0.004091265269986385 2.635957446204385 
0.9937364479124625 0.59257691987317 -0.001390300584127412 2.65479416447837 
0.9881622762650953 0.592147275624575 -0.004786632722583496 2.636102770433808 
0.9944469072505066 0.5857895590006017 -0.008729431669692637 2.653178249881691 
0.9943944175732878 0.5853349147415081 -0.008523136056101631 2.652715322462526 
0.9877210401105739 0.5932286593157364 -0.004511398397455535 2.635239583921789 
0.9885044176576889 0.5847670643665961 -0.01520509085798606 2.632995380758519 
1.007629628115511 0.5918008401247569 -0.000190816747487516 2.700501262788319 
1.000932192900162 0.5884442940364353 -0.00428669239591709 2.676217708540481 
1.009011397994865 0.5753868778956861 -0.008487265939671609 2.69571297999267 
1.007554454215212 0.5921966136569916 -0.0008262385407789321 2.700434654759385 
1.009121963372546 0.5749393220908341 -0.007728325950125502 2.695842573827782 
1.015471583164505 0.5805008101330709 -0.003498221866656101 2.720272632455924 
1.015613137131233 0.5815995860394768 -0.002391215502811942 2.721315564091758 
1.00943200673249 0.5744184799927649 -0.008267738607891628 2.696543727220223 
1.016807632894805 0.5590798931086779 -0.01159672448608723 2.712836187742001 
1.020318572763568 0.5457944374352548 -0.009710544192052242 2.717100664999026 
1.01654805177214 0.5562229268966079 -0.01179859248353155 2.709773894513992 
1.016753776088697 0.5396419277299308 -0.01236861794329597 2.701810109778418 
1.020779674148094 0.5455306844109368 -0.011175862086817 2.71416395301415 
1.018123323240331 0.5411951659101217 -0.01179918879658059 2.703116154782708 
1.013606828549321 0.5392123885917179 -0.005234827766298852 2.704911072590843 
1.010969476210449 0.5370701541872053 -0.004558404113096236 2.702802089020134 
1.019782052334279 0.5432700917866008 -0.0122192053644359 2.704764425175078 
1.002910687789408 0.521094410625195 -0.003926102461110565 2.691305430863931 
1.015852599550267 0.5438217429194133 -0.01781867582583743 2.690265767843563 
1.006414269997246 0.5142171810617675 -0.02291418098876847 2.691212049616147 
1.004972274994705 0.5166099531477522 -0.01187519093687982 2.691513624494851 
1.0171371624888 0.5426208966578914 -0.01768836888748973 2.694014763809892 
1.004806254696964 0.5169058057246246 -0.01183091478758373 2.690763364791289 
1.018780214088079 0.543955001153433 -0.01137070670665709 2.703069158499189 
1.018826995336925 0.5437957735515742 -0.01230495548042835 2.702321327894811 
1.004333844427355 0.5173541664147188 -0.01130472859054132 2.689802137961391 
1.003163442871292 0.5211121918469558 -0.004316734507761476 2.691960949626874 
1.006740809624568 0.5425167391107126 -0.04203079554938249 2.665744450658967 
1.001337903969832 0.515771828145392 -0.05767827184164032 2.67488043506087 
1.006366696627177 0.5065486954198591 -0.03765226485057663 2.692006842839536 
1.007638056240871 0.5411478546401288 -0.04138683182843234 2.667920417831215 
1.005464044962686 0.507069738835358 -0.0371090093158527 2.689177333212755 
1.012336959097634 0.5362447381598648 -0.02906614990674633 2.684857888199344 
1.011823414023085 0.5360993956445402 -0.03179170053902147 2.682731916167305 
1.005009762902857 0.5073664164220233 -0.03649536696889641 2.6880408794193 
1.004593504096164 0.5083801136602402 -0.02132490585712323 2.691660163438022 
0.99993906045995 0.575997913229628 -0.01323510740702057 2.66573377048044 
1.003275649883541 0.5540485773069286 -0.02780853317349231 2.664829999799557 
1.009704356118731 0.553804426224743 -0.0172486291068186 2.686078666305377 
1.00061567730085 0.5746201358066338 -0.01329645558302007 2.667183545280536 
1.010010476447591 0.5547206996393861 -0.01782030466286288 2.687643739724153 
1.009041629596905 0.574636162967555 -0.007590518030577829 2.695348520838524 
1.008958665105936 0.5749028383715917 -0.008348010065238214 2.695184935529939 
1.009713503227944 0.5546757901691742 -0.01682831400227898 2.686619200615854 
1.016467787419087 0.5572280081565666 -0.01114603812392356 2.710702517161154 
0.9741283897385853 0.5805763457196131 -0.05661321620245893 2.582481869855629 
0.9612898574590113 0.5953164867238513 -0.06780249437456012 2.550689245024697 
0.97116674351002 0.5731594889152978 -0.07892588890646508 2.581047918980353 
0.9738018851029194 0.5815623854209827 -0.0578119596938524 2.580483405738997 
0.970631668392557 0.5726894451753006 -0.07824706365352038 2.580315898711016 
0.9825201261343597 0.5618117082743845 -0.06500857621457312 2.607088169182552 
0.9838513192763053 0.5636144094748553 -0.06342116506798717 2.609263090221368 
0.9704938889275795 0.5718698681740342 -0.07877754873841686 2.580905736904457 
0.9773280785384056 0.544397948605522 -0.08537691887124227 2.610203756814804 
0.995818725249452 0.5471340153019915 -0.05948261313297751 2.642770175040746 
0.9848210032449629 0.5694852479518093 -0.05079242089546619 2.61026564122454 
0.9838021338921771 0.5627327041796035 -0.06556786019754542 2.609165784137504 
0.9969861730061305 0.5491067189073856 -0.05804461879029309 2.645820823050831 
0.9844032060197753 0.5634749550307685 -0.06556686292788098 2.609895359778934 
0.9908180219865214 0.5240374802565652 -0.07245981501372716 2.646599224397995 
0.9911911892382576 0.5242297942547945 -0.07322418115170715 2.648190441889603 
0.9838327547675013 0.5638538929259763 -0.06537824357114688 2.608501125737342 
0.9773775032546289 0.5439784237227604 -0.08565284613287044 2.610645456925781 
0.9817743180086744 0.5959770667075579 -0.01469135959148066 2.617473733796028 
0.972769338844089 0.6064209200440177 -0.008442293916809033 2.594181574416724 
0.972948776192047 0.5915769746267914 -0.03165498396727207 2.586257504697678 
0.9811364544208496 0.5963110178816614 -0.01546381003729271 2.615552200430428 
0.9746310768253721 0.5906339931866739 -0.03265448049622897 2.591207443600772 
0.9856909937238379 0.5794823957190443 -0.03052107438730338 2.620925388278993 
0.9865454904897982 0.57986774858235 -0.0288839279872603 2.62399640354742 
0.974259692009901 0.5914840768196821 -0.03271385764971651 2.590105725205645 
0.9833163716121276 0.5691256735816065 -0.04932738955586879 2.60693725213031 
0.994632301447174 0.5861418593963713 -0.006414157577976208 2.653909327546801 
0.9891699789007823 0.5844203296154236 -0.01553645294019767 2.63496049839721 
0.995158197709362 0.5713315734201828 -0.02415844196263443 2.647438527158782 
0.9941689435380374 0.5867112899093019 -0.007165923041266264 2.652667560078312 
0.9954197365976325 0.5708480365348462 -0.02339159704397187 2.648043909742821 
0.999638007468348 0.5749269143111813 -0.01290214168127442 2.664184672765859 
0.9999369120182876 0.5756209531899689 -0.01147909602610197 2.665536669976441 
0.9960367639781178 0.5699952990428422 -0.02437090291255105 2.649638946034366 
1.003545976485569 0.5543167900913847 -0.02992167509197658 2.665928405089717 
0.9882520200607315 0.5987872862288095 0.007990720860640881 2.640425194077355 
0.9870693416609364 0.6004477215103711 0.0197704032065414 2.637689147747013 
0.98035215239323 0.6034949436848039 0.01047589890341426 2.6173424229808 
0.9889088127821341 0.5984038586436178 0.008961350501176748 2.642349834828436 
0.980337304030396 0.6034959584833195 0.00891831966066961 2.617282581374361 
0.9850154552221895 0.5984796385993932 -0.0009483545303053633 2.629556859118875 
0.9853209076998161 0.5978171557364952 -0.001121655465255183 2.630137508724257 
0.9793547696177868 0.60479530160951 0.00962123200748382 2.614791610027858 
0.9736297546300515 0.6043109555027075 -0.006706808169472306 2.595776811875342 
0.9952124612337443 0.57037662962748 -0.02509904790955283 2.647101482807626 
0.9885680713605932 0.5870209731614088 -0.01663090305352468 2.63450291084767 
0.9863071334796192 0.5791882372010514 -0.02973416232247669 2.622798598558487 
0.9958059475921285 0.5710831403526038 -0.02378708723343361 2.649565013136518 
0.9862313798223358 0.5789339698656885 -0.03014144659095504 2.622335987857388 
0.9962465003805633 0.5571103446254003 -0.03866404167844192 2.643044827443166 
0.9968861566395926 0.5566073344857787 -0.03920815869689874 2.644728035460604 
0.9856656434149033 0.5802016121626774 -0.03051186844732645 2.621277267966042 
0.9846102015987818 0.5685741932622362 -0.04944653970194005 2.610827468250669 
0.9940353094395825 0.5929103809936633 -0.002018039523282005 2.655997569914268 
1.000327741295969 0.5890199900451827 -0.004788485995620125 2.674597176760551 
0.9990276072027573 0.5979072888494541 0.001709023479940805 2.675509799910145 
0.9937993977461758 0.5932596416631275 -0.001531463519916697 2.65543397357798 
0.9985497642370784 0.5979424316654434 0.001005460782731252 2.673954924994938 
0.9951509334895716 0.5996513420855918 0.00410893689942878 2.663715548443426 
0.9957054559563184 0.5980202794867591 0.003508319318218119 2.664573927409208 
0.9987004911960078 0.5973735373271578 0.001064178769505771 2.674122459631655 
0.9979905721413496 0.5975857305043801 0.0009732460807156906 2.671897631361669 
0.9635867888955556 0.6105845570773527 -0.01274074015452419 2.566955226440311 
0.9438856498871887 0.623190848395847 -0.0178488148752828 2.511636252951841 
0.9431790392022324 0.6148634130230649 -0.04702911828229094 2.504722030339255 
0.9617091064469168 0.6116902526025361 -0.01321253779119637 2.561589265804217 
0.9450995205479873 0.6140714398741942 -0.04718819570715493 2.510377679958906 
0.961433944427124 0.6024054710116947 -0.03536832037285222 2.555438786912585 
0.9623756609984762 0.6025516959843968 -0.03241634988927145 2.558105138201455 
0.9467982654341252 0.613445161185886 -0.04795016354633684 2.514894908118201 
0.9582826832042276 0.5960464854727248 -0.06962316860223697 2.543029550442805 
0.9855925340349584 0.5977785696397351 0.0002789910865306881 2.630977660906349 
0.9744112059109109 0.603672457462104 -0.008463130479438778 2.597952861126135 
0.981435139926135 0.5951382874742003 -0.01604117473406339 2.615905074646298 
0.9843192903074263 0.5985575813310792 8.57740738004859e-05 2.62725538969854 
0.9813915490548073 0.5942601050348226 -0.01443934145330408 2.615201417054651 
0.9881662314388504 0.5926443221417954 -0.004386376816490897 2.636400843210372 
0.9882449852185718 0.592644585022675 -0.003838488589850011 2.6366407537282 
0.982015755550688 0.5937699790723436 -0.01529753224492797 2.616962792231074 
0.988583795241339 0.5857470320544086 -0.01674101403523112 2.633865200470256 
0.982992903270735 0.604875417299552 0.02543489233144701 2.62697530166735 
0.9728941279899924 0.6135047688111808 0.02921634884532345 2.599571074430448 
0.9695510151399164 0.6153970754230487 0.007545842570453221 2.589460656616071 
0.9820617167725156 0.6059601369262695 0.02491048328447438 2.624584905031714 
0.9703819718648539 0.6146453206509199 0.007857130035206265 2.591684742043699 
0.9797652517301239 0.6033128586909925 0.009262674914509838 2.615231286980049 
0.9804752664950345 0.6029528075732385 0.01104488093972476 2.617296129161184 
0.9705549067338638 0.6145078122643849 0.006241373351072709 2.592145723320687 
0.9730449537083695 0.6071156167460277 -0.009079259648106387 2.59566274385887 
0.9257018657465695 0.6452633028953378 0.02470141023198412 2.468953900522799 
0.9494027380212816 0.6274840039025118 0.03759102769815411 2.532814678537899 
0.9495805771428834 0.6334404239972309 0.05156427975132871 2.537843476657676 
0.9249840758796851 0.6452844721010386 0.02357027951255902 2.466648705937558 
0.9506148994625089 0.6320857672975606 0.05141319864792065 2.539740467226464 
0.922954685418423 0.6569336027685915 0.04095845054217902 2.469190579662828 
0.9225506668655041 0.656057643455388 0.04324323107967506 2.467199461227966 
0.9502742104532123 0.6324131010126387 0.05098843153069074 2.53930522814496 
0.9548901192343411 0.6369913190238459 0.07243088788742361 2.558559449470973 
0.9377399357413215 0.630709280679458 0.006316909150899662 2.497037731413997 
0.9491354690060245 0.627808649142315 0.03699836154401148 2.531962211185794 
0.9266167419616744 0.6453256642928969 0.02213747784514833 2.471951740115391 
0.9396527640459644 0.6304623449754364 0.008217774326759851 2.502847267813568 
0.9251022103192132 0.6461204000224614 0.02228804841744949 2.467593373253588 
0.9190162455698007 0.6433396729730746 -0.01299262743626972 2.446421896697271 
0.9185403741755014 0.6416180639245191 -0.01525637844223776 2.443424826529032 
0.9255397242566475 0.6468060613442134 0.02300673306906374 2.468957719702118 
0.8981434589265986 0.6674448029789561 0.00167512203907104 2.398289639444402 
0.9730995620464679 0.591833746695768 -0.03368149109246069 2.586929739641636 
0.9727655296988329 0.6078399397439191 -0.008270079746056485 2.595103768382184 
0.9622752478545491 0.6017131003391926 -0.03407716523180319 2.557670719474114 
0.9746206636505073 0.5918957052837024 -0.03113609111010211 2.591511135339218 
0.962218709536927 0.6022592956567915 -0.03447380028348917 2.557235839396408 
0.9718581941198792 0.5796860930757178 -0.05866466562736638 2.576372494204923 
0.9723914579070491 0.5792041913593496 -0.05902462703982819 2.578458428928172 
0.9609303895854338 0.6041412449767607 -0.03448980061299575 2.553938157182105 
0.958812028022155 0.5954378481515817 -0.0684939775899415 2.544563689543979 
0.9635045314102676 0.6161903279822448 0.0332812843833275 2.57047369155776 
0.9490937604816181 0.6276552706499426 0.03725575350270735 2.531997151168768 
0.9388069668103528 0.6333163916883431 0.008706701281078127 2.502161993245988 
0.9625252555657552 0.6174880916737462 0.03259201814774802 2.568107071729986 
0.9401455554968214 0.6326952906458692 0.008112998713656828 2.506028739874244 
0.956157251905301 0.6176392024230636 0.009305935656205126 2.547386756485381 
0.9576211312065683 0.6168715781419736 0.01172507699426503 2.551487114919949 
0.939977858453501 0.6326755857577241 0.006666514820750746 2.505447323959498 
0.942513330582341 0.6257685146732744 -0.01803265253201915 2.50912154206857 
1.004508244588558 0.5065906246612943 -0.03631193368112718 2.691698189270461 
0.9988754800645057 0.5116448343660261 -0.05761555089796978 2.67463420053034 
1.007939235665457 0.481000287934633 -0.05701666667156503 2.698718440476189 
1.00297593835469 0.5062804958277478 -0.03789525557661136 2.688221237331675 
1.008525635941556 0.4806821564555968 -0.05729447558786736 2.699486192207746 
1.010336476761792 0.4812259963728744 -0.03221507637449057 2.704152671351257 
1.010568076527655 0.4847440253129607 -0.03088477976546308 2.70455506101132 
1.009583085166359 0.4818411477424479 -0.05777773760287727 2.701075956643856 
1.019960001123714 0.4437699890468266 -0.05036237833428979 2.720065430758991 
1.009464370249749 0.5551723049235129 -0.01609569586877214 2.685262626161535 
1.004444900819844 0.5515806773238897 -0.02936143425284752 2.666265037744007 
1.011228338658335 0.5336700446426642 -0.03057501822542294 2.680963080018101 
1.009171265780518 0.5549722488198587 -0.01753069990151729 2.683684218426154 
1.010866568934987 0.5342911161565528 -0.02916960751826836 2.68044854973685 
1.012919539370245 0.5407623139060908 -0.01716263251602458 2.69019869141195 
1.015493468963874 0.5443622294783467 -0.015897431851708 2.690815429383402 
1.012499059671743 0.5335580308648322 -0.02973004999509357 2.684580280895838 
1.007266441519763 0.5132208433974728 -0.02424586469041874 2.692854894488228 
0.9882488118521132 0.5074923168098562 -0.1007883444157049 2.645783642870176 
1.007477472669825 0.4676383603719644 -0.1023423583554376 2.690290531093925 
1.001383791563324 0.4953030688130833 -0.07545368237304882 2.682812220506136 
0.9877319880374692 0.5097948504814671 -0.09955878055381474 2.647129590935045 
1.001310743984364 0.4937089220788748 -0.07743797686781997 2.682379880818805 
0.9895123542048783 0.5236544921089608 -0.07271254880768449 2.647177618305519 
0.990016458267701 0.5231524859316616 -0.07247129468095215 2.648251815029152 
1.000198914811527 0.4934636569718852 -0.07577267254322838 2.679111187317541 
0.9996710397026501 0.5124735697032502 -0.05681304549719654 2.676561644033704 
0.9979507977946088 0.5573836687674781 -0.03772703213060199 2.646547289255256 
0.9851588218508249 0.5683372067120516 -0.04985912134842442 2.611142671797641 
0.9958769849975612 0.5462757349293907 -0.05788672849045965 2.640679977465702 
0.997237211994742 0.5578813814792474 -0.03933075515059661 2.643364325521338 
0.9963089118175145 0.5458318920981134 -0.05764001280352526 2.642637639235386 
1.005738653639948 0.5386079342696878 -0.04152940066849521 2.667387979577871 
1.007604293526873 0.5420658928755224 -0.0392617551912858 2.669691205943319 
0.9971445489422708 0.5457816356264554 -0.05823585562708552 2.644658813751206 
1.001521985210911 0.5158062072112893 -0.05812730800190145 2.67490545540894 
0.9587183426051364 0.5768917466755451 -0.1025685020658198 2.574473464955237 
0.964740590236186 0.5352954958843118 -0.1402860262111274 2.588663753517345 
0.9699256369596524 0.5419602881713752 -0.1095779873032892 2.600133411721333 
0.9608594981090438 0.573713096641666 -0.1011654249723804 2.574696693973678 
0.9690017219113548 0.5432149599496305 -0.1098237479251459 2.602455071974301 
0.9692373508929899 0.572261578312609 -0.07770508426720579 2.58029704185726 
0.9686865412466069 0.5726688880333113 -0.0790760847496413 2.579755767020765 
0.9694126401409902 0.5427952077654493 -0.108213903323796 2.602273199323593 
0.9764743063432479 0.5437229357767552 -0.08523857517003872 2.608286575594901 
0.9296752298923383 0.6203896456942849 -0.09981517839928482 2.491088708688905 
0.9413539219786563 0.5923586563893131 -0.1284196964767546 2.540387897006605 
0.9566661190719299 0.5942884073280071 -0.09643627497837881 2.559440844057622 
0.9294597656906382 0.620887756552983 -0.1001598968399097 2.488961134009331 
0.9559535146644347 0.5947525046049678 -0.09753887601679592 2.556631891508832 
0.945270058658646 0.619154647867637 -0.07100924275052421 2.512492037466183 
0.9453991689752294 0.6175088174123791 -0.07055741884645418 2.512594755416357 
0.9536251551744532 0.5966198070039378 -0.0950851370885851 2.548070142539526 
0.9615007672496358 0.5969663139828825 -0.06708084413200084 2.552275255678965 
0.9929114661948737 0.5966116147970446 0.01009998706822748 2.654532243092134 
0.9901855550833992 0.595807824853434 0.003999867725075408 2.645002563152695 
0.9952249499733313 0.5990824290994549 0.003482008598318189 2.663631167207668 
0.9933251933039355 0.5962213535982036 0.009975386160170914 2.655675476093416 
0.9947679919132625 0.5987327694135737 0.002769053484566714 2.661900883718274 
0.9973539940757432 0.596660346703353 0.005559048540308464 2.669230331192447 
0.9967296696464397 0.5967429363680322 0.00499278807337488 2.667213534064268 
0.995271429082495 0.5984702537764982 0.003610711225219134 2.663410728031347 
0.9973871529174372 0.5976490529885818 0.0003761345196906461 2.669931162174361 
1.007194390027908 0.583196022331981 0.01753365572477903 2.694194137683513 
0.9989690598241271 0.5922872123869305 0.01479814650133173 2.672094507452992 
1.004332251007368 0.5871472232684765 0.007558950438350403 2.686818163744799 
1.007368362773109 0.5828978139953511 0.01715208923555996 2.694630655823157 
1.004306040324179 0.5869707782332805 0.007333928654766593 2.686624971426361 
1.012174627041782 0.577480176917787 0.008106151012374095 2.707422053925538 
1.012037545737126 0.577284886163977 0.008321478097251618 2.706880978415461 
1.004298337352169 0.5859976802816863 0.00745278879734409 2.686048700577813 
1.008459132057954 0.5822045769413173 -7.488553574585576e-05 2.697699889574606 
1.010697513378699 0.5772820444006228 0.02655829324790599 2.702626491881911 
1.003469912647359 0.5841604030290058 0.03422195243182217 2.682784252148925 
1.000752274357902 0.5895903197838807 0.02269117216704074 2.676537311463137 
1.010342456699078 0.5779157291029688 0.02657900370444583 2.701861827399304 
1.000808694990946 0.5886192402815107 0.02291732780604828 2.676184856522259 
1.007316721027482 0.5831309313386694 0.01751334285593763 2.69457572607332 
1.007395855239192 0.5830983049841859 0.01771101385977325 2.694783295212905 
1.000929269980354 0.5889583367729396 0.02200690589129699 2.676776866484849 
0.9988791341234275 0.5919670919294361 0.01433132415352729 2.671589862314833 
1.026085405379122 0.5585792036030037 0.008173960977423823 2.743815954027123 
1.027421102306063 0.5554977105529439 0.01725679219293884 2.746815554003726 
1.022339364391432 0.562412541929771 0.01837221459814823 2.733407666174627 
1.026359521665356 0.5580360119734292 0.00835395551466034 2.744432838729921 
1.022305785997218 0.562861272881652 0.0180628324051644 2.733535969233452 
1.021938927936512 0.5647104115314465 0.0077324502558831 2.733157265247993 
1.021811036792244 0.5647641588076869 0.007145781948488238 2.732731248071731 
1.021906147111725 0.563160066004241 0.01857017329365544 2.732342080871691 
1.015719611417885 0.5717118737335518 0.0181022793191102 2.716250051258808 
0.95604281211937 0.6209499704165735 0.009314034775853132 2.549017834939496 
0.9434356766187301 0.6236595260843071 -0.01748244003118211 2.510607562474406 
0.9614729400043883 0.6104200955690727 -0.01645795252230281 2.560108361281678 
0.9569622035427622 0.6206555508158549 0.009140369274824497 2.552012651184429 
0.9612912959027724 0.6130835641773895 -0.01474273692998853 2.561263322337591 
0.9705480740231831 0.6130536221747048 0.007441513038473189 2.591144064363066 
0.9694073486311988 0.6153662756674183 0.006096713561171375 2.588868066741133 
0.9621143286579904 0.6114977008243706 -0.01364384153760379 2.562911712250685 
0.9730154022680375 0.6067048147839995 -0.009555320067154538 2.595297418904657 
0.9259585779118241 0.6338969858451309 -0.03983912964548427 2.460468861063468 
0.9145283193711947 0.645045201988184 -0.06831892456193846 2.436760891074131 
0.9419337585284958 0.6155599419287324 -0.07413134833783823 2.504213678766695 
0.9266044307128026 0.6345984427899941 -0.04051525648493956 2.463401106579949 
0.9403182334653143 0.6145545654259675 -0.07227787410915965 2.497557360645677 
0.946124782484656 0.6162858573347292 -0.04658027836487724 2.514523683579754 
0.9453591934747803 0.6176967599914044 -0.04960994310021075 2.512236258123923 
0.9427351637369965 0.613475639758524 -0.07302619769696414 2.504939109574456 
0.9593125290827381 0.5951179572709995 -0.07041142068976555 2.547198116702075 
0.9216737159971872 0.64116813876338 -0.01319862959644039 2.452610207150248 
0.8968110280989622 0.668433004488717 0.002204532196427247 2.39472199991746 
0.8908949735198874 0.6649536991372944 -0.03320245594006126 2.374759977823647 
0.9212555022515435 0.6418679101352667 -0.01431331819863177 2.45166930716674 
0.8942428334810102 0.6640290030492699 -0.03562069700633241 2.384514114960098 
0.9256622779809642 0.6321743940557589 -0.04148193402650165 2.459488510076173 
0.9282217681212785 0.6323192481187435 -0.03854095628935385 2.467300763837388 
0.8936209814710857 0.6641965711423969 -0.03585273599886547 2.382349167296687 
0.9110238345707934 0.64606497434801 -0.06507822792893259 2.426217968697607 
0.8902140405848322 0.6635765993065355 -0.03549381243902772 2.371268678844088 
0.8972389957727647 0.6679125178249277 0.003938060317930974 2.394060177348711 
0.8628172502073168 0.678946668165363 -0.03376035461254002 2.304261777053874 
0.8940049567184977 0.6630880180461186 -0.03249105117201134 2.381291417994099 
0.8637304896999569 0.6778561263553341 -0.03457231009828983 2.305963460573595 
0.880934856819459 0.6598185414452894 -0.07396185026092388 2.351349412991703 
0.8821064458349451 0.6569770404231898 -0.07376526744004586 2.353324780707975 
0.8614753550104971 0.6819745302216462 -0.03375908271734655 2.301071621289832 
0.8467948121706311 0.6767178768721887 -0.08179370384888346 2.273862372708783 
0.9704583973597065 0.6138860774106565 0.05933020226237514 2.593062430002667 
0.9497375061060047 0.6274243909604771 0.03722728486193362 2.533969564335562 
0.9613944112751309 0.6170176844818394 0.03125817983855292 2.564378952966777 
0.9705851781478407 0.6128897675881633 0.05844070809445701 2.592993255815283 
0.9621323931248376 0.6175348594328666 0.03272097969151671 2.567164913524785 
0.9773518632353114 0.6061310164950777 0.05084383718373148 2.610202561983295 
0.9760366846249807 0.6073355852208276 0.05101483289968409 2.606752642601863 
0.9630555947671903 0.616100778172479 0.03240048555315613 2.569355673811371 
0.9721342696668933 0.6138382962019688 0.02949080767371955 2.597304736056109 
0.9947054495667986 0.5925732183619753 0.02994142070506126 2.658448767472635 
1.003493440935767 0.5834475578081764 0.03513727214777153 2.682426320945 
0.9974319163835614 0.5860594320411509 0.04007694413563462 2.664025035237295 
0.9947030007347769 0.5917769100643604 0.02903010768362901 2.657949362635035 
0.9972514922483658 0.5867002707676893 0.04083701951892885 2.663765273192856 
0.9881744961305489 0.5974069234552597 0.03390471301299332 2.639876946994751 
0.9882803353276439 0.599021553200795 0.03396513024534501 2.641180355161889 
0.9975465903863576 0.5856818499828678 0.0408359905875731 2.664084454703078 
0.9909237794125084 0.5935035513828741 0.0490780964117408 2.647281256598132 
0.9917136671021892 0.5663276764303263 0.111616039425343 2.638778058791716 
0.9867333603182988 0.5625024140887668 0.1494958985876876 2.625182665988403 
0.9782781646707559 0.5959220456312765 0.109735788343692 2.611849152019744 
0.9899648397321633 0.5709678602771203 0.1121728687668095 2.635813874942195 
0.9795013330183153 0.5933177720662655 0.107592110381269 2.614210730052132 
0.9865255191035338 0.5870917878035198 0.07985936955390532 2.630818465688627 
0.9880799813842719 0.5855985245009121 0.08099697621636424 2.635119508716614 
0.9807820297124553 0.594210519420335 0.104404161379546 2.618655605603061 
0.9845973858961267 0.6001565999977142 0.07206388419337825 2.631701066521922 
0.9837052432392113 0.6041356037932677 0.04330554279490942 2.629593294221773 
0.9735236202768599 0.6131941873386568 0.03004942962548482 2.601477232816489 
0.9817373142446848 0.6054078591959069 0.02310861320442677 2.623230932656075 
0.983802034606055 0.6033839371574271 0.04265701991990948 2.629497017612975 
0.9819902473600238 0.6059398678410456 0.02406271879210686 2.624414558616945 
0.9887728814985747 0.5981197036731327 0.03388014436741735 2.642227129194762 
0.9881687135989935 0.5987369419058296 0.03351685735008115 2.640623847465204 
0.9822168395468504 0.6037105627122217 0.02414454675522477 2.623822936404884 
0.9872858218019743 0.5987710557085764 0.01977733324280016 2.637400150282716 
0.9984475173557336 0.5818005486316531 0.05534569657807645 2.665597938950198 
0.9905349526578523 0.5932982025852623 0.04973595834916716 2.645901168565557 
0.9973983728560742 0.5861253039068179 0.04008568708536427 2.663887644308526 
0.9986950563977531 0.5812593960494604 0.0544462802547084 2.666099012193981 
0.9973706491673805 0.5864815730462082 0.04068423366561561 2.664043825587659 
1.005231768318666 0.5758437869413343 0.04411258134577471 2.68416062653345 
1.004753024035743 0.5771334855102747 0.04442469958474072 2.683380647341103 
0.9972763219794436 0.5857715673870348 0.0407280951612459 2.663367690110536 
1.003284829079204 0.5837930105847293 0.03464353663418387 2.681953465097905 
0.976521842727056 0.6065582468285313 0.05080827021355753 2.607942494543019 
0.972951836688514 0.6138301865460126 0.03026310494009951 2.599979732774324 
0.9847312557957658 0.6010715335431535 0.04348609690503796 2.63106747046191 
0.9779790823340153 0.6055970212875916 0.05125509551839898 2.612162470917924 
0.9840388197541278 0.6018647243800717 0.0419592783900393 2.629312606237217 
0.9876749689496143 0.5930613322502881 0.05867753994683152 2.636718899221576 
0.9874070703490202 0.5927934593471609 0.05828213406793935 2.635739086817004 
0.9845184093471124 0.6025290511877199 0.04330464226088898 2.63133184333052 
0.9911734566945651 0.5932025422769124 0.04983325847382949 2.64792970663167 
0.9458472453381424 0.6467108820464047 0.07952117983506345 2.53581508778545 
0.9302852465115413 0.6675031619555549 0.08919496528231301 2.502727115103789 
0.9039457833847945 0.6730872738065035 0.04256938399467108 2.421264512065556 
0.9445259924105034 0.6500196264388635 0.0795929970459562 2.533968121222658 
0.9042078561204288 0.6717447381053819 0.04289966240650801 2.421350004407322 
0.920817731952384 0.6548477876342375 0.04036454813655668 2.460803320256356 
0.9225421797490347 0.6541270847938535 0.04149179473287696 2.465127939350024 
0.9041658932976601 0.6718056896057055 0.04037514899753381 2.421183223377614 
0.8941503463999494 0.6663295935383681 0.003770198872601507 2.385277997705668 
0.9771724592367113 0.6114520449867656 0.07509547105499076 2.614101411624229 
0.9566800017426189 0.6354007036145419 0.07209883134348614 2.563601723524318 
0.9512888506175368 0.631468914819336 0.05130522734448732 2.542144004574461 
0.976205104135244 0.6145583974043191 0.07542077220186473 2.613297871564026 
0.9521426978558509 0.6314075141959894 0.05238470620455215 2.54484205083784 
0.9715509628651715 0.6128606937156453 0.059007600298648 2.5960296149926 
0.9719869558435225 0.6122287247610401 0.05982839484374311 2.596694673285764 
0.9513270957738476 0.6322076891109579 0.0514017826750244 2.542809226611695 
0.9493618002206656 0.6268533106874231 0.03675590009875972 2.532394202025896 
0.9825023956789893 0.6054009799444984 0.09633124657174648 2.630213003649052 
0.9699678493303672 0.612831013739904 0.139140315874375 2.598909340234954 
0.9734341898613926 0.6237564927773886 0.1019360389985563 2.612900908500148 
0.981847241050024 0.6054892380925939 0.09675174908562391 2.628178969373841 
0.9721680310678692 0.6248147291695094 0.1015603583093552 2.60929165188374 
0.9780934188878672 0.6109649445068904 0.07200704025090317 2.61719526344203 
0.977264583545231 0.6116638087757321 0.07329571870048041 2.614894571906431 
0.9710305566025318 0.6255611048335615 0.1007240914062199 2.605935886026932 
0.9581527140636795 0.6344854340350338 0.07287855924019662 2.567686107048148 
1.016667691155091 0.5694509387448592 0.02659725913657278 2.718326036859213 
1.018680504633651 0.5620619600896297 0.03682373541168838 2.72132840138503 
1.011647762669128 0.5721879709136991 0.0381192237686399 2.703402795124584 
1.01706049226262 0.5689183128008142 0.02697450156668856 2.719329807009763 
1.011616446194588 0.5728074175269724 0.03743822704028442 2.703624288693271 
1.010517687850724 0.5779027630861953 0.02621806003399697 2.702452603213805 
1.010446339446728 0.5778466122642074 0.02577984874655528 2.702154747906222 
1.011385008473474 0.5731918534041988 0.03821197786192005 2.703064065723574 
1.003415829544599 0.583519852408346 0.03526602987706425 2.682256559440622 
1.004183958118357 0.5537192354203705 0.08031079778279511 2.670486270775342 
0.9941980636949334 0.5697297369717227 0.08501708419632066 2.64662314519003 
1.00171901244411 0.5665838908918792 0.06495157713613343 2.668334140002946 
1.004416785891424 0.553279685843362 0.07891499356802927 2.670990960081117 
1.001977442793674 0.5669701906530523 0.06699840666950525 2.669578101477042 
1.01020497880923 0.5546740774652649 0.06239008896843766 2.689942643248008 
1.00963870285002 0.5585100766165088 0.06328322082819426 2.690234441805235 
1.001908634897555 0.5681483149916975 0.066991365161039 2.670024360777683 
1.007834307552996 0.5667977915652441 0.05560366201050213 2.688408900703458 
1.023722953172602 0.5504761309172496 -2.188894920080051e-06 2.731422424438203 
1.020829482559437 0.5516342462013272 0.0001111308660113239 2.722249677171058 
1.020826093136169 0.5517099939305073 -0.000148480379701303 2.72227933483894 
1.0238443437063 0.5506185340551033 0.0001311622817713401 2.731911860408423 
1.020707561116259 0.5518672295419595 3.585161558623573e-05 2.721957511557799 
1.024531535624991 0.5502325146057052 0.0001461410249731398 2.734033797362214 
1.024519699430626 0.5501391182717156 7.058072525451698e-05 2.73394097069865 
1.020816156321334 0.5516505599201343 9.486602982156481e-05 2.722212291854307 
1.020812190559557 0.5517336713491766 -0.000206474762064825 2.722244225291444 
1.031877958716788 0.5464678151534567 0.001792756962605768 2.756981809110884 
1.028240685353231 0.5490409547088907 0.001458565701866407 2.745979081146541 
1.024816659779157 0.5499742568371659 -5.737006790695041e-05 2.734845752222159 
1.032072385855255 0.5460760420196763 0.001613188245188232 2.757433949285083 
1.024644567777826 0.5502921409046472 -0.000135064020216721 2.734429398155442 
1.027494622468692 0.5491408824747847 -0.0003455280986567424 2.743497911743939 
1.024701075216317 0.5504578244580427 -1.553440284390022e-06 2.734728704459706 
1.020796232794054 0.5517925333528719 0.0001158634952633353 2.72221737796403 
1.023643027991195 0.5504364457079807 5.678311072682018e-05 2.731132097474339 
1.024612124285657 0.5503431950007973 -0.0002445434385100492 2.734364053160907 
1.023841297762857 0.5503624608228905 -3.782962909921574e-05 2.731761358264944 
1.027638989483206 0.5494251575983619 0.0009353556574580125 2.74414275420513 
1.027776312166986 0.5493569655084497 0.001104956976884659 2.744574043420873 
1.023761062758534 0.5507036875141221 1.359823797348371e-05 2.731665846225574 
1.027768054182423 0.5488879315354075 0.001157914890974392 2.744296801680418 
1.042992728432057 0.5350294129071634 0.008670632923690516 2.789028642158472 
1.040826874254454 0.5397972269741029 0.01307860543670336 2.784116223410819 
1.042605223374498 0.5376921189290744 0.002513422032157498 2.788998953385998 
1.043503026989329 0.5353503323027248 0.007838256764660864 2.790947874804157 
1.042427093549294 0.5389449694790196 0.002526005947475851 2.789080607735902 
1.043444868378938 0.5405913042328011 -0.001040176809699014 2.793382013687425 
1.032171145517765 0.5278800283439127 0.02379666894775395 2.748594123860824 
1.036466987923146 0.5133859714155857 0.007802330757603086 2.755622009855851 
1.029945225515831 0.5199801107674202 0.03576395433734552 2.737316307801636 
1.013648155019904 0.530736175504024 0.08888203177295297 2.690742413987209 
1.013075825994443 0.5390835649509153 0.06898065984149737 2.691693346469084 
1.02091657174867 0.5205946074679908 0.07345943995767408 2.708790235921302 
1.013468744713011 0.5300309476943013 0.09048290641153298 2.689885396595786 
1.020880825331713 0.5190729783104664 0.07329128683669224 2.707935415224827 
1.025744889345369 0.5011639077931908 0.09414107327693227 2.717242274822769 
1.019371777478504 0.5693339675238973 0.0001352439381903062 2.727038182770271 
1.02586764251385 0.5589942924275044 -3.946932825844781e-05 2.743245218902832 
1.021762843424772 0.5645407878573813 0.007917580480591147 2.732494058330549 
1.01882654631991 0.5695016554424379 -0.000447404321572237 2.725285386849152 
1.021757064731388 0.564573342550624 0.007771721145605203 2.732436961743691 
1.012521433665018 0.5769257256311823 0.008450392200495845 2.708318846505639 
1.01248200444099 0.5777352243812109 0.008450822992058104 2.708641142951627 
1.021964061907601 0.5641736688268479 0.00766562981405696 2.732854699964731 
1.015661358887369 0.5720790304389026 0.01781842439416634 2.716268110696725 
1.029770337175224 0.5496508500142259 0.003174179813180874 2.751490064304913 
1.033769105868161 0.5468266912373605 0.0110150833542869 2.763666697826008 
1.029231252257998 0.5538623799807726 0.008960489266365347 2.751959567197325 
1.029876715509032 0.5490310847648315 0.003130078374573908 2.75153136336947 
1.029216668302715 0.5541467187167382 0.008057651167811649 2.752065315318797 
1.028190860758288 0.5517022962588396 -0.0006097608604182593 2.747226728536893 
1.028668706016694 0.5511180891487311 -0.0002960791381382086 2.748520708997839 
1.028331365448407 0.5542044034934811 0.008557005126651522 2.749093079240342 
1.026240332165052 0.5590101236520123 0.0008143237018538593 2.744562950178269 
1.039805840141625 0.5330220760199365 -0.0004340977094498315 2.776996435863468 
1.034023127044444 0.5323988786785494 0.01780614319566143 2.757110633455442 
1.037966590602725 0.5361102243467898 0.01094600245278345 2.772401797541044 
1.038154039703676 0.5349135876797655 0.01106599144128619 2.772368554457006 
1.033839175257343 0.5333268921172232 0.01849124684547127 2.756967740112475 
1.030685081584615 0.5422406234012441 0.02667987243014011 2.751037658105076 
1.034773670675556 0.4952597429952776 0.04042749796801883 2.741751731873673 
1.025649039293106 0.5212313833830329 0.05140555593405131 2.72393816358667 
1.029269884390009 0.5218489883464791 0.03524272914825804 2.735898605909589 
1.029647751655429 0.5208023505710287 0.03517062243084171 2.736622925943314 
1.025743245605563 0.520556744543737 0.04978624490030326 2.723852987294739 
1.024302927453169 0.5377369700981477 0.04383605637934997 2.727604125432946 
1.003291362769234 0.5559006008981384 -0.0003995808714123198 2.664265877371607 
1.001247526294566 0.5563175574332854 0.0001047913339826416 2.654619493884677 
1.011594448133624 0.5543591965322912 -0.0003329498409504597 2.692411486960733 
1.003678788419021 0.5553252098555533 -0.0002773499545084839 2.664870351062719 
1.01126105407554 0.5571387118122503 -0.001197761069579327 2.69333940744041 
1.013762519187736 0.5674886232976473 -0.007059995867063844 2.707816497287286 
1.013803082526378 0.5693103960381551 -0.005704165418539099 2.708559527874987 
1.011900239024386 0.5566036590206437 0.000147861641529442 2.695346138371016 
1.018395325108238 0.5753014077407745 -0.0002222997097135567 2.728249490602848 
0.994903472774281 0.575705734083469 0.001377357004168448 2.686318602166028 
0.9825329313513694 0.4872945173320321 -0.01127320079859565 2.617916809387719 
0.9908931408957019 0.5842085860720131 0.005026912139272855 2.672562214510502 
0.9960510905800321 0.5675503260965945 -0.008307597355450442 2.671155039415356 
0.9921153672720167 0.5658362526653519 -0.003634006907207471 2.65710166120114 
1.006920926055545 0.5625798408087496 -0.001021239841616639 2.67106319686477 
1.00613652290889 0.5620071688131145 -0.0004091337504553157 2.668864842422889 
0.9934415453190205 0.5660678454244074 -0.003186727472756099 2.660602187998936 
1.002967053224798 0.5596012043631579 0.002515299938639022 2.656199418941708 
1.023180183979527 0.5628600860627435 -0.006500706283868457 2.732336988539545 
1.014847631335972 0.5534965404437808 -0.007143606408686082 2.708681746054361 
1.019552512928973 0.5640026700323311 -0.007217275887538142 2.720508820637045 
1.021814073701394 0.5664860215988935 -0.005680689899726725 2.733553176485863 
1.018550968216684 0.5643916982374262 -0.007010667867288254 2.720638195878233 
1.022498394879715 0.581062568927902 -0.000428291664579574 2.744659047056261 
1.022208167498759 0.5810881731852308 -0.0003668104638853971 2.743790048885872 
1.018832859283551 0.5652525201775602 -0.007183133414419784 2.721890187052435 
1.018173546861255 0.5772083064062459 -0.001121780692878929 2.728083351538573 
0.993595052954833 0.4617019162150161 -0.0008452087904899688 2.633290619252247 
0.9936479340672216 0.5554533661402894 -0.0009201958466862156 2.687028045559311 
0.9989423262476927 0.5549712707968342 -0.001289244312806357 2.704695069412403 
0.9995581809105976 0.5423046369041141 -0.002010066674132375 2.696829341223719 
0.9929262839816612 0.5478933530740936 -0.001005294631376044 2.682877293260853 
1.015082050320419 0.5535955877460277 -0.00663195619127912 2.708363942443271 
0.9984127406011746 0.4569983086184424 0.0006774222745798398 2.651181871361772 
0.9999719343293663 0.5399600011792148 -5.811849097351677e-05 2.697413381262679 
1.001592266475797 0.5380796501456941 0.002004109465470963 2.701269195477948 
1.001307309116353 0.5294628538822326 0.0003418915365180064 2.696800533067014 
0.9986359940597507 0.534752534382093 -0.0001570838380472617 2.695875586818888 
1.016800831731939 0.5471133110917039 -0.005537014600754587 2.714324496578996 
1.015639571165777 0.5820124842561268 -0.003111784597353271 2.721596782900179 
1.016376843758277 0.5586757569543794 -0.009972758525470769 2.711176536793942 
1.022981971494847 0.5729414410869407 -0.004472949540260948 2.741285659909973 
1.015981834933269 0.5813584080670494 -0.003316105507994381 2.722435469052488 
1.023230741889895 0.5736964557706901 -0.004411577563508046 2.742527378194356 
1.022415643377994 0.5869282434010231 0.0001271826916000798 2.747276957647159 
1.022200762616272 0.5874310480259269 0.000320818371917905 2.746824992707397 
1.022814816663579 0.5738282419650734 -0.003776115695203873 2.741209739463499 
1.02547683613925 0.5824500809198676 -0.0004186829686424576 2.755052469514406 
1.002725313638006 0.5970121936617815 -0.0004224167258874565 2.687291644970107 
0.9977698738312756 0.5982235932744301 0.0003761412350041386 2.671538259395888 
0.9991734217196093 0.5969063104071467 0.001027176240872614 2.675411356173115 
1.003854242868149 0.5972289098615861 0.0009902908657347218 2.691173030654649 
0.9989531950224448 0.5968639158254421 0.000994309142882804 2.674625356705327 
1.007215738045485 0.5913545196945549 -0.001471681545437915 2.698897740705916 
1.007003612561276 0.5909616205092469 -0.001754202886872173 2.697954665573037 
0.9987063330162397 0.5984485082395253 0.001044300247298669 2.674726945551388 
1.000679567953485 0.5884577937811244 -0.004340400138079958 2.675442093986239 
1.002275796296842 0.5080411118307524 -0.001583121893675373 2.685572036151755 
0.9987466626901303 0.4543367935880959 0.0002156073740586421 2.653705594521409 
1.000082632670126 0.5089580418189156 0.002096116195711246 2.678705818600274 
1.007736831496896 0.4499292612415655 -0.005182925744054302 2.680840518128564 
1.005200179248742 0.4940217417094383 -0.009483330943789142 2.689090158138469 
1.008900621530914 0.4878314093729245 -0.01923961449953588 2.698790535497011 
1.00789969535319 0.4854318072466022 -0.01935080422553785 2.695577835880808 
1.005481707000326 0.4910403803144723 -0.009235736403170167 2.689310145493407 
1.002829407777205 0.5067540518321674 -0.02239181110769814 2.69180215189248 
1.010028131400144 0.4852897025967663 -0.03138174017309279 2.702440446751682 
1.01780268614123 0.4432532149452129 -0.03076485577284593 2.712226492094709 
1.008157435404828 0.4873864364423951 -0.01954152787137177 2.696368160786779 
1.004268658369126 0.5871586725877947 0.007681126398955075 2.686579782174646 
0.9992127860094741 0.5924485405650931 0.01373502484736014 2.672990357586682 
0.9963023285770901 0.5967983926806517 0.004920028120762547 2.665816626829293 
1.004070092361657 0.5868831692242331 0.007598381241512156 2.685770996300989 
0.996412960597187 0.5958736515579528 0.005392730572939781 2.665646659181919 
0.9997842030675079 0.5922580541644369 0.0001529580020978709 2.674660844555304 
0.9994768217490841 0.5922625544884063 -0.0002193431997129824 2.673635988530627 
0.9973973310947453 0.5958114102260554 0.004578241193105434 2.668871734165492 
0.9962500107852319 0.5978420552362775 -0.0004058234728188425 2.666272450807508 
0.9695839638604475 0.5425500860769682 -0.1107019977758062 2.600783839017801 
0.9879013556544425 0.4960776399056291 -0.1285884096118817 2.641273989900204 
0.9881178954549852 0.5095321658833303 -0.1002020072402669 2.645894101482816 
0.8614576743993261 0.6805240056666921 -0.0333519726948216 2.300377872405586 
0.8979348486188319 0.6652663279536044 0.005921432146017007 2.394993401197501 
0.8778260029017666 0.6809571720540636 0.005942751664536096 2.346915569195765 
0.8604942886677042 0.679230920740548 -0.03478187241599864 2.297851878731489 
0.8781474233503987 0.6832860465873898 0.006731535414163189 2.347201781244632 
0.8343969260409894 0.6971845996220751 -0.03853959970256681 2.240705712688326 
1.001294324480424 0.4948792421577062 -0.07664409354325619 2.68115342240044 
1.017302500215651 0.4504231861478806 -0.07532630050337669 2.715088697604854 
1.00980983216964 0.4829737228789008 -0.05838221765693966 2.702651605195967 
0.9538322089936374 0.5628034910372 -0.1374192788996289 2.568716476070056 
0.9614645272526406 0.5738170062002402 -0.1017169847692723 2.57787830164239 
0.952944542214874 0.5982178596084394 -0.09624559676228341 2.552837234342979 
0.9542366618849223 0.5960026819181965 -0.09569869228704553 2.550328041392709 
0.9623825711394253 0.5745082042134914 -0.1015189123280097 2.577530268738963 
0.9604939551220467 0.5984112866718113 -0.06725135714325438 2.547951705627575 
0.9624927080180624 0.6384788533238343 0.1199651837029639 2.588704612491839 
0.9484184390281739 0.6461282086955501 0.07882582016478669 2.544581027074312 
0.9720075204737508 0.6224419627726857 0.1009622937239503 2.607046754408372 
0.9716261087411894 0.6257325170819477 0.1013178621656576 2.607666314684991 
0.9472496302904431 0.6460929366306041 0.08002121191346727 2.5409394510646 
0.9564497117021395 0.6339428751350867 0.07018866261710638 2.561716209336986 
0.8857025417425468 0.6595466218631458 -0.07333701423172966 2.363939296776993 
0.9054166999413861 0.6323454793223688 -0.113500561689043 2.437099533779636 
0.9281310666510028 0.6201537359057949 -0.09920425540149551 2.486667547030469 
0.8887393393971602 0.6888952697431872 0.05079993815869752 2.387987319822533 
0.8742971420905666 0.682736526621836 0.004671040118329119 2.33783860600834 
0.9057583353620149 0.6710542240195243 0.04280572921389941 2.424538862532142 
0.9035523132297518 0.6741617707881316 0.04145402748415275 2.420562105751134 
0.8754289172467057 0.681547964658572 0.005053221263328065 2.340523354093536 
0.8945763917861274 0.6654429312941074 0.0033515856756049 2.385736997403041 
0.9905574611169274 0.5692977725245304 0.1100869913456553 2.636768605547737 
0.9937909441441328 0.5705295119979934 0.08365708928735921 2.645532336259614 
1.001637339652228 0.5502717683639816 0.1066389467451364 2.662414739185497 
0.9900418581825281 0.5702289909121582 0.1122429941476957 2.635662935860548 
1.002446893478103 0.5470343253075711 0.1063318414438096 2.663330185438316 
1.003794066886886 0.5333360279912503 0.1377682636288521 2.664278172479374 
0.9745256821349785 0.5889564804112177 0.1495076734163724 2.600562509217283 
0.9795652228183156 0.6095981738982748 0.09671168175519976 2.623133156243552 
0.9815295548402199 0.59180513422405 0.1082244686967152 2.619925051911011 
0.9803056082504681 0.5958160105853459 0.1070868638218422 2.618296238249108 
0.9801864461843713 0.6055478514289759 0.09616860168194412 2.622875686061 
0.9850805183708579 0.5992027162271663 0.07046911916495294 2.632584568363892 
1.035877757323926 0.5432433908597175 0.0004482897044556676 2.768915508666828 
1.032498143977109 0.5462796420985261 0.001909220136409263 2.758993028192657 
1.027336639274622 0.5494387051039138 -2.360084385546205e-05 2.743088529472588 
1.043515984518419 0.5358847995414409 0.0006737145731847087 2.791212155357506 
1.043198840914777 0.5356363274828471 0.007436736792784709 2.790050188684461 
1.043592904235687 0.5417088425399059 -0.0004247663884860355 2.794458873205635 
1.017973469295521 0.5141340031321302 0.1160623819578336 2.699576074020983 
1.012546537927898 0.5295623396998118 0.08965763725671225 2.686459660620112 
1.026411868119704 0.5006186149340782 0.09408041943720881 2.719095545654235 
1.043588214322314 0.5363424003974597 -0.0002195227614271038 2.79167507349812 
1.039254778674935 0.5332309105287547 0.001128734799453961 2.775251497454206 
1.038491196880734 0.5356797556676004 0.01124232405058286 2.773984335887237 
1.036320387764235 0.5014389164287091 0.02004608579676498 2.7493882356056 
1.035420849041175 0.4965244577479623 0.03777394260062061 2.744482440210707 
1.028971812158258 0.5215973646570995 0.03597758475879803 2.734834783115482 
0.9989846565603169 0.4593529129341207 -0.001547174554576466 2.65181504374551 
0.9943355118736609 0.4607845519428019 -0.0005472844826705292 2.635617881448721 
0.9974566405978845 0.5551544192500397 -0.0001522458562634876 2.69964097631141 
0.999467129263461 0.4607729827982017 -0.002391280123966641 2.658057638680267 
0.9991264852713678 0.4584294881157175 -0.001203102411783714 2.655060142751658 
0.9994954263196986 0.537260887093988 0.004934803685070302 2.693373144907452 
1.013366151107753 0.446209915322837 -0.01766793125401539 2.698245693701703 
1.007601529161242 0.4501503516992491 -0.004731953861335484 2.680392678502575 
1.008738244364449 0.4881741784803307 -0.01969460400088921 2.698467884638305 
0.8437908802523485 0.6795050048252551 -0.08226503618742734 2.266448782343956 
0.8636888240566941 0.6789172106188225 -0.03215446614193368 2.306262396012464 
0.8359702279224438 0.6961984071966305 -0.03792018914223988 2.243943996104647 
0.9395672413249616 0.5921270590583021 -0.129172881458719 2.533972095834708 
0.9528886678802172 0.5626297086350533 -0.1380751876795037 2.567687143655439 
0.9556355333859302 0.5972296938349815 -0.09660955834657912 2.559787526301511 
0.9711321497083214 0.6142465903939532 0.1410788216667604 2.603657786896823 
0.9638861769385244 0.6362614900748043 0.1217540157885575 2.591931154466779 
0.9717728489240155 0.6223858991003272 0.09915264503143099 2.606410145928916 
0.9305432618054554 0.6689070221719811 0.08884696387525916 2.503500929665002 
0.8905927060938467 0.6885097038857187 0.05238056818061624 2.393453082105379 
0.9026783334888833 0.6718367601078304 0.0416271529437874 2.416441351924183 
0.9892506229188763 0.5618232367296591 0.1478690474630264 2.633076753768247 
0.988813446959756 0.5687568783713232 0.1103358670158762 2.63059454512656 
1.004447389423549 0.5333714237947493 0.1382579705836537 2.666246461845477 
0.9870514127774698 0.5631579414486768 0.149947464799696 2.626476548355711 
0.9765317266816472 0.5883135243109273 0.1484544855617743 2.606763455418531 
0.977215668809157 0.5939687790780472 0.1083165589116197 2.607105120345014 
1.027098756843482 0.5491669773686593 0.0001270180017575673 2.742171558886545 
1.024735451490326 0.5501133259640384 0.0002151968374067834 2.734660415399396 
1.020632507261095 0.5520506305210884 -4.081375929526091e-05 2.721792344225722 
1.04307705772855 0.5400940690100379 0.0004933157558127052 2.791877526689527 
1.042940104086472 0.5383282138339689 0.00234787580890925 2.790525266908391 
1.03652026996429 0.5443152887703916 -0.0003518128011983552 2.771623771989621 
1.033171700343963 0.5271741218608552 0.02444791454190808 2.751688881985681 
1.037219839877627 0.5242099274019474 0.002448182473731883 2.763593707763336 
1.035536039863039 0.5139366502285576 0.008090813205728801 2.752743410099677 
1.030436711765451 0.5211846993107537 0.03658888438196241 2.739659098442853 
1.036300349453854 0.5129249165520796 0.007436634525601947 2.75475597732903 
1.035450727347003 0.5023915586368144 0.02037709723820222 2.746927276426209 
1.026741832604224 0.5019420454460349 0.09198959563655183 2.720880302141675 
1.019930978947284 0.5194384937793253 0.07360867911439574 2.704989970465441 
1.032733421758243 0.4945815893498123 0.069461738646334 2.735886305990291 
1.03962752248273 0.5336457041886633 -0.0004991344603595695 2.776682520362329 
1.036172512749294 0.5254206471295898 0.003761690449503113 2.760700195888862 
1.034530043075998 0.5333799972294446 0.01867483171449768 2.759372353604586 
1.035839647702122 0.49418551371022 0.03994885101386122 2.744764470754309 
1.032622496886207 0.4961319502848911 0.06651200167604333 2.736178423411295 
1.024551787840295 0.5208956412471842 0.0504393750370831 2.719962936746502 
0.9937953062930608 0.4622324784227009 -0.0009251344810762183 2.634103040811645 
0.9847741892323678 0.4678571797091401 -0.001336191878046911 2.6054798476276 
0.9931041755103557 0.5548812502696656 -0.002266206182100894 2.685029497033516 
0.9992820985512918 0.4562858401072076 -2.579007753586633e-05 2.653749562097019 
0.9981871900696854 0.456439605257048 -0.0008473309180510553 2.649097159496514 
0.9998642935502793 0.5399922325838128 0.0002221571640584058 2.697236574837949 
1.002131319131765 0.5071444532109194 -0.0008269441925128828 2.684670884722652 
1.002362470238303 0.4535117111791704 -0.001739168377537249 2.664669212119647 
0.9986302701587787 0.4547747091807581 0.0005183914985311935 2.653428539559307 
1.000515580101775 0.5085153037096742 0.002191399924819502 2.679819764358423 
0.9986408981374477 0.4541636458484841 -8.653817383765597e-05 2.653488501721544 
0.9973974172125789 0.4526955852422175 -0.000683139664632831 2.648928407513683 
1.006910993971862 0.4499273218234218 -0.005566651866277694 2.677991115917476 
1.002334044678348 0.4531155322660567 -0.000734292335965921 2.664430608699453 
1.00583522685996 0.4949379174971687 -0.008369403028403541 2.691578168640184 
1.009654674667312 0.4854146070547937 -0.03164341492300947 2.701361308257551 
1.019965050813609 0.4431902266443165 -0.05047821667261166 2.719959808970403 
1.018925478172908 0.44298156950083 -0.0323114985739592 2.71593341494626 
1.007926025640077 0.4878372118621955 -0.01964474217953984 2.695650801882127 
1.017727001523495 0.4428159031119573 -0.03087537427334822 2.711788907932309 
1.014005581756972 0.4457393520265031 -0.01825845033634102 2.70026384308718 
0.9701291636514653 0.5416738199534805 -0.1094084448114371 2.601709337602792 
0.9653659260479366 0.5332416423546849 -0.1411647029340152 2.588903688065706 
0.9883347692765422 0.4968509018022952 -0.1317525592118456 2.644209972881419 
0.9873954147361806 0.5084891439206894 -0.1014375081275112 2.642919935580012 
0.9897830384154346 0.495138041329232 -0.128397806347081 2.646755979250091 
1.00856158501172 0.4685966115683097 -0.1056091476574842 2.695047735896211 
0.8327009011219697 0.6980915576224629 -0.03758213172064375 2.235321468577944 
0.879379816370817 0.6814936400036599 0.007176595344649171 2.350684084276432 
0.8530542782531326 0.7001173730371445 0.008591244083971872 2.290868956834868 
1.000311263419459 0.4955061257976386 -0.07672036748403271 2.67851641415356 
1.007703097046463 0.4669980249071839 -0.1027650225932679 2.690992201736718 
1.018963226551148 0.4502223929053283 -0.07768641102168307 2.720397858442195 
1.008883444692618 0.4831568944022188 -0.05968009831332344 2.699132708055523 
1.017377432932416 0.4500509276870722 -0.07551009700559699 2.715358024076763 
1.02104594533105 0.4435193882598741 -0.05250878831245163 2.724196023459803 
0.9523069910706068 0.5622009152115709 -0.1378217182306238 2.562585427151676 
0.9635057355776167 0.5358836677772379 -0.1418828599892272 2.586890234121499 
0.9614810097760667 0.5753916862962615 -0.1016724245342198 2.581097994487941 
0.9632830893239194 0.6396286862792414 0.1208084648957064 2.591497401064576 
0.9325036892697267 0.6659194316347223 0.09148232274426794 2.50886626439365 
0.9465586425258714 0.6459953029669255 0.07694234697726382 2.538423216742438 
0.8868492090590789 0.6559019332865792 -0.07090293883400182 2.366317329975304 
0.8539707144406766 0.6743009148412792 -0.07993543842552431 2.291775005557813 
0.9042618030650449 0.6348761184622035 -0.11534642462277 2.434925009280561 
0.9290412327036258 0.6203752633272802 -0.09969243852154308 2.490317885225652 
0.9107562221706814 0.6303721451482096 -0.1141338058435762 2.452345416817113 
0.9436013568216672 0.5923183932902971 -0.1312774069857762 2.547441341191415 
0.8890115843434369 0.6903614313996811 0.05001510073470227 2.388947711779256 
0.8529762910725982 0.7002283354861047 0.008724239973971952 2.291007374171356 
0.8741460251275808 0.6817239080415609 0.005084454943488869 2.336419024883195 
1.005791223648432 0.5332854337315165 0.1354931125437652 2.67081017449309 
1.000856219087422 0.5480284551681499 0.1061168080835161 2.65863559234958 
1.017222470064102 0.5128142384501343 0.1190115009874054 2.696363317556597 
0.974988452362259 0.5899004454713241 0.1503727122542987 2.602597296787784 
0.9712766256442907 0.6118739941301099 0.1390372803056457 2.602644402701669 
0.9790449504163867 0.607315921825792 0.09523457759000886 2.619975273679839 
