1.000364594938525 0.5915001810165227 0.004297757387566855 2.676156576382912 
1.001443885624407 0.5893369457067017 0.002029426786477571 2.678463320542806 
1.001402152813441 0.5899883232398089 0.005304511163192496 2.678723115606215 
1.000369208835593 0.5912695378070341 0.004527312260964346 2.676032757247124 
0.9996096875980356 0.5930176694835054 0.006527051401806837 2.674558648505572 
0.9981327672485777 0.5954898994289161 0.004071299888377428 2.671109536928258 
1.00434699366046 0.5843296369136901 -0.0004625423378931717 2.685201439122252 
1.005679657526688 0.5810956147638194 0.005863061006823841 2.687799476072122 
1.003954312296944 0.5847103355176367 0.003214037708867744 2.684123274327125 
0.9978108580115379 0.5959933302700446 0.009714934747067507 2.670375881656063 
1.0008101992725 0.5902195403611512 0.009656671662510873 2.676912234375299 
1.000069817072585 0.5919459688375253 0.01376095558218176 2.67552335519191 
1.00807314731498 0.5749385909074295 0.03749233603696168 2.692956834855186 
1.00562342613757 0.5814771279421893 0.02417514518109719 2.688046580268412 
1.012987015731321 0.5662467684146777 0.02011739867256976 2.703980229811161 
0.970037762860401 0.6386133973784679 0.04474636922182268 2.606959008970936 
0.9810861233572573 0.620677300782606 0.05233700285446614 2.631582862763771 
0.9718285924978926 0.6345807424710325 0.06596016400867494 2.611380153923311 
1.0021868498857 0.5828017938072511 0.07457568568131236 2.679893863310518 
1.006409871286285 0.5762886949179457 0.05242662260561747 2.688713904671906 
1.011783058215679 0.5649078617428696 0.0790257427044727 2.702024849795912 
0.9902019318624916 0.6058330768261468 0.05214528598345666 2.652499008139694 
1.000528366235947 0.5887053896904164 0.04933994193044949 2.676105474143453 
0.9950764520422732 0.5988511560198909 0.06229868092441802 2.664899677626518 
0.9468392770245204 0.6645192997763203 0.08124230650435044 2.552594283411457 
0.9608709333143213 0.6498402813490626 0.05721345199760459 2.585350091072011 
0.9626043619292641 0.6438988940488254 0.09270994409264706 2.589743038515512 
0.9957221719929951 0.598177397743772 0.02647503666347606 2.665056386817485 
1.000193331570311 0.5912660549515005 0.03421952734794019 2.675994417183534 
0.9941532404311187 0.6003229237254274 0.03686554198937165 2.661498696808806 
0.9840652052420388 0.6181763128249217 0.02542123268224513 2.638885139471585 
0.9905968719853904 0.6073579547357308 0.02887590794072897 2.653693145110154 
0.9858322238905287 0.6153045135987033 0.03643607970448269 2.643248655731953 
0.9829723817580206 0.6209871531533397 -0.007220393957903493 2.636780150604368 
0.9835094520658566 0.6200722775752674 0.0003330721808353982 2.637929263617608 
0.9789970004387337 0.6269909032471509 -0.002946860023969235 2.627547403727012 
0.9916541913176566 0.6067284249619155 0.01142368675052067 2.656508208335368 
0.9952892084485595 0.6003683798741883 0.01153870188432151 2.664644231243094 
0.9929466534193386 0.6044728981984357 0.01783250777551657 2.659498172916048 
0.97362817596629 0.633393723041447 0.008694644927302925 2.614251787186511 
0.9814402740727692 0.6238157973140555 0.006135576908549488 2.633507589663846 
0.9777147279321191 0.6283113472641446 0.01926339290784573 2.624409202827755 
0.997762178185492 0.5960670526244456 0.009325934543317396 2.670251003909447 
0.9998896476301321 0.5920092635413071 0.01416871190974179 2.674964766215428 
0.9973286256581287 0.5962187258970992 0.01584184508118936 2.668995573315119 
0.9960388694358293 0.5980344419527531 0.02730387395784102 2.666052833025665 
1.00136658136647 0.5891441799135536 0.02384920419924045 2.678335451775701 
1.000417480521951 0.5910662968510155 0.03323296537770355 2.676604161704882 
1.000341708837221 0.5914320309953571 0.004097661613994281 2.676039706868121 
1.000281294945659 0.5917003389710291 0.001760636586007837 2.675989750393624 
1.00132513114492 0.5895620940944423 0.002377539306087953 2.678203179436824 
0.9980088096338033 0.5958766958432014 0.009762400242584606 2.670962818972491 
0.9994128475586027 0.5928934048346174 0.006825218074785755 2.673825091749333 
1.000620142851998 0.5905204091208742 0.009949959589516054 2.67646614315503 
0.9996084803463873 0.5926429934183699 -0.0001062334265123146 2.674311074479174 
0.9999867947433609 0.5919054324143346 0.000701987381637547 2.675131845343957 
0.9995642038376197 0.592963165710524 0.001544124342518159 2.674355281044135 
0.9788381628663531 0.6199869204612547 0.0949422965246889 2.627081269462463 
0.9926987578446475 0.5968955080819971 0.08603787146816821 2.657423627669223 
0.9908674787591611 0.5967556169963825 0.1158357136013792 2.654458342896394 
1.00014231121224 0.5912778180235577 -0.001539395525335852 2.675279411005424 
0.9999805331326039 0.5917422185518916 -0.0005243245479072688 2.675012287612328 
0.9997512397044305 0.592422020169001 -0.0009294159710217077 2.67465161631476 
1.00018982678273 0.5912872219132188 -0.001477309416582894 2.675450164027626 
1.000354612843351 0.5912207170803268 -0.0003993330629143712 2.67595070037389 
0.999949061325221 0.5915184909709413 -0.0007616141505405675 2.674779658202024 
1.000171615964726 0.5911657211485474 -0.001616841943228077 2.675310356245152 
0.9992999375788745 0.5932407642716104 -0.00201224657734528 2.673638208348337 
1.000204896342787 0.5912643737001031 -0.00300200248085685 2.675482980215466 
1.000769815236348 0.5902842177048966 -0.005630098718157971 2.676805808181286 
1.001508496762282 0.5892826886850212 -0.001891497773657377 2.678663594270905 
1.000275398199363 0.5911466081800033 -0.003224001477941862 2.675654001726866 
0.9967189511314996 0.5975139803123124 -0.01181437920577309 2.667676695183157 
0.999444754838445 0.5933352413086784 -0.009775258495110826 2.674211386771528 
0.9968869363192447 0.5974090507474437 -0.00390132717822249 2.668121214074124 
1.000573090403055 0.590310738055244 -0.006107519333606184 2.676156884451816 
1.001850323256736 0.5879828359737694 -0.008267132194244331 2.679081262304907 
1.00253299342654 0.5873441961729425 -0.004259473408832154 2.680970033835539 
1.004524889709608 0.5841882917999925 -0.01061601820921142 2.685807345050332 
1.00607892368327 0.5807954321741249 -0.01794961961860103 2.689117823229972 
1.007867481187591 0.5778245082661486 -0.009727067466540486 2.693249801892755 
0.9893320041777058 0.6102497889142233 -0.01044345464318814 2.651008007117913 
0.9861066825803043 0.6151392647258337 -0.01005946462344555 2.64340988535845 
0.9868726551594651 0.6136065961212201 -0.01545075469365513 2.645047385505907 
0.9929187124291129 0.6045904414278465 8.526479270153578e-05 2.659314625195909 
0.9916044604993544 0.6068170704491977 -0.004739634951326529 2.656334424331658 
0.9939793039385951 0.602648528970367 -0.006250067180626613 2.661653820912639 
1.000786870960804 0.5904326151428134 -0.005395680948291299 2.676942295506734 
0.9993640740835794 0.5920720961706716 -0.009278479379211573 2.673204142977764 
1.001938231300716 0.5886899284879981 -0.00794040434595417 2.679764137393061 
0.9961800436618155 0.5982731219199555 -0.01233947575013966 2.666338900629512 
0.9988366867029959 0.5932067848447248 -0.02061218000311954 2.672299043228575 
1.000237321879258 0.5909508675337644 -0.0148341270176973 2.675519033759005 
0.9922541461433054 0.6038527420345393 -0.03324435498107232 2.657187597192901 
0.994097745937512 0.5992490799265544 -0.04666909062612824 2.661042469182525 
0.9993193451238356 0.5914683064262075 -0.03647746612328209 2.673302013510972 
0.9890751301218335 0.6107146308089011 -0.01046999342807867 2.650440774789854 
0.9896419463739974 0.6094243838348747 -0.01895197881051073 2.651611149330622 
0.9929548708092382 0.6036410338728468 -0.01311536112778383 2.658940298949978 
0.9786859097602879 0.6249461887501174 -0.05268955250701973 2.626636632498802 
0.9686401574211864 0.6378984016437778 -0.06298791635028997 2.602910487052575 
0.9768780092306993 0.6244511587441949 -0.07211001643908971 2.621708424636808 
0.9987727575421944 0.5885234289909499 -0.06732993431503942 2.671350844480422 
0.9872108200256609 0.6105315196233722 -0.06612917228788713 2.646244516237163 
0.9909450368894896 0.5995931228170374 -0.08302176921062902 2.653204046233009 
0.9830297080069698 0.6212154960113571 -0.02428476246942567 2.637411848901271 
0.9761219173113047 0.630329040856474 -0.0250564221895404 2.620614557971399 
0.9799769071209952 0.6225349944404678 -0.0354745216231195 2.6285597332912 
0.9893561289092394 0.6104355223198477 -0.009833188653306077 2.651197804518125 
0.9871439989534345 0.6135686343725641 -0.01556219653330495 2.64590290319488 
0.9895201120148587 0.6095095225497023 -0.01905579789504606 2.651268276256645 
0.9832732594169924 0.6207323717408741 -0.007055187777164278 2.637587097585791 
0.9784672236546893 0.6274740221884914 -0.002821123967591801 2.626112527435781 
0.9775755813501154 0.628010581464081 -0.01060099164845041 2.623620753410561 
0.9926035331913816 0.6031332922481543 -0.03273353156511016 2.657924652649381 
0.98695392112192 0.6136210698006211 -0.03104238986473989 2.645678809701601 
0.9876118089829318 0.610493306061873 -0.04240522183572377 2.646316761324563 
0.9834063208136953 0.6193294606896315 -0.006687941752506902 2.637152782947722 
0.9863484621083436 0.6154864164822633 -0.009818411303080704 2.644438093707733 
0.987287704531067 0.6146388262952177 -0.002444756285993721 2.646936981759293 
0.9678018602487245 0.6439074783549895 -0.01940494330077538 2.602385976255032 
0.9581295448217018 0.655548916663019 -0.02171051446635561 2.579121773315887 
0.959397482174726 0.6520747177584929 -0.03792560939399765 2.58134137118457 
0.9832540694416281 0.6207946683154463 -0.006587782020051831 2.637558063866122 
0.9779269483489886 0.6277379308898565 -0.01139193669256694 2.624598097257662 
0.9822496998072063 0.6221001934952156 -0.01437095906449933 2.635195645079988 
0.9741059911148373 0.634405962139247 0.008524615301570728 2.616425910037504 
0.9669946969782167 0.6436518980800915 0.009902599355727206 2.59947600880081 
0.9691867225780759 0.6414137223011462 -0.003208600076131401 2.605068949004967 
0.8961067923153275 0.7211056233808624 -0.002065319972443734 2.434317381475668 
0.915796910508895 0.7044232486140035 0.01688924782742637 2.480965576776383 
0.8978476659032212 0.7205654745141351 0.03697897473722394 2.439708909478777 
0.9431327046835066 0.6737471027098937 -0.02486468574524523 2.544020484222948 
0.9338819181522672 0.6847652495908203 -0.002610090257906002 2.522556053835921 
0.9251289251242873 0.6938622518840611 -0.01799587592508455 2.50233264816083 
0.9775995095603948 0.6246042183103448 -0.05439660272654137 2.622978391066617 
0.9699378825214001 0.6401367203054908 -0.03850412789630053 2.607279707400286 
0.9681665722564313 0.6375816881952107 -0.06317799368302324 2.601249489829445 
0.9564232959939941 0.6594128803506633 0.01440511315181082 2.576115256607707 
0.9454736877440443 0.6708234131820949 0.0186521311317954 2.549430719887269 
0.9480936664843032 0.6690800773555187 -0.001251613706647754 2.556347016041138 
1.00685672231752 0.5793723369337572 -0.02999125649967841 2.69111736128848 
1.005151386599233 0.5800748209371576 -0.04701689784906633 2.686434842937426 
1.013070502695742 0.5646852116078375 -0.0436303752178074 2.704185695799153 
0.9964822598086571 0.5983731467052659 -0.01160329424356136 2.667392376595126 
0.9957836625638062 0.5994719683605537 -0.01947178140093267 2.665868663472426 
0.9987695605210545 0.5931672697978664 -0.0208136528922801 2.672059244387146 
0.9779275883601174 0.6185142623990112 -0.09859685149152102 2.623393130567493 
0.9923449649181053 0.59358153070022 -0.115361719849352 2.65742382575156 
0.9917409164843288 0.600495165361594 -0.08197113340722914 2.656224515560833 
0.9928416359344735 0.6039826682481365 -0.03168088841136685 2.659171321595633 
0.9878530872906603 0.6107930943761748 -0.04248423042183433 2.647248015683589 
0.9938779908490469 0.59944112726159 -0.04645717076120477 2.660438895314292 
0.9514855209486263 0.6603042539078378 -0.07159928080075006 2.563290953805139 
0.9526626967233667 0.6532783831967719 -0.1130589194779678 2.566598949121847 
0.9635633365446512 0.6399401691140386 -0.08988006353838242 2.590049608592576 
0.9180502191041577 0.6999397086100531 -0.06292783841157765 2.486601257382858 
0.9135633041197003 0.6977998190616769 -0.1014509108017546 2.47470335327047 
0.9386105623914222 0.6773595650707502 -0.0704069248027769 2.534635871722814 
0.9849467777553687 0.6178644868319668 0.004460803786877869 2.641279838674916 
0.9833003275979632 0.6198786338354076 0.0006583736357616963 2.637135127944516 
0.9870587147724715 0.6141983376144715 -0.0007641267996702281 2.645904187728932 
0.9914516913454112 0.6068317112748161 0.01124600471040858 2.655901157053348 
0.9879595433277781 0.6122853881556203 0.01001978578735724 2.647745849253932 
0.9902465209085142 0.6091258227091009 0.004438824738726733 2.653272068769347 
0.9917908610542218 0.6063152385491972 0.01133688998146001 2.656685485621736 
0.9891437198729209 0.6106416802307632 0.01661244229047642 2.650715115311607 
0.9879254496999696 0.6130129241009882 0.009984587082402227 2.648073200521669 
0.9961887710439358 0.5988824163916282 -0.000205091181623449 2.666680454209504 
0.9963923791869884 0.5984993362200821 0.00472425119431462 2.667141268581793 
0.9943635763412586 0.601920683739794 0.004471242250764838 2.662485720705752 
0.9555206974266058 0.6598555771352267 0.01375165856172021 2.573526271743797 
0.9482998128127385 0.6690423619209857 -0.001322903352935768 2.556888462709623 
0.9597920144961902 0.6522037087219518 -0.008146382252153941 2.581999027572254 
0.9431083059816542 0.6744682201775826 -0.02343086686009549 2.544404619882569 
0.9324507729564978 0.6855967817643942 -0.03987146240671572 2.519806894506917 
0.9444897533692146 0.6709909775602403 -0.0490142821938638 2.547522109728928 
0.9442007191173981 0.6739216107010482 -0.02336476328002468 2.547502163860563 
0.9250143503545637 0.6937835850840917 -0.01833327509663042 2.501833299528839 
0.9317571615794066 0.6856690155058383 -0.03858626127345525 2.517663508768763 
0.9180244061254992 0.6980763003704215 -0.06380388760380215 2.485172295655955 
0.9049256390395942 0.7145175539868973 -0.03668124414552343 2.455960386545212 
0.8965441465463779 0.7171059727465929 -0.0735282794264636 2.435422611480598 
0.9460117154841359 0.6666623500022182 0.08000556357276915 2.551248401088445 
0.9345580853060593 0.6803477273804575 0.0568376248036449 2.523460520690338 
0.9470734747149442 0.6692374258412231 0.03926368302153025 2.553782012707335 
0.9734214395174569 0.6350445217431453 0.007897714557152363 2.614636541161758 
0.9784582975485462 0.6270014246466944 0.01970024373415165 2.625950780015875 
0.9707694026966319 0.638869410483629 0.02164345461139745 2.608735379707057 
0.9793682945009047 0.6183246313913467 0.09373538719222975 2.627469254044911 
0.975248553933699 0.6198532866145068 0.1226768189346415 2.618401601659465 
0.9634152029879642 0.6431223584784332 0.09363106041243544 2.591923493186088 
0.9696980291225994 0.6391740166836988 0.0440150217661103 2.606192948085924 
0.9613216947203755 0.6501916962448212 0.03274244191012827 2.586126317958864 
0.9698837301704223 0.6397014703862665 0.02157935675079537 2.60636059190599 
0.9898105512443096 0.6077075536025176 0.05173877394093668 2.652248273167026 
0.9806362212126986 0.6215420893618017 0.05234335993452077 2.630859155741776 
0.9852101188497998 0.6154596604455024 0.03640287201897424 2.641237749459246 
0.9468761604822274 0.6653383519011012 0.0791570636192766 2.553137951022208 
0.9473677551437459 0.670112082324786 0.04087260925557646 2.555417800554121 
0.9623929744512243 0.6483530047193168 0.05929410938246497 2.589116434581855 
0.9101552610449266 0.7055725940365685 0.07449803963110325 2.467594950434661 
0.8935449894078823 0.7202989808817287 0.08428500410117425 2.429674235718757 
0.8964208500607173 0.7205411155017827 0.03755262020405298 2.435451201107235 
0.9473358746205857 0.6657488596538731 0.08110770340496679 2.554528523789092 
0.9315432262192815 0.6855187516947349 0.07979341002568575 2.519339265232472 
0.934800706370735 0.6808204908189451 0.05650946296354108 2.524364707492478 
0.9478418639999173 0.6651988847823364 0.08069896459214748 2.555869845904906 
0.9362974521408237 0.6732028491699162 0.1109082384503238 2.528495019637954 
0.9308018306851485 0.6842204940179991 0.0818286621716949 2.516293376782682 
0.9915729592268273 0.6066801837111646 0.01098859409208694 2.656200537295749 
0.9926111309047535 0.6048066265781314 0.01837772811402951 2.658595538955177 
0.9890563710400549 0.6103431486243998 0.01717318476615023 2.650250274450238 
1.001395566106874 0.5848711964314834 0.07387906481951119 2.678297534947036 
0.9925163378827193 0.5987824880464448 0.08599270881372752 2.658166850405691 
0.9943133563657625 0.597515646778917 0.06171700273253124 2.661510039126693 
1.000323590107495 0.5913249897034738 0.0006786667659627911 2.675908970034491 
1.000051576247475 0.5916537443545417 0.0002183594431323537 2.675198480876287 
1.000374210158005 0.5910933489194822 0.0002151995015888706 2.675940118104665 
0.9997654679642365 0.5926331841194219 0.0001134052889368026 2.674827328004746 
1.000004552262846 0.5917351685289483 -6.62124200470362e-05 2.675090055893373 
0.999928332863267 0.5919724597181732 0.000773372259852897 2.674977674017944 
1.008407835720138 0.5759984313450222 0.03887456043641391 2.694731868401354 
1.013106216276315 0.5649821739440229 0.01901737632594491 2.703601272468855 
1.015068814295848 0.561951381738961 0.03430157101151829 2.708995553701573 
0.9893375698563502 0.610496120577696 -0.0001408313998678889 2.651116957914417 
0.9929915855478576 0.6044866886310244 -4.552815459413664e-05 2.659476361250924 
0.9904658721410373 0.6088418377017646 0.004690330576484671 2.653833131459477 
0.9996526828588916 0.5925528352562354 -7.335005356760405e-05 2.674403257901867 
0.9994264323535507 0.5928347386939524 0.001777813257446843 2.67382126517704 
0.9987993950364868 0.5945971879921398 0.0002670237995220079 2.672783655858505 
1.000027090988088 0.5914846838205227 -0.0001643668073359394 2.67501470643112 
1.000030634205862 0.5913600120695276 -5.402277410784613e-05 2.674952796507955 
0.9999462646279752 0.5917686889521113 -0.0001617673105322798 2.674914105315224 
1.000054646528484 0.59143315752575 -0.0002368042971549685 2.675075296448223 
1.000060227741726 0.5914536077901964 -0.0003628908485389587 2.675111209475173 
1.00001372977167 0.5913701705131931 -0.0001216159607822742 2.674901560090431 
0.9980855596167054 0.5954296697559812 -0.0002172059663769437 2.670905338190128 
0.9992515697060524 0.5932484426352643 -0.001921049629983794 2.673483879263441 
0.9992544605188104 0.5936432846038788 0.0001727386176377377 2.673725594742603 
0.9929043944891064 0.6046400421289349 5.129011041826246e-05 2.659290627040916 
0.9938821681296612 0.6024592280117899 -0.005954062146097444 2.661214590781333 
0.9962047706286834 0.5991876078336625 0.0003024262319533694 2.666917474014805 
0.992915448980382 0.6045319777980919 3.237070395089701e-06 2.659268554458888 
0.9902084782976618 0.6092670314158031 0.0001233022062258515 2.653224942037422 
0.9914578978020665 0.6068281690279081 -0.004766932245327527 2.655865725553452 
1.004492734968055 0.5841591014621398 -0.01064183654019023 2.685710626331127 
1.007439499868294 0.5786109951771963 -0.008433135355213591 2.692240010863289 
1.004253121003808 0.5837622583166264 -0.003278796475026965 2.684512837067962 
1.006337160895664 0.5786506658534872 -0.03142022597247544 2.689047032069953 
1.013158876928264 0.5649497898205725 -0.04322599791998281 2.704588513631974 
1.013434714687614 0.5659067752403557 -0.03126807906062775 2.705611063931934 
0.9894635991927212 0.6105784257492213 6.695706703982458e-05 2.651582341350418 
0.9883513219822051 0.6125579602666651 0.002830718893368615 2.6491539762862 
0.987423870225976 0.6133533311649902 -0.0004676046639529838 2.64658781029775 
0.9775993098346563 0.6183987460460242 -0.09828494374588591 2.622428549338907 
0.9744036231658835 0.6217982454275593 -0.1275038486022521 2.617264392608441 
0.9934985653876489 0.5947514269396174 -0.1188156042576822 2.662196168818287 
0.9983849250088607 0.5891498167244942 -0.06756659622171521 2.670368326494554 
1.003682327416969 0.5773496216826405 -0.09011622869335094 2.682936749947227 
1.011401752283692 0.5669518299191714 -0.07258869700508551 2.701430297648471 
0.9190090803736793 0.6985277839414009 -0.06161492328890267 2.488431260798577 
0.8981778558471365 0.7162536670331247 -0.0746001143276521 2.439512755601944 
0.9133135453907318 0.6989265066554219 -0.1036768211083735 2.475305978549965 
1.001492344631327 0.5894369405734714 0.002262476090994054 2.678686020575327 
1.001317071929294 0.5895836390526104 -0.0001728344721037497 2.678185604597523 
1.002131377734683 0.5883264434873972 0.001380839857421761 2.680160003395787 
1.001234505369892 0.5896313871588932 0.00205294862400728 2.677939720196465 
1.002210920609408 0.5879517303312534 0.001748437594234915 2.680204056204943 
1.001448244321403 0.589563075554541 0.005241309849508885 2.678623914010132 
1.00145924076467 0.5897118576324467 0.005615880652184606 2.678749227482378 
1.002292756337832 0.5877240541017205 0.001330801292070428 2.680339602781069 
1.002952120826887 0.5872322822462728 0.005704729554472854 2.682268934334023 
0.9995793843362319 0.592749782176017 0.006982074203095638 2.674292734921611 
0.9979437751416269 0.5959720315873873 0.00932019383056208 2.670808203858781 
0.9964024302378676 0.598458391795854 0.004891651320480629 2.667147532186983 
0.9994480388279943 0.5929329029120646 0.007123524658367355 2.673971088252747 
0.9965188887601939 0.5984462400962913 0.005028661537191039 2.667525838329427 
0.9979918544151275 0.5955790884395079 0.004003270974932483 2.670692739131191 
0.9981257364948444 0.5953831883047763 0.004033073362500796 2.671018501028289 
0.996573037843708 0.5983779846168079 0.004510888758830211 2.667668705146391 
0.9961330274383571 0.5989360951336848 0.0001055637592333498 2.66653121946645 
1.005985578254055 0.5806365067819428 0.006327684007251958 2.688550676268185 
1.00467616753919 0.5833360716522693 0.01641385610273587 2.685857023261838 
1.003483340505645 0.5860629951721334 0.009708635274214398 2.683374140074557 
1.0056008192912 0.5808318927824992 0.006443908189195205 2.68738489758414 
1.003865473669935 0.5857919642132213 0.01015705415796932 2.684502788426964 
1.004005120650174 0.5843069136412229 0.00319789618213266 2.68404979397746 
1.00404894861519 0.5843219029249788 0.003273714664336299 2.684210472286078 
1.003798571668607 0.585332474315015 0.009618323048867601 2.684008817635947 
1.00275246673372 0.5875748427216583 0.005812395545297961 2.681800918671524 
1.000703462254328 0.5909710042588533 0.00998436032830613 2.677006543475265 
1.003045317138597 0.586483416216402 0.006120618335052661 2.682137769081721 
1.003750218648126 0.5853609418712976 0.009866444249202746 2.683864609987948 
1.000381094008999 0.5912921668176452 0.009641123081737485 2.676116031182847 
1.003767910059552 0.5851043458529431 0.01057041038009114 2.683779703571747 
1.000099544144674 0.5915592082217769 0.01417163815028 2.675392056268015 
1.000019861834117 0.5918372998186547 0.01454624945432684 2.675295388881995 
1.003989835246502 0.5846270682905454 0.01000638561090842 2.68422640780427 
1.004358221241121 0.5843543267367306 0.01645691401341082 2.685389475457831 
1.006232427672256 0.5797219362768959 0.02419975872721092 2.689130203602184 
1.004144625763799 0.5845475934988316 0.01654279194287813 2.684771489328702 
1.008512636537439 0.5756180768199042 0.01285179387152183 2.694178278357838 
1.006401644198782 0.5809302653978441 0.02571854041180704 2.690400742017085 
1.008558029944099 0.5753916771902023 0.01252388848673197 2.694168354389322 
1.012432064045963 0.5665877688842341 0.01974818400511502 2.702326389661818 
1.012832634784336 0.5674199261805292 0.01821375495029958 2.704138494512307 
1.008297117345207 0.5762574519832032 0.01217453687079732 2.693806383606656 
1.011816222690474 0.569886966711984 0.002452183878982358 2.701903439904318 
0.9806192313142841 0.6222502188179855 0.05281410210665616 2.631257940405382 
0.9906653625934499 0.6047590177580721 0.05152847593322495 2.653206666331616 
0.9861563841095717 0.6119518294086677 0.06832603926499495 2.64388745800913 
0.9802526735624884 0.6218988178826734 0.05123640465340371 2.629719286200649 
0.985847260153226 0.6127841566681069 0.06974382206012471 2.643358036240066 
0.9718285994664563 0.6333554484562228 0.06769814346863968 2.610664096365922 
0.9715695502509469 0.635298549865651 0.0682305821030921 2.611037449447463 
0.9869321749056031 0.609554539291401 0.06892258413866204 2.644676287077479 
0.9786473633741559 0.620182651496289 0.09261585613119919 2.626454671642894 
1.006579999109672 0.5768405058494827 0.05394908180917536 2.689804432200087 
1.007640753409921 0.5762549042285815 0.03719917770641907 2.692191063493277 
1.013789250201247 0.5625884429153157 0.05295954665799106 2.705838782580457 
1.006001973017049 0.57672625359301 0.05220910600360004 2.687653552135757 
1.014470490360486 0.5620156811074112 0.05188269243882869 2.707634498113941 
1.012581015337769 0.5650036983815765 0.07789873290437384 2.704675522508766 
1.012589108953963 0.5622803620306223 0.07963344420318332 2.703409161117121 
1.013993882873704 0.5639073564953159 0.05150613803866225 2.7069969417556 
1.024575338160947 0.5369478429497371 0.07544409365353155 2.729775519684983 
1.000587739751823 0.5893753543945747 0.04988426844500859 2.676878063996645 
1.008084504980149 0.5750175402776608 0.03788918735659656 2.692911264718335 
1.006812987617608 0.5775345513964816 0.05337885710344058 2.690897312146324 
0.9999197767781648 0.5898046397572135 0.04894406615452787 2.674838632604453 
1.00644516857286 0.5777551784417102 0.05506112101512691 2.689827588282503 
0.9950489947427926 0.5966779758734563 0.06330570923963685 2.663561516488699 
0.9948843239638197 0.5976340255370444 0.06378536699074396 2.663634953644864 
1.006809196210418 0.5753295172557852 0.05359890907461099 2.689420482028853 
1.002333255572935 0.5841289665709595 0.07335794769228011 2.681019871869221 
0.9610140765884106 0.6491894590672376 0.05909065519203865 2.58569858408278 
0.9699624972583831 0.6380166040362172 0.04339647747655391 2.606234833257441 
0.9708841622686438 0.6357114231934629 0.06687807518458921 2.609046376274885 
0.9610152858460794 0.6506800948643411 0.05918601779340052 2.586557585715271 
0.9724458161406182 0.6332107250723363 0.06663306055617693 2.612259728264667 
0.9630969437515966 0.6426700369269632 0.09105228165830953 2.590536864459685 
0.9635773659979915 0.6418003266526553 0.09231297962046264 2.591621604972363 
0.9708566924239709 0.6345091619365022 0.06560065372293372 2.608002543611896 
0.9779575991228848 0.6213169806575205 0.09379471834176958 2.624879069205988 
0.999896253970155 0.5913019534515643 0.03321724131588909 2.674977728908983 
1.007603896856488 0.5765214886252339 0.0385562131538293 2.69225034346065 
1.000330743463421 0.5882553327103751 0.04876387721353077 2.675319572801602 
1.000840440520513 0.5901940569404761 0.03361670314220417 2.677446026135493 
1.000087837747428 0.5896540049116207 0.04808303309553964 2.675274014106283 
0.9941413300519333 0.6019974354520453 0.0377882608772851 2.66246351250899 
0.9938203452620301 0.6021105267670306 0.0363520600371367 2.661393518391885 
0.9997891534693355 0.5899483381677859 0.04956545272284971 2.674480393431841 
0.9902353461925546 0.6053607938402398 0.05191812094941134 2.652292579281978 
0.9904339908668933 0.6082183468381094 0.02927250998161823 2.653754691576999 
0.9962391455807887 0.5975537455069324 0.0268246322417535 2.666368634491318 
0.9942375258294079 0.6005956287922877 0.03649071550466192 2.661921174510585 
0.990119872235292 0.60815498193846 0.02831419298363302 2.652640120977334 
0.9940652519318626 0.6010435401259042 0.03760939438857391 2.661623565659592 
0.9857328278658749 0.614100817684244 0.03772021342160176 2.642215973028895 
0.985626874555559 0.6159037632483384 0.03823344631983897 2.642975616150578 
0.9946676314724872 0.6004283339377071 0.03731797078695882 2.663139566952113 
0.9902996015935842 0.6068971016410201 0.0506042968358719 2.653360039832529 
0.9833649111540869 0.6204663574227343 0.0001270072081569571 2.63771634766363 
0.9854569134627817 0.6169618026742151 0.005219265245654285 2.642378031162578 
0.9814055550918956 0.6231125643944888 0.006145162273568283 2.632984712709419 
0.9835031752386691 0.6201347253950799 6.120981257387332e-05 2.637953812106087 
0.9810069298395382 0.6239698616042263 0.006789228294601478 2.632200897561432 
0.9784934520965072 0.6270406701390325 -0.001925323467105519 2.625932045910731 
0.978657295832892 0.6282058891119772 -0.002954593818205541 2.627239514026765 
0.9815865840365655 0.6235629494050617 0.006918888278818233 2.633812056576058 
0.9741652675006144 0.6334750316966461 0.007034136559131879 2.616047556685715 
0.995254523072873 0.6010105592938974 0.01184111595606769 2.664940886328109 
0.9979739691787815 0.5956538495150261 0.009565034622265007 2.67070308800839 
0.9973251892632926 0.5963862444409375 0.01572883633109537 2.669077517054421 
0.9950133088455585 0.6010428415235864 0.01113600887072135 2.664147741806771 
0.997276884305577 0.5965161644590178 0.01630019766787481 2.668992275778291 
0.9929777444522523 0.6036817249382246 0.01845406759059297 2.659129955077909 
0.9929604536448851 0.604804788821471 0.01893054750226622 2.659747494969163 
0.9976660470071753 0.5960678890263383 0.0160156431222633 2.669975815284327 
0.9959689882008596 0.5982991425929506 0.02604327816370758 2.665944348003258 
0.9811178287239899 0.6231001401140019 0.006917932938330692 2.632037403881363 
0.9852808211572504 0.6171307499300865 0.004910606214496021 2.641910449973351 
0.9836878826298784 0.6197850963584984 0.01237731336389592 2.638413820705417 
0.9812022121641495 0.6240599452467116 0.006256563912806259 2.632892098091178 
0.9844251970160356 0.6187349292124433 0.01243951096022783 2.640118117155732 
0.9782804880332472 0.6274497880412823 0.01853504412343238 2.625717982018761 
0.9781519113008393 0.6270315174718779 0.01990840309182122 2.625044969285878 
0.9837996734816973 0.6193242873543144 0.01181441256190354 2.638450125195311 
0.9837686481991044 0.6189049407591629 0.02482015004939342 2.638353364268558 
0.9997670398863528 0.5921033698928563 0.01352706288668393 2.674585689175889 
1.004219047704269 0.5843735993489138 0.01707234027075719 2.684941798088384 
1.000968813673176 0.58907809372844 0.02316447411300305 2.677003687253577 
1.000272261564139 0.5914633414366254 0.01367480088405969 2.67588727053694 
1.000803589704579 0.5897354956421144 0.02291889000810928 2.676823280209061 
0.9973632564619983 0.5969439819882008 0.01644953977737517 2.66953710654785 
0.9971695723257873 0.597169465484938 0.0154683149285815 2.669000080960667 
1.000665854737775 0.5897189407520746 0.02388013566804186 2.676367547512099 
0.9959815599476178 0.5973919664176768 0.02669683811687047 2.665466338026151 
1.001279845992751 0.5902300036979 0.02448677909003512 2.678736231485339 
1.004642680700719 0.5837311852529584 0.01682352980724337 2.685957778624017 
1.006026993995071 0.5803070104272838 0.02451119784045566 2.688767304315701 
1.000751556265213 0.5905806970788242 0.02341403449539335 2.677147426476281 
1.006140229249019 0.5802250259042921 0.02533284502123678 2.68910297871979 
1.000507635944007 0.5897057103239071 0.03372262683213366 2.676132514128831 
1.000562203144205 0.5909944146099965 0.03493270502822236 2.677091247489448 
1.006514977634766 0.5795075853405459 0.02472475720358864 2.689881367568364 
1.007658843925671 0.5764088316212859 0.03755792813856525 2.692364822920914 
1.000397684559184 0.5913475924702161 0.001732440005278425 2.676169832308388 
1.000276398739427 0.5915389481411845 0.0007560492127684843 2.675878195542109 
1.000772143684087 0.5904915527786022 0.0009442489729632761 2.676908884389205 
1.000403072033036 0.5914914564806741 0.002007861712743632 2.676272963765 
1.000833051448971 0.5903657237061223 0.0007793130871193821 2.677036604997221 
1.001305411716289 0.5896979015259473 0.002140609128349026 2.678217100829289 
1.001372432802905 0.5894081545917146 0.00199367652308134 2.678269609767892 
1.000714061827783 0.5907866559667188 0.000786907353395098 2.676888648127281 
1.001356967158881 0.5895954058262124 -7.327882896846661e-05 2.678326038456131 
0.9996020628640463 0.5927648825409768 0.006680948305538016 2.674381215781191 
1.000147785991165 0.5915768054092456 0.004371184154539269 2.675479355412555 
1.001146913898621 0.5898787170242183 0.005831500515602014 2.677811343925812 
0.9995059109027213 0.5928762105182956 0.006772754913925608 2.674127902735531 
1.001274620036641 0.5896370869156538 0.005492193158161566 2.678089084124405 
1.000809760507072 0.5908217694267948 0.009208467835184629 2.677271751432745 
1.000795830157371 0.5905711010042233 0.00940138209135913 2.677074159391774 
1.001059222238876 0.5900310835910094 0.005519602589749861 2.677602284421953 
1.002827094877756 0.5868605993617979 0.006504942629450762 2.681637946505703 
0.9999496133775394 0.5920643691103775 0.0007918231369541306 2.675102723870387 
1.000358704739209 0.5911470281488567 0.0007449961393578886 2.675920366439883 
1.00037435557367 0.5913751130939466 0.001713666583764647 2.676108539987083 
0.9999241405238828 0.5921309394052878 0.0007102893711785546 2.675056978721678 
1.000340197431786 0.5912267911013254 0.002002254389751941 2.675907534342507 
0.999585923960153 0.5928971008429036 0.001709681902393449 2.674388208573233 
0.9994973400583902 0.5929504991369878 0.001697082173059767 2.674125124512993 
1.000470224070355 0.5910390100863336 0.001752058482413025 2.676227330004876 
1.000236756233602 0.5918257708891745 0.004021816679473887 2.675923681057646 
0.992377651553433 0.598723676882456 0.08715310333779222 2.657736727903521 
1.001904727480936 0.5822413656648548 0.07347767757194712 2.678434994406118 
1.004632664330379 0.5754559763371665 0.09714818126815432 2.685624838502708 
0.991636631125754 0.5982883624741308 0.08475117526499158 2.654806862224362 
1.004997358958871 0.5753068358880601 0.09729729873127639 2.686559906835558 
0.9919727722074105 0.5961684194014037 0.115494750958855 2.65776083969401 
0.9917011544471991 0.5954555863728452 0.1173096136286737 2.656531880286448 
1.005283689457592 0.5728407549452667 0.09651073898022645 2.686102655913898 
1.009715486450529 0.5582911398473051 0.1290554783984748 2.696440729450646 
1.000005701009525 0.5917948431411073 -0.0005380316858272472 2.675126712155968 
1.000002131534599 0.5915191514916487 -0.0001542243255941983 2.674952061590226 
0.9999280672163768 0.5918000740972353 -0.0001622616646085547 2.674872223546657 
1.000043057310588 0.5917707369024651 -0.0006336247934979743 2.675236691068017 
0.9999400791133316 0.5917942800858297 -0.0001201257517970021 2.674908723291761 
0.9997663538834614 0.5922167925539039 -0.0008566491815880084 2.674581078744615 
0.9997284907311292 0.5922341367470012 -0.0008619163794392371 2.674465878703343 
0.9999557378574693 0.5918363881178255 -9.373621970631526e-05 2.674985503040117 
0.9996715665562714 0.5926167624512558 -2.108475375274248e-05 2.67450299090148 
1.000309633365374 0.5913647977840341 -0.0003329039362245987 2.675832079453944 
0.9999512007493845 0.5908960146259872 -0.0001415537030092881 2.674633609125374 
1.000096061517944 0.591646693192868 -0.0002869506848113466 2.675257151029284 
1.000279271330169 0.5912668512697141 -0.000382899706976449 2.675727428797952 
1.000102406431579 0.5914252591042345 -0.0002606475842139925 2.67523344987259 
1.000031602796035 0.5914589066866767 -0.0006438968711779905 2.675018829452509 
1.000007058467846 0.5915707884203532 -0.0006368379678695289 2.675001437044195 
1.000124589147362 0.5914051020355283 -0.0003477522468579497 2.675296792014871 
1.000008817870979 0.591464608240266 -0.0002469810264989996 2.6749414205291 
0.9992775798935561 0.5932068515819769 -0.001922870368966996 2.673544870436303 
0.9979780482721785 0.5956229179315384 -0.0002154163161929854 2.670664587787151 
0.998510171730984 0.5948335823061679 -0.003593991507492503 2.671967043714729 
0.9993212616152582 0.5932600646228265 -0.001853906641650849 2.673720247393406 
0.9987733387718162 0.5938648216898337 -0.003824558222918663 2.672263981285115 
1.000365368090864 0.5911176949082418 -0.003260643139017574 2.675930441055414 
1.000295523363811 0.5910290100778675 -0.002973721966623128 2.675644792386451 
0.9986217758232764 0.5940393409682235 -0.003972198212848828 2.671864805064319 
1.000437096994998 0.591230139878081 -0.005706996165335733 2.676245989332985 
1.001333298638773 0.589960602396268 -0.001585258212475782 2.678359890193566 
1.000779699988283 0.589405053277725 -2.92965297423582e-05 2.676622952044272 
1.000675137898617 0.590828714697449 -0.001052247764827967 2.676668375827871 
1.001271327707335 0.5894293067904951 -0.001784024840950314 2.677960276490927 
1.000691135726671 0.590461998717276 -0.0009066787181666844 2.676635811503749 
1.000430606641371 0.5910671320532599 -0.003049246866071709 2.67612315763162 
1.000386280128909 0.5910304819512964 -0.002943623564260207 2.675952353007101 
1.00076229109597 0.5906308549706344 -0.00114841593832535 2.676974333458238 
1.000154848949609 0.5912984754917285 -0.001715940972149979 2.675334223524152 
0.9993833301335017 0.5929688573116538 -0.0092864486413455 2.673789717042601 
1.000728186761734 0.5909515532652899 -0.006270771401138406 2.67705144247614 
0.9983845938212894 0.5942458073650815 -0.003625269370461828 2.671198375257112 
0.999167933767229 0.5934584288775872 -0.009152740971352463 2.673362182267744 
0.9984903065717025 0.59428325567167 -0.00321657436228907 2.671574952194023 
0.9968456745813827 0.5974508590742721 -0.004167665174239188 2.668009071660128 
0.9971240517968607 0.5970694527369068 -0.004020895511005371 2.668700431087129 
0.9986536360289521 0.59469570113606 -0.003871689350547545 2.672362349802898 
0.9979840818061816 0.5956858868689271 0.0001543840763915496 2.670722085540778 
1.001741752784191 0.587389591563494 -0.008638264009304383 2.678398315965884 
1.004313758123854 0.5835787823651545 -0.01044570548166717 2.684764722594308 
1.00460473255956 0.5842047768228092 -0.004070110040694589 2.685986729752977 
1.001978176814909 0.5872352206406869 -0.008188940347142208 2.679092992452802 
1.004445606161698 0.5843028765912356 -0.004131766227134138 2.685512760338112 
1.002470538530321 0.5874818026700662 -0.003753765806376815 2.680821525040789 
1.002441530498432 0.5878714104902748 -0.004085908891704348 2.680765723667148 
1.004432532493146 0.5848550560895942 -0.003633562423983006 2.685690114302734 
1.003133307364211 0.5849378483691476 -0.0003531207485636029 2.681924203241373 
1.006132799058522 0.5816134107828917 -0.01804692599171559 2.689768232235813 
1.007171350318532 0.5772162039620679 -0.03104412311670487 2.690997921471549 
1.011776512952265 0.5697838723695182 -0.01854339922814476 2.701881962048572 
1.005867172111955 0.5815393235703222 -0.01872046638608174 2.688856485766704 
1.011233373829848 0.5706894340039074 -0.0171651810834661 2.700537833964773 
1.007499653585481 0.577089655679937 -0.008403255172666994 2.691581978730673 
1.007548976246557 0.5788420633969104 -0.008830203937598282 2.692500473670143 
1.011935927491876 0.5704888207144179 -0.01698568663141221 2.702572315148175 
1.011562929077038 0.5686516894106487 -0.003492116360460731 2.701118651810368 
0.9863122792193713 0.6144292086448983 -0.01020664517104404 2.643646687770049 
0.9827573505552115 0.62085592030699 -0.006703461406804902 2.635967937712213 
0.982041653177785 0.622063737471483 -0.01385910992563245 2.634467658689141 
0.9864432180242333 0.6145354398536231 -0.009650413196605468 2.644137950040025 
0.9822504716747973 0.6217410812367978 -0.01446714285221152 2.634945271327754 
0.9870827659097391 0.6142563692288204 -0.01632305013713151 2.646162290484006 
0.9870902939536391 0.6139026817461392 -0.01626587545272723 2.64593283115267 
0.9818113879936908 0.622191244330083 -0.014348971288105 2.633760587045796 
0.9825373534247165 0.6200717558939539 -0.02368716709232608 2.635038729146443 
0.9915461879129776 0.6069588958304261 -0.004186190687973873 2.656224304098838 
0.9894718689689225 0.6103261213980924 -0.01031793785386799 2.651509527056248 
0.9928460423279466 0.604345935487794 -0.01306631535909482 2.659019094584395 
0.9913236467549321 0.6072195708515916 -0.004606090528576769 2.655645528942689 
0.9928422273974733 0.604216720497991 -0.01260007018672494 2.658924569775154 
0.9939545993423758 0.6021876453885776 -0.006116910018693047 2.661298623014517 
0.9939917946306501 0.6023538467252031 -0.005877896745532619 2.661524909062659 
0.9931761885415077 0.6039309043257136 -0.0128160662732927 2.659841517754506 
0.9965476977030495 0.5983273498405236 -0.01272854502977391 2.667610889644981 
0.9994287131887557 0.5926080400703058 -0.00899171369242985 2.673731436760322 
0.9965053573010236 0.5981036119475593 -0.01246439871719922 2.667312113711689 
1.000013692773258 0.59095612128603 -0.01426952401684496 2.674775051446343 
0.9991761678946481 0.5922852924340181 -0.009667103743547954 2.672709416748623 
1.000323921821531 0.5907342656641189 -0.01425970634612216 2.675654678826171 
1.002221770952617 0.588557740632038 -0.008144692332888783 2.680631181663065 
1.002115572243296 0.588148732369481 -0.007577334904320081 2.680047608114343 
1.000537020964932 0.5909655865508359 -0.01466608550415024 2.676485544671817 
1.004234220342962 0.5827364762156646 -0.01095842618845709 2.684011341455236 
0.9984601931388285 0.5930258323556828 -0.02166119721700096 2.670915436396618 
1.005942465300225 0.5801686163942562 -0.03131136473987201 2.688609887254909 
1.005720844883247 0.580351219676182 -0.01885290118587293 2.68769522672386 
0.9994274008761453 0.5921371163481718 -0.0211802337473501 2.673597215371836 
1.005382756478594 0.5806814915815649 -0.0190554231819572 2.686765056105625 
1.000302213432481 0.5916819438836038 -0.01404916511827185 2.676117252120873 
1.000023103954903 0.5914114599908207 -0.01516909309477427 2.675045954695285 
1.005293437088965 0.5810733236353139 -0.01825006814198629 2.686677991813399 
1.004335855030655 0.5826534211364423 -0.01089812477086521 2.684300102980323 
0.9935801171616158 0.6003857515119189 -0.04765871727471964 2.660011633922731 
0.9986416359049555 0.589447296386333 -0.06670381183139146 2.671391336740601 
1.005187772900985 0.5797633301672183 -0.04806355926489243 2.686514440985455 
0.9943722437700041 0.5993890423248303 -0.04722692389835779 2.661980595598703 
1.004467332121398 0.5800618727336057 -0.04752207138697569 2.684300315277353 
0.9996657488156858 0.5925372686140221 -0.03516447866193938 2.675005858280553 
0.998993357810844 0.5922362641988727 -0.03748555169916409 2.672655880024487 
1.00454856781237 0.5802287502242067 -0.04686925821910245 2.684625417055091 
1.006545676920853 0.5778204975113542 -0.0312084038994496 2.689320467132784 
0.9892070886490719 0.6101145199351335 -0.01976841842770159 2.650601064171196 
0.9922994042643711 0.6041659161805545 -0.03149769510415881 2.657523882691489 
0.9953887395800094 0.5986362795618265 -0.02015374551329555 2.664087911245866 
0.9898080311205514 0.6089267622557845 -0.0195646087999552 2.651841653708497 
0.9953763884798431 0.5996077459070697 -0.02051262440425609 2.664629785568577 
0.9931839608225456 0.604261733714765 -0.0122516243189263 2.660048024804206 
0.9928171915488253 0.6046064169130543 -0.01296994321781008 2.659044512238568 
0.9952264475298578 0.5995343767791089 -0.01952757519259863 2.664073542537274 
0.9965077339467847 0.5974525963438138 -0.01227892912971494 2.666948528056353 
0.9692467947640052 0.6394416618476464 -0.06202470318184194 2.605957675621263 
0.9527671338336337 0.6586140244826963 -0.07182967406345808 2.566265198852436 
0.9638298538732525 0.6401610395592429 -0.08880178390452412 2.590880374417583 
0.9678815881287006 0.6402598774061548 -0.06333271515934379 2.60211902641604 
0.96468829025025 0.639750850057951 -0.08863600238631536 2.5933175664074 
0.9772659165041555 0.6239428642181799 -0.07304691368514218 2.622698081476697 
0.9777547358136582 0.6250429867095951 -0.07128086968362332 2.624822860500605 
0.9650199940346796 0.6394975689993649 -0.08915172672299172 2.594110256647252 
0.9778133687472009 0.6190718945906672 -0.09782213922880136 2.623485262384058 
0.9873557512927186 0.6091976012099806 -0.06542777149362769 2.645955598482155 
0.9778681298558484 0.625208807205629 -0.05419133278484525 2.624174753690592 
0.9772326349322221 0.6241948736849455 -0.07281363731036508 2.622708701290049 
0.9879977581436236 0.6103431907398028 -0.06387001049739645 2.64864315552012 
0.9772100890942491 0.624723624647972 -0.07326708782506088 2.622785071844802 
0.9906180074689143 0.5997448319279112 -0.08310413981120787 2.652250103866465 
0.9913660433857056 0.5997744153792076 -0.08412353238318449 2.654746641685882 
0.9765740837557855 0.6254850448356738 -0.07329386259151842 2.621292537101791 
0.9781318772055668 0.6188808242996834 -0.09836208429632061 2.624382473877932 
0.9766792318563637 0.6305034449424465 -0.02482199684246153 2.622561573077311 
0.9670167280898854 0.6432724798633903 -0.01994399758507585 2.599347542760649 
0.9696704738768229 0.6370753296191446 -0.03753505469735274 2.604471732826271 
0.9760471296463197 0.6308519608744674 -0.02511856880006074 2.620721641341744 
0.9707848374686205 0.6365297299419105 -0.03865718817558532 2.607743272860848 
0.9804775262321412 0.6229779885584097 -0.03672109383530453 2.630525745219446 
0.9809188810065206 0.6237548235183055 -0.03517753073724156 2.632388867076263 
0.9705335918261683 0.6380391570235971 -0.03847235611858048 2.607797737305819 
0.9773654160811781 0.6248598244202729 -0.05308291292890006 2.622298528642453 
0.9870432661249675 0.6144527817077583 -0.01509088040533594 2.646087309805203 
0.9830383827616501 0.6197202271548756 -0.02414025303936729 2.636461127077602 
0.9870273378227647 0.6129778474250667 -0.03016780425865713 2.645529509937153 
0.9865368970717121 0.6148947403219244 -0.01562306599165094 2.6446996175102 
0.9871802776856269 0.612749066045721 -0.02962212634992095 2.645878833717224 
0.9893765210666998 0.6092561991851133 -0.01933466369663858 2.650654342748666 
0.9895068535726069 0.6096995614784365 -0.01845120580362841 2.651333038100662 
0.9876430384875482 0.6122402819420975 -0.0302530172754494 2.647085162361792 
0.9923604599380605 0.6043473730940129 -0.0328240385365451 2.657873018686927 
0.9789449519889606 0.627001257968725 -0.003660125725883565 2.627384375597193 
0.9733207447805033 0.6348661161039048 0.00768063454053979 2.614175650645094 
0.9693001106554721 0.6402045328668654 -0.002350851777062608 2.604608693123909 
0.9793078461442082 0.6267949769342748 -0.002789905837599215 2.628424242319208 
0.9697043105730072 0.6400357707667719 -0.003874634552705225 2.605809585587594 
0.9780746787438931 0.6291158514538585 -0.01211921349723443 2.626009746528903 
0.9783390400997695 0.6286282800218362 -0.01187614780392762 2.626527979306761 
0.968781984783984 0.641054482587688 -0.00355933880876308 2.603434247416233 
0.9672940446149495 0.6419263780233726 -0.01849965112599936 2.599394326443648 
0.9872434746553796 0.6126842192331632 -0.03103804295443735 2.646075553805904 
0.9825455187670642 0.6215050527416063 -0.02506694023797088 2.636014027705238 
0.9804951089170374 0.6222761285670462 -0.0360269373382211 2.630094040823225 
0.9876031771117167 0.6132253937498179 -0.02998024090482826 2.647555666580697 
0.9804526500651901 0.6226789928550592 -0.03621675006794459 2.630161790133101 
0.9872762315859664 0.6106724874066828 -0.04253571605757438 2.645340080945406 
0.987750128342783 0.6104490281765099 -0.04334398645677394 2.646784638113975 
0.9799557776608012 0.6243272439916404 -0.03649934801834143 2.629619474968581 
0.9783247822317434 0.6243773601458019 -0.05339202266538615 2.625103323264611 
0.9865870187088212 0.6151695896760213 -0.009890513315719697 2.645020590944243 
0.9893355585381208 0.6108790243804244 -0.01030509768373636 2.65141279085172 
0.9886266688840205 0.611497187125891 -0.003253819906182218 2.649389148368249 
0.9863740451137285 0.6153703744019706 -0.009485461653081857 2.644445809197681 
0.9886020766823533 0.6114344036382408 -0.003627394089912557 2.649272835420273 
0.9867974250552107 0.6149241096359741 -0.002510900507086534 2.645500432104055 
0.9871830321568847 0.6136698263524403 -0.002899389897426661 2.645992708397098 
0.9886698254730157 0.6116340321160616 -0.00350615895717018 2.649628156185138 
0.9883249542332543 0.6125561994318746 0.0001990569147929392 2.649060008073832 
0.9587883760455771 0.6561203684975496 -0.02130068479238286 2.581569174165481 
0.9434025762745873 0.6738865029006641 -0.02300960915945 2.544925906010214 
0.9447497444442415 0.6700801868246468 -0.04669850503383217 2.547417369433641 
0.9577202284656112 0.6567902789358722 -0.02153727832159146 2.578599418921515 
0.9455781348421339 0.6697624184043898 -0.04702704682080168 2.549829159183329 
0.9593622132399088 0.6526044788592751 -0.04006873639514056 2.581723526590909 
0.9602813561657992 0.6534718411722757 -0.03707136689014286 2.585019720588438 
0.9456185932551388 0.6697394016992326 -0.04782260579319792 2.549928863997931 
0.9520075576545873 0.6587817098310291 -0.07096351298672027 2.564175508727984 
0.9781109861886017 0.6288548019103917 -0.01092053451808566 2.625912210574804 
0.9681641225756534 0.6413335467488962 -0.01989684794640056 2.601834329339121 
0.9764820028624065 0.6308716374156215 -0.02542490958075436 2.622219979852158 
0.9772167383832393 0.6291734047758714 -0.01093864821608119 2.623185733173341 
0.9761203911705397 0.6302254607300586 -0.02394803213508465 2.620576794421568 
0.9822984373147681 0.6214309015694554 -0.01410521804106044 2.63488287873477 
0.9821301679846032 0.6215659869492937 -0.01372167728799388 2.634409412180231 
0.9766969274267251 0.6298459137032719 -0.02467411954298139 2.622216569518484 
0.9828235949371791 0.6208220831904278 -0.02506583897900261 2.636506339970438 
0.9672656335251638 0.6449249750055502 0.0111030238175339 2.601110619407089 
0.9561930743399245 0.6575819476566617 0.01311777230403675 2.57422645621427 
0.9598701270714632 0.6544711175988386 -0.006717906875887557 2.583840462573989 
0.9664860742887016 0.6456300592352462 0.0108908626567126 2.599064182667196 
0.9600729170785848 0.6537148993145359 -0.006121803831224671 2.583931822870032 
0.9691446522505823 0.6403961135730407 -0.003866579717145547 2.604191839074145 
0.9695023977292757 0.6402163810774786 -0.002789016379916823 2.605201203340419 
0.9607853704726835 0.6533937355375836 -0.007441389558011302 2.585994962205399 
0.9671255119598884 0.6444817486635999 -0.02069313843430493 2.600657156062139 
0.9144435684057031 0.7049489259586097 0.0165791166679423 2.47757601367827 
0.9304438995555561 0.6875317595390958 0.02756589549884134 2.514309013962599 
0.9194623758177267 0.7008059053464568 0.04636497191217867 2.490771701938967 
0.9143032188432748 0.7042171480755532 0.01489171518181315 2.476277964462446 
0.9198186414359638 0.6990516765668794 0.04683990713847899 2.490215555266137 
0.8990387672945755 0.7196968542094644 0.03645625624069641 2.442802581635695 
0.8972017386662512 0.7193966639565027 0.0386980050063772 2.437032115342995 
0.9200769445673946 0.698291666459219 0.04731878746469785 2.490610332371689 
0.9091539484600647 0.7084934370569471 0.07452256479384782 2.466935102077325 
0.9338246003375094 0.6828612447925952 -0.00348082006342445 2.521095778883166 
0.9298120442963625 0.6882809450969566 0.02653098887342475 2.512834944380796 
0.9157367220428764 0.704780123902874 0.0149353035204536 2.481320622495761 
0.9352955717992548 0.6828353859573352 -0.001554682806206815 2.525660415197897 
0.9150796822817282 0.7049744651855162 0.01444058119292923 2.479310815743874 
0.9241824596301631 0.695021811755609 -0.01769036455579495 2.500360684584224 
0.9242361959205362 0.6935524954879395 -0.01978556458845531 2.499009797643114 
0.9146312090465083 0.7059798424449099 0.01539482534981272 2.478480196435257 
0.898173465201254 0.7211850735927433 -0.003923259482788838 2.440308269994422 
0.9699996975257267 0.6382036409195986 -0.03943451722088046 2.60637625814979 
0.967047823951137 0.6444074676473995 -0.01979412892302981 2.600264133816627 
0.9600491218240436 0.6519566143226903 -0.03895457100435652 2.583375454030217 
0.9709463623832976 0.6392173361895341 -0.03689514311068666 2.609931739818207 
0.9596547322715635 0.6532278061938831 -0.03883954059527156 2.582792964769403 
0.9672039086727882 0.638096394212892 -0.0631950457641461 2.598485394303732 
0.9677030289162674 0.638155316584686 -0.06491705575253651 2.600272016622931 
0.9590099032382623 0.6544789276343069 -0.03845462541790143 2.581600574450952 
0.9527284008387749 0.6585473201035362 -0.07142228833205834 2.566301286975678 
0.9461174091383443 0.6725852614463094 0.01958693403403929 2.552352645602677 
0.9305339493474399 0.6871055999030948 0.02626670214987449 2.514421279708945 
0.9339077560739141 0.6856462096726899 -0.001383861337800537 2.523508907369223 
0.9450375751268671 0.6730718368592973 0.01961375831022216 2.549347573600481 
0.9343460210478485 0.6853079047032384 -0.001190550733362328 2.524477356912366 
0.9480073883427623 0.6677557605431421 -0.002216078621277819 2.555007445293938 
0.9486539358570163 0.6675529274786604 -0.0007410801681039246 2.556867043274069 
0.9349429690430373 0.6850117173295711 -0.002518448806205289 2.526098478267712 
0.942950661774636 0.6754752634709325 -0.02361569634170469 2.544845203640435 
1.005312139594208 0.5814961541192546 -0.04609545407898099 2.68775415018338 
0.9989798614771599 0.5885950649003142 -0.06694099653935898 2.67191364714213 
1.010587872425565 0.5664980459068746 -0.06996915325910849 2.698300438021221 
1.004371487753828 0.581019801120794 -0.04800208633880561 2.684422973321362 
1.01122053056571 0.5661408334449545 -0.06978012795442291 2.700145174519693 
1.013995085392705 0.5641232180687974 -0.04413489979489089 2.707017419223921 
1.013792452775439 0.5680542389648285 -0.04204348060830963 2.708031362628525 
1.011758602617245 0.5654875630935967 -0.07063701042895261 2.701384350539231 
1.025258483711145 0.5344824675121784 -0.06220580667825697 2.730615677963085 
0.995386341326556 0.6004863302415228 -0.01839291491417073 2.665140323601639 
0.9929763204955415 0.6030809641066008 -0.03208033577009702 2.659080684294826 
0.9989250396364734 0.5918425645719746 -0.03559854022944495 2.672175260279132 
0.9946880107634819 0.6006365316460592 -0.01967153853884597 2.662939418758449 
0.9991344092166468 0.5919238804749752 -0.03464328387493261 2.672889451273174 
0.9987057567547307 0.5923014013376465 -0.02056411863573616 2.671340209312121 
0.9989266847031453 0.5936085753039072 -0.01945342138784647 2.672762071570004 
0.9999184525071817 0.5907320546559203 -0.03555920339360279 2.674789464282729 
1.006185993955501 0.5794779418040523 -0.03259805970416751 2.689063154176372 
0.9932314222900783 0.5895555021355475 -0.1170052134083701 2.657847745906691 
1.01228590920902 0.5514173949298368 -0.1207611778177529 2.700983705401741 
1.004261144276297 0.5801048794347651 -0.08914404829465931 2.686138126111374 
0.9933595014948908 0.592850276525634 -0.1157407171183428 2.660285919920958 
1.004170572189815 0.5777968374829714 -0.09157902408244799 2.685002736698852 
0.9906594376564697 0.6006704214506253 -0.08337130571330337 2.652822725125056 
0.9912246033459271 0.6000451449273947 -0.08313731060512755 2.654231509081127 
1.003218774080048 0.5777526158109827 -0.08986828713882507 2.681668707661126 
0.9992187707666226 0.5896365779587806 -0.06563831924200197 2.673294857232741 
0.9881475652635832 0.611749292956012 -0.04154979282109933 2.64879143211505 
0.9783761786967339 0.624327198484052 -0.05375869276755914 2.625177497363662 
0.9869220011751298 0.6087135955021228 -0.06369534177032399 2.644125560830536 
0.9871839653849561 0.6121068436200925 -0.04286351475001856 2.645876630958439 
0.9875668543269004 0.6083898230326346 -0.06357347093535443 2.646012339465899 
0.9943880988187322 0.5987851424189098 -0.04710173304134438 2.661779098422841 
0.9947177169188124 0.6004422471492641 -0.04515811777426949 2.663736314123814 
0.9879222858900777 0.6081232848366224 -0.06435448179040877 2.646966649721774 
0.9984271518199936 0.5894694538751888 -0.06697665753682532 2.670745225618785 
0.952097471842516 0.6556049822717641 -0.1159843530558491 2.565824422798534 
0.9660500055258279 0.6197004357337683 -0.1642251971765427 2.595066099754544 
0.973007563941356 0.6198571359532592 -0.125805542180224 2.611631107363392 
0.9544001775227043 0.651871875254928 -0.1150375182270818 2.571050312613224 
0.973146379147503 0.6242755515604559 -0.1279347588795555 2.614933949187608 
0.964117391843923 0.641053255196963 -0.08778566663815927 2.592333906602848 
0.9635591680885144 0.6420737236231254 -0.08945102573821413 2.591198766035529 
0.9725515168104295 0.6238697414370137 -0.1257248289833505 2.61255281925329 
0.9775249385511582 0.6183077278411576 -0.09796806946269468 2.622183437215815 
0.9131257498630214 0.698889925785768 -0.1031372575130274 2.473870361807935 
0.9182385777019988 0.6821480622373866 -0.1497700255194298 2.484199682687955 
0.9396009595358198 0.673259535455939 -0.1019078138034694 2.537546920569561 
0.9152240427096429 0.6969918349860068 -0.1029698365903121 2.479214200243579 
0.9390269116805151 0.6723247863701046 -0.1049822250326665 2.535938566953893 
0.9382045239998864 0.6776283287067243 -0.06976876137115604 2.533508956200696 
0.9371954768453958 0.677735754850218 -0.07008957021448689 2.530331412132245 
0.9381186451406267 0.6716995403285275 -0.1016362417116987 2.532141766867926 
0.9527529650996345 0.6588599024277806 -0.07097341531804187 2.566394672030525 
0.9831422020680367 0.6203310014511707 -3.035015188857839e-05 2.63689260473981 
0.9830073749916169 0.6197017502528128 -0.005955244671587357 2.636076099408653 
0.9874073286780713 0.6144134707060419 -0.003212075106950869 2.647195448817798 
0.9835079103143427 0.6198319102316425 -0.0002275130563074933 2.637786617732675 
0.9872287221486085 0.6144508114318944 -0.003470853958290746 2.646631183920861 
0.987340881551743 0.6140142974489058 -0.0003186724678280932 2.646715318980143 
0.9868516604539003 0.6147294576663846 -0.0004997203471943077 2.645561302144077 
0.986988710148817 0.6138461022970623 -0.002574762345960268 2.645463202893337 
0.9882857423024966 0.6124930373336862 -0.0002178733533665139 2.648893288070045 
0.9877619754744167 0.6130316096946564 0.009715515498564194 2.647552363738011 
0.9850695541706547 0.6168051457555465 0.005484752502482495 2.641027846208573 
0.9881846474332801 0.6127777408219913 0.003062106500832397 2.648729436262458 
0.9880544720159992 0.6126051504378816 0.009279410134485695 2.648252715038338 
0.9880500357985486 0.6128322236960747 0.002993698814047873 2.648321564761745 
0.9904541425187974 0.6088467909115876 0.004722899423948757 2.653780098534428 
0.9902159378956417 0.6090726081043016 0.004798330146192806 2.653148243163219 
0.9880721141879724 0.6123365847087388 0.00331212214989319 2.64809825012728 
0.9895286350991352 0.6104847896425821 9.734948282454402e-05 2.651740798300801 
0.9894215714936613 0.6102999261898976 0.01742283640432963 2.651353738763374 
0.9843813865176881 0.6179750499521308 0.02403417724883674 2.639787420659372 
0.9837665263504972 0.6199954806518118 0.01288518564942522 2.638786580228074 
0.9888922438215016 0.6112635627120925 0.01749077398824714 2.650267045668807 
0.9838594928672835 0.6186209009080923 0.01309218117058598 2.638257619613752 
0.9879164891899254 0.6128368149451647 0.009620730769497137 2.647927299112137 
0.9880910225934707 0.6125732601829292 0.009866660179531243 2.648326492947063 
0.9841660316929722 0.6191523628245864 0.01191086272480482 2.639589691543571 
0.9849919393826992 0.6174123617930135 0.005034656318278073 2.641138499267572 
0.9964344987380453 0.598395911069311 0.004279260197073 2.6672084274574 
0.9977110600427799 0.5961350835406268 0.009670301911879581 2.67013263712253 
0.9951629239124844 0.6003228858777785 0.01137436019745942 2.664222547858628 
0.9966464369409707 0.5980424491381373 0.004463877571010779 2.667694080422869 
0.9950752430523506 0.6006536355884982 0.01112225588576382 2.664129006253363 
0.9944162001489059 0.6022376325761208 0.004640393687956604 2.662845526069469 
0.9943592786881067 0.6022457535719878 0.004260757684743005 2.662653821872859 
0.9948937022103514 0.6007986260513014 0.01161477652071995 2.663615258684362 
0.9916915913990815 0.606083006777912 0.01128533687522964 2.656239947468083 
0.9478024043153913 0.6695955112405003 -0.002028900337240513 2.555534270109804 
0.9429849682270856 0.6741438445868078 -0.02271399707166927 2.54386654240169 
0.9577341870209917 0.6554985294636366 -0.02390847592247596 2.577890301446436 
0.9484113593504321 0.6687975425439965 -0.002454742408955925 2.557023403595435 
0.957619216614132 0.6568672693966935 -0.02302845184500584 2.57851938381835 
0.9608780281965854 0.6519804070033932 -0.006589062688059092 2.585306684951148 
0.9600053483136416 0.6537967319647652 -0.007472442534661244 2.583710263601528 
0.9575785648622086 0.6554352139273179 -0.02198204386763252 2.577339270612789 
0.9672449314948545 0.6435686250363004 -0.02119065660904137 2.60041296414365 
0.9315128589451307 0.6854252964198074 -0.03880155630787935 2.516218330773237 
0.9193562919464757 0.6990446974589879 -0.06390862214126192 2.490421418852075 
0.9372420360395738 0.6768912532557754 -0.07185617412453374 2.53029305812172 
0.9316856082944016 0.6863332232175283 -0.03972706326689143 2.517561408240947 
0.9366700391963068 0.675500981393963 -0.07006868099202555 2.527243590060988 
0.9453795931908086 0.6713911492936512 -0.04773699958324267 2.550608861705177 
0.9449379194628462 0.6718389385919197 -0.0488340980395545 2.549514766218938 
0.9377102585667035 0.6752550508161613 -0.07130788093454805 2.530389045762616 
0.9518267420528982 0.658759601571682 -0.07318714160280658 2.563803097219234 
0.9260536291013574 0.6937212967740167 -0.01766880370249344 2.504754557064948 
0.8977767582738847 0.721492200638999 -0.003872413716065776 2.439151340611804 
0.9045554050491242 0.7134490414041046 -0.03547260581499373 2.454492119169852 
0.9244364437779926 0.6946573530440452 -0.0179674362984105 2.500423030661902 
0.9064845995658785 0.7132075661872934 -0.03681576592548282 2.460125876022624 
0.9321914516451565 0.6841522756750031 -0.04050909692447102 2.517496726679231 
0.9332114655527234 0.6845758308352516 -0.03863674532920808 2.520973163909843 
0.9060425316803068 0.713192623630961 -0.03744272945940866 2.458593307653133 
0.9183570443619755 0.6991482364893387 -0.06236096229999502 2.487385754171681 
0.9040712296008182 0.7128478828464988 -0.0377740123992653 2.452305339139483 
0.8970563623355212 0.7228224432129795 -0.002515375061317527 2.438018819987839 
0.8782838461006 0.734451344962893 -0.03795270651816585 2.392515081260854 
0.9060275295531571 0.71276162773136 -0.03556440830272546 2.458077563088205 
0.8791645069814086 0.7339330778117266 -0.03913817490811601 2.394475872071653 
0.8963882973133322 0.7179885074243869 -0.07467572651541136 2.435841413651284 
0.8968340573828817 0.7164383217444203 -0.0758428849783324 2.435495994890075 
0.8776994316549076 0.7371568728968018 -0.03825871537707796 2.392285649239051 
0.8651458589173384 0.7391477467988286 -0.08711779908273186 2.361168786742494 
0.9345477959803734 0.6823739399839207 0.05497361343641757 2.524598608128047 
0.929346769707783 0.6876608117348546 0.02741608481220963 2.51117976661542 
0.9450910313094777 0.6729058244859045 0.01768779061920878 2.549377145596689 
0.9351082738121504 0.6813352938099247 0.05411667707431544 2.525672017284042 
0.944759734959822 0.673366440115987 0.0180436155826702 2.548675010335873 
0.9492848421350599 0.6680641469833067 0.04019282794299276 2.5599632147953 
0.9478601792612207 0.6682800798542677 0.03959687267670722 2.555732138575293 
0.9443860060119112 0.6713554809421018 0.01938197989837277 2.54639150997222 
0.955569760449601 0.659738474185311 0.01323312211105816 2.57363442651587 
0.9781100164888531 0.6280594127066148 0.01983045102124414 2.62554740005246 
0.9845437207742127 0.6172570747172307 0.02530972653055654 2.639817400567368 
0.9791695869615138 0.6254602435187337 0.0324240722892371 2.62770461235414 
0.978045031769418 0.6275510975357464 0.01902876151792057 2.62499029795162 
0.978754973807583 0.6265810758704042 0.03368009643773917 2.627032193092198 
0.9702484610695552 0.6383723148247282 0.02338807957714703 2.606740285190623 
0.9700322266242065 0.6406773312387686 0.02303252030388206 2.607526269816638 
0.9796368136541915 0.6249908555751394 0.03369752621333585 2.628763944345219 
0.9704507456208314 0.6378445701754183 0.04312741358679655 2.607791529383296 
0.9767908949494734 0.6171211881517566 0.1237854208963722 2.621406481078172 
0.9721972348600443 0.6145553092047821 0.1640511423690529 2.611009536086597 
0.953225320268138 0.652033760624891 0.1256687197280662 2.568800736986314 
0.9754209741258401 0.6207628868912808 0.1243156707964608 2.619374800622349 
0.9539178875063637 0.650635148982099 0.1236096575778223 2.570067781194717 
0.9626887471005735 0.6419883845339219 0.09057611033186509 2.588533812433377 
0.9647317279108718 0.6402060586715742 0.0924260473582946 2.593818920120415 
0.9530464921699502 0.6517266041824117 0.1223629467949757 2.567841159925906 
0.9465352321716591 0.6668090327474989 0.08184479930079533 2.553080226685726 
0.9610426299418615 0.6517470976788849 0.03203522152620914 2.586193776396162 
0.9554013866232978 0.6579453926049698 0.01451594126065254 2.571971326465816 
0.9667430799187152 0.6451727580027709 0.009497930846454306 2.599621607252764 
0.9615609637912357 0.6505531305139624 0.03105781569517888 2.587095666740506 
0.9665180655906332 0.6456194118572542 0.009856723664005484 2.599198686541758 
0.9710309459009882 0.638905836535285 0.02239436139161102 2.609529301779793 
0.9700520212825753 0.6398963693868702 0.02218914991831772 2.607066646467837 
0.9664610890503215 0.6439111148906052 0.01069311594478462 2.597937489636879 
0.9736939414183272 0.6346154727784785 0.007632686011297471 2.615237741659556 
0.9799584546017496 0.6232402569270885 0.05251805586731559 2.62967249169999 
0.9702050077324977 0.6371864442926041 0.04483971364369439 2.606615593949329 
0.9789622858836737 0.6260476418644734 0.03223778778795051 2.627295953793716 
0.9804776465554899 0.6223407051856505 0.05120993061729896 2.63079411059048 
0.9789815513145457 0.6264327174924244 0.03328509315904369 2.62767192319972 
0.986143988759731 0.6145041315320937 0.03704637513760401 2.643678957704084 
0.9852381822221294 0.6160480471947756 0.03728051771474056 2.641769499631017 
0.9790249211061924 0.6251401995525191 0.03330517262439215 2.627049481239466 
0.9840648668066018 0.6178651760228534 0.02462202794180963 2.638654826391706 
0.9487523949674719 0.6672002663027977 0.03901145540111929 2.557849065902526 
0.9552668325737562 0.660165365219507 0.01355470641879456 2.572976184424054 
0.9622714847224464 0.6501584373515206 0.03239195004672501 2.588953250282462 
0.9478313586574203 0.6668098521742302 0.04124397959828856 2.554706322013939 
0.9613559768953429 0.6509660412863586 0.03144138032063171 2.586625350791969 
0.9605512699752714 0.6512547741721794 0.05936593512618485 2.585471207860507 
0.9610988758982173 0.6496897190783391 0.05768103882017677 2.586238438450887 
0.9613497483765906 0.6517154849677363 0.03258678479091766 2.587164551630091 
0.9709421391715052 0.6371426582082866 0.04440186392015465 2.608778964362092 
0.89436894663037 0.7182489897493379 0.08608901826223637 2.430200043591395 
0.8721699151182815 0.7351625487004001 0.09786239693805635 2.379501018185695 
0.8759713042187338 0.7363590744268875 0.03996076908562556 2.387042106211165 
0.8930864014560695 0.7224822701315246 0.08600639333771086 2.429783187319801 
0.8761745018447503 0.7349257059556069 0.04095658000067347 2.386813168905484 
0.8964118103944958 0.719796342046842 0.03667676244088099 2.434780590406241 
0.8984486080174345 0.7191971475276271 0.03703496368134977 2.440297010730064 
0.8793852252883378 0.7348006986671293 0.03810732645975427 2.39603540342117 
0.8956545763903729 0.7217279612111281 -0.003715299348409814 2.433158531223345 
0.9307797971130941 0.6840130744871372 0.08098444875506651 2.515308936613012 
0.9106216928483235 0.7071635101778971 0.0734237629038549 2.470523231985404 
0.9186108164053439 0.6983805446725802 0.0460654494531469 2.48623209406877 
0.9303278608628414 0.6866180406462284 0.08110081886084311 2.516282029830039 
0.9189108624021084 0.6991590290903051 0.04744660252599248 2.487996609721745 
0.9357362572711887 0.6806953633515267 0.05734383038066555 2.527143567239275 
0.9355666467230038 0.6821953484604285 0.05638739526169038 2.527522678993867 
0.9202183152500751 0.6999747460718626 0.045469841957601 2.492556172704522 
0.929032400129532 0.6876393030316156 0.02621343689222297 2.51001862855989 
0.937291540457859 0.6731442828700637 0.1121228140373748 2.531259413883354 
0.9238574969913376 0.6789315699303825 0.155132794443709 2.499872694382006 
0.9120211000842433 0.6982378446537471 0.1167502622953166 2.472353409571054 
0.9365728791551642 0.6737812101020806 0.1118613459104672 2.529432078642542 
0.9135489341794206 0.6992356135752 0.114226175941458 2.477351512839685 
0.9302296044456917 0.6831443117493529 0.07903780686130048 2.513260105410426 
0.9319508154228637 0.6824797240417847 0.08054058175159248 2.518039944738115 
0.9122220843758139 0.6997906632421279 0.114097108446805 2.473621709085496 
0.9095661286264022 0.7067915456687772 0.07552128280555309 2.467144539813918 
0.9926295676448158 0.6047338535928777 0.01774492528826278 2.658578222315616 
0.995688739478789 0.5986754718238589 0.02687652318823406 2.66524638947077 
0.990375476907061 0.6071135780294163 0.02871580381901304 2.652882347098697 
0.9931709701100278 0.6040687434455078 0.01811601462333303 2.659954197499276 
0.9903022280393301 0.6078653122586473 0.02786977828513205 2.653076513527944 
0.9890612504151314 0.6112146812499062 0.01720959668124334 2.650779897666861 
0.9890704767053093 0.6110673649264041 0.01656598893342058 2.650694729430037 
0.9899082961824542 0.6083402373779822 0.02883726600974247 2.652076936965074 
0.9841980244184915 0.6171989957395496 0.02543608743553961 2.638722432545279 
0.9916848046099159 0.5998373833816892 0.08672300931325237 2.656012728692465 
0.9790508855087996 0.6190243227669467 0.09379789743057512 2.627139906251351 
0.986013052088387 0.611350277971025 0.06708336127080231 2.642877117454846 
0.9920453589143492 0.5993350828976755 0.08572309164058543 2.656933665459328 
0.9864248482031627 0.6115688184686072 0.06914336338557449 2.644561470797569 
0.9950515223066888 0.5964999446221695 0.06232984891702455 2.66329876686918 
0.9942892221558286 0.5995038470654002 0.06295755784139949 2.662686385360635 
0.9864282426210226 0.611608992859583 0.06867530268160801 2.644587607016047 
0.9900319911723287 0.6056210500120269 0.05073423076788114 2.65170942165277 
1.000074321787482 0.59158035895961 0.0001735793861010804 2.675230807423104 
0.9999467815108638 0.5917022320294779 -3.26135490681533e-05 2.674878794833832 
1.000093414139104 0.5914423328565608 2.311855558288873e-05 2.675212627984004 
1.000077091959871 0.5916384329917636 0.0002503144681367857 2.675274335201951 
1.000104604549723 0.5914211742210929 3.195664785899425e-05 2.675237289377458 
1.000346749519543 0.5911097734634473 0.0002516498618437912 2.675858528785942 
1.000348504722274 0.5911586206959298 0.000175688120159594 2.675893251095849 
1.000122162615 0.5913915675917757 3.109463800062844e-05 2.675278186330215 
1.000273276822415 0.5911220743409731 -4.16881093946088e-05 2.675621424506172 
1.00073271282597 0.5905723396682053 0.0008329462449304533 2.676825260821945 
1.000364064304869 0.5914295109255991 0.0008533451124389724 2.67610540421742 
1.000353556492985 0.5910513406528374 0.0001327005617094282 2.675846402576406 
1.000755058993327 0.5905226357816135 0.0007682068724557838 2.676870316505386 
1.000326311410138 0.5912430958085774 0.000136535771035091 2.675869077594448 
1.000550224610777 0.5908672937601567 -0.0001211390893693359 2.676391949476506 
1.000048424536956 0.5918492862114935 4.764411692972214e-05 2.675303776685181 
0.9999648795694871 0.5916629564895742 -2.585068757693168e-05 2.674915721416525 
1.000063887321321 0.5915544790308763 0.0001996690310956973 2.675180805245386 
0.999982856170731 0.5918297492466648 -0.0001046472444026977 2.675074137476804 
1.000093467023919 0.5915239284344493 0.0001578540194512834 2.675260976801982 
0.9999894249534861 0.5920176551922062 0.0006861957579057698 2.675207515381065 
1.000004948083119 0.5920140652305852 0.0007536623041007876 2.675256943647013 
1.000073134652754 0.5916795013695334 0.0001591573977283609 2.675285278731814 
1.000278378412037 0.591237107329598 0.0008396972558086881 2.675706748281632 
1.003661488943793 0.5844751096846474 0.003575736688879496 2.683010925473646 
1.002979326162002 0.5874501712714324 0.005896118774331701 2.68248768117306 
1.002082903534092 0.5879306272701358 0.001244123067531037 2.679757130604239 
1.003697005017284 0.5850543341912416 0.003313068301317421 2.683466668956631 
1.002120560104041 0.58821610117003 0.001291312545040728 2.68005668882405 
1.002276802833684 0.5880526763475041 -0.0005939208903163102 2.680478923908606 
1.012379520771997 0.5691092823411532 0.01847290459388423 2.703529048411603 
1.017018879339119 0.5591803357065527 0.008105046056290746 2.713439918398511 
1.01566305731053 0.5612367976122717 0.03373894065861997 2.71059528149115 
1.005322757923919 0.5757095698563044 0.09593846549532495 2.688007490854027 
1.001276679467393 0.5829264322214728 0.0729314598849488 2.676794508422176 
1.012274459938882 0.5646076421768682 0.07911688860194442 2.703427878129779 
1.005138063279699 0.5742536270429159 0.09727657483584581 2.686659757689026 
1.012256562960652 0.5619294271642858 0.07848896422206328 2.701918997513383 
1.019984917570197 0.5431517917400017 0.1021928082848791 2.719799617623286 
0.9931695486261389 0.6045083059146561 0.0001418737329086116 2.660092037542693 
0.9962691924315016 0.5986715585428557 -0.0001386040806128209 2.666808913121716 
0.9943267464980036 0.6019181790611343 0.004514477739840056 2.662363842075727 
0.9929656328353401 0.6045489623264902 -6.881608891203213e-05 2.659441046153809 
0.9943341595851821 0.6020212286649881 0.004769561312026591 2.662439124792234 
0.9903826162240303 0.6086141775787011 0.004918437900905464 2.653415908635061 
0.9903382918687892 0.6092972633184572 0.004909197927907174 2.653684190023223 
0.9945139882297974 0.6017936719033868 0.004678016569862456 2.662874833811233 
0.991712272423405 0.6064356885134731 0.01083042852287972 2.656523208076353 
0.9994852140164048 0.5930477642618025 0.001530483912188631 2.674139654543759 
1.000118061011273 0.5915458204156258 0.004667965760952316 2.675364521659559 
0.9983071649671711 0.5953126815164574 0.004001586624980954 2.67158209821884 
0.9996109416869083 0.5925975756396014 0.00157109681941259 2.674289656377992 
0.9982431636786091 0.5956384749839156 0.003663925745204311 2.6715643600707 
0.9985382379392667 0.5945191274132962 -0.0002345497019777643 2.671868428490875 
0.9986550600692773 0.5943067153101003 -0.0001709254165831854 2.672123599018253 
0.9979082821318329 0.5955573763997984 0.004045756244931873 2.670404653857812 
0.9965221568081741 0.598808661231741 0.0004022906421536084 2.667744399061871 
1.006995356820241 0.5795134759966299 -0.0004899349052470883 2.691244971444145 
1.00859160258918 0.5751596081619483 0.01201257878584678 2.694183916174604 
1.005685557843907 0.5813730380310386 0.005763825825897053 2.687967268109219 
1.005973633131596 0.5802417905381555 0.005889879814684223 2.688265057697112 
1.008221700898345 0.5757894147726275 0.01285683916751658 2.693312535543047 
1.004781990853407 0.5841276236416189 0.01732329658567872 2.686680000301392 
1.025317849305963 0.538132871441072 0.04453812210732918 2.731130964168484 
1.014356469261614 0.5635456641771833 0.05331209962403455 2.708261925555254 
1.014438774125857 0.5646422056801433 0.03381429175362198 2.708243509179951 
1.014926605952227 0.5618950588747822 0.03355627858420896 2.70841490364152 
1.014335827349618 0.5629245267803168 0.0517840040387922 2.707803707665743 
1.007331016005741 0.5762870112960101 0.03749794372420251 2.691218750959493 
1.000027526475023 0.5913815960760368 -6.582103000179667e-05 2.674955198962243 
1.000039093229265 0.5914857681014201 6.290700389872899e-07 2.67505516828917 
0.9999657856945644 0.5918101494997865 -3.538599357034223e-06 2.675003283837052 
1.000031970239944 0.5913544976105028 -5.588732529018764e-05 2.674953932574221 
0.9999625799714426 0.5918648075338707 -2.62595471877468e-05 2.675024995667638 
0.9999472066569787 0.5918337746821603 -0.000159078076365649 2.67495565319304 
0.999967021862053 0.5918602133474823 -0.000116774421340861 2.67503718592882 
1.000018511915286 0.5918304080527977 7.254796697034089e-06 2.67519065445915 
0.9997185685521566 0.5924892479675467 -1.027571995158923e-05 2.674583614337088 
1.000121978653121 0.5916098559347492 -0.0002838547402941126 2.675333187207355 
0.9999423491968952 0.590958374361833 -0.0001618972063750323 2.674617144893014 
1.000024187001837 0.5916659220982836 -0.0002532370105620677 2.675036379694925 
1.000049196070546 0.5914603381079816 -0.000355628483126345 2.675078502565631 
1.000000211187845 0.5914116890775508 -0.0002988314455936867 2.674886078391737 
1.000018295740393 0.5913691788377051 -0.000116097058897094 2.674916155274349 
1.000010346157042 0.5913724111626331 -0.0001099978650231012 2.674891766847888 
1.000005313058956 0.5913901043480373 -0.0002940544437174677 2.674889981637659 
0.9999975392314741 0.591354969296006 -6.5277834623925e-05 2.674838624964505 
0.9993534539560246 0.5930805374131787 -0.001853107471905354 2.673720636158336 
1.000217966552907 0.591225127421065 -0.001750380066619531 2.67550003319615 
0.9998173704669052 0.5923870998806766 -0.0008979461922058942 2.674850770365614 
0.9992226052330641 0.5933015997525258 -0.001804502302158134 2.673418767689366 
0.9998013794571731 0.5921723005271763 -0.001011976057195646 2.674671384626796 
0.9990973378070628 0.5936446934798112 -0.0001359682155177502 2.673204589705474 
0.9991562141836899 0.5935280252685725 -0.0001336417639068962 2.673330696755166 
0.9997635798380904 0.592210524782398 -0.0009959380615432816 2.674568607604921 
0.9997462524237907 0.5925759594374764 9.968944029287982e-05 2.674727117551256 
1.000242403019932 0.5902276097149763 5.87908058292218e-05 2.67530766412622 
1.000269742229241 0.5914209204403384 -0.0004159302982042529 2.675693760058827 
1.000722662059536 0.5909116408903231 -0.0008844782995818671 2.676882553894197 
1.000658386029702 0.590723817708557 -0.0009606516616189868 2.676676492695488 
1.000318876690684 0.5911700279421904 -0.0002606574377004931 2.675793477079071 
1.000224344904438 0.5912703388210638 -0.001498857380252024 2.675560369478866 
1.001589097759488 0.5879059043256314 0.0001821594134302904 2.678498613624186 
1.00124912944525 0.5899131781162752 -0.001930952354430703 2.678022159273303 
1.002507758835737 0.588048476014942 -0.003604505898777492 2.681097097852798 
1.002334027275402 0.5875554198503264 -0.003801536649531767 2.680420359038507 
1.001365900076525 0.5890991058981299 -0.001491187235428512 2.678074162736058 
1.000826328989476 0.5901984358658141 -0.005706430417328579 2.676947765213758 
0.9939355481708819 0.6024782654627729 -0.006134066890068924 2.661406585115847 
0.9963680915077719 0.5980282529179416 -0.01152736551711404 2.666829189028297 
0.9971322025258432 0.5971869599066941 -0.003851841387719137 2.668800600232174 
0.9941313626946314 0.6021480529282954 -0.006093595773740993 2.661845132213796 
0.9972331629984125 0.5973639137320099 -0.004347554728311756 2.66924010485625 
0.9959919385526709 0.5991572377999693 2.577671705977401e-05 2.666196628584941 
0.996070533006773 0.5991198206585875 3.324628370779427e-06 2.666432136085098 
0.9968618561065076 0.597313942404451 -0.003965225911032947 2.667977447873423 
0.9982374142618839 0.5956294222875782 0.0003660557386496476 2.67153007566964 
0.9900360133215435 0.6090506930431129 -0.000311262114532855 2.652531065376235 
0.988125440196497 0.6128045635731236 0.0001804082751373956 2.64855288184195 
0.9887323202676356 0.6117196601345284 -0.003628479719754663 2.649886613382697 
0.990323572080348 0.6091018183109955 0.0001494476741054598 2.653509732537465 
0.9886147716053809 0.6117087350584718 -0.0038210536831732 2.649485928791795 
0.9914078890138177 0.6069624820698699 -0.004832454826184673 2.655782971168565 
0.991401525570218 0.6064828302679218 -0.004948771936854654 2.655459370014573 
0.9884209215645876 0.6118814653780807 -0.003679502848938784 2.648943479281882 
0.9892961061990494 0.6106803121580175 -0.009894440880804963 2.651155616167139 
1.007772074221706 0.5788930705600671 -0.008136843227345342 2.693281710211617 
1.005763133006124 0.5793238391139574 -0.000263039469643597 2.687739077716218 
1.004200266066677 0.5848924393409388 -0.003759932297897335 2.68483709345746 
1.016808421111046 0.5580563006925311 -0.008840607266138799 2.712972211008562 
1.011799733716906 0.5712145242877638 -0.01787566877772097 2.702523142549303 
1.014260176308211 0.5646878707165039 -0.03037557088802105 2.707369124911085 
1.013096603579004 0.5663945614545183 -0.03008324237840537 2.704699402547172 
1.011747579336732 0.5692307706910129 -0.01755633345187964 2.701445045186908 
1.006897057780029 0.5781071437536152 -0.03223080423247043 2.690640697400187 
1.013603663128405 0.5663763044257426 -0.04318210659692308 2.706537027578257 
1.024436043043376 0.5386903198146595 -0.03952709179198685 2.728978723289099 
1.013161094696897 0.5687518044243014 -0.02981788445779812 2.705913583036085 
0.9881825672258704 0.6127246265453248 0.003217384853732234 2.648686161220049 
0.9854017340425389 0.6172051701758619 0.004099279512577023 2.642367090594633 
0.986680724742703 0.6147279045555604 -0.0005272609073329734 2.644991263460694 
0.9879962801558774 0.6130264618115077 0.003090841973799394 2.648274704210031 
0.9866322170346292 0.6143166340069884 9.834341900561143e-05 2.644586682059958 
0.9878254199085631 0.6134572367373238 0.0001444932101000381 2.647974839397595 
0.9876478941721528 0.613648934173959 0.0001187065001391227 2.64750943007576 
0.9872320322977549 0.6144069711647665 -0.00054624462156734 2.646615541248677 
0.9878076735048976 0.6126302329956372 -0.0005416468270825251 2.64740327463586 
0.9732730693457444 0.6206306413414671 -0.1276323993751539 2.612559948330332 
0.994197228014162 0.5790207941803241 -0.1487660223413883 2.65997531653483 
0.9935854705142947 0.5899608296314243 -0.1159174599370664 2.659505745055157 
0.8773004779729219 0.7347818192135742 -0.03772064501435811 2.389810529710875 
0.8982078196453317 0.7210212406909958 -0.001382286505686754 2.44026270515264 
0.8751547785736599 0.7378200050488609 0.002198654546533108 2.385082845371583 
0.8770355966659704 0.7347173481973804 -0.03966689348346992 2.388794356507534 
0.8744274818553904 0.7402130522460448 0.002837142560951347 2.384331020847986 
0.848867323294124 0.7535763942964251 -0.04097764751485872 2.32302084298949 
1.003840539178026 0.5789497992251496 -0.09083982412086215 2.683982294769043 
1.021758262418692 0.5374646246449576 -0.09139968299895675 2.722499465709399 
1.011486638802291 0.5684054936516879 -0.07057959232544182 2.702195223752418 
0.9436770998651716 0.6498811461147489 -0.1623419835314915 2.543105700415177 
0.9527534673582178 0.6534704360100925 -0.1136287822683541 2.566779310851772 
0.9367122978813267 0.6770364295806197 -0.1027558588501557 2.530844605940505 
0.939758280957348 0.6706961444665644 -0.1027464494992416 2.536584354348856 
0.9528719299873364 0.6536351393743274 -0.1144638426672087 2.567640040755964 
0.9519032802287068 0.6594673509887101 -0.07013015320921621 2.564059951055373 
0.8973221016228232 0.7097265994874897 0.1340670921532231 2.438680670374382 
0.8920880516800043 0.7198600115112196 0.08557868272359777 2.425059972220403 
0.9132680916067887 0.6959978435367048 0.1154112402757523 2.473933655399232 
0.9122870439030659 0.7012412499836764 0.1157479736616706 2.474792138903051 
0.8923760094165051 0.7201329285852964 0.08616712028660339 2.42623977535895 
0.9082056957085342 0.7062450892749161 0.07343677129089415 2.462362885583784 
0.8963781215314168 0.7195265506345281 -0.07440684926466612 2.436141980220553 
0.8905825736837608 0.7138453443508957 -0.125979092913205 2.42081063448151 
0.9135704086530968 0.6973929101289577 -0.1044250480123867 2.474655525917419 
0.8525374086427052 0.7516592480904827 0.05525412715105656 2.332507257548345 
0.8731137014899932 0.7393473649237741 0.0001053516195632608 2.380015961754953 
0.8800275070543933 0.7336673967569092 0.04051210460059684 2.396714232383245 
0.8786631567608247 0.7366446406711111 0.03917181038161827 2.395184290045277 
0.8727655311251736 0.738434155271353 0.002104315797407155 2.378739453373943 
0.8960939690867341 0.7209033185416514 -0.004177892314111389 2.433858842544697 
0.9760160806056155 0.6194951880774903 0.1223863656358018 2.620731447757205 
0.9779905509384093 0.6195259850052819 0.09258421349993297 2.623801829091338 
0.9908718973913271 0.5972784246765763 0.1168118707627291 2.654713482636387 
0.9755319031942528 0.6202861263362501 0.1244787320867828 2.619667260246943 
0.9916628574717398 0.5939910982986072 0.1161560707230207 2.655309938746095 
0.9943558582493862 0.5817743721088449 0.1503620331310873 2.661562410721032 
0.9496717377674136 0.6457312937305658 0.1649237654340258 2.55917745651999 
0.9349569043824839 0.6763504689630925 0.112636594344548 2.526412289474023 
0.9543058848945145 0.6494159594146787 0.1245179865662888 2.570274794781004 
0.9525753626703558 0.6530787731225356 0.1238517965243466 2.567252265570438 
0.9361570919268616 0.673251892898745 0.1106469364502254 2.528116184660826 
0.9459354554977917 0.6660472124230882 0.07987584947698913 2.550471458094099 
1.001146098970757 0.5896338132319097 0.0001455455511053072 2.677647126584647 
1.000829328180725 0.590635673770844 0.000922612352488381 2.677184145632094 
1.000527370945792 0.5909848224268429 -6.794007210133528e-05 2.676384659904196 
1.003833856339436 0.5844956368000755 0.0002741129062513553 2.683591403186524 
1.003737438195555 0.5848294583032235 0.003296273654493951 2.683473431132526 
1.002290591258809 0.588724846319268 -0.0003982973781553028 2.680910919750339 
1.011349536638734 0.5586088847714785 0.1264607893821151 2.701901463518465 
1.00408815591855 0.5738991562514102 0.09598824370629175 2.682846164152134 
1.020528704860932 0.5426240702656792 0.1021803464604401 2.721154430442814 
1.0042960440111 0.5846852843723308 -0.0004173241176142008 2.685228670147976 
1.006300472802689 0.5796855396235511 0.0008830633484692635 2.689040097695196 
1.005864880927314 0.5812310772976323 0.006074279543383796 2.688500197503796 
1.02259522862754 0.5458766690422815 0.02217251107691496 2.725234141253105 
1.02590839282485 0.5395156158859373 0.04190559966184976 2.733738499017717 
1.014555285592321 0.5640861931139799 0.03441944478756344 2.708431248114553 
1.000755018705153 0.5894252498606052 -1.347288759940898e-05 2.67655249139089 
1.000156388715448 0.5901957667834229 0.0001681609469552602 2.675014947663336 
1.000800228132431 0.5908478348107264 -0.0009117033342299907 2.677095889362056 
1.003163407709542 0.5850207150262289 -0.0001976341022534053 2.682071595343359 
1.001250219049583 0.5877743193148554 0.0006578305538544562 2.677308579812749 
1.002738567189872 0.5879414929203243 -0.003744232660436886 2.681795120816227 
1.021729750764296 0.5472899229392959 -0.02275554825158953 2.723925947523139 
1.016606158481955 0.5566941695877063 -0.006894469475678493 2.71150917426505 
1.01364366311361 0.5661188152133366 -0.03146722339920502 2.706130061074622 
0.863965518014289 0.7397774099116567 -0.08733500601611829 2.358415146852152 
0.8797995893079474 0.735392930802347 -0.03779123531569227 2.397384397404306 
0.8496140278400579 0.753066164506267 -0.04144781864615902 2.324341475945608 
0.9206401104648526 0.6803635720334673 -0.1502090080350496 2.49011422103065 
0.9436664064369347 0.6512039556044077 -0.1650323583585579 2.544185609518454 
0.9382782530159671 0.6752449088420248 -0.1013644553581871 2.534632573695461 
0.925224135453513 0.6801605152332678 0.156610906096864 2.504665973533175 
0.898438415645798 0.7090524382704081 0.135170522434877 2.441770928717203 
0.9100941672529778 0.6970630556838712 0.1145290479389392 2.46533000437959 
0.8719904514019958 0.7367459546405412 0.09746954877716367 2.379780537618741 
0.8532199594433808 0.7510297941688447 0.05736516834392533 2.33422148920276 
0.8755192646932985 0.7347585907263849 0.03958752181497579 2.38445109465078 
0.9748856692364041 0.6136571387493004 0.1623491168006568 2.61915352051033 
0.974027428384599 0.6190870145113772 0.1224556150984351 2.613860535346128 
0.9950869459930467 0.5819057993174032 0.1509776825162721 2.663683005234068 
0.9729571967900613 0.6149233070331802 0.1647098436346386 2.613348784493654 
0.9524889213851812 0.6448201000997633 0.1636637046000768 2.567613501411834 
0.9512130862501299 0.6508120441861275 0.1237489473344826 2.561466097601758 
1.00047734438098 0.5908370938764321 5.016153265656367e-05 2.676131796972992 
1.00035935186678 0.5911913086276791 0.0002092876825271052 2.675948638897645 
1.000248510997203 0.5911773173607017 -2.940546702241117e-05 2.675571646634456 
1.002078599845881 0.5880515850886634 8.141393290893417e-05 2.679820875542696 
1.002060278540069 0.588256594456487 0.00129000548616114 2.679882647272318 
1.00130967531734 0.5897930287669699 -0.0001235264863880486 2.678282929560557 
1.013558308338535 0.5684103312480651 0.01909508851739871 2.707151369652793 
1.011460067178974 0.5699614048893415 0.002120875943625534 2.700706474392183 
1.015698682425925 0.5597760240905156 0.009101584557458162 2.709376619294125 
1.016262846558654 0.5628418729030116 0.03465171384238034 2.713549921526552 
1.016812705536857 0.5588672897249594 0.007807124413144041 2.712486035479471 
1.021489017233044 0.5472275742433041 0.02270874924356938 2.722290920681889 
1.021114387906762 0.5437353314493053 0.09997459380639381 2.723765580542798 
1.011511071369779 0.5623010205654776 0.07866188902999169 2.699717169322465 
1.025772074595223 0.5360036041749795 0.07566509250767831 2.733235121607475 
1.006861732645959 0.5800091007750899 -0.0004897419525607834 2.691049869098184 
1.01054768885276 0.5706207069793521 0.003548710752956641 2.698088921370065 
1.009046271440986 0.5757671132119216 0.01260549768748134 2.696065169156201 
1.026207306546567 0.5368579286789946 0.04386949484405606 2.733330476903101 
1.025921895346559 0.5376038509225362 0.07274639399888201 2.734501373184923 
1.013419855607605 0.5636607529085494 0.05250214618148814 2.705081420005143 
1.000203234191598 0.5902335069830152 2.978293872584197e-05 2.675180725218496 
0.9998833744197942 0.5906040553043839 2.604432535606755e-05 2.674335586935937 
1.000354122351151 0.5914090343416925 -0.0003719109425273039 2.675967497944424 
1.001419098308234 0.587950922891136 0.0001054460174345284 2.677958584101624 
1.000628802884375 0.589200122404313 0.0002186698998003041 2.676062357317754 
1.001514684647541 0.5899298233330091 -0.001695464233499274 2.678915945648787 
1.007958119023743 0.5788751899292132 -0.008331605746456538 2.693888404616872 
1.01093393791531 0.5697805802296212 -0.002648839045527997 2.699624784937657 
1.004999112264269 0.5788072996761655 0.001108471321976565 2.684910778089117 
1.004645225395418 0.5847754095216193 -0.003429173087959447 2.686254720732059 
1.005340986785745 0.5796919363380558 -0.0002361746209317339 2.686536466791873 
1.002682012997687 0.5840841181473699 0.0002524627209318995 2.680211489285791 
1.015826087392975 0.5590877792398081 -0.008421619095815487 2.710208090737159 
1.011146446943134 0.5672667391131598 -0.001325781216637069 2.69899182899817 
1.011919323550394 0.5711497014809492 -0.01787822593678437 2.702890997312134 
1.012125299385161 0.5673523127251373 -0.0433964138214629 2.702104403594649 
1.025818808097104 0.5343169018161716 -0.06183643423172607 2.732351187597483 
1.025994978918839 0.5378602658052027 -0.04102770004192412 2.733894446718558 
1.012270794958115 0.5676230344150546 -0.03071084482504127 2.702337482629364 
1.024947266647497 0.5389058413260399 -0.03909794225897113 2.73077484547502 
1.022549845139184 0.5458561656086244 -0.02381316413498411 2.725973123680438 
0.9728973652129721 0.6199130604649695 -0.1261374559234377 2.611110822842112 
0.9687013721999278 0.6172942835208173 -0.1647462346780565 2.601827595455294 
0.9958608760232731 0.58001484115262 -0.1530273072583137 2.666388848509035 
0.9921759756582986 0.5898870560062032 -0.1172160281745391 2.654770377887893 
0.9959317870186813 0.5775219979625807 -0.1489643526556704 2.664689855579466 
1.013855784470213 0.5525385679111023 -0.1245335808075557 2.707244191710848 
0.8470787319392215 0.7538380238389472 -0.03995465721876689 2.317903949140468 
0.8768187243462242 0.7389108461835783 0.002369792429949372 2.390538699922736 
0.8440945557974158 0.7574860014231136 0.009525973793053026 2.311413462504193 
1.002497739720029 0.5798064877723722 -0.09059089358410942 2.680063398893962 
1.01279404851287 0.5506624995971636 -0.1209612456508278 2.702223483846127 
1.02360418478984 0.5370584480887245 -0.09389555724340819 2.728622598996521 
1.009990284060587 0.5673873547246748 -0.07228083942446871 2.696647768018319 
1.022543977344362 0.5373378557065308 -0.09097711838961831 2.725018434876241 
1.026717598881579 0.5340858987946799 -0.06470838425065568 2.735553528936854 
0.9460503308210856 0.64810514437422 -0.1627732558877274 2.54929888434918 
0.9666164727928832 0.6205137321888031 -0.1673737953756185 2.597690167455374 
0.9524925416508992 0.6542387912729293 -0.1134403222473708 2.566255804439321 
0.8974306228423529 0.7110447570152024 0.1341775567971391 2.43950952634577 
0.8724499224485509 0.7343260405940287 0.1003032205162251 2.379978204966508 
0.8916355060934034 0.7189134581813487 0.08497596977821424 2.422929244769217 
0.8988922221119081 0.7175716434317173 -0.07409811013543842 2.442490959671602 
0.8671089046421464 0.7380687548820533 -0.08742765211551815 2.365540360488334 
0.889621000796489 0.7148572964510322 -0.1266877729057389 2.418767193324455 
0.9148286527498419 0.6982739973551504 -0.1032465556968726 2.478993933207353 
0.8926448640427962 0.7124765200043102 -0.1264734029148258 2.425564914122755 
0.9178598843575314 0.6839101491850494 -0.1537033448147526 2.485229923006084 
0.8524387076502035 0.7530863639290069 0.05497423729776232 2.333017279374799 
0.8434000335596464 0.7578267658048911 0.009761697751967557 2.310036845094602 
0.8732438565440407 0.7383089898117413 0.0002666124367380448 2.379663024230809 
0.9964497373385169 0.5814751074797108 0.1482636814408712 2.668205801496023 
0.9901152599759279 0.5950364493168248 0.1156451626327951 2.650937694461245 
1.010431686886161 0.5578520669185256 0.129386182508175 2.698319213079948 
0.9506507234229427 0.6465265342209514 0.165728751573158 2.562415102327984 
0.9265375003150901 0.6777544623783502 0.1543877291671863 2.507406024457016 
0.9334180737225009 0.6747264342939995 0.1110950895639097 2.520387537701315 
