1.000109855686083 0.5914612363622194 0.004202350598943039 2.675286076528942 
1.001207283305748 0.5893628620256335 0.001973922309429179 2.677690962632763 
1.001147150902633 0.5899813840647476 0.005180350745511344 2.677869651993383 
1.000114566539841 0.5912394433095731 0.004429373867651654 2.675167714487183 
0.9993327024085746 0.5929493388998471 0.006384334917084756 2.673596700571907 
0.9978380226707478 0.5953954229534729 0.004008476977198527 2.670074632036924 
1.004150959794757 0.5843915733613765 -0.0004573326929592613 2.684583631636331 
1.005581570020939 0.5811638862928026 0.005774477751143125 2.68751056044285 
1.003757768349375 0.5847861072034717 0.0031452762351652 2.683511375618558 
0.997521943770219 0.595878140093278 0.009551886143775702 2.669346768644675 
1.000594198854809 0.5901798349494664 0.009476760708845799 2.676168466410008 
0.9998815550113996 0.5918857719244237 0.01357361105788459 2.674859216777105 
1.008232621082505 0.5749726240139174 0.03740843608283091 2.693507021972993 
1.005684984151896 0.5815047453074015 0.02404257176322487 2.688264375543091 
1.01312835103018 0.5662996743247043 0.02002967950110592 2.70448299549812 
0.9696273862413965 0.6389447411939909 0.04456073532618118 2.605838233207731 
0.9808273960889532 0.6209109677767566 0.05223900585002619 2.630874867399976 
0.9715362968863911 0.6350338689278311 0.06586457179025459 2.610722137184883 
1.002360204449245 0.5830237310591144 0.07459376690185743 2.680601342338933 
1.006598653709003 0.5763897921898886 0.05237238916682161 2.689398900313195 
1.012052737038 0.5651391381289022 0.07907995516533725 2.703063172785756 
0.9901045974510952 0.6059836267985149 0.05211180833885884 2.65226869244472 
1.000605702135918 0.5887762729357428 0.04928389931344545 2.676399173888719 
0.9951198840081749 0.5990041649416673 0.06227644743201816 2.665133849981618 
0.9463558141317154 0.6653549290872468 0.08107856924901992 2.551632663833169 
0.9604759982049409 0.6504187848418815 0.05699001836791253 2.584455995484116 
0.9622663444698066 0.644616913058129 0.09272457005174772 2.58913448685129 
0.995552638295047 0.5981412606340968 0.02636235416041046 2.664469906751563 
1.000191722093838 0.5912714338518492 0.034116931541217 2.675988085077221 
0.9940417757016445 0.6003487615055799 0.03677560748261315 2.661142167983981 
0.9836077258730235 0.6182141463586239 0.02535366494389519 2.637406749996071 
0.9903066818073039 0.6073483947590457 0.02879843029731444 2.652726424463179 
0.9855391400097349 0.6153993793001944 0.03636308391439414 2.642342340972931 
0.9823996756851651 0.6208441464802646 -0.007365841548672509 2.634814603527662 
0.9828411499658329 0.6199736675935149 0.0002134704976696119 2.635676897262121 
0.9784155618319859 0.6269393710090848 -0.003108106634309532 2.625616513434501 
0.991181208537387 0.6065972502628574 0.01137117173745822 2.654866094176731 
0.9949307441620109 0.6002241353954811 0.01141781365074538 2.663368389070965 
0.992601161000082 0.6043691677463441 0.0177457302699895 2.658291794797756 
0.9730679063096199 0.6334325906810173 0.008491627293616907 2.612454096801352 
0.9807926173978913 0.6238056179584534 0.006024049597587114 2.631382048965325 
0.9771687347726647 0.6283821313420318 0.01911354991329593 2.622670866744835 
0.9974635592846826 0.5959547450874886 0.009162583331692549 2.669191519411444 
0.9997021175207761 0.591951861142254 0.01397739392323022 2.674304611003365 
0.9970890415250745 0.5961274182759835 0.01567039615284006 2.668143526833729 
0.9958788432555392 0.5979955293128093 0.02719498840934164 2.665496106827633 
1.001303229868253 0.5891125905859838 0.02369932781601309 2.678101946052972 
1.000417846604204 0.5910670115449546 0.03313141074099498 2.676602073504178 
1.000080671445314 0.5913988904038593 0.004004757312154639 2.675151708082475 
1.0000764506819 0.5916480217621495 0.001705779775364509 2.675277666954157 
1.001088917888585 0.5895851366533624 0.002311566958886961 2.677430385559537 
0.9977223244736569 0.5957650326217702 0.009603553656227507 2.669943876095144 
0.9991423071579004 0.5928248396134344 0.00667633403164666 2.672884490753165 
1.000397756763046 0.5904849469720153 0.009768936517761331 2.675703653241862 
0.9994276875708998 0.5925759291075923 -9.830599049172231e-05 2.673670451535434 
0.9998434262587814 0.5918296643286316 0.0006836238977172076 2.67461028131118 
0.9993246167752206 0.5929007605377122 0.00150485993422257 2.673521998297071 
0.9787166589879369 0.6205137602571025 0.09501230968605716 2.627023772404564 
0.9927537985067599 0.5972600725341174 0.08607700206715668 2.657824901837432 
0.9909368197213924 0.5972141948943837 0.1159547195942427 2.654976002771687 
0.9998807024364119 0.5914198617389136 -0.001388005995152736 2.674493374904217 
0.9997810568121311 0.5919105138162304 -0.0004358721272041826 2.674448607517836 
0.9995021889410823 0.5925465326378061 -0.000805831802560777 2.673897316422041 
0.9999246142177866 0.5914345242746928 -0.001337963618619961 2.674655304265189 
1.000171711628891 0.5911304976933299 -0.000414368261373311 2.675289050456256 
0.9997582602130139 0.5917178198093161 -0.0006471533460518581 2.67426318316542 
0.9999097426133478 0.591334430585115 -0.001465821223796449 2.674539164067977 
0.9990339778338307 0.5932705253321966 -0.001816890660369501 2.672771722396757 
0.9999293274163259 0.5914270249460124 -0.002787646035075681 2.674662302478205 
1.000497127918471 0.5904874388011934 -0.005362000425969712 2.676017298910939 
1.001194674600935 0.5891963263057882 -0.001847605577502121 2.677568323638768 
0.9999917430536766 0.5913546054302108 -0.00301551144328682 2.67483299539137 
0.9965618464902748 0.5973797868003977 -0.01151677203837877 2.667072049889712 
0.9992476820763239 0.5934186282020171 -0.009421784783950733 2.673602996400593 
0.9966546020969491 0.5971172715987992 -0.003734902567658714 2.667175808574543 
1.000295488917957 0.5905145607054075 -0.005810219167189048 2.675351939251703 
1.00162030689281 0.5881357827774251 -0.008006307799378637 2.678403549630149 
1.002237219728052 0.5873565167764495 -0.004152911809887997 2.679991948112725 
1.004346919381792 0.5842636267857495 -0.01042820896405677 2.685255977189901 
1.006015077837296 0.5809183233139865 -0.0177030554155267 2.688972522670861 
1.007725525886171 0.5777743695167056 -0.009684533444830614 2.69274547622276 
0.9890190227855643 0.6098979977071081 -0.01048423512087582 2.64976045768818 
0.9856752959991189 0.6148641633217713 -0.0101563169463215 2.641821615567191 
0.9865962222762136 0.6133433889037122 -0.01547192317356335 2.643975003448737 
0.9926448475864006 0.6040698081597147 7.26344135736559e-05 2.658092780363922 
0.99128790090608 0.6063591396916794 -0.004729854418530167 2.655009213754608 
0.9937721363279312 0.6022259099313525 -0.006156137396020498 2.660711923488778 
1.000504518358789 0.5906093888267138 -0.005115195011402113 2.676105924101757 
0.9991603475827985 0.5922111920630938 -0.008916808080661427 2.672606599761675 
1.001708935534367 0.5888662916207753 -0.007659386087424436 2.679102140345741 
0.996017155061832 0.5981670039859891 -0.01203241852016088 2.665731754580618 
0.9987876151274901 0.5933068314497392 -0.02022346344977023 2.672188171515931 
1.000107689116709 0.5911071938312991 -0.01445250980087426 2.675175536236881 
0.9923177225583331 0.6038645148676279 -0.03295451297498769 2.657394959397975 
0.9943151220241505 0.5993493101057719 -0.0463144105933055 2.661806508012098 
0.9994507951425584 0.591622617494072 -0.03608835984162827 2.673816723312874 
0.9887650689550154 0.6103509704903093 -0.0105124871396013 2.649195552366374 
0.9895054503248502 0.6091666973598188 -0.0188649888295402 2.651000916134241 
0.9927917308822779 0.603335808188078 -0.01296020416999062 2.658213312613734 
0.9789018495980075 0.6250967718345323 -0.05251966935306096 2.627429277728895 
0.9689250684998519 0.6381793402776598 -0.06284898329437573 2.604006934661428 
0.9772725198679806 0.6247296028990534 -0.07191745070660806 2.623157186019672 
0.9991519416476503 0.5888169919823666 -0.06704652098898808 2.67276469300601 
0.9875604222368493 0.6107741867681451 -0.06585471764716568 2.647524659570405 
0.9914170281540859 0.5999342734848508 -0.08277466068199787 2.654947724331441 
0.9828671569212186 0.621062974481312 -0.0242809910730755 2.636783331090089 
0.9759412761969909 0.6302211772889308 -0.02509265299453552 2.619957117331616 
0.9799980992626492 0.6224647719728474 -0.03536010903230702 2.628580625818286 
0.9890376208175276 0.610077456130984 -0.009886363746743683 2.649928396910319 
0.9868675202997468 0.6133005138884633 -0.01558808549745928 2.644827205910281 
0.9893932139566517 0.6092498740311144 -0.01898393774421335 2.650688922864295 
0.9827046797129562 0.6205889385943316 -0.007191095012099523 2.635634731282831 
0.9778919610872989 0.6274148804314683 -0.002984967782859217 2.624197630557525 
0.9771282805457298 0.6279118056978618 -0.01075021208916561 2.622100126668625 
0.9926813804652145 0.6031328827288921 -0.03245280483810384 2.658172451596088 
0.9869500518125741 0.613528651901628 -0.03087248137094933 2.645603454309681 
0.987759349792886 0.6104960367153432 -0.04212595700241221 2.646792162738945 
0.9828463404669566 0.6191610727224284 -0.006835943999045456 2.635211875962991 
0.9859029960167262 0.6152169680211906 -0.009925982396003577 2.64280736866924 
0.9866740200745705 0.6144128660685846 -0.002523013112292429 2.644778890235346 
0.9675967822781247 0.6439078854244257 -0.01954922092815706 2.601727068193034 
0.9580994122187202 0.6556690670415406 -0.02179994493663387 2.579110485783623 
0.9595059771646902 0.652251767123165 -0.03793900805454153 2.581812716043475 
0.9826877183309354 0.6206470700215686 -0.00673211892052421 2.635610554475809 
0.9774828377177837 0.6276390007993841 -0.01153632221094239 2.623087126060036 
0.9818559412873431 0.6219302191223126 -0.01449453668514871 2.633800407838469 
0.9735509640796972 0.6344297485074312 0.008314743005677593 2.614635696783134 
0.9665660012082603 0.6437717444334785 0.00962576569821552 2.598167909888587 
0.9687747361759869 0.6414307244241568 -0.003438516632773661 2.603747380989481 
0.897578890077343 0.7213748224121059 -0.002345716019838762 2.438999065139508 
0.9165732065075318 0.7047661724177148 0.01636133166923642 2.483620282935769 
0.8985603690859538 0.7210886427574333 0.03640204152679245 2.442266480138116 
0.9434222704769671 0.6740218881059844 -0.02491124151970122 2.545136607722142 
0.9343185210921713 0.6850161395230966 -0.002881374264443105 2.524116808775885 
0.9258677002200868 0.6941293852960178 -0.01806946902082466 2.504839733398318 
0.9778221270106173 0.6247486984632359 -0.05422433529559532 2.623787446403624 
0.9699737501896376 0.6402033765980876 -0.03846662474359492 2.607439874663375 
0.9684538127471713 0.637861357256137 -0.06303585001982706 2.602353265864882 
0.9561780894473989 0.6596132790639201 0.01400057927595843 2.575463485703161 
0.9454485299886796 0.6711729855401649 0.01820516395808197 2.549592558162032 
0.9481595438651406 0.6692836016091522 -0.001561063047164565 2.556701188853246 
1.006944039849746 0.5795901292582676 -0.02965929902207986 2.691524153809557 
1.00539058601788 0.5803408643949794 -0.04669312505424808 2.68737192182607 
1.013325925373668 0.5647671294927242 -0.04345571582541114 2.70508170319404 
0.9963170587260568 0.5982582627886575 -0.01131157494268934 2.666772522665863 
0.9957125071128061 0.5994048094722065 -0.01914595857662777 2.665586742243596 
0.9987256579504767 0.593265514407931 -0.02042504419306041 2.671964403199511 
0.9784583346292893 0.6189437157437909 -0.09842855607991093 2.625378148528913 
0.9929360751727871 0.5938595700959067 -0.1152496893737015 2.659530359469208 
0.9922158397103777 0.6008593536338581 -0.08173787513536336 2.657992766311939 
0.9929053160912961 0.6039839993996298 -0.03140282557131948 2.659373617052557 
0.9880045091993864 0.6107977566777546 -0.04220364414094005 2.647737814306721 
0.9941037225533526 0.5995390510463978 -0.0461001125563367 2.661228935074135 
0.9518306168513068 0.6607721080345645 -0.07151793021920529 2.564710370589055 
0.9531988512096011 0.6538627585242146 -0.1129746486946271 2.568699906002759 
0.9640145702447086 0.6403886623177705 -0.08976483618459193 2.591791860406006 
0.9186543202160369 0.7004982947582341 -0.06277080153159033 2.488881647306945 
0.9140227095378497 0.6986281435592574 -0.1013767486893069 2.476742731315437 
0.9389920212817233 0.6778764078693302 -0.07029761484781649 2.536197502077792 
0.9842578289888798 0.6177990726057644 0.004372463466301739 2.638977404969785 
0.9826243017255285 0.6197812144623007 0.0005301678317473778 2.634858051292391 
0.9863599078596059 0.6140487182896859 -0.0008196743601670911 2.643513768810867 
0.9909718914216377 0.6067165594109781 0.01118889018739721 2.654245977540547 
0.987359199615134 0.6122014639933181 0.009956769075920267 2.645717602529188 
0.9896542655372907 0.6090143373719582 0.004408406527529083 2.651250997035191 
0.9913132389451687 0.6061815089882419 0.01128121198729637 2.655025812324633 
0.9886678113748347 0.6105704682168241 0.01653444037628714 2.649102244122243 
0.9873270496507408 0.6129113870718491 0.009928532873833638 2.646040849986393 
0.9958039700544885 0.5988262149097878 -0.0001946242415529264 2.665371726022959 
0.9960240271921099 0.5983884160439267 0.004638330960396126 2.665853338090651 
0.9939112581893145 0.6018035729115383 0.004411073591077125 2.66091796872784 
0.9552876284472737 0.6600341344108027 0.01336293901195593 2.572900621316252 
0.9483421679364719 0.6692186026137706 -0.001601332027828495 2.557147761979024 
0.9596099878502429 0.6522628230217479 -0.008355732861868042 2.581457784522159 
0.9433980246618577 0.6747388026851415 -0.02348463479721187 2.545517136053107 
0.9329836638284584 0.6859418568109937 -0.03981133877485114 2.52172922839509 
0.9448122996232841 0.6713614949357702 -0.04893164584627642 2.548802126055759 
0.9444640621904223 0.674202875401992 -0.02343337118844255 2.548539957088955 
0.9257330346868781 0.6940608735540875 -0.01841312350629189 2.504287541752238 
0.9323112698180706 0.6860102345581025 -0.03853458330102112 2.519648941685926 
0.9186194314848269 0.6985925483920852 -0.06366668073441409 2.487393250233213 
0.90601673130995 0.7149144131913152 -0.03658692061562876 2.459604103169219 
0.8973574866056619 0.7179084189276198 -0.07339793473543484 2.438520038995862 
0.9455223935247667 0.6675216746665197 0.07980744173056853 2.550287595532462 
0.9342281477985248 0.6811054505949621 0.05642805162298735 2.522954502876708 
0.9467726861167118 0.6698248523930851 0.03883563643438599 2.553221937178282 
0.9728606952212963 0.6350735713352325 0.007696096235001245 2.612831777505429 
0.9779116843187041 0.6270491492756729 0.01955242198136409 2.624193866970255 
0.9702890181961787 0.6390450393864247 0.02141672985651091 2.607288778064361 
0.9792436845724135 0.6188530893586655 0.09380505131895321 2.627398837069464 
0.9751261251731297 0.6204449761001728 0.1227979895299838 2.618392951726579 
0.9630865046371206 0.6438148685153804 0.09364597169658558 2.591326966034312 
0.9692917895495443 0.639526064869319 0.04382100653124915 2.605100983204399 
0.9609155345476121 0.6505064762861248 0.03242584516689427 2.585023231308691 
0.9694032968922234 0.6398971917456473 0.02136510205159876 2.604928470171007 
0.989699588523038 0.6078847105879689 0.05170181019849294 2.651987888322175 
0.9803770043275535 0.6218056791903307 0.05226011752912973 2.630174361355819 
0.9849128341359268 0.615565009674043 0.03632496567673651 2.640324195264887 
0.9464175867120365 0.6661778575020413 0.07895255730177608 2.552257452540178 
0.947030313114618 0.6707106971227464 0.04043137314170393 2.554748592582496 
0.9620165962710617 0.6489177901857403 0.05907507870951326 2.588267611876701 
0.9098704073806505 0.7064546489335851 0.07407530446968566 2.467385303354199 
0.8932566586003395 0.721303975409388 0.08406155485712065 2.429590637662755 
0.8970482717129655 0.7211801248130143 0.03700540242937546 2.437837785834333 
0.946854871079969 0.6666115545834251 0.08092730958216414 2.553592030939202 
0.9310668039539975 0.6864455180432397 0.0794847005783476 2.518505068469 
0.9344694430766705 0.6815826302950758 0.05607400621800684 2.52385296650129 
0.9473809484964365 0.6660282746114816 0.08053711471303186 2.554971495255577 
0.935716246469446 0.674109764927126 0.1108991887777756 2.527319270738969 
0.9302858949775883 0.6851293383434162 0.0815633665941909 2.51532673754063 
0.9910914044755889 0.6065496579429476 0.0109319103309291 2.654530549644156 
0.9922634507590292 0.6047064639836807 0.01828901292291699 2.657383974474529 
0.9885848092487091 0.6102700620195957 0.01709549175381381 2.648650572890255 
1.00156211292846 0.5850999916678653 0.0738975208864293 2.678984885152174 
0.9925795731740866 0.5991366405198386 0.08603080284045339 2.658592305562374 
0.9943501611215109 0.5976698253770397 0.06167401482383755 2.661721384319075 
1.000212812474184 0.5912540185340885 0.000653437641060756 2.675498590519111 
1.000044818418496 0.5915334328122475 0.0002106191345694734 2.675104866510968 
1.000357878241697 0.5909948640920278 0.0002041333202981938 2.67582759363087 
0.9995826605695262 0.5925645017673227 0.000112971003389821 2.674178986706715 
0.9999572152861241 0.5916256665803408 -6.389929839190715e-05 2.674867806840322 
0.9997829792817264 0.5918991098034787 0.0007555964659784968 2.674450999076 
1.00857075444084 0.5760257300877862 0.03878266910751833 2.695288984422829 
1.013243481274974 0.5650338448535108 0.01892850177745191 2.704089887599319 
1.015293637597875 0.562023121938713 0.03425799950896869 2.709790843101923 
0.9886896928822643 0.6104112729049733 -0.0001327147503155645 2.648930462888648 
0.9924820808585281 0.6043990415217875 -5.023894614534378e-05 2.657738923456518 
0.9898746143960596 0.6087353188114633 0.004654527661832279 2.651817944925038 
0.9994703526442139 0.5924916187741369 -6.728935818540501e-05 2.67376092029184 
0.999189884011926 0.5927716486936833 0.001733791034530328 2.67299768037826 
0.9985188678238306 0.5945370552485096 0.0002623694395445592 2.67181625385517 
0.9999166422371251 0.591742666437043 -0.0001572835914055048 2.674800067003337 
0.9999567720870541 0.5916997090693248 -7.804104046369704e-05 2.674908200765867 
0.9997411573165673 0.5920101065026854 -0.0001150201233185496 2.67437505985547 
0.9999337262840305 0.5917047390598492 -0.0002061243823943315 2.674833822384411 
0.9999743615902187 0.5914783751655832 -0.0003615546563231441 2.674840382992993 
0.999961503461092 0.5916901250050941 -0.0001497819223453617 2.674917153846031 
0.9978430257336813 0.5951712061875765 -0.0002084342243141709 2.669946400421476 
0.9989911279348123 0.5932473921598682 -0.001756006097143418 2.672617512876021 
0.9989942882208424 0.5935614578742312 0.0001727369279756902 2.672812618195021 
0.9926383497581241 0.6041102481789337 4.73296329192753e-05 2.658089216086115 
0.993654520020181 0.6020339771378777 -0.005846833459276841 2.660203297119482 
0.9959931610670248 0.5987517905322842 0.0003245143342136876 2.665954230352118 
0.992655993822129 0.6040165888725431 1.488478919396207e-05 2.658097274855278 
0.9897992280708658 0.6087981749389664 0.0001207547010672013 2.651586937110182 
0.9911369048098946 0.6063842710511408 -0.004746895350893249 2.654534523747793 
1.004310252860183 0.5842183842953518 -0.01046716016357591 2.685135249968448 
1.007290925098337 0.5785684086423846 -0.008383290451615401 2.691717803827037 
1.003997118038133 0.5836888784454523 -0.00324056475434847 2.683616105323908 
1.006418334409119 0.5788698931536336 -0.03109472188002933 2.689434617716973 
1.013413276218951 0.565022794862344 -0.04306218120399311 2.705476453416922 
1.013564358208658 0.5659265609381923 -0.03116459398174547 2.706053941423735 
0.9888065882419974 0.61049323038709 6.791093028201289e-05 2.649365387366174 
0.9876653036062061 0.6124550130020474 0.002770803467119898 2.646832328736791 
0.9867021542687577 0.6132190650295519 -0.0004695760027286362 2.644130869536641 
0.9781304252415665 0.6188222948188661 -0.09810916049855307 2.624410292511467 
0.9750119853329096 0.6222317165854101 -0.1274350032917033 2.619510327955829 
0.9940950960175406 0.5950330528180993 -0.11872369957608 2.664324893701882 
0.9987531532782997 0.5894907606186094 -0.0672821312295296 2.671771644045679 
1.004174374959756 0.577565243987055 -0.08995965815655109 2.684688475756873 
1.011799062327592 0.5670899414624477 -0.07244374405654258 2.70283004465916 
0.9196379487093821 0.6990645683299703 -0.06142887817981163 2.490767618194035 
0.898935425052766 0.717065822636283 -0.07448357676530018 2.442454243512657 
0.9137364937486498 0.6998013670622061 -0.1036344733674149 2.4772727991774 
1.001252717065058 0.5894645594027553 0.002205874547634367 2.677904525862332 
1.00111314385126 0.5895993024093157 -0.0001670446444711116 2.677516172413488 
1.001873358423548 0.5883785384832474 0.001344124044671576 2.679331214802092 
1.000997831152621 0.5896552443462281 0.001996177578513083 2.677166055024277 
1.001965180134645 0.5880107043550498 0.001696923884133491 2.679420110398438 
1.001199803261187 0.5895633158290672 0.005117711655922339 2.677796515860921 
1.001216975769868 0.5897062422968337 0.005488126593088048 2.677938884904494 
1.002046141749213 0.5877857450882797 0.001290507504187525 2.679554402079756 
1.002732226327992 0.587264670999146 0.005583982207978717 2.681554322044017 
0.9993140157922588 0.5926795100292636 0.006831736122704106 2.673368014219968 
0.9976468633049231 0.5958652040352457 0.009162494941115 2.669757617195447 
0.9960420410298014 0.5983288325241173 0.004808930055552285 2.665874848609626 
0.9991755095676456 0.5928667069048368 0.006972771210685568 2.673025106834424 
0.9961622022066118 0.5983170735138684 0.004945491191016544 2.666265536200726 
0.9976908216474274 0.5954873363428314 0.003940433899798493 2.66963865567529 
0.9978309379941138 0.5952832919748063 0.003972000241575384 2.669979948347074 
0.9962068356726838 0.598264056386301 0.004431921967385939 2.666386130015565 
0.995757775261507 0.598877124416459 0.0001172554262831633 2.665252477549832 
1.005895800979648 0.5807095502519792 0.006236272758377208 2.688292381708889 
1.004639816564063 0.5833484272373943 0.01625260736930711 2.685740410129494 
1.003355076283105 0.5860802646573858 0.009543278594268926 2.682954801924458 
1.005503008114824 0.5809051559629704 0.006357295194402928 2.6870999620567 
1.003741623718849 0.5858077074423036 0.009997359886932471 2.684097321158198 
1.003809757528641 0.5843888302407609 0.003131660108272858 2.683445637375751 
1.003855040174331 0.5844042726072566 0.003205498641163141 2.683611470680103 
1.003669337201119 0.5853485530782198 0.009457232313706217 2.683585653591128 
1.002544258427947 0.5875978951349885 0.005681430052459904 2.681119801145139 
1.000493163396863 0.5909261194003889 0.009802188765665644 2.676278712968214 
1.002840107072271 0.5865180033287131 0.005990282841702902 2.681473270298779 
1.003614544580034 0.5853736617474303 0.009707322802409471 2.683417838828996 
1.000162326339583 0.5912510497970656 0.00945875611757736 2.675362383367769 
1.003639551534953 0.5851188731907664 0.0104048455163556 2.68335823190422 
0.9999267145454255 0.5914960579876024 0.01398052041689324 2.674777495918876 
0.9998471558283699 0.5917713969500064 0.01435030956096367 2.674679282651671 
1.003865584764632 0.5846381954656481 0.009844386761854822 2.683816761733517 
1.004310189174779 0.5843504140180887 0.0163019882100875 2.685224112485809 
1.006298466669298 0.5797455939875374 0.02407157586577998 2.689361542611981 
1.004102574022813 0.5845671363952664 0.01638193324901115 2.6846396454484 
1.008538620751498 0.5756771911502411 0.01275240890133081 2.694297763940684 
1.006472087620992 0.5809542744021677 0.02558822437047528 2.690646494769434 
1.008579525346827 0.5754493331936434 0.01242407747336188 2.694271768582789 
1.012568193123323 0.5666400533820797 0.01966890345136469 2.702811437844497 
1.012972767527542 0.5674766937973201 0.01812240809186307 2.704639319364061 
1.008323368498187 0.5763082110002846 0.01206938033294114 2.693921569892209 
1.011848388358735 0.5699671745073862 0.002443933427115934 2.702057182008596 
0.9803600724079278 0.6225012802205639 0.05273071573589545 2.630564931798193 
0.9905602478276383 0.6049026833820781 0.0514837482135496 2.652943344341658 
0.9860614139330661 0.6122263415617015 0.06828590994417792 2.64374306157001 
0.9799886919204681 0.6221422610988203 0.05113152167784767 2.62900406150906 
0.9857481423528962 0.6130685220497746 0.06971438382574059 2.643204451750166 
0.971532408543372 0.6337926856875279 0.06762360446370118 2.60998278368966 
0.9712695037709754 0.6357736595744176 0.06816670712319521 2.610369423928931 
0.9868438046020505 0.6098280508381255 0.06888738325742996 2.64454509527966 
0.9785201255247802 0.6207182471336847 0.09268607334523347 2.626385213153897 
1.006776209056423 0.5769357766957142 0.05390067894561852 2.690511950555804 
1.007789228620224 0.5762824018024022 0.03710664988051961 2.69269924825099 
1.014054432792909 0.5627084928236956 0.05295007659667934 2.706796957462189 
1.006194265494573 0.5768254623680059 0.0521559596618323 2.68834985080495 
1.014731168725117 0.5621423268169308 0.05187370069424329 2.708580833263825 
1.012853465721451 0.5652333201387159 0.07794579719713925 2.705722081176658 
1.01286250430668 0.5624935192048627 0.07967243991308563 2.704449058397729 
1.014255027657889 0.5640561297373062 0.05149352789031417 2.707956681645759 
1.024885101945475 0.5371523382075563 0.07549247411304195 2.730937370450596 
1.000674511867141 0.5894416309603249 0.04982330176679666 2.677202992143203 
1.008232230289157 0.5750517451118755 0.03780498440827065 2.693421209179141 
1.007005510332398 0.5776157878743173 0.05333519676841718 2.691584472448276 
0.9999935692360281 0.5898754734959923 0.04887947932589414 2.67512276755515 
1.006635703376694 0.5778452775960573 0.05501542439137878 2.690512027085704 
0.9951017192194285 0.5968292031723884 0.063281056206963 2.663824667498166 
0.9949346669901517 0.597782044406308 0.06375377273129956 2.663888401386329 
1.007001034866277 0.5754158827827845 0.05355254160587984 2.690105605515662 
1.002503901584327 0.5843538045092488 0.07337929694967395 2.681720174651425 
0.9606099144574862 0.649734730551855 0.05887546941434843 2.584755511773451 
0.9695605433233633 0.6383338069348334 0.04319622353062683 2.60513064155879 
0.9705780825647496 0.6361813348539201 0.06679656682499173 2.608355919741051 
0.9606080001765273 0.6512664881678855 0.05897368008440067 2.585631432235453 
0.9721584899113902 0.6336744890398915 0.066552973695088 2.611619292228043 
0.9627712139535232 0.6433727441658749 0.09105005779624148 2.589957241805769 
0.963256062518895 0.6424987050752462 0.09231568538120791 2.591052497992555 
0.9705513027734813 0.6349822053188855 0.06551966128654041 2.607314477521252 
0.9778243652622255 0.6218597850182616 0.09386825281575921 2.624792846049469 
0.999897276870391 0.5913170323774772 0.0331057650571137 2.674985819620029 
1.007753483484533 0.5765684904948535 0.038479610201153 2.692774273941963 
1.000414790538373 0.5883272837321686 0.0487069921531068 2.675638983101001 
1.000842808129128 0.5901993257546198 0.03351463850469243 2.677452565823723 
1.000161351675977 0.5897391442104222 0.04803059010087939 2.675565872495371 
0.9940300934729751 0.6020297930341149 0.03770123990579676 2.662111372590113 
0.9936982862926609 0.6021478962170188 0.03625577737729099 2.661008325113158 
0.9998623406205671 0.590036857746484 0.0495171194789258 2.674772215813779 
0.9901389152686696 0.6055149544869296 0.05188919256349171 2.652067264587395 
0.9901512913468481 0.6082097954626919 0.02919725060596678 2.65281480743012 
0.9960716893170414 0.597513513344001 0.0267192203746003 2.665785897455233 
0.9941174048669624 0.6006249487510696 0.03640316576950577 2.661537975320054 
0.9898271623119689 0.6081475247062574 0.02823193460429633 2.651667865485706 
0.9939442129582563 0.601078675198509 0.03752428259505983 2.661239994299169 
0.9854451495367704 0.6141934178330397 0.03765134041700963 2.641325734705484 
0.9853377816454266 0.6160090976610587 0.03816635446454898 2.642089148070016 
0.9945519666943178 0.6004548795973957 0.03723096746511129 2.662767023988631 
0.990195011828358 0.6070682902353793 0.05056881233643282 2.653118089435433 
0.9826876245169807 0.6203711021748222 3.822961100606529e-06 2.635436816666096 
0.9847697835687806 0.6168740443610667 0.005146929155279535 2.640066750536695 
0.9807592164030053 0.6230942971848041 0.006015871008615676 2.630857782029958 
0.982832425077125 0.6200371011465984 -5.09579313579264e-05 2.63569398851967 
0.9803623988569874 0.6239540729635275 0.006662219980455132 2.630082238081485 
0.9779032420864419 0.6269957774853135 -0.00209042224353934 2.62397744087786 
0.9780668282252594 0.6281565373714348 -0.003115772341335052 2.625281308695194 
0.980939313552646 0.6235531829871995 0.006795312606578854 2.631687761241904 
0.9736147733103939 0.6335088523728183 0.006831102473066534 2.614277986657585 
0.9949018703189608 0.600870043297895 0.01172257508322913 2.663687073866298 
0.9976775743896966 0.5955416978283486 0.0094029688869892 2.669650872668631 
0.9970776979176691 0.5962911555650717 0.01556398010615566 2.668197049422558 
0.9946505183146647 0.6009033640976997 0.01101004405457623 2.662861074156752 
0.9970357422253006 0.5964209915501316 0.01613136976905451 2.668132434788868 
0.992643330130514 0.603578370051742 0.01836404407935256 2.657960163666943 
0.9926274045733918 0.6047056139739178 0.01884711002457731 2.658584981553359 
0.9974274813679131 0.5959697386083616 0.01584838468138909 2.66912229044179 
0.9957953890491325 0.5982727820318143 0.02594120727075433 2.665350523635139 
0.9804640092543353 0.6230858084065094 0.006792748808850908 2.629888823195119 
0.9845897072982741 0.6170457617658228 0.004842076189900638 2.639588136851288 
0.9830838566816897 0.6197674670552236 0.01230187243479585 2.63642172989959 
0.9805473999697984 0.624050107210848 0.00613298478536727 2.630743638705666 
0.9838221242270743 0.6187275243915686 0.01237172582910014 2.63813458488002 
0.9777349391916428 0.627522709219936 0.01838969812255494 2.623981801849498 
0.9776032591841349 0.6271069404712153 0.01976600838964876 2.623300158148368 
0.9831924374085546 0.6193170303650918 0.01175303200854465 2.636454258547853 
0.9833071088357468 0.6189663128128307 0.0247490430289211 2.636876479754008 
0.9995822141161642 0.5920423978562244 0.01333007558124758 2.673932263157651 
1.004173856914332 0.584370855108308 0.01691240123963336 2.684786450750242 
1.000906377821252 0.5890478098238083 0.02301177289423349 2.676774598302369 
1.00008856445202 0.5913991306367901 0.01348333798984018 2.675235671933129 
1.000730915201869 0.5897122066962114 0.02276722048771014 2.676564169342499 
0.9971278065469116 0.5968495560716121 0.01628232177479229 2.668696705957924 
0.996924369090445 0.5970790572397874 0.01529650211962879 2.668129750414799 
1.000596223105163 0.5896972321119928 0.02372848548566658 2.676119215004568 
0.9958179578010068 0.5973600722188807 0.02659120360435041 2.664902250583902 
1.001224784245849 0.5901903655474116 0.02433215081321285 2.678525612660248 
1.004597612528317 0.5837363440172982 0.01667130332982071 2.685807604697739 
1.00608468900403 0.5803341323735965 0.02439340494712492 2.688972859447912 
1.000686994743468 0.5905448943143604 0.02325891980473672 2.67690746548202 
1.006202382499115 0.5802532240448917 0.02521102702750729 2.689323816736717 
1.00051953826941 0.5897059933964731 0.03361627625724932 2.676168652870015 
1.000575692962499 0.591003111499237 0.03482821749779008 2.67713725428289 
1.006576616423771 0.5795304777953567 0.02460145083084527 2.690097248887899 
1.007807590849521 0.5764544193570245 0.03748440277033576 2.692885727645258 
1.000190260312839 0.5913033716000647 0.001681717425140267 2.675453783963428 
1.000168123574108 0.5914569767451153 0.0007267473376198437 2.675469702973719 
1.000610914281109 0.5904689618680867 0.0009061206514703007 2.676359108914176 
1.000198686558419 0.5914413524034585 0.001951090983100336 2.675563579548917 
1.000669889230168 0.5903459530583136 0.0007484243851161046 2.676482080189423 
1.001061691195041 0.5897200843892597 0.002083660421021807 2.677418922696047 
1.001128465624686 0.5894401219591746 0.001941221631143009 2.677476288709251 
1.000553375198221 0.5907568326454982 0.0007542280571471604 2.676336590165384 
1.001152934073499 0.5896107004804134 -7.370727948574532e-05 2.677655971594509 
0.9993338743863688 0.5926957806530129 0.006537522832214443 2.673448069157059 
0.9998917211906081 0.5915404823735699 0.004273858894486918 2.674606115824214 
1.00090184302464 0.5898727236768571 0.005695515593346494 2.676991459419455 
0.9992397366933986 0.5928023207109622 0.006626414472951087 2.673198620655108 
1.001032602334224 0.5896300791923704 0.005360287449922228 2.677278812740723 
1.000585080369069 0.5907811943027337 0.00903395810668638 2.67649871864643 
1.000581425440771 0.5905311583307858 0.009223414517716135 2.676335765426838 
1.000814806027823 0.5900271718043595 0.005389302748635568 2.676786016425187 
1.00261958370567 0.5868965744374515 0.006369567304891043 2.680966571496805 
0.9998061863080859 0.5919860814904546 0.0007718993902719008 2.674579558057376 
1.000249148340754 0.5910765183681678 0.0007187347107551142 2.675514276640974 
1.00016475157137 0.5913353158356096 0.001660974443251543 2.675387868595062 
0.9997793201170265 0.5920527009501165 0.0006912308075577182 2.674529219262244 
1.000133740732643 0.59118985892099 0.001942083020133399 2.675198963958121 
0.9993485829496874 0.5928335184311488 0.001667464038162908 2.673561666429646 
0.9992631509816704 0.5928837599139533 0.001657800597180924 2.673307266755226 
1.000264592603978 0.5910028224519813 0.001698097786187848 2.675521908111589 
0.9999712623477944 0.5917926104841066 0.003930471056704405 2.675020937573852 
0.9924413091920624 0.5990787346903872 0.08719047154772069 2.658163559079429 
1.002071069444774 0.5824684242076218 0.07349334330733362 2.679120777086402 
1.004838967545002 0.5757821105683886 0.09722567914379211 2.686506839102009 
0.9916937878509396 0.5986499846606024 0.08478773075772494 2.655216680262174 
1.005204810248505 0.5756297323770848 0.09736441514852814 2.68743970361195 
0.9920513920178988 0.5966253917133887 0.1156018706221742 2.658307542744932 
0.9917830129275492 0.5958917486080814 0.1174115278487659 2.657074532674189 
1.005486578497128 0.573164995926346 0.09657090076476825 2.686969822678622 
1.009925151410247 0.558601875696925 0.1291431293092826 2.697323810688008 
0.9998095001794515 0.5919791733112038 -0.0004441027913043376 2.674583322794845 
0.9998861347919011 0.5917569566445292 -0.000132081026244733 2.674707049414283 
0.9997286326719582 0.592004307860992 -0.0001047302737880971 2.674330031359012 
0.999841603123507 0.5919587692064355 -0.0005434114974259842 2.674678003820344 
0.9997379282740104 0.5919993115757072 -7.519110207102853e-05 2.67435797202784 
0.9995168286788708 0.5923516514180197 -0.0007411946542631703 2.67383128055405 
0.9994823833709282 0.5923588224047959 -0.0007514111809675138 2.673721445416823 
0.9997509164646257 0.5920335488993814 -5.524007833712392e-05 2.674421251950224 
0.9994235083070911 0.5926948538746979 -8.459033334666075e-06 2.673724837626352 
1.000126841907309 0.5912455445409552 -0.0003317157995401319 2.675153438799145 
0.9999437431128012 0.5910606295253394 -6.048884010889165e-05 2.674706527703087 
1.00000143471189 0.5915264266414555 -0.0003022703682468522 2.674871095705284 
1.000103364837729 0.5911708024421041 -0.0003864963898949471 2.675085597342993 
1.000012912022435 0.5914218318766032 -0.0002465425109393481 2.674933834697213 
0.9998338607015851 0.5916619551687525 -0.0005598098080350274 2.674481476195814 
0.9998152350248091 0.591756048749887 -0.000547781424486503 2.674473205836319 
1.000034732615215 0.5914304086155074 -0.0003433828206195208 2.675013009582645 
0.9998924233344544 0.5917317991127452 -0.0002089858463175677 2.674712406790486 
0.9990170717901781 0.5932117529822889 -0.00175756914690614 2.672681923236644 
0.9977347791205243 0.595360288937222 -0.0002055436064225727 2.669700610127628 
0.9982692353914034 0.5947156117543617 -0.003372763169010772 2.671096130869934 
0.9990514010944546 0.5932817015852234 -0.001681388550163793 2.672836049237685 
0.9985247232244792 0.593827623508439 -0.003574406663565914 2.671415195426467 
1.000083753672866 0.5912932162178947 -0.003026188541513357 2.675097051903238 
1.0000150908421 0.5912235989540027 -0.002765205098087569 2.674826827750421 
0.9983726102189023 0.5939963109590034 -0.003708841278507336 2.671010708008532 
1.000176198511693 0.5914323153639182 -0.005431647813719131 2.675496601366094 
1.001022115225835 0.5898258704272586 -0.00154237591038895 2.677245159550421 
1.000504458372934 0.5897703371223451 -1.490663000306169e-05 2.675922636431067 
1.000398011513995 0.5906396240090813 -0.001030443627114719 2.675635138785085 
1.000965434274859 0.5893373742576494 -0.001735351407884533 2.676888209959813 
1.000409808427583 0.5903850559596096 -0.0008700388986675175 2.675654685912539 
1.000145208877853 0.5912708570330744 -0.002858938622783633 2.675293872817943 
1.000099287642299 0.5912179220541918 -0.002742759501950261 2.675108228301286 
1.00048556434094 0.5905683556029286 -0.001120812328186084 2.676016910611502 
0.9998941821226931 0.5914803271514595 -0.00156096669310304 2.674574772605111 
0.9991787110877907 0.5930660475408759 -0.008924784571003441 2.673164422316352 
1.000464482590099 0.5911624598900402 -0.0059809525895968 2.67629749830843 
0.9981324797450997 0.5941948263003481 -0.003382895605061611 2.67032998378362 
0.9989650220227514 0.5935394787058332 -0.008799954719569887 2.672733197229711 
0.9982397933532012 0.5942025239637972 -0.003003396267886124 2.670694274846209 
0.9966212165751501 0.5971571836701168 -0.003992092409310833 2.667088736498252 
0.9968976631172112 0.5967765639019932 -0.003851308592678748 2.667773826697531 
0.9984120817066305 0.5945804535511156 -0.003649258181234305 2.671490901311533 
0.9977392593624055 0.5954213908130943 0.0001541001589233278 2.669751776436422 
1.00150749966604 0.5875504913632106 -0.008374713425120424 2.677711105819434 
1.004136985878795 0.5836702332448783 -0.01027456495759161 2.684227002348348 
1.004352277669573 0.5841295011473536 -0.004049147389424827 2.685100707296988 
1.001747678401259 0.5873873878742488 -0.007934925906217832 2.678413412785331 
1.004186338098589 0.5842360408045638 -0.004118836080575196 2.684608828621149 
1.002179714524913 0.5874770511717168 -0.003646292460472146 2.679849943209666 
1.002141007450801 0.5877317115131511 -0.004049130294276806 2.679683812633127 
1.004166593340644 0.5848355091672151 -0.003590282912432099 2.684791498977276 
1.002817782375474 0.5853061252578697 -0.0003138820240865207 2.681086351512362 
1.006071790972511 0.5817607830813569 -0.01779758062838429 2.689645770779186 
1.007246127728828 0.5774272112801478 -0.03073201299341302 2.691361349230873 
1.011767457655081 0.5697446245524695 -0.01846376491508172 2.701826971486264 
1.005806356077183 0.581673653550422 -0.01848549118214547 2.688727968488666 
1.011219561348634 0.5706560143027187 -0.01708377693774626 2.700469977902149 
1.007354237638995 0.5770343522263531 -0.00835388164195964 2.691063479416985 
1.007406323171233 0.5787922213687382 -0.008780520898181226 2.691993568913864 
1.011925544916255 0.570430225829799 -0.01691040297325736 2.702500424151801 
1.011456789908557 0.5689359572525957 -0.003504565890021781 2.700922081232596 
0.9858746229210973 0.6141642221562553 -0.01029290109589307 2.642044230987362 
0.9821988291344383 0.6206979645417939 -0.006849172413286238 2.634039413132903 
0.9816488372490028 0.6218882938068393 -0.01397649014720213 2.633072024282978 
0.9860025756423032 0.6142681286910305 -0.009746434284970412 2.642524413104372 
0.9818663325931691 0.6215615677853004 -0.01458102086489885 2.633574851467966 
0.9868115218256116 0.6139885977542773 -0.01634243738187687 2.645103990676049 
0.9868180596392115 0.6136337167508414 -0.0162741631958655 2.644870694257942 
0.9814322877201982 0.6219991322584004 -0.01446780925210186 2.632399526502499 
0.9823699184546645 0.6199159083432403 -0.02368768714269047 2.634391971305551 
0.9912217883479041 0.6065003847511709 -0.004193878894082613 2.654873255930594 
0.9891593605600403 0.6099510637780132 -0.01035741321763274 2.650248845905096 
0.9926794086099721 0.6040142486918655 -0.01292756621469089 2.658264939649135 
0.9910086596102153 0.6067514386745846 -0.004601789319652101 2.654319509707562 
0.992660026719061 0.6038931420959118 -0.01245911788067524 2.658123893487435 
0.993749904120604 0.6017709687626281 -0.006001451210407235 2.660368312402015 
0.9937698343277327 0.6019227985474797 -0.005793698376256558 2.660529512462757 
0.9929942772845469 0.6036128094331251 -0.01266708095959351 2.659045116750945 
0.996405358509566 0.5981719021108848 -0.01244639711747447 2.6670423907985 
0.9992253933604154 0.5926985690387884 -0.008649425431404147 2.673106434449323 
0.9963539177281459 0.597996480452426 -0.01215917153016119 2.666742475154718 
0.9998803366126396 0.591108486489102 -0.01388818260256374 2.674416974382614 
0.9989715693101781 0.5924177586914054 -0.009292512418488203 2.672104832868101 
1.000186238503607 0.5909083849486877 -0.01387118687429357 2.675294674388857 
1.001991606502383 0.5887429664858183 -0.007876021205275465 2.679971495668715 
1.001874263543154 0.5883015580687072 -0.007308672970219164 2.679332060676232 
1.000396072102158 0.5911623292849828 -0.01427337451155129 2.676127493191444 
1.004068061970689 0.5828921733699032 -0.01073790196766641 2.683545604936271 
0.9984042187941754 0.5931783020864514 -0.02123963046513359 2.67081137467148 
1.00602292519579 0.5803998971669544 -0.03098629653560554 2.689002061696268 
1.005676596064124 0.5805644618443409 -0.01857701586590452 2.687666143603387 
0.9993753720962166 0.5922943559155414 -0.02077189175078439 2.673509361580529 
1.005334672563055 0.5808832318036304 -0.01876153583188327 2.686715953304136 
1.000152991051252 0.5918558697361227 -0.01367254185446544 2.675718460132835 
0.999880443202986 0.5916001780853769 -0.01476027083354401 2.674677305094421 
1.005236968770021 0.581269389364087 -0.01797674584651034 2.686598135994127 
1.004171521765562 0.5828172417738048 -0.01068902334257241 2.683845410536331 
0.9937967124674153 0.6005268386219877 -0.04729737943489434 2.660796325961611 
0.9990099816125664 0.5897423591946056 -0.06641965453573583 2.672769482896897 
1.005443385246813 0.5800140543496209 -0.04773860166256511 2.687497910232278 
0.9945906635640808 0.5995294604988011 -0.04686852082866334 2.662771847749386 
1.004718569505922 0.5803002235647953 -0.04717794022462155 2.685260949756231 
0.9997818402354091 0.5926866000288622 -0.03478059522987177 2.675466401317896 
0.9991092010074735 0.5923992717583646 -0.03708647778791791 2.673122455880739 
1.004790666656744 0.5804648388755382 -0.0465383220655561 2.685555044989488 
1.006641584701687 0.5780489942746336 -0.03087139080153129 2.689763405937268 
0.9890834220593103 0.6098539084778021 -0.01967544271714592 2.650032003538298 
0.9923613040593532 0.6041689402337574 -0.03121612036089476 2.657721770696227 
0.9953275823608868 0.5985663437976649 -0.01983289444474008 2.663836944252867 
0.9896817082872919 0.6086660840156342 -0.01947385316375275 2.651263408804429 
0.9953214247394661 0.599522201518558 -0.0201985054160461 2.664390212845174 
0.9930007249390401 0.6039463809801888 -0.01211984615131273 2.659249163790068 
0.9926431600374717 0.6042852574739064 -0.01281586753146306 2.658272383933811 
0.995153161539772 0.5994548372600566 -0.01920680964509924 2.663776999413574 
0.9963633277752322 0.5973248436047056 -0.01199062994741945 2.666389497332995 
0.9695317317559314 0.6397252440776217 -0.06188670296663566 2.607056411117227 
0.9531106994499755 0.6590650192949482 -0.07174671619215392 2.567665310353788 
0.9642853561253268 0.6406029148849269 -0.08867410260787098 2.592632058965912 
0.9681668633926591 0.6405447838062035 -0.06319538780894793 2.603218617303148 
0.9651505757160362 0.6401890748178637 -0.08850388227893909 2.595088208880522 
0.977659556614844 0.6242201257411099 -0.07285625471577682 2.624142869725971 
0.9781446944915329 0.6253301403114506 -0.07108736217522997 2.626263185198644 
0.9654840776985432 0.6399510728258384 -0.08901193656964751 2.595894366063137 
0.978346759451021 0.6194974117515565 -0.0976631810467046 2.625479906947922 
0.9877159376910188 0.6094279592985288 -0.06515989715381254 2.647264092754877 
0.9780881028917645 0.6253636362754329 -0.05402024799976223 2.624982122924869 
0.9776201660443473 0.624475987058567 -0.07261593694425905 2.624135899421082 
0.9883482665631748 0.6105774399496615 -0.06360863342545971 2.649922938165621 
0.9776012555353891 0.6250148608159131 -0.07306889300713049 2.624230156864451 
0.9911012761203432 0.6000817346829999 -0.08285520519388785 2.654028062135501 
0.9918506432072699 0.6001140973030075 -0.08388141019442258 2.656531293588062 
0.9769632980946119 0.6257801911861602 -0.07309570939467339 2.622733630974716 
0.9786628353425335 0.6193067155437146 -0.09819682804454972 2.626368578714429 
0.9764928244852168 0.6303949297750128 -0.02485971084793326 2.62188576828206 
0.9668227610242939 0.6432568610971815 -0.02007328860492419 2.598713162263492 
0.9697074486789521 0.6371132875562892 -0.03749630150325495 2.604615614766856 
0.9758631094357341 0.6307445593373244 -0.02515495968591037 2.620054268278538 
0.9708155623811491 0.6365686218599801 -0.0386174999145141 2.607866734940528 
0.9804997156427758 0.6229146237261856 -0.0366040632341121 2.630553215519475 
0.9809348003747618 0.6236806233109442 -0.03506318959512252 2.632389792363975 
0.9705674783171311 0.638089299781993 -0.03842863559350664 2.607938727105587 
0.977588060677713 0.6249811959851358 -0.05290044411682828 2.623094015273413 
0.9867595649238684 0.6141725258268785 -0.01511829896028789 2.644981251988911 
0.9828731615028546 0.6195673739857551 -0.02413784959046299 2.635823085739165 
0.9870260043746916 0.6128663762656579 -0.0300156881724455 2.645451746399239 
0.9862622947713393 0.6146077740793945 -0.01564332548155243 2.643618983017609 
0.9871688532128602 0.6126423831338214 -0.02947121170827387 2.645770931865222 
0.9892509174961872 0.6090075368066444 -0.0192426943395482 2.650085584032637 
0.9893686185079748 0.6094456674425661 -0.01837527105552024 2.650720368484162 
0.9876337033784527 0.6121407942021999 -0.03009434732336294 2.646988201470094 
0.9924368805372447 0.604346577759982 -0.03255128036836204 2.658116602271094 
0.9783618440965548 0.6269430824999673 -0.003807720403296826 2.625444272096063 
0.9727727107230411 0.634890709935111 0.00747062166178843 2.612409505288252 
0.9688790155978262 0.6401944074942295 -0.002571067862746219 2.603239645804972 
0.978722395982216 0.6267364136694586 -0.002947583166050209 2.626476082807462 
0.9692921346502892 0.6400219865180958 -0.004089679226605414 2.604466440939485 
0.9776294837555399 0.6290113375632777 -0.01225613117740957 2.624491711841205 
0.9778939563717211 0.6285046870011013 -0.01200833507675854 2.62499847865805 
0.9683793511248878 0.641045989093037 -0.003772539968949666 2.602126776477888 
0.9670861288969239 0.6419225753230388 -0.01862890758878167 2.598723091193529 
0.9872483016348677 0.6125852866977324 -0.03087294237207836 2.646024772363318 
0.9823835676053522 0.6213538870613273 -0.02505719557656421 2.635387988566456 
0.9805109209179272 0.6222080376121307 -0.03590704619358819 2.630098131025436 
0.9875979166398551 0.6131293654687663 -0.02981869825395551 2.647474158546136 
0.9804744060178131 0.6226056799324526 -0.03609842097783284 2.630181712701881 
0.9874369688143444 0.6106704431103065 -0.04226173790620467 2.645856011206487 
0.987912266040855 0.610452850726426 -0.04306981808620807 2.647308483604478 
0.9799741249306025 0.6242574920975592 -0.03638020770209965 2.629630297509556 
0.9785418530226396 0.62449772085378 -0.05320779996310003 2.625879634953607 
0.9861466843739424 0.6148949938371944 -0.009994212886357696 2.643403007593345 
0.9890167086902889 0.6105144662852174 -0.01036086221654688 2.650137953903775 
0.9881350647975455 0.6111697186790174 -0.003316183853750198 2.647568237359271 
0.985926624081321 0.6150983093590905 -0.009592491398221987 2.642806978508202 
0.9881116471207069 0.6111104933811837 -0.003680409128460812 2.647457944865232 
0.9861871471070401 0.6146981329955856 -0.002591765388141183 2.643353679777362 
0.9865707055656828 0.6134531429950024 -0.002985172340714576 2.64384454824243 
0.988175859327129 0.6113050705422454 -0.003572630900446113 2.647798562788761 
0.987724680588578 0.6122486737498314 0.0001952736540602364 2.646893785441428 
0.9587517281930436 0.6562428034865433 -0.02138596600175449 2.58154019840018 
0.9436768500929844 0.6741721364870005 -0.02307251986155553 2.546000900641184 
0.9450903518837417 0.6704566246785079 -0.04662812266298653 2.548761120008199 
0.9577063365446724 0.6569032660663761 -0.02162357121567467 2.578637010196525 
0.9459071331225187 0.6701406427162583 -0.04695602043239276 2.551136845829701 
0.9594657895502867 0.6528001569163692 -0.04007184740496184 2.582189276787075 
0.9603898183297515 0.6536797021575824 -0.03706963015502456 2.585509916919215 
0.9459219254517333 0.6701200190967393 -0.04776052839578562 2.551156748206281 
0.9523586443519688 0.6592210627546431 -0.07087094103608393 2.565592486150485 
0.9776628477605253 0.6287306176326444 -0.01106283714998419 2.624373126511722 
0.9679610554148753 0.6413282484787061 -0.02002173527558461 2.601176680847784 
0.9762928684554264 0.6307805321778239 -0.02546646770203408 2.621545759287125 
0.9767807589839836 0.6290510494565723 -0.01108698620305055 2.621687434467897 
0.9759265258131171 0.6301255902921906 -0.02399188000162157 2.619882209286718 
0.981907776933521 0.6212525134924514 -0.01422050251831965 2.633493104809874 
0.9817396310775173 0.6213849443585839 -0.01384584975582845 2.633018706532738 
0.9765046033066115 0.6297470257174236 -0.02471294815175534 2.621526885078241 
0.9826599830124032 0.6206710668813561 -0.0250679090713416 2.635874760783331 
0.9668308532466448 0.6450556009984689 0.01081300390615317 2.599791412222114 
0.9559565459627221 0.6577714164401325 0.01273760104109652 2.573595811980111 
0.9596757523739481 0.6545362146833834 -0.006954810860878563 2.583262619638035 
0.9660613781708732 0.64574345786132 0.01060558692748577 2.597766693151881 
0.9598656359845514 0.6537903845713449 -0.006357233571714541 2.583319157576438 
0.9687428228774623 0.6404220173551771 -0.004073071336600381 2.602909772935698 
0.9690955273292072 0.6402446364667964 -0.003014586950909672 2.603904618321473 
0.9605803363135694 0.6534683836867327 -0.00766098472568671 2.585388319422353 
0.966919846495036 0.6445005169229133 -0.02082489864651619 2.600007495672724 
0.915198286159139 0.7053374386904399 0.01608041738636981 2.480196210812875 
0.9306862845900933 0.6879703354351736 0.02703617627109609 2.515381650586741 
0.9195726948200197 0.701475879579492 0.0458101805796344 2.491594766060105 
0.915096583973086 0.7045714454868519 0.01438688438433583 2.478982376369659 
0.9198926121842127 0.6997296417032063 0.04630074241366428 2.490944351772653 
0.8996795570594571 0.7202656447332541 0.0359230707861222 2.4451797567339 
0.8977953232242969 0.7199897400530109 0.03815652449431924 2.439291156483692 
0.9201900900143579 0.6989278117380332 0.04679804806050333 2.491419174178005 
0.9088827984127174 0.7094017348481073 0.07411623020537943 2.466779976618955 
0.934305871970231 0.6831203590464409 -0.003764836834386503 2.522803138362936 
0.9300412524995361 0.6887393391725837 0.02600073933173016 2.513884830379554 
0.916460049700393 0.7051459800963238 0.01450254932554719 2.483827365720158 
0.9357259427601089 0.6831058771867375 -0.001870767604642374 2.52722022719872 
0.9158544260810502 0.7053200889416508 0.01399982466782896 2.481962617045343 
0.9250132073333338 0.6952646074958186 -0.01780150280038553 2.503129797151378 
0.92506908393317 0.6938051677679055 -0.01986955445402858 2.501801269890364 
0.9154060396381859 0.7063025154222742 0.01493292619943645 2.481116309888861 
0.8995087534292631 0.7214634205090213 -0.004110130315070254 2.444585421015979 
0.9700361957757409 0.6382699373645548 -0.03939623418269284 2.60653650691074 
0.9668549800641615 0.6444022824920936 -0.01993497129459906 2.599641317924659 
0.9601548248407171 0.6521331766355659 -0.03896663216855005 2.583836812875066 
0.9709761116882044 0.6392842703276513 -0.03686004621219543 2.610072957822482 
0.9597630205393202 0.6534247188442283 -0.0388383131170668 2.583275206891188 
0.9674888404323537 0.638379962131706 -0.06305304833527837 2.599584534168932 
0.9679834775029598 0.6384416047999844 -0.06478204052029223 2.60135732538662 
0.9591264447143549 0.6546846830397802 -0.03845492193228651 2.582115238321582 
0.9530852076054593 0.6589827880607155 -0.07133712186525076 2.567733709170646 
0.9460842578716119 0.6729637624759907 0.019110110478012 2.552509747326052 
0.9307793106037204 0.6875591876378111 0.02572858490731171 2.515514728963663 
0.9343635999029232 0.6859044618580369 -0.001693493476702075 2.525130960400861 
0.9450173579801314 0.6734201696213876 0.01915632134111665 2.549526356548009 
0.9347611765897355 0.6855788016804809 -0.00147745990520427 2.525978409620695 
0.9480852504004036 0.6679830378565812 -0.002488198089465462 2.555419471339634 
0.9486999404119446 0.6677985232862617 -0.001040224790291124 2.557192242234596 
0.9353553277795096 0.6852870469439938 -0.002785012852014094 2.52759500442225 
0.9432536499082047 0.6757348110222609 -0.02367126658238312 2.545989156441359 
1.005557368117831 0.5817624203865833 -0.04578454559101722 2.688711249234596 
0.9993465744636153 0.5889338288474676 -0.06665641225525669 2.673311451364954 
1.010981028273729 0.5666438586064577 -0.06982163501988034 2.699690196258208 
1.004615177346717 0.5812905844208015 -0.04769029732940223 2.685377122659689 
1.011610022512685 0.5662816638776105 -0.06964177619988299 2.701520621540385 
1.014254465774451 0.5642000575150409 -0.04396683186189544 2.707925414743336 
1.014058052630691 0.5680928354259865 -0.04188871696929806 2.708936891146821 
1.012145187283807 0.5655774192036713 -0.07051119168211969 2.702723939204115 
1.025619625235587 0.5344423797227346 -0.06220677732337591 2.731820278918621 
0.9953026569316337 0.600432827809076 -0.01807711158223213 2.664825674127148 
0.9930430783687705 0.6030877410870668 -0.03179569389226598 2.659296624231746 
0.9990529259115715 0.5920041529954552 -0.03521560255370056 2.672682594870963 
0.9946102901139331 0.6005853180679067 -0.01934527082179212 2.662645504998133 
0.9992485890451693 0.5920906764700288 -0.0342617891435216 2.673354726384322 
0.9986506334269535 0.5924130446037247 -0.02018507486376785 2.671216001216429 
0.9988601475464981 0.5937476503748432 -0.0190665706054902 2.672615988675223 
1.000037355975249 0.5908989937997501 -0.03517287270023822 2.675269979051571 
1.006278584798836 0.5797105490510436 -0.03225472583521273 2.689495710835531 
0.993809653667893 0.58979849097611 -0.1169171542037017 2.659894097459626 
1.012831772207369 0.5514243968764639 -0.1207631910274206 2.70282067545632 
1.00476378682962 0.5802985259268602 -0.08900013583576094 2.687912524404223 
0.9939438334638574 0.5931252660976508 -0.1156355114996211 2.662370101691994 
1.004671265687885 0.5780104917731942 -0.09141705980005964 2.686781689967753 
0.9911340283382497 0.6010441666444699 -0.08313404747153662 2.654593420167322 
0.9916965428997994 0.60041298916853 -0.0828910658435056 2.65599015627966 
1.003716623234699 0.5779746005555451 -0.08970053643951727 2.683441923251803 
0.9995891548162184 0.5899634592149289 -0.0653594404526051 2.674698521387143 
0.988297337162869 0.6117536028757292 -0.04127563672516662 2.649276425470124 
0.9785977584968282 0.6244581993518394 -0.05357456341957494 2.625974631487388 
0.9872788333031978 0.6089370210111411 -0.06341756017055761 2.645419328076706 
0.9873317895540429 0.6121188467963463 -0.04258408001611305 2.646358983788596 
0.98791276491425 0.6086155768851534 -0.06329411913560228 2.647271760123975 
0.9946141586566491 0.5989021140803408 -0.04675756035163268 2.66258189681573 
0.994932197077019 0.6005704554400718 -0.04481561433486324 2.664508215668083 
0.9882708371652458 0.6083551599014108 -0.0640740254615936 2.648238072959012 
0.9988056031287842 0.5897628407160588 -0.06668574056355332 2.672155373241969 
0.9526349696807086 0.6562188769895501 -0.1159403314661449 2.567948703101187 
0.9666931240521149 0.6199981582666522 -0.1642838703312028 2.597342408905031 
0.9736203207843763 0.6202523381556908 -0.1257422400171512 2.613868095680989 
0.9549362382052969 0.652454448220257 -0.1149674898188606 2.573149327237229 
0.9737704523300565 0.6247210241675206 -0.1278711051171799 2.617237942033908 
0.9645821798259927 0.6415309942409191 -0.08763945615294719 2.594135063213113 
0.9640219662464045 0.6425606914073148 -0.08931642058677607 2.59299886059256 
0.9731675335582807 0.6243104595316858 -0.1256419114886625 2.614826029972369 
0.9780519751656018 0.6187068978116292 -0.09781047818844674 2.624140023567124 
0.9135618110312577 0.6997302336167467 -0.1031045262149542 2.475850111930063 
0.9186930784965918 0.6827932864661742 -0.1499241894188403 2.486105477218985 
0.9400586478653611 0.6739887327266754 -0.1018168600700314 2.539503007080114 
0.9156977829216254 0.6978098548771304 -0.1029060507776905 2.481290507579608 
0.9394713056399873 0.6729920567862878 -0.1049287489175071 2.537811009215304 
0.9386228286711467 0.6781346101265527 -0.06964684159002496 2.535177848911823 
0.9375907968674008 0.6782701102737901 -0.06998107806240192 2.531952992105625 
0.9385776949940261 0.672339290158035 -0.1015559813658515 2.534035614933824 
0.9530913227319514 0.6593197068100217 -0.07089227314119841 2.567788738568083 
0.9824734003628807 0.6202312311976483 -0.0001579664499228053 2.634637731758705 
0.9824381590349931 0.6195384294332533 -0.006099511297035294 2.634108775707436 
0.9867911561507975 0.6141927717224617 -0.003287123890433173 2.645032236133432 
0.9828381179326278 0.6197300089963188 -0.0003565963404704994 2.635526769883199 
0.9866075121594842 0.6142363054266722 -0.003553360118835162 2.644455427902945 
0.9866518008915581 0.6138583612863523 -0.0003763137048370892 2.644352579040441 
0.9861591690671588 0.6145787428157802 -0.0005759459650324447 2.643191098220979 
0.9863705349331505 0.6136322644038466 -0.002663788646341151 2.643297964689057 
0.9876741331585714 0.6121952578868203 -0.0002175393523997563 2.646695850782207 
0.9871586666617459 0.6129537166228733 0.009651164991534426 2.645518404896091 
0.9843780159117006 0.6167384452750897 0.005407734223428931 2.638715579026048 
0.9874957752586612 0.6126721021615265 0.00302014159114524 2.646397114660955 
0.9874509756296076 0.6125242747492214 0.00921131925545246 2.646215975338277 
0.9873571610893811 0.6127326347245982 0.002951714524132704 2.64598009628387 
0.9898666104075635 0.6087325709170495 0.004690108481331461 2.651772379063366 
0.989627291916339 0.6089658560818708 0.004763303608642527 2.651141688442663 
0.98737938690626 0.6122316408135438 0.003265605247569013 2.645753563466927 
0.988872377834226 0.6104003416542952 0.0001034759546564744 2.64952671278738 
0.988951260865173 0.6102264877262148 0.01735072261308137 2.649756723442684 
0.9839227873946923 0.6180365575789787 0.02396783727396565 2.638319994782787 
0.9831595677606735 0.6199848526243886 0.01281622621302216 2.63678954894919 
0.9884179126377003 0.6111956642650879 0.01741700245860935 2.648661333523055 
0.9832549260473958 0.6185993094383592 0.01301907065714441 2.636260577123754 
0.9873151167917456 0.6127312382775314 0.009560151134108788 2.645882441658411 
0.9874931706406201 0.6124650881128286 0.00980451518174478 2.646290948805845 
0.9835630892984092 0.619130080036404 0.01183269132564335 2.637597555487243 
0.98429736967521 0.6173321138754249 0.004961408505173615 2.638808357760767 
0.9960619533883895 0.5982690530426812 0.004191356136516179 2.665897124707584 
0.9974136327430283 0.5960310058414311 0.00950682055927213 2.669081880387923 
0.9948024241126724 0.6001971887610241 0.01124929074315698 2.662951635572366 
0.9962782407501023 0.5979152234721502 0.004376017826571051 2.666396683511568 
0.9947049652336701 0.6005266770604897 0.01100036287565223 2.66282506714969 
0.9939667644925132 0.6021041571778888 0.00458753611426928 2.661277638697264 
0.9939024853089284 0.6021120384093214 0.004197927241626086 2.661061366526367 
0.9945275305455268 0.600672770692133 0.01149350788009969 2.662325443794592 
0.9912150211280538 0.605966014904494 0.0112272140869696 2.654594342756565 
0.9478692181489533 0.6697812215923793 -0.002298800069971014 2.555882626116069 
0.9432759462834353 0.6744195341271315 -0.0227769789366343 2.54498664289024 
0.9577146059488272 0.6556106667945616 -0.02397525537365717 2.57790745571711 
0.948463234325551 0.6689737744462665 -0.002722086047328471 2.55731351495379 
0.9576090483570812 0.6569713792408505 -0.02310959476339049 2.578560080639864 
0.9606730066241775 0.6520473704913007 -0.006817676596082966 2.584697169907622 
0.9598123266355476 0.6538533598532978 -0.007696022693987529 2.583131975907122 
0.9575612863490217 0.6555431307095386 -0.02207618229144326 2.577360860604004 
0.9670389935611425 0.6435839816807554 -0.02131715218929931 2.59976049490248 
0.9320556283169945 0.6857823214129461 -0.03874278979432267 2.518187035806372 
0.9199945081643326 0.6995765409405164 -0.06375831045067284 2.492786633714198 
0.9376281882368409 0.6774484424255071 -0.07172603550886948 2.531904057836154 
0.9322086584230711 0.6866941927152124 -0.03966340307489408 2.519469604666888 
0.9370762000636168 0.6760447011639242 -0.06993870876394133 2.528910325602465 
0.9456801777969375 0.6717468196303139 -0.04768568110708939 2.551809569017621 
0.9452520941415214 0.6721823200887621 -0.04876965522322296 2.550749253337041 
0.9381295190280168 0.6757955400983819 -0.07119383355727772 2.532095915315864 
0.9521622450616977 0.6592179446408547 -0.07310700338113223 2.565184842529804 
0.9267935922550966 0.6940015225558016 -0.01780157394273299 2.507281411317038 
0.8991206945851623 0.7217618038447648 -0.004071890758838939 2.443452806508807 
0.9057320356508514 0.7137851009760127 -0.03540415985280864 2.458344907396395 
0.9251885817095676 0.6949179558950218 -0.01806872459908351 2.502969139708183 
0.9075825379983501 0.7135724574015111 -0.03673519738050161 2.463767248361433 
0.9327199789998958 0.6845177140058669 -0.0404370647705915 2.519431520329484 
0.9337222684677863 0.6849489515504623 -0.03858381544896213 2.522854728426808 
0.9071015547156732 0.7135780086032154 -0.03735753703806809 2.462136644247633 
0.9189834340232168 0.6996887412523527 -0.06219784297662903 2.48971708357278 
0.9052372295867795 0.7131976220560581 -0.0376920024063994 2.456139173959817 
0.8984340948325088 0.7231402623286592 -0.002751072813801956 2.44245476970483 
0.8799120948815767 0.7350959744585313 -0.03785461853153758 2.397898986208907 
0.9071300091921606 0.7131611690469837 -0.03546580214536171 2.461753262825694 
0.8806430222356313 0.7346189969432825 -0.03905153819934296 2.399461299885008 
0.8971701408245265 0.7187986674776803 -0.07453223057413851 2.438846402474615 
0.8975709775070437 0.7172888374976445 -0.07575298493184408 2.438403575374766 
0.8792026247307538 0.7378795491953863 -0.0381732043338343 2.397356959128701 
0.8660266832284259 0.7399144322803184 -0.08715774270440479 2.364412365760517 
0.934287444689734 0.6831280211321661 0.05451606561688399 2.524307065646944 
0.9295486755973845 0.6881303091692595 0.02690792007282634 2.512148093072525 
0.9451289611034375 0.6732535414495167 0.01723456632946135 2.549734160664431 
0.9348558963977601 0.6820928774815213 0.05366160670254622 2.525406762984034 
0.9447739212302794 0.6737069575799289 0.01756183824497722 2.548948912590326 
0.9489970183118279 0.6686431280325424 0.03975083909848848 2.55943705075216 
0.9475837725342132 0.6688123616337377 0.03915179214819696 2.555212163475241 
0.9443533544068472 0.6717044906529994 0.01894790574528431 2.546529382928048 
0.9553527108955862 0.6599286023042167 0.01285252579219608 2.573065232696247 
0.9775611402419533 0.628112098419963 0.01968969594459405 2.62378754957455 
0.9840848920513229 0.6172873489463676 0.02523995730730541 2.638328289459071 
0.9787435754438714 0.6256095187098362 0.03227866890282442 2.626403930501879 
0.9775001123689515 0.6275969185388982 0.01888960519789337 2.623238765266845 
0.9783255639302684 0.6267390588819084 0.03354298567517613 2.625726218700144 
0.9697525156528594 0.6385522189398096 0.02316815301750996 2.605246000010044 
0.9695379713127527 0.6408761478486763 0.02280747499127183 2.606050896438597 
0.9792122357078952 0.6251450993752696 0.03356089560975281 2.62746845740429 
0.9700533130641386 0.6381899757133406 0.04293167378341945 2.606722670431744 
0.9766732594094083 0.6177135411856051 0.1238893524524106 2.621404075667155 
0.9720796338093501 0.6151055742171703 0.1642216898788669 2.611000002749715 
0.9528465776152023 0.6528019201858213 0.1257848640875374 2.568128666762743 
0.9753010521254495 0.6213542473839071 0.1244293080044299 2.619366359579185 
0.9535419195654121 0.651411004956183 0.1237056835692921 2.569409340602514 
0.962354133126345 0.642675761421952 0.09057233697390434 2.58791344572311 
0.9644199719600232 0.6408790172548725 0.09243250475943739 2.593253851080442 
0.9526499412062365 0.652504774830601 0.1224733246788858 2.56712102425328 
0.9460284012429176 0.6676631197032986 0.08169440353267134 2.552059637406792 
0.9606574843457421 0.652053317424941 0.03169922933035185 2.585153469573943 
0.955147019345621 0.6581403244015802 0.01414226157446049 2.57128743412903 
0.9663282707986623 0.6452962241368024 0.009236179473386041 2.598361832226145 
0.9611774623341923 0.6508634278826719 0.03072842924843678 2.586062533941958 
0.9660922248795193 0.6457390878879833 0.009574927788146628 2.597900096482251 
0.9705507099938766 0.6391022898597448 0.02216988646914842 2.608096635974454 
0.9695744791130301 0.6400713121483358 0.02196280308017204 2.605629880722076 
0.9660236257057331 0.6440338521179672 0.0104197796678849 2.596603500056316 
0.9731415069889048 0.6346406882087845 0.007440248838711467 2.613457250550263 
0.9796889614399313 0.6235219425352648 0.05243084077659452 2.628965499916707 
0.9697963948092246 0.6375282207232822 0.04466279160649679 2.605507938820442 
0.9785370818133331 0.6262034897072747 0.03210313085214589 2.626002026998902 
0.9802147530774346 0.6226148576429982 0.05111633805780462 2.630104068617439 
0.9785535368712093 0.6265912933630244 0.0331518951203537 2.626371060997146 
0.985851608967807 0.6146033952384374 0.0369726409859824 2.642775729341198 
0.984938471846744 0.6161500117595019 0.03720828285970912 2.640845798869051 
0.9785957617009746 0.6252842188587701 0.03317098533447366 2.625735294962086 
0.9836050294601657 0.6178992813723889 0.0245502762677931 2.637166142293037 
0.9484743292919405 0.6677361268457626 0.03856750376191985 2.557324985938637 
0.955030133256411 0.660362131512979 0.01316113573890995 2.572347956503982 
0.961876032224328 0.6504786129888711 0.03205498610215331 2.587886075857221 
0.9474928770444503 0.6673573957794245 0.04082852203664743 2.553998974515272 
0.9609736196019132 0.6512760240179924 0.03112200589231848 2.58559388852526 
0.9601534788895455 0.6518316215746447 0.05914991829542167 2.584572193967403 
0.9607140264645176 0.6502413744928015 0.05743661449095055 2.585361434133057 
0.9609491945921883 0.6520326838823477 0.0322565067810277 2.586079313241833 
0.9705457699234982 0.6374514204889093 0.04420367182511702 2.607684870151208 
0.8940532134825622 0.7192266944884304 0.08591021974220539 2.430031213311024 
0.8717776503353351 0.7361078685261413 0.09795507434240998 2.379147042696459 
0.8767669886695153 0.7371561704369616 0.03957920985829573 2.390042598798828 
0.8927700317721239 0.7235254888682331 0.08582799728606882 2.429658872924834 
0.8769597212967298 0.7356739885494608 0.04060094382950127 2.389759175170239 
0.8970864702174849 0.7204276047131863 0.03615024419941124 2.437308885721448 
0.899113070836858 0.7198397859915249 0.03646944090515628 2.442815391402037 
0.8803652008838834 0.7355401678587171 0.03770542700423565 2.399550442918785 
0.8972199861678104 0.721998879176845 -0.004015563450154969 2.438107982495374 
0.9302737146164123 0.6849400505100794 0.08069504658231386 2.514388210844433 
0.9103388270784933 0.708080708155191 0.07299415609833056 2.470332791727549 
0.9186468147948466 0.6990434538746754 0.04550068379940067 2.486814323145708 
0.9298391231319608 0.6875421388062325 0.08080778752380972 2.515412035180457 
0.918922652412022 0.699855184453312 0.04690022027776995 2.488538863497484 
0.9354680640574732 0.6814359082112783 0.05694467262473661 2.526817046259941 
0.9352746794796988 0.6829950125220579 0.05594477918505723 2.527170045255434 
0.9202774995079759 0.7006688163782977 0.04490910064554179 2.49323855667565 
0.929242875491437 0.6880984216177816 0.02567709902089848 2.511001368170959 
0.9367122246427692 0.674064107503117 0.1121252624627389 2.53009318880908 
0.9232140130654021 0.6797802208068905 0.1553289002569325 2.498528608698977 
0.9112601500274879 0.6992227178055311 0.1167667462258083 2.470772957599487 
0.9359931697178154 0.6746986817223167 0.1118569382135233 2.528264884132108 
0.9128429951303859 0.7002540711469455 0.114187696783365 2.475953527357464 
0.929722134583072 0.6840503829228274 0.07875230522618673 2.5123116332623 
0.9314920706074785 0.6833646245428239 0.08026380307473996 2.517225255029887 
0.9115111801934878 0.7008059322127249 0.1140792265995582 2.472210353533371 
0.909220277206542 0.7077094661264086 0.075134711542542 2.466770733883869 
0.9922819081988794 0.6046389824847184 0.0176537242758328 2.657370173773613 
0.9955178415227151 0.5986501869716682 0.02677260797489816 2.664661648744164 
0.990089623319618 0.6071174532276611 0.02863974388694821 2.651939815064214 
0.9928284622266546 0.6039678967081794 0.01802914384657454 2.658758708113608 
0.9900062567829917 0.6078755941266115 0.0277931917626976 2.652104674244785 
0.9885895630812011 0.6111446475841394 0.01713987052532416 2.649182136982521 
0.9885934014486815 0.6109982702563571 0.01649291006409865 2.649079584826838 
0.9896116826624811 0.6083535777722238 0.02876269325734133 2.65110459848342 
0.9837423660320439 0.6172580362873381 0.02537391715327776 2.637262907597762 
0.9917384033439275 0.6002019152042848 0.08676443583822786 2.656411023392849 
0.978929566937358 0.6195552873342901 0.09386542886054414 2.627085444969836 
0.9859190144235033 0.6116337836295062 0.06703711856886543 2.642739186892392 
0.992102988671256 0.5996949865764892 0.08576504473297078 2.657344865711723 
0.9863381248566271 0.6118495091596025 0.06911119876434307 2.644447663051276 
0.9950885547017251 0.5966472050606763 0.06229434920582614 2.663505102274386 
0.9943211760584949 0.5996650787642754 0.06293090335369909 2.662886243812217 
0.9863394826762569 0.6118752887467863 0.0686356832060613 2.644458426149846 
0.9899241403869325 0.6057719999998353 0.05068272267027794 2.651443717628775 
1.000071168483097 0.5914645402452142 0.0001672953407650706 2.675151815972602 
1.000034717228639 0.5915461028343745 -3.496994777937779e-05 2.675078815145957 
1.000174961238014 0.5912975929023909 2.483263563733507e-05 2.675398214465996 
1.000072056121694 0.5915175013209559 0.0002407271073148273 2.675186060527887 
1.00018873036034 0.5912728363267582 3.073968042693314e-05 2.675429346016376 
1.000332553581658 0.5910100864103075 0.0002404930122433335 2.675752407767745 
1.000336010450285 0.5910598070715398 0.0001668038335387773 2.675793308402459 
1.000202674478235 0.5912484039449607 2.70365886235824e-05 2.675461294448006 
1.000346505177092 0.5909919032404454 -3.647304856603476e-05 2.675788057864908 
1.00056909025089 0.5905481768646926 0.000800364734556015 2.676266648445923 
1.000253342732103 0.5913523239622656 0.0008207821417878931 2.675691548244417 
1.000336319509078 0.5909556361646475 0.0001262993622830285 2.675732553760207 
1.000591358363213 0.5905007733280492 0.0007382112099056032 2.67631279715123 
1.000310283056391 0.5911422856309679 0.0001293561708747809 2.675756265604581 
1.000481157944447 0.590795744910292 -0.0001186451951006541 2.676119975729563 
1.000003965320504 0.5917341976077929 4.779931958261763e-05 2.675087846252285 
1.000054984261651 0.5915030584810524 -2.710782412362089e-05 2.675120727048581 
1.000058904360916 0.5914407519190876 0.0001934865519062911 2.675096964627305 
0.9999361322174184 0.5917176552680574 -0.0001014593819231645 2.674852450483301 
1.000085539284704 0.5914107397750442 0.0001503033356500183 2.675167638270209 
0.9998435045201837 0.591946301311309 0.0006685843104771971 2.674680125406968 
0.9998596673148578 0.5919383333630107 0.0007346139751592604 2.67472909348075 
1.000064282056875 0.5915603249606277 0.0001520171672536284 2.675185363163211 
1.000168780993097 0.5911672142109818 0.0008120524526449551 2.675300908901615 
1.003453431590713 0.5845646422254117 0.003503413902125321 2.682368977395566 
1.002763354184405 0.5874789237722566 0.00577368590281757 2.681784038173108 
1.001833642765737 0.5879966929074498 0.001208236207310284 2.678965824959969 
1.003484578696427 0.5851350943008773 0.003244258840397572 2.682804999229503 
1.001872773030385 0.5882637915487604 0.001254412371382115 2.679259326126405 
1.002027496767901 0.5880963137794116 -0.0005855981436695704 2.679674296340985 
1.012517853107322 0.5691582793521928 0.01837583756614432 2.704018908117231 
1.017166484141697 0.5593055869208071 0.008099725298484834 2.714007201782756 
1.015897329218879 0.5613126498836811 0.03368353542591088 2.71142435983767 
1.005535339787921 0.5760335195612758 0.09600567623120847 2.68890911561952 
1.001445180280101 0.5831522331363718 0.07294470472135622 2.677487858476075 
1.012542218067955 0.5648394406673057 0.07916704407732852 2.704458819453706 
1.005352909214387 0.5745589513961016 0.09733608420167743 2.687556903795388 
1.012522429568778 0.5621585003169862 0.07853219989317486 2.702942838478255 
1.020269311915073 0.5433924035291885 0.1022536070919763 2.720893954093914 
0.9926621390446524 0.6044388897216835 0.0001429104055900592 2.658373071081756 
0.9958907657006616 0.5986196145806961 -0.0001312814690756184 2.6655235506498 
0.9938668171272255 0.6018018570463239 0.00445326387756351 2.660771323733951 
0.9924527548360431 0.6044723275315469 -7.965981883105414e-05 2.657699694419343 
0.9938843388160357 0.6019010801421215 0.004706400594499368 2.660877298765331 
0.989798254230902 0.6085011659745296 0.004886770350110963 2.651419430990485 
0.989755401933533 0.6091873982230712 0.004886011789495113 2.651694962887343 
0.9940652364494909 0.6016544140844823 0.00461603763152816 2.661304856896735 
0.9912287807419778 0.6063211625736029 0.01077435692603635 2.654856335010992 
0.9992474858488575 0.5929851661831137 0.001489677668608256 2.67331253335541 
0.9998591969888546 0.5915159780680028 0.004564968863541001 2.674485666451634 
0.9980089911125241 0.5952238424823221 0.003940154247029323 2.670539072816679 
0.9993766524790583 0.5925336723612384 0.001527427236474254 2.673472952224839 
0.9979380989853295 0.5955558751643453 0.003605653364029887 2.670502295913821 
0.9982623629460858 0.5944574746622996 -0.0002309978968801633 2.670915735099598 
0.9983803760494245 0.594249206755821 -0.0001639592982128059 2.671177136386502 
0.9975995173058302 0.595467984390503 0.003988005059912425 2.669326329634326 
0.9961585558608748 0.5987423557125563 0.0004098300933496215 2.66649950413064 
1.006909586124065 0.5795715791361854 -0.0004904312327458555 2.690991955228698 
1.008614508989168 0.5752212476632533 0.01191309097505659 2.694294469178332 
1.005592207319195 0.5814376846116724 0.005670570310376876 2.687691898465937 
1.005881709760588 0.5803141763164886 0.005800976229270815 2.687999188562235 
1.008241441566146 0.5758502881603551 0.01276576401922442 2.693412208091742 
1.004750109459597 0.5841419759637361 0.01716318801243508 2.686579198326115 
1.025613760156582 0.5383149277143968 0.04456681492970003 2.732233603424794 
1.014624866538238 0.5636724875369721 0.05329638042226471 2.70923406351195 
1.01466056517254 0.5647352668500006 0.03375998532010398 2.7090388662353 
1.01514753700162 0.5619681195507139 0.03350804859884383 2.709197549969948 
1.014601936296649 0.5630381061604923 0.05177392619631561 2.708761431064877 
1.007485819536625 0.5763180913152456 0.03739894748324878 2.691750001025046 
0.9999579817280141 0.591708641445097 -8.74942058151624e-05 2.67491747699598 
1.000008180830415 0.5917572270968297 1.097896761438811e-06 2.675113008632418 
0.9997879157685019 0.5921492830710837 -2.22374058590919e-06 2.67461277534976 
0.999958124267472 0.5916901198172069 -7.943347405247133e-05 2.674906958499653 
0.9997880892393199 0.5921727615897011 -1.366028092344432e-05 2.67462729583266 
0.9997408477493926 0.5920757961774058 -0.000114014945465528 2.674412865532405 
0.9997598986177425 0.5920781658030092 -8.592076573507378e-05 2.67447759553607 
0.9998298725014082 0.5921517700027765 5.705972038339108e-06 2.674753829047202 
0.9994676301711219 0.5926060424793513 -8.064272874952946e-06 2.673818789390256 
1.000025277754902 0.5915082937630713 -0.0003092588714993331 2.674951340120826 
0.9999441587224933 0.5910827967957226 -6.576829043752333e-05 2.674697024880051 
1.000022137206605 0.5915929617990664 -0.0003416556431757361 2.674986220751245 
0.9999701100819676 0.5914834389434638 -0.0003547529537346863 2.674829239145939 
0.9999977750265027 0.5914861437673441 -0.0003441847410285985 2.674922068558375 
0.9999633280030084 0.5916861908227579 -0.0001501495165014802 2.674920894444529 
0.9999596475685826 0.5916846087702848 -0.0001392557871866003 2.674907864213426 
1.000004764475406 0.5914827854345397 -0.0003666684531733527 2.674943020845157 
0.99999820769715 0.5916704617705667 -7.769223974605945e-05 2.675027474512782 
0.9990869057800217 0.5931260456128992 -0.001675007443023517 2.672861523005842 
0.9999532421110118 0.5913774240417153 -0.001581528458643383 2.674709588352083 
0.9995595163634379 0.5925122231182109 -0.0007782582731192693 2.674067553510779 
0.9989655735653861 0.5932981013612569 -0.001637637796954239 2.672562322929367 
0.9995464318656957 0.5923126937382395 -0.0008864367881425224 2.673906865224646 
0.9988400300337686 0.5935662510810146 -0.0001199632444048607 2.672303214442331 
0.9988997341231318 0.5934587678205969 -0.0001190409446795383 2.67243752565678 
0.9995087606617398 0.5923420950420339 -0.0008723844606036922 2.673799270859126 
0.9994956560787031 0.5926536369495494 9.947065206258953e-05 2.673940232336322 
1.000072911555434 0.5905700557624541 6.283072326192974e-05 2.67494677873049 
1.00008835086791 0.5912603620827399 -0.0004061410200805665 2.674995408724147 
1.000443341113751 0.5907231892977992 -0.0008526604005979414 2.675842042542846 
1.000383266108277 0.5906540904651212 -0.0009286300456402021 2.675720170971331 
1.000128554176347 0.5910535016917853 -0.0002656032156735216 2.67509159691491 
0.9999597475837807 0.5914469543788254 -0.001376844717023741 2.674784853046662 
1.001276346531746 0.5882901793775867 0.0001725555455097259 2.67768270047175 
1.000942383721582 0.5897725210528593 -0.00187856709817843 2.676919197639338 
1.002198500816624 0.5878980490747145 -0.003526625037168649 2.679979052282502 
1.002028995175144 0.5875628163298922 -0.003708685749404692 2.679408740032041 
1.001051419837627 0.589014994223626 -0.001456228764207907 2.676978483483093 
1.000551654770346 0.5904005480772312 -0.005430207320211287 2.676151675543673 
0.9937247197419848 0.602033569729719 -0.006027437941331125 2.660439966646014 
0.9962118153398082 0.5978761527924942 -0.01124284090694534 2.666216647859962 
0.996912027157698 0.5968937554291823 -0.003680770644986359 2.667894307635279 
0.9939143691726995 0.6017144708111785 -0.00598209488653211 2.660864284474053 
0.9970191865551584 0.5970665895886581 -0.004188803844012308 2.668351755287438 
0.9957606730307716 0.5987246055377162 2.776464778433497e-05 2.665170296817004 
0.99584615860319 0.5986832179542126 5.680022384129866e-06 2.665426480959632 
0.9966347787344075 0.5970186532576824 -0.003802207937193238 2.66704694984547 
0.9979967532506326 0.5953668313421231 0.0003683192329799343 2.670574672185027 
0.9896264733827446 0.6085973981979195 -0.0002975706224558848 2.650901936603247 
0.9875278555072796 0.612490783882285 0.0001775741558908464 2.646391369694502 
0.9882388304292798 0.6113827454296914 -0.00369177403588862 2.648053551321214 
0.9899056338999315 0.6086424449841317 0.000143763159306678 2.651849212841705 
0.9881322245119838 0.6113636563977208 -0.003883414204198682 2.647683427931498 
0.9911007476543193 0.6065195941338303 -0.004820143170476192 2.654498128216861 
0.9910948558330241 0.6060459802029382 -0.004921504572996117 2.654179566829397 
0.9879380208220283 0.6115471378754108 -0.003741850374044836 2.647146544686052 
0.988972678614651 0.6103097786944338 -0.009934758336746313 2.649861926751369 
1.007626773348457 0.5788252139483318 -0.00808854146432608 2.692754503016488 
1.005533353556751 0.5797138541904845 -0.0002706418561174028 2.687195096827209 
1.003944530823782 0.584888625093021 -0.003719846525551502 2.68398208866586 
1.016825664055672 0.5582415394962748 -0.008863636116921966 2.713133167446136 
1.011796680898257 0.5711734454798538 -0.01779239878366742 2.702486341564897 
1.014384803952181 0.564624498385385 -0.03029430876599811 2.707748502008466 
1.013217285860293 0.5664165888928858 -0.02998756852640044 2.705113225063073 
1.01173799395808 0.569183615350569 -0.01747422943241881 2.701384589229269 
1.006974672658447 0.5783234985752621 -0.03191824225603206 2.691016016387098 
1.013862807405961 0.5663824876570154 -0.04304021128571565 2.707404947900444 
1.024703424652968 0.5386856439148843 -0.03954871902119546 2.72988419779744 
1.013301547653062 0.5687409451185402 -0.02971396501591688 2.706373631827559 
0.9874983716267088 0.6126143210515916 0.003170742822210135 2.646366250499892 
0.9847165924094228 0.6171376100002609 0.004011286533957715 2.640075093431157 
0.9859718687370487 0.6145837534148718 -0.0005914463164199368 2.642571913222278 
0.9873071245861335 0.6129318112362641 0.003041189565899856 2.645948492466205 
0.9859268379959542 0.6141567416938082 3.302265682711112e-05 2.642168764823452 
0.9871159896053553 0.6133134289042563 0.0001479347644359662 2.645551842417222 
0.986939578462236 0.6134994295941102 0.0001150710101898096 2.645086725716251 
0.9865453660050842 0.6142450747699774 -0.0006296587873015749 2.644257197279018 
0.9871815559478628 0.6123474431600712 -0.0005428914134567064 2.645167832026979 
0.9738820472923555 0.6210301171214041 -0.1275685320975569 2.614782643607934 
0.9948189054028147 0.5791380450177229 -0.1487876985865559 2.662103051977891 
0.9941748939250052 0.5901980109252882 -0.1158273904878071 2.661586597216683 
0.8789844301706181 0.7353850663132624 -0.03762727819845565 2.395325040465095 
0.8995893484491541 0.7213935088141168 -0.001677378079721761 2.444755015989095 
0.8769300084334153 0.7383662066352534 0.002045163644173214 2.390816504183296 
0.8786906201632441 0.735340833961732 -0.03962384787314119 2.394232739879639 
0.8762321211095859 0.7408023909391408 0.002641287245135208 2.390175044027103 
0.8508081794237489 0.754237533766927 -0.04089708133502013 2.329208170767752 
1.004335113275968 0.5791274095582304 -0.09069941700576438 2.685721465137568 
1.022214641354786 0.5374281398457653 -0.09140411765896399 2.72402521121647 
1.011886887892956 0.5685025473149741 -0.07044122900215835 2.703582067708869 
0.9442614056568899 0.650344561552711 -0.1624455220578561 2.545290375852823 
0.9532831534487854 0.6540727953984342 -0.1135732475805814 2.568876888785807 
0.9371683759924809 0.6777780089452443 -0.1026975827242028 2.532802906498972 
0.9402315977868974 0.6713302519332245 -0.10266678224735 2.538518765134726 
0.9534044008929714 0.6542259188664163 -0.1143881424341984 2.569734388782153 
0.9522540288057616 0.6599278803537684 -0.07004280567513228 2.56549290970371 
0.8965110865967656 0.7106815696292972 0.1342675393210858 2.437011099544882 
0.8916456480026157 0.7208771584859887 0.08541165591154443 2.424530019973067 
0.9125596773895041 0.6969627013345826 0.1154122439563326 2.472492569291728 
0.9115653534876591 0.7022818978757199 0.1157591026291208 2.47337502137066 
0.8919606361908695 0.7211587812998678 0.08598585757216413 2.425796010413758 
0.9078657722550544 0.7071513370787865 0.07303701980948279 2.461998305665154 
0.8971215950619826 0.7204062086239472 -0.07431015224119565 2.439090395517902 
0.8909805081552461 0.7146002018744514 -0.12612247522384 2.422629270734085 
0.9139714370384908 0.6982621987301474 -0.1044127550870298 2.476555407127259 
0.8532978207343044 0.7525367522688119 0.05527627529277747 2.335471921028783 
0.8751121853802104 0.7398602963752131 -0.0001243673229006024 2.386339030350085 
0.8809592165450674 0.7344248878786958 0.04011756215069266 2.400111683711566 
0.8796650567832212 0.7373596643407196 0.03878310835739202 2.398743973080445 
0.8746264579598204 0.7389635580349132 0.002003999811865523 2.384698226751703 
0.8976429758765284 0.7211856348943969 -0.004492815835565698 2.438779238474378 
0.9759057965529333 0.6200867979897057 0.1224921465432313 2.620761767120472 
0.9778621802490455 0.6200558488513084 0.0926484897261214 2.62372453096891 
0.9909426580016835 0.5977356269609244 0.1169238056231581 2.655230590789757 
0.9754242046796763 0.620869530814126 0.1245872732401389 2.619698585033303 
0.9917317161899594 0.594440078816786 0.116255027114674 2.655815845388878 
0.9944412177413449 0.5821854142451185 0.150478581314153 2.662099371733829 
0.9493153816464187 0.6464117516138608 0.1651229973363812 2.558536066213887 
0.9343439099129769 0.677284272095081 0.1126575197657809 2.525162455893175 
0.9539195668001164 0.6501901874156231 0.1246296012310786 2.569577497989743 
0.952171597130632 0.6538668590951244 0.1239648426232957 2.566514640339114 
0.9355728945199269 0.6741633065643061 0.1106204388628163 2.526933856866218 
0.9454294166923783 0.6668934411082428 0.07971139404734105 2.549447160161625 
1.000940314585325 0.5896513800602619 0.0001414150575392761 2.676972648536066 
1.000667062027264 0.5906097902262487 0.0008893954915793294 2.676629009815002 
1.000456647114686 0.5909100991741714 -6.468685492979301e-05 2.676105431172981 
1.003630943889815 0.5845620128408219 0.0002737814179467842 2.682953411112232 
1.003533237588752 0.5849114172314406 0.003231606853535257 2.682839820567678 
1.002036330077893 0.5887603914933964 -0.0003949340423943636 2.680085151905166 
1.011558139299227 0.5589201458479902 0.126542509929624 2.702782490760467 
1.004303862649364 0.5742154797217791 0.09604322133446007 2.68375282833713 
1.020807274414317 0.5428618939108497 0.1022394473536899 2.722225590874338 
1.004096286196795 0.5847447895991899 -0.0004122292295740589 2.684596881489625 
1.006210020338346 0.5797426327543832 0.0008840511417362266 2.688770910515403 
1.005772984023272 0.5812971058307499 0.005983122927104238 2.688230648623249 
1.02283001623248 0.5460324021854844 0.02218726786429688 2.726114145664385 
1.026199370343027 0.5396945305447265 0.04193930397837654 2.734823007946948 
1.014790291686749 0.5641775599068355 0.03435417487007018 2.709270097169658 
1.00048346502999 0.589781479797315 -3.52106617499346e-06 2.675859309666802 
0.999984419964167 0.5905560197744011 0.0001609918944387955 2.67465618961194 
1.000526710984274 0.5906539963542436 -0.0008811166966910863 2.676071558020072 
1.002850946124096 0.5853774487483401 -0.0001745330600064122 2.681237457936344 
1.00093249267003 0.5881592279996233 0.0006507465779339704 2.676476228441024 
1.00244517708404 0.587798058160526 -0.003688018757035715 2.680734185140239 
1.021874993186819 0.547376569914576 -0.02276290734943427 2.724464571721406 
1.016616967749213 0.5568597235506291 -0.006899533765961135 2.711637394280292 
1.013774859607615 0.5660711747672857 -0.03140378186452893 2.706540931324211 
0.8648113200974452 0.7405215491913832 -0.08734571349708271 2.361527483247237 
0.8813876249132198 0.7361183477844603 -0.03775079322406065 2.40270476019985 
0.8512751575056542 0.7537552270144557 -0.04142534676982979 2.329764340840378 
0.9211276003944819 0.680997825227759 -0.1503534362935071 2.492111231055223 
0.9442505729452461 0.6516759205225927 -0.1651537795390569 2.546375470098411 
0.9387315602065197 0.6759777984944176 -0.1012889825178663 2.536577731994713 
0.9245948313693712 0.6810103328618786 0.1568164133004891 2.503359712883551 
0.897623663266352 0.7100340407320078 0.1353504180327642 2.440105703053249 
0.9093287179990213 0.6980455154611092 0.1145434273786457 2.463737116832299 
0.8715724067275292 0.7377167691955151 0.09756779332257394 2.379384969179466 
0.8538496200534856 0.7518863579966928 0.0574494848391079 2.336800718111999 
0.8763716415545023 0.7355337747851696 0.03922885982526531 2.387608093460813 
0.9747733220999084 0.6142102053923468 0.1625003159909605 2.619161392402838 
0.973915384215273 0.6196746236207198 0.1225545934147021 2.613881653314881 
0.9951731931312287 0.5823165141656645 0.1510970311494306 2.664216179773131 
0.9728441002646635 0.6154692543376088 0.1648826321811022 2.613342840940999 
0.9521511330593778 0.6455048560071972 0.1638326292333173 2.567030089022185 
0.9508245280542569 0.6515842467420024 0.1238552075048885 2.560769044083979 
1.000413607714002 0.5907642938215995 4.678596043967396e-05 2.675876804914252 
1.000345150433942 0.5910925507055343 0.000198897234938626 2.675843050586506 
1.000325293797354 0.5910395127726193 -2.595710942028468e-05 2.67574561062477 
1.001826474109845 0.5881042043155382 8.050949949259331e-05 2.67901214129178 
1.001806088521235 0.5883116518043038 0.001256750586201599 2.679068317632166 
1.001103195160761 0.5898028073212741 -0.0001211940820976754 2.677601670171048 
1.013701287246457 0.5684595349535705 0.01899347788212841 2.707657371304812 
1.01148844395306 0.5700496817540093 0.002115790748270708 2.70085176293295 
1.015837785894939 0.5598984823947711 0.009112487530918404 2.709913887824595 
1.016499516709024 0.562916744477663 0.03458715866309596 2.714386185895981 
1.016957551033461 0.5589987017820702 0.007806535675435335 2.713047283327531 
1.021723000706032 0.5473886505552025 0.02272595761654366 2.723171007882034 
1.021399162858232 0.5439760077459842 0.1000303295135456 2.724861926321573 
1.01178896642266 0.5625243318251926 0.07869831107192245 2.700777836039292 
1.026071603423581 0.5362070384537391 0.07570851040976012 2.734361026299522 
1.006772424422075 0.5800682767110854 -0.0004869502398803517 2.690785404089662 
1.010579303555464 0.5706981130817 0.003548287224721349 2.698239166048083 
1.00907332529339 0.5758199668769504 0.01249599372515645 2.696184479685323 
1.026492195733942 0.5370409293569586 0.04389450858878157 2.734395987248882 
1.026227796174851 0.5378107842322744 0.07279396091515529 2.735652232494135 
1.013693794103308 0.5638006874146623 0.0524862880791254 2.706079220018544 
1.000044271849012 0.5905631140613703 3.5476002061909e-05 2.674847410707022 
0.9998834402967406 0.5909104332467987 3.002225109524732e-05 2.674517656691402 
1.000175650151007 0.5912512460775519 -0.00035299216821699 2.675280332692393 
1.001110226163662 0.5883340695237899 0.0001027771178225271 2.677155244469196 
1.000354016860471 0.5895988169015205 0.0002129448838953708 2.675382988537852 
1.001202997499087 0.589784413545011 -0.001644538483676959 2.677793288777309 
1.007814755138314 0.5788154235618032 -0.008288709453226436 2.693372818728251 
1.010827144278141 0.5700711426346621 -0.002652910192485781 2.699429666439727 
1.004763305110826 0.5791914258866637 0.001107444557521142 2.684343240811183 
1.004390945547275 0.5847712645465615 -0.003385437797145419 2.685403995582258 
1.005111319734977 0.5800821775648316 -0.0002360615355876853 2.685993214287853 
1.002375813290951 0.5845378816601767 0.0002532587523118293 2.679453740140646 
1.015838820947947 0.5592838285944551 -0.008434283694037984 2.710359450317008 
1.011033483389411 0.5675393763567051 -0.001327047830965557 2.698765788413881 
1.011911439090346 0.5710990221346903 -0.01780782201052633 2.702832548908242 
1.012389666314665 0.5673666946839925 -0.04326618531527612 2.702993355165308 
1.026175440120399 0.5342846892021235 -0.06183056804290471 2.733544645464984 
1.02625995780319 0.537840475500419 -0.04104037791252875 2.734785112102953 
1.012404163799146 0.5675886270402817 -0.03063336108085241 2.702762002865905 
1.025215501101108 0.5389123426879813 -0.03910824002213596 2.731688380238909 
1.02269643902327 0.545935587861391 -0.02382802736223187 2.726513606565458 
0.9735132053016765 0.6203152688984076 -0.126086962558258 2.61336095070372 
0.9693225900560543 0.6175931652312383 -0.164813216302729 2.60403708582745 
0.9964852549087069 0.5801258626377725 -0.1530502079694176 2.668521330770919 
0.9927625861461181 0.5901295490641315 -0.1171404971533332 2.656844198831617 
0.9965383122954292 0.5776423957835208 -0.1489872269438626 2.666771818031404 
1.014398387587351 0.5525353149891761 -0.1245230547256901 2.709064222672799 
0.8490590818785305 0.7544642684634975 -0.03986978239571048 2.324169951393192 
0.8786784211899592 0.7395304623420101 0.002096306359780716 2.396579335236078 
0.8460541290628379 0.7581399461855927 0.009545683914174262 2.317630619666051 
1.003001653750348 0.5799912422158596 -0.09046812763325664 2.681837378499599 
1.013327740620421 0.5506766136061501 -0.1209579161898776 2.704024164401932 
1.024055470874315 0.5370078202224584 -0.09388493493558779 2.730124049164794 
1.010388485731523 0.5674768938545209 -0.07216221369925793 2.698024658204038 
1.02299186588267 0.5373106328981465 -0.09097271868072838 2.726520365306965 
1.027068241714151 0.5340362115114923 -0.06469349162714735 2.736718567085751 
0.9466380950829947 0.6485624534710784 -0.1628724939685019 2.551490513543483 
0.9672607891991138 0.6208109585302989 -0.1674340240093268 2.599968140059528 
0.9530354678898476 0.6548477596107206 -0.1133985051592898 2.568398790031758 
0.8965977996493864 0.7119996479230325 0.1343690162376961 2.437779133071643 
0.8719876413735501 0.7352813557035333 0.1004205809931983 2.379431881606239 
0.8912319124206687 0.7199204123480536 0.08483267343872439 2.422511260732039 
0.8996823527784935 0.71843244445001 -0.0740047124219648 2.445563275446259 
0.8679026614697493 0.7388333436770123 -0.08747169247663318 2.368536191629009 
0.889973945282817 0.7156288827791146 -0.1268230725352844 2.420460556619632 
0.9152795141071431 0.6991241197947072 -0.1032303337063811 2.481031831546024 
0.8930806305905348 0.7132198328009121 -0.1265990352678761 2.427484385135938 
0.918281777927325 0.6845379359303108 -0.1538556945271109 2.487018163109009 
0.8531926921661639 0.7539899488167299 0.05503875106741241 2.335984771196741 
0.8453329634032716 0.7584956793525119 0.009816088556217302 2.316182546751199 
0.8752622661051136 0.7388169581388981 1.053024611575176e-05 2.38606010907691 
0.9965378011067242 0.5818834058904196 0.1483725049771273 2.668751148946217 
0.9901957737517143 0.5954794337907267 0.1157383333614701 2.651480886400029 
1.010638740094992 0.5581591235040905 0.1294741198505716 2.699187672812102 
0.9502985723844789 0.647206030744843 0.1659257736132366 2.561775587448748 
0.9259236630751166 0.6785968132487927 0.1545577735520465 2.506141088388261 
0.9327983427009929 0.6756550636587743 0.1111099139843239 2.519116171251765 
