0.9999749948218193 0.5917097507036961 0.004259597556046517 2.674984875896306 
1.001070430993145 0.5895974364583202 0.002004224326747274 2.677373627588184 
1.001025372420418 0.590202489278111 0.005251318830413294 2.677595105671232 
0.9999795327076512 0.5914870515288133 0.004485933935884931 2.674865363153708 
0.9992172381099346 0.5931936470029985 0.006466304649846353 2.673358529225147 
0.9977155739722715 0.5956722722682642 0.00404868627735435 2.669833626566842 
1.004037452985972 0.5845453923493718 -0.0004587749997551813 2.684294363036885 
1.005458895015591 0.5812916148479403 0.005823952493027117 2.687174858796249 
1.003642999431597 0.5849461741278603 0.003183495721023261 2.683221957400066 
0.9974322173731348 0.5961140712390866 0.009648060427501739 2.66919089308417 
1.00047986064688 0.5903801119080618 0.009582228029853746 2.675907291449512 
0.9997778472885276 0.5920694116277201 0.01368972826690946 2.674624714956785 
1.008049712705753 0.5750499370260879 0.03749170937977772 2.692941834988302 
1.005529356344573 0.5816068762822202 0.02413997770030992 2.687805938385994 
1.012956714334753 0.5663757051734518 0.02008222559805292 2.703949423038835 
0.9696741961742662 0.638904338065699 0.04468391668795223 2.605969341807626 
0.9807877485709926 0.6209219730980536 0.05234570138090014 2.63075977519658 
0.9715041622288145 0.6349617164365686 0.065954636778179 2.610576692432139 
1.002148127005285 0.5830313468098618 0.07465033026644709 2.679903535438865 
1.006394855854537 0.5764309325837765 0.05244703917419955 2.688745329138697 
1.011813800001181 0.5651431650059204 0.07910380152508605 2.702265134398556 
0.9899958456917547 0.6060305296010645 0.05220535554719792 2.651943726272842 
1.00043863653511 0.5888424619393579 0.04937941635032658 2.675887830342242 
0.9949564772629779 0.5990383789592229 0.06235930372235484 2.664618850079029 
0.9464095101753401 0.6651714186070184 0.0811773247400159 2.551682327748789 
0.9605146244393723 0.6502942330811202 0.05712748030300901 2.584504914264911 
0.9622271141287136 0.6444861482811864 0.09277813370575155 2.588927420005437 
0.9954696680213863 0.5982800872309553 0.02647005113150669 2.664281385588613 
1.000054505002768 0.5913767434390228 0.03422752657545635 2.675598041170554 
0.9939444930147296 0.6004487672090261 0.0368862800062312 2.660884859472324 
0.9836711585069444 0.6183017918758265 0.02543049883994997 2.637671826325765 
0.990282329467766 0.6074681778451284 0.02889178117430963 2.652723058526134 
0.9855225276847174 0.6154714036547692 0.03645958365902469 2.642336450501752 
0.9826213492748437 0.6209393256906722 -0.007261468038162774 2.635600109951069 
0.9830806669533032 0.6200629220750533 0.0002911841374207967 2.63651818130258 
0.9786268630200003 0.6270002135877392 -0.002981751555962032 2.626344897631065 
0.9912187925537733 0.606793061472051 0.0114133156307237 2.655110447832644 
0.9948952871053663 0.6004459392177952 0.0114952348464129 2.66338607880801 
0.9925863630488995 0.6045455319093456 0.01782503991227671 2.658351724975247 
0.9732510949604609 0.6334652020401318 0.008629458673000032 2.613071947364324 
0.9810002591147682 0.6238698348767153 0.006112218791960663 2.632102594877599 
0.9773055134824437 0.6284284373170116 0.01922322569099656 2.623148900748348 
0.9973782734347773 0.5961888557988988 0.009257374992444714 2.669049264209129 
0.9995973244656546 0.5921349488384765 0.01409676419604722 2.674066391535045 
0.9970124127806851 0.5963154873007296 0.0157809915119351 2.668003602136669 
0.9957923482052827 0.5981358692096247 0.02730141182554302 2.665296756811265 
1.001180401322255 0.5892468842662163 0.02381443034972346 2.67777500516061 
1.00028175929826 0.5911728088752657 0.03324068308220298 2.676215696069584 
0.9999457428788053 0.5916460350263021 0.004058378338825417 2.674849456026927 
0.9999214168344079 0.5919200919984771 0.001734669277988757 2.674923193711838 
1.000951241387282 0.5898212756126863 0.002345867430313065 2.677111397246959 
0.9976318806804712 0.5959997796451595 0.009697334488551758 2.669784822576937 
0.9990251828697125 0.5930655719542702 0.006762435467303867 2.672638742981057 
1.000285216848687 0.5906841991380164 0.009875561473828438 2.675448014511089 
0.9992620721686436 0.5928659773602005 -9.876637496067652e-05 2.673292097702152 
0.9996739137950974 0.5921232731855712 0.0006958891929317132 2.674220630933571 
0.9991728013960576 0.5931855078076519 0.001527528857081341 2.673186568815415 
0.9785873701432418 0.6204419442461978 0.09505464475827494 2.626560890832578 
0.9925696378718867 0.5972299233697805 0.08613179538579013 2.657203723480455 
0.9907350243677756 0.5971683027015594 0.1159720159043118 2.654285088882082 
0.9999336049830231 0.5915266140626103 -0.001410458813723853 2.674732340414264 
0.9998254613076101 0.5919283205540194 -0.0004272288606387131 2.674606771380067 
0.9995527838937177 0.5925374635549089 -0.000830867792523123 2.674060247580423 
0.9999798978117077 0.5915605425249298 -0.001344236337591535 2.674913574826179 
1.00021576399494 0.5913734775486672 -0.00039063754401354 2.675579306658722 
0.9998003777086989 0.5917476342227475 -0.0006316186717138118 2.674420756257355 
0.9999611341330358 0.5914336279503847 -0.001489277517694908 2.67476865478042 
0.999082600111645 0.593284807790685 -0.00188357440437658 2.672942005609883 
0.9999738014508528 0.5915481128851527 -0.002844865469474285 2.674881894714286 
1.000524478669525 0.5906374697568147 -0.00543245525329557 2.67619715947456 
1.001244279181491 0.5895186563054174 -0.001840013089394128 2.677923141439212 
1.000036372984149 0.5914799697111474 -0.003062940706854641 2.675055771056187 
0.9965547167879779 0.5975247816739856 -0.01162599017555479 2.66713658812084 
0.9992424356528836 0.5935298804853304 -0.009547728822301991 2.673652888722442 
0.9966958939283572 0.5972390475855656 -0.003813006187783277 2.667385991122181 
1.000325141718457 0.5906551246027628 -0.005893122508830814 2.675534218837818 
1.001613069378223 0.5883549664683738 -0.008061717984731938 2.678508354057726 
1.002255477118084 0.58767216467084 -0.004160256829592343 2.680237602999038 
1.004288881490137 0.5846089708415537 -0.01045112577818844 2.685263406566297 
1.00589195569404 0.5812641625571654 -0.01774506705689694 2.688761202351093 
1.007634129218261 0.5781593790065337 -0.009670732105193713 2.692660603914679 
0.9891303862948105 0.6100589350393194 -0.01043822087363686 2.650226048127485 
0.9858406458985806 0.615002245925006 -0.01007654107573416 2.642450374037118 
0.9866837750303925 0.6135019032933381 -0.01540896356138214 2.644360488911301 
0.9927334213479612 0.6042608336558154 7.518133421362871e-05 2.658501745586115 
0.9914001078764243 0.6065449229017291 -0.004728107377125669 2.65549333383611 
0.9938186135647373 0.6024048076359204 -0.006186445322844013 2.660974298083751 
1.000535449804191 0.5907484312009834 -0.005207537569435359 2.676291342832355 
0.9991590692571077 0.5923088365542631 -0.009049294650295333 2.6726612957257 
1.001696433264639 0.5890505683412298 -0.007739603899347375 2.679169746054163 
0.9960159559626753 0.5983001180575803 -0.01214311980761203 2.665809368764244 
0.9986943793838509 0.5934570831381658 -0.02034107391562465 2.6719699632616 
1.000053861719109 0.5912416839052949 -0.01457557323012298 2.675077655582295 
0.992182778840405 0.6040141067012774 -0.03299289394342243 2.657042054016377 
0.9940785861431132 0.5995550537040146 -0.04638958835260091 2.661151057222755 
0.999249412013024 0.5918077906684674 -0.03618906293101039 2.673260876248891 
0.9888746746248057 0.6105144638125656 -0.0104642902748457 2.649657179327907 
0.989512024177796 0.6093463012512436 -0.01884601130704097 2.651132841268331 
0.9928113138026394 0.6035137887829223 -0.01300423087945948 2.658386891067237 
0.9787093961424087 0.625247922544903 -0.05247730946604459 2.626894912449341 
0.9687174315289502 0.6382951722124722 -0.06280231563112271 2.603409163100658 
0.9769757887520411 0.6248901525971267 -0.07191659610038559 2.622292528581397 
0.998809237468599 0.5890537545583431 -0.06711637922909687 2.671770341797194 
0.9872612864718051 0.6109482703153234 -0.06589309604365544 2.646652334590482 
0.9910420525815176 0.6001459990886684 -0.08283931258846085 2.653843246126351 
0.9828895038508951 0.6211987552993774 -0.02419299434609232 2.636939981144878 
0.9759801982533054 0.6303416806443501 -0.02497390275820007 2.620159034678254 
0.9799226334993121 0.6226154101394901 -0.03529999545127226 2.628427218827117 
0.9891507790462418 0.6102409124671501 -0.00983707203221928 2.650401487506216 
0.9869526740311385 0.6134610333698084 -0.01552390975515744 2.645206161620997 
0.9893961430700279 0.6094281498539226 -0.01895447399068091 2.65080783755235 
0.9829222307765551 0.6206844622231729 -0.007092026927590845 2.636407068051402 
0.9781006633229613 0.6274750492582465 -0.002860496048812027 2.624916921266129 
0.9772959707761669 0.6279864784183403 -0.01060809172103611 2.622693386542659 
0.992540654167923 0.603292330455491 -0.03249016372973523 2.657805550666265 
0.9868738999267879 0.613678816955145 -0.03085480075806881 2.64544617052109 
0.9875873830848491 0.6106729206199554 -0.04215103684971423 2.646336563963906 
0.9830604969869399 0.6192665620460956 -0.006729720273589359 2.635979549217662 
0.9860777220091848 0.6153507593183658 -0.009840230072730485 2.643464066392481 
0.9869137920504439 0.6145182130227512 -0.002478708076062586 2.645632651957803 
0.9676599968750812 0.6439760210822327 -0.01938062092179497 2.601972756444022 
0.9580952308768338 0.655714927682725 -0.02163437015325139 2.579124293519568 
0.9594225078302236 0.6523240733883804 -0.0377993719435906 2.581587279805997 
0.9829047017100107 0.6207435934688705 -0.006630118058532688 2.636381657662374 
0.977646230704408 0.6277158181739378 -0.01139557453788442 2.623667878831965 
0.9820015296842474 0.6220389319679298 -0.01437100967204821 2.63434414695871 
0.973731785374323 0.6344758399464597 0.008454018677467588 2.615254704571191 
0.9667041962399833 0.6437850996592218 0.009810698787418243 2.598624928567352 
0.9689261900253525 0.6414787114129477 -0.003263139077638495 2.604268751412136 
0.8970800141563158 0.7213994162224491 -0.002127812091784404 2.437504144645501 
0.916332167461209 0.704743387875015 0.01665779582579316 2.482862556752576 
0.8983875571277244 0.7209825990654993 0.03667678676750116 2.441669622849429 
0.9432920064129012 0.674060798517813 -0.02475139251738096 2.544747130675155 
0.9341661193649878 0.6850316315231786 -0.002642052083708096 2.523647421261624 
0.9255803384634663 0.6941760322890245 -0.01790686865541389 2.503975364408535 
0.9776286309850379 0.6248986148352778 -0.05418604866422454 2.623249982759518 
0.9699050763586406 0.6403093448819762 -0.03836153440468845 2.607283264458633 
0.9682465320668471 0.6379778440133403 -0.06298757686458108 2.601756090542759 
0.9562564810776308 0.6595827374670143 0.01423528383470826 2.575696617799519 
0.9454589104240065 0.6711108186163526 0.01846998573090924 2.549585707976705 
0.9481425621984664 0.669284417277996 -0.001324959830950887 2.556647340294284 
1.0067378130151 0.579896385091267 -0.02974240188418061 2.691013366184608 
1.005114632236308 0.5806171948360989 -0.04677294941826184 2.686613405469549 
1.013031850561626 0.5651647609099253 -0.04348849308606472 2.70431690954355 
0.9963162812262221 0.598395819274859 -0.01141758003899296 2.66685401962598 
0.9956547904718208 0.5995590536758787 -0.01924823334700854 2.66549044453493 
0.9986296617052657 0.5934172517127861 -0.02054122758341005 2.671737958226213 
0.9780707866960582 0.619111144650026 -0.09846401002878068 2.62422448796623 
0.9924974035106507 0.5941751977784564 -0.115317085747222 2.658277974678643 
0.9918371697169776 0.601066139227051 -0.08179248911418245 2.656872138399694 
0.9927698072340462 0.6041385886533929 -0.03143861173512868 2.659021207405888 
0.9878289977487277 0.6109788919423109 -0.04222918420921839 2.647273475979898 
0.9938624153982716 0.5997476553197831 -0.04617294974418828 2.660559648094538 
0.9516056413591722 0.6607968350668318 -0.07145829886514986 2.564005953582283 
0.9528493921212828 0.6539473695314687 -0.1129966856424965 2.567645331337584 
0.963708634594435 0.6404772606040582 -0.08975259607805972 2.590863311416247 
0.9183246764311717 0.7004896996978848 -0.06277349732343819 2.487856111366295 
0.913721234837749 0.6985978762717996 -0.101412636939182 2.475794650914336 
0.9387644010661765 0.6778753572529798 -0.07027141512277915 2.535477471284777 
0.9844724246513119 0.6178908244998548 0.004421462530475239 2.6397393363354 
0.9828679873470133 0.6198639559464237 0.0006123240332082366 2.635708768721201 
0.9866121680615731 0.6141447781599577 -0.0007962552936586808 2.644402761438625 
0.9910128764917009 0.6069044522258936 0.01123090177417769 2.654497147560085 
0.9874908007783116 0.6123377141413775 0.01000312782087757 2.646235617138304 
0.9897601276643945 0.6091920096718813 0.004427686810589445 2.65170935291064 
0.9913544954647692 0.6063764298513643 0.01132334752256264 2.655282113134927 
0.98873015377676 0.6107154568398816 0.01660356576981037 2.649398337501132 
0.9874568558845663 0.6130607624880495 0.009971802260492674 2.646560998746842 
0.995735267929591 0.5990782885497486 -0.0001983246252714722 2.665295686242594 
0.9959537308191128 0.5986477778053814 0.004689455782593239 2.665776564204807 
0.9939047175810767 0.6020385911873688 0.00444619145266522 2.661038917370298 
0.955364047395286 0.6600077740612346 0.01359500546152172 2.573129537236209 
0.9483323929750498 0.669228207245775 -0.001376377643216979 2.557123112336725 
0.9596765701604145 0.6522875985854302 -0.00816797932303219 2.581686132282301 
0.9432703706745191 0.6747800559824031 -0.02331961524833356 2.54513774085602 
0.9327323273937249 0.6859913243893145 -0.03971589517277135 2.520973850564915 
0.9446322802504523 0.6714097031268242 -0.04884699071288574 2.548262393353538 
0.9443443971382074 0.6742409350407195 -0.02326199821299165 2.548182875481692 
0.9254477744360845 0.6941063200306241 -0.01824898375247885 2.503428308332942 
0.9320488296753443 0.6860622357924056 -0.03843307153489232 2.518860793054083 
0.918288297260356 0.698599220852241 -0.06366130875431615 2.486372951047981 
0.9055304029376025 0.7149494428009544 -0.03653431081756216 2.458142591631269 
0.8969036186556069 0.7178731220806063 -0.07343817844398397 2.437119991668801 
0.9455839471552928 0.6673285672861049 0.07991161066052185 2.550355745691763 
0.9343126120853281 0.6809243040003224 0.05663133497323661 2.523098890536447 
0.9468471084118429 0.6696744749151197 0.03905220853388441 2.553361825891979 
0.9730443004968272 0.6351182941307223 0.007831812227010126 2.613458562951952 
0.9780462631693749 0.6271131993349719 0.01966052787276238 2.624676923893398 
0.9704111760574339 0.6390480569898652 0.02156168478605524 2.607689751278397 
0.9791189869337198 0.6187791941473004 0.09384733640237321 2.626950073930874 
0.9749836052580052 0.6203663935448305 0.1228149372307177 2.617881829455761 
0.9630396044674672 0.6436954886193991 0.09369968347541904 2.5911023739763 
0.9693414786434471 0.6394756902629229 0.04394762877954292 2.605234633989544 
0.9610084877193298 0.6504499034113922 0.03260712868575696 2.58528963799341 
0.9695253798506425 0.6398934044566358 0.02150786546987404 2.605324691193613 
0.9895974702605378 0.6079217612457692 0.05179543667853229 2.651679678226897 
0.9803377176971165 0.6218064430197124 0.05236375988820505 2.630051858760673 
0.984894841022209 0.6156334764367684 0.03642739295741738 2.640311846353522 
0.9464708668720117 0.665991973657471 0.07906071922409615 2.552304389092247 
0.9471124886918393 0.6705553899291303 0.04064484984343782 2.554909799232441 
0.9620472292722126 0.6487991941086203 0.05920647378640573 2.588296822981556 
0.9099733437736758 0.7062472205717095 0.07424607154545901 2.467551234688979 
0.8933811853551089 0.7210688911492592 0.0841528180987592 2.429786815160552 
0.8969287228513195 0.7210348909562685 0.03726102694305584 2.437371588659708 
0.9469099270203921 0.6664266959776671 0.08102856537889708 2.553647368574203 
0.9311625132819141 0.6862399278582647 0.07962960846997846 2.518665562921459 
0.9345534919744901 0.681403233002866 0.05628310588099898 2.523998630219491 
0.9474306882287655 0.6658511810554674 0.08063638601935728 2.555014846064487 
0.9357761951789737 0.6739284029667842 0.1109384293040594 2.527382049989973 
0.9303937022666686 0.6849280851908661 0.08169228536057979 2.515527044144008 
0.9911329904175374 0.6067444438931917 0.01097526527593123 2.654787515710253 
0.9922477923875289 0.6048827578262456 0.01837073261467614 2.657441399864097 
0.9886440805182377 0.6104153219855467 0.01716589789930497 2.648936766419147 
1.001351220327666 0.5851052070465618 0.07395359148703916 2.678290570917402 
0.9923923354729093 0.599108794889008 0.08608477243214326 2.657961670263064 
0.994186981238016 0.5976993244936689 0.06176385326571444 2.66120484540598 
1.000041322252431 0.5915410385116957 0.0006658729808587874 2.67509805675858 
0.9998691116909457 0.5918318551590466 0.0002155364902046674 2.67469724017408 
1.000188330796599 0.5912831200113438 0.0002077063522133506 2.675434070097708 
0.9994152708359687 0.5928562969375232 0.0001141706776248141 2.673795704578175 
0.9997795516820212 0.5919233641412561 -6.488482994026247e-05 2.674453328208687 
0.9996121498668784 0.5921931745112666 0.000766230083174925 2.674057287161493 
1.008385965273328 0.5761055190133838 0.03886857355908805 2.694719307388609 
1.013072823244604 0.5651089023836502 0.01897968879484572 2.703558621930672 
1.015093759913863 0.5620765199379751 0.03429950637456038 2.709148610041435 
0.9888411563030564 0.6105746933061175 -0.000137906716722895 2.649530234676251 
0.9925166806253429 0.6046223755471389 -4.721305056793235e-05 2.657989887527298 
0.9899815955924167 0.6089123712107318 0.004674007026803035 2.652279623938644 
0.9993051175491203 0.592780685983568 -6.925711088320353e-05 2.673383214590556 
0.9990389446302799 0.5930543805992062 0.001757572006694619 2.672663987004465 
0.9983811935995508 0.5948191206789371 0.0002652414792241144 2.671527103955675 
0.9999404183887424 0.5917068210197967 -0.0001307771793247603 2.674857885299923 
0.9999759124659356 0.5916586714848888 -6.17205591739359e-05 2.674947504161954 
0.9997839263251013 0.5919357879355274 -0.0001072809781927781 2.674473236220936 
0.9999510919982952 0.5916756942176675 -0.000171419117041276 2.674874361201328 
1.000001242475056 0.5915992723224112 -0.0002980011914824255 2.675001233415952 
0.9999661689903353 0.5916484089840238 -0.0001117026360890736 2.67490794948348 
0.997883258202797 0.5952405389381614 -0.0002155274972572394 2.670121250547843 
0.9990392821168382 0.5932770616349724 -0.001811829879144941 2.672795289363961 
0.999044241348218 0.593564845595811 0.0001723936909382954 2.672980585428304 
0.992721187826646 0.6043036338791261 4.634559645874113e-05 2.658480658526714 
0.9937114349916676 0.6022178114353887 -0.005883951870760832 2.660503180687751 
0.9960313896913844 0.5989043502282284 0.0003107683494595878 2.666172626982203 
0.9927395676576205 0.6042050039218613 8.471979706267387e-06 2.658488222341113 
0.9899607055981358 0.6089756394396124 0.0001200273213655173 2.652228672532476 
0.9912535600878888 0.6065651554754374 -0.004746912051167651 2.655030212622739 
1.004256083310126 0.584573036698077 -0.01048887202465703 2.685160938948977 
1.007203919564507 0.5789438089755048 -0.008380482563950192 2.691642799719392 
1.00397652541375 0.5840308412056714 -0.003245492225895632 2.683746467251196 
1.00621400939408 0.5791839352497158 -0.03116454348570399 2.688934084487217 
1.013122473569324 0.5654208044844438 -0.04309210133386127 2.704722732840664 
1.013328374657032 0.5663456891235503 -0.03116932239313221 2.705495429447711 
0.9889669654977726 0.6106528293438078 6.684004212027605e-05 2.649992339566942 
0.987860855820671 0.6125853908539444 0.002799982098830586 2.647556740502383 
0.9869492875228776 0.6133424388674489 -0.0004682653253483282 2.645020202495453 
0.9777425922782066 0.6189909887154323 -0.09814347660777104 2.623256266426079 
0.9745892626078446 0.6224509664281181 -0.1274889710944026 2.61828285186732 
0.9936551026299832 0.5953516314413057 -0.1187908466345893 2.663070504219564 
0.9984142546472958 0.5897225852260081 -0.06734064934144017 2.670787580359558 
1.003776954390823 0.5779029093656847 -0.09001644179357339 2.683562072195065 
1.011438066036088 0.5674787432165785 -0.07248835789019767 2.701840488307553 
0.9193008418428192 0.6990585228752363 -0.06143979170776621 2.489721168686003 
0.8985127619753761 0.7170250122733745 -0.07451797309782018 2.441140759222191 
0.9134501442271949 0.6997644229326793 -0.103665656688789 2.476367553743219 
1.001116594490455 0.5897009940100781 0.002238509790120117 2.677590765053028 
1.000967166127734 0.589844488956299 -0.0001701948870097934 2.677174773551313 
1.001748082474223 0.5885910982183046 0.00136502639083937 2.679038940149282 
1.000859538090423 0.5898931631846447 0.00202714542406326 2.676846041330736 
1.001839409737956 0.5882196641115577 0.001721798337302865 2.679123928274497 
1.001076422564083 0.5897804019924276 0.005188154159940561 2.677514088257885 
1.001093265841121 0.5899248100090383 0.005562186478381004 2.677656289856521 
1.001920808562511 0.5879934905086163 0.001311259803125426 2.679258797308006 
1.002618249311486 0.5874481696054773 0.005651600225880278 2.68128241681796 
0.9991947676844433 0.5929234810314915 0.006918448043144013 2.673117200178776 
0.9975613730331053 0.5960982268441914 0.00925424498917371 2.669613987955871 
0.9959667617905563 0.5985968249300946 0.004860109698192215 2.665786629978973 
0.9990589769654293 0.5931085183038627 0.007059281606474243 2.672782048707591 
0.9960844513797007 0.5985857842504506 0.004995786117208781 2.666169584479984 
0.9975719118628017 0.5957631655834376 0.00397987071855406 2.669408899824185 
0.9977084958401675 0.5955645621872274 0.00400822448879028 2.669741745123104 
0.9961341315884926 0.5985258033572483 0.004478678831031142 2.666302599283497 
0.9956812512561729 0.5991323935114748 0.0001138592637272472 2.665152436035043 
1.005770411749323 0.5808377890051009 0.006287869530022965 2.68794769606035 
1.004507152150177 0.5834753877053398 0.01635317368387099 2.685372897881263 
1.003232892723909 0.5862361233615551 0.009633999201479605 2.682639318936411 
1.005379656618026 0.5810329416460066 0.006408188028312309 2.686762005234495 
1.00361937813888 0.5859636769591466 0.01008644552455052 2.683781560954209 
1.003694970842653 0.5845467119146368 0.003169221999174558 2.683154670456078 
1.003740161836238 0.5845622718456251 0.003243966739616625 2.683320307858142 
1.003548664783399 0.5855037623935472 0.009546050767519677 2.683274583827468 
1.002427098061066 0.5877835175926052 0.005752043016097283 2.680838662560852 
1.000376571758344 0.5911302062592989 0.009909270487086468 2.676012454167312 
1.002723229815248 0.5866981122387306 0.006061868652690788 2.681189509022898 
1.003496245026721 0.5855304171798025 0.009797207572081282 2.683115649350284 
1.000047561496007 0.591454389114863 0.009565240191621509 2.675101887745124 
1.00351879118579 0.58527452245219 0.01049917508965445 2.683047279166275 
0.9998166469355195 0.5916794227274264 0.0140992106673604 2.674521623948573 
0.9997367479551772 0.5919564753881803 0.01447252850914901 2.674423483861925 
1.003743432124155 0.5847940191673539 0.009935271336001408 2.683500970910437 
1.004181193753218 0.5844839803887079 0.01640178133030694 2.684873083052735 
1.006143374738946 0.5798468694522868 0.02416654611548963 2.688903770899714 
1.00396964904433 0.5846940024906149 0.01648361389990693 2.684271690486244 
1.008394276909505 0.5757787289670997 0.01281396069484418 2.693873071916386 
1.006314837820513 0.5810571350726359 0.02568501681078439 2.690182736829912 
1.008436201664879 0.5755500249067037 0.0124842885219017 2.693849881724644 
1.012399001570299 0.5667154646047738 0.01972039363790672 2.702285995959255 
1.012803627049414 0.5675512691288052 0.01817513593204651 2.70411368891551 
1.008178650718169 0.576410548595008 0.01213102431479258 2.693496267159841 
1.011706404937832 0.5700464138104034 0.002446892608502295 2.701624830746009 
0.980318523212153 0.6225079794036985 0.05283285567626048 2.630439171814687 
0.9904567174123153 0.6049501944208004 0.05158048361885233 2.652636708078696 
0.9859433078425452 0.6122211213436631 0.06837316693630389 2.643357896155822 
0.9799508852351304 0.6221501183852455 0.05124314812594862 2.628891853748637 
0.9856293069598074 0.6130611735762967 0.06979874480391556 2.642816768068934 
0.9714973071995711 0.6337259078613693 0.06770825536318875 2.609831292088953 
0.9712340488728043 0.6356941843626132 0.06824726842385008 2.610208640237176 
0.9867222616493951 0.609816704040729 0.06897185623878051 2.644146623968119 
0.9783973133565863 0.6206405259664026 0.09272440323495977 2.6259388526075 
1.006571186199875 0.576982401898809 0.05397561117980833 2.689857284307692 
1.007608011355141 0.5763606375754158 0.03719299180501193 2.692141136560239 
1.013831766447632 0.5627411178638938 0.05298577225638478 2.706067775171308 
1.005988796841322 0.5768689474976471 0.05223004966229136 2.687692059044402 
1.014508965478456 0.5621738689318048 0.05190945666844567 2.707852299938907 
1.012614258988618 0.5652371879716662 0.07797132552246243 2.704922827985233 
1.01262276519701 0.5625087441150725 0.07970045638880466 2.703653967985821 
1.014032436874329 0.5640813895798373 0.05153097421734631 2.707224220281419 
1.024644194412686 0.5371886546505472 0.07549140392665837 2.730138911436506 
1.000504493861081 0.5895109421241701 0.04992052245110252 2.67668308499779 
1.008051343400211 0.5751273139008612 0.03788893265576155 2.692861940837974 
1.00680226112658 0.5776662400367281 0.05340835375479235 2.69093785408687 
0.9998275980413571 0.5899427845049552 0.04897822994090628 2.674615512301872 
1.006431047694874 0.5778935012129883 0.05508989061417852 2.68985999160684 
0.9949331642286418 0.5968633311075676 0.06336575754153086 2.663292555618452 
0.994766008487366 0.5978157114316347 0.06384008235218301 2.663355918917112 
1.0067959501817 0.5754625875021964 0.05362486803408371 2.689450851467272 
1.002293664987867 0.5843588723247304 0.0734335702454758 2.681027005207654 
0.960649489204175 0.6496212024326571 0.05900781251222777 2.584813837851715 
0.9696073507018144 0.6382965619166231 0.04332712662399072 2.605264208487224 
0.9705495062928559 0.6361044610038026 0.06688313882749007 2.608219399024596 
0.9606477350124387 0.6511396192594332 0.05910230314982676 2.585681677879899 
0.9721236299537036 0.6335953013940075 0.06663927858313476 2.611461874219278 
0.9627301901334668 0.6432454170692251 0.0911076863893619 2.58974551270335 
0.963209900535001 0.642373354923947 0.09237325189681006 2.590825423812973 
0.9705201855822673 0.6349013288509983 0.06560786258147064 2.607167054555898 
0.9777013783305616 0.6217819098665852 0.09390709818985125 2.624347389120018 
0.9997579642453543 0.5914200989529443 0.03321930458853493 2.674587550587093 
1.007571958959099 0.5766422379635499 0.03856303397050437 2.692212232082242 
1.000247106207029 0.5883936288031582 0.04880266741206016 2.675124821006754 
1.000704479878534 0.5903043383757688 0.03362382739578321 2.677058251436444 
0.9999979481084433 0.58980062030145 0.04812596525973922 2.675063433858614 
0.9939308592422085 0.6021287424826036 0.03781181138336395 2.66184738322894 
0.9936038085601601 0.6022439890052345 0.03637002243824736 2.660758486384715 
0.9996967616545399 0.590098491594669 0.04961186033318355 2.674263261376812 
0.9900315308164553 0.6055583180475681 0.05198025915119869 2.651744493424706 
0.9901229188275903 0.6083308875600225 0.02929045550092956 2.652798491342497 
0.9959892666362411 0.5976530324472322 0.02682292896827368 2.665599621981905 
0.9940246960400106 0.600724668052496 0.03651184771640206 2.661295625604457 
0.9898032691763748 0.6082674834452637 0.02832841875690022 2.651665689560442 
0.9938496773970342 0.6011778027747575 0.0376334451461024 2.660991929609019 
0.9854234382755274 0.6142654754540727 0.03774779189802677 2.64130322424789 
0.9853148972108944 0.6160786178734595 0.03826240544126237 2.642061324167619 
0.9944561329522724 0.6005546886553034 0.03733970686535367 2.662515150457643 
0.9900929184001952 0.6071056294606116 0.05066102282957904 2.652809190512695 
0.9829321877493139 0.6204577625661899 8.218652928897498e-05 2.636292799326795 
0.9849832188206396 0.616980514393597 0.005188764384358162 2.640834435343766 
0.9809667194409291 0.6231626303364349 0.006111271434297435 2.631580496700149 
0.9830731999380049 0.6201260382343545 2.38051465610134e-05 2.636539155025705 
0.9805696147631946 0.6240195763842082 0.006754635102506999 2.630802166031601 
0.9781202769356764 0.6270526874224056 -0.00196502544381499 2.62472194338267 
0.9782842014131714 0.6282131548272127 -0.00299199866107243 2.626026590703438 
0.9811455709572701 0.6236178329437445 0.006886700684748817 2.632404342216792 
0.9737938587209319 0.6335439968290727 0.006971109855277233 2.614884017604159 
0.9948627818644511 0.6010929183430281 0.01180082432950774 2.663693195823406 
0.997592815782725 0.5957752735254004 0.009496055960949946 2.66951003146035 
0.9970045457368645 0.5964803446421757 0.01567225083040743 2.6680692739456 
0.994615627518123 0.601125206575073 0.01108979306363844 2.662880533099716 
0.9969593477436548 0.5966108978487684 0.01624217249688085 2.667994659110303 
0.9926231820375989 0.6037531600794613 0.01844555382967429 2.658001485533439 
0.9926053323490802 0.6048806750861253 0.01892736875653646 2.65862015052149 
0.9973513495658005 0.596158676360574 0.0159569882246865 2.668984622914103 
0.9957166472016767 0.5984074440158241 0.02604288106735188 2.665173267014301 
0.9806746602014242 0.6231523150159374 0.006884600240249416 2.630620686954422 
0.9848042181123688 0.6171515093171197 0.004883612849636695 2.640358709117299 
0.9832372359850462 0.619860485257394 0.0123655796978162 2.636983918343563 
0.9807580195468254 0.6241139454331398 0.006223419913287279 2.631473468871053 
0.9839741589386597 0.6188166209503662 0.01243333405194873 2.638690213508369 
0.9778720811424679 0.6275689047239936 0.01849992585031956 2.624460906699809 
0.9777396990144489 0.6271527028488042 0.01987393534764863 2.623776870773702 
0.9833459724435141 0.6194061854208776 0.01181347713531276 2.637014355558013 
0.9833747503754209 0.619042641952762 0.02482618807226189 2.63714861354763 
0.9994759328369077 0.5922253824093131 0.01345141728557004 2.67368897077298 
1.004042498909287 0.5845049632126341 0.0170150601680886 2.684428045922033 
1.000784475426511 0.589182240351921 0.02312659009688238 2.676450756252923 
0.9999833890641815 0.5915828125394483 0.01360128377375584 2.674996190969254 
1.000612894815657 0.5898436375774915 0.0228833704967915 2.676251605607556 
0.9970488592606874 0.5970399327897778 0.01639310153555385 2.668550590845354 
0.9968494693525995 0.597267203156668 0.01540744515284057 2.667995760968711 
1.00047526142106 0.5898292630633991 0.0238462533017774 2.675797500263492 
0.995734423952427 0.5974957749776796 0.02669476787584775 2.664709705099443 
1.00109916199247 0.5903297243670681 0.02444898226751378 2.678192635399279 
1.004466341620348 0.5838668184244786 0.01677004271561743 2.685446941957563 
1.005932112059633 0.5804332837285262 0.02448721499497906 2.688522377446059 
1.000563734789929 0.5906830185469313 0.02337573195645888 2.676581766410172 
1.006047246832439 0.580352819582123 0.02530615693353733 2.688865122804176 
1.000378436227891 0.5898123923411586 0.03372624693576338 2.675765749042537 
1.000432744346827 0.5911084776543347 0.03493934043960054 2.676728013619081 
1.006421727116861 0.5796315951234305 0.02469563246181455 2.689639906219469 
1.007627815721917 0.5765276218180841 0.03756661685438726 2.692328981711502 
1.00003437934056 0.5915728322972492 0.001709763879686691 2.675094832704748 
0.9999978458765708 0.591746714841187 0.0007406714057845842 2.675074894118602 
1.000452542157635 0.5907359817665004 0.0009209820182444474 2.675989909038436 
1.000044112593503 0.5917117055074986 0.001982934964424625 2.675209546591203 
1.000512226240217 0.5906123859941954 0.0007620439960497813 2.676114804309752 
1.000923690646881 0.5899584909820479 0.002114678353675212 2.677100213264003 
1.000990665894831 0.5896762604896271 0.001970169854076198 2.677156805163074 
1.000394497636383 0.5910294237165059 0.0007685993529079183 2.675969078827252 
1.001007388846703 0.5898558771463852 -7.512363303359903e-05 2.677316022855663 
0.999215070260336 0.5929365718856459 0.006619660498152859 2.673196627425293 
0.9997561537187608 0.5917898042007804 0.004330518103415092 2.674303135982628 
1.00077776902379 0.5900907007983343 0.005772542907854141 2.676707569092828 
0.9991213038264776 0.5930445769086995 0.006711614119924931 2.672949349908776 
1.000908090638088 0.5898477277274096 0.005435294881536919 2.676993109622865 
1.000473194786436 0.5909845941314238 0.009135378522803836 2.676247601227889 
1.000465821556788 0.590732678899755 0.009326323779555144 2.676071070970715 
1.000689891060539 0.5902461496443153 0.005463965157196184 2.676499847716103 
1.002502842317232 0.5870771948790211 0.006443770757496031 2.680683807917337 
0.9996363418181534 0.5922791541239166 0.000786607266490736 2.674188553975423 
1.000079901462916 0.591360421853629 0.0007325710594954995 2.675119274503377 
1.000009191735061 0.5916048868112531 0.00168867862267035 2.6750300631738 
0.9996094124831922 0.5923470804632935 0.0007036941501023842 2.674138811170935 
0.9999791093195587 0.591456555654682 0.001972823072424061 2.674842522729112 
0.9991962592511433 0.5931163682325414 0.001692144450744127 2.673223394825819 
0.999112172567134 0.593166151870424 0.001682313019385074 2.672973228371204 
1.000110860280148 0.5912682808805176 0.00172697604810429 2.6751675892319 
0.9998373458169043 0.5920435224878544 0.003982478261525825 2.674724427711932 
0.992252497987105 0.5990534831759019 0.08724595601527606 2.65752978684491 
1.001860607659261 0.5824734330103623 0.07355068771954097 2.678427129930532 
1.00460524564796 0.5757680162527922 0.09725159107830687 2.685721370044198 
0.9915070288172468 0.5986220751545386 0.08484432642705664 2.65458803705024 
1.004970670561974 0.5756171427092883 0.09739406984730345 2.686654666763484 
0.9918468801036762 0.5965810366823643 0.1156219174590772 2.657608091154034 
0.9915758841367233 0.5958503905937096 0.1174343013986506 2.656369194413463 
1.00525348356876 0.5731535434585567 0.09660415699101459 2.686188209997715 
1.009686870679955 0.5586117352242751 0.1291423639989123 2.696531101337678 
0.9998515928774496 0.591984568136987 -0.000434328492365494 2.674726518865407 
0.9999114265663809 0.5917204131203547 -0.0001056460976530288 2.674769496164782 
0.9997703899359062 0.5919465016964941 -0.0001035407944144506 2.674434621445198 
0.9998857874239701 0.5919632862445861 -0.0005331261990655787 2.674827637264046 
0.9997809825912034 0.5919407909054856 -7.303997459412384e-05 2.67446645003929 
0.9995679175187226 0.5923384069784481 -0.0007624507968617747 2.673993351996307 
0.9995328526751245 0.5923504574503027 -0.0007702321639881166 2.673884331095038 
0.9997942684964638 0.5919782765372255 -5.085058415178994e-05 2.674532624895761 
0.9994737554258329 0.5926492022414378 -1.308354034294393e-05 2.673864754885038 
1.000169705331335 0.591458412501439 -0.0003264581219703133 2.675422077510256 
0.9999500913731455 0.5912158416094137 -7.929894956971934e-05 2.674819319266003 
1.000027320217992 0.5916896131732419 -0.0002648755328613 2.67505387176316 
1.000147771385615 0.5914114132660738 -0.0003640969303981264 2.675375646080985 
1.000036323233086 0.5915656443926564 -0.0002058791183503427 2.675096752038807 
0.9998762516142813 0.5916952663573133 -0.0005382338849413306 2.674642012948356 
0.999857886103088 0.5917826041433135 -0.0005256123124564395 2.674630670322784 
1.000059043214863 0.5915615298491606 -0.0002909987072047955 2.675171352875084 
0.9999143042629123 0.5916984407829011 -0.0001739003687744175 2.674765410480632 
0.9990632544678529 0.5932376822144529 -0.001814569804772323 2.672850918709031 
0.9977786854225983 0.5954331717014016 -0.0002148489717034826 2.669889810135321 
0.9983038356292683 0.5947974956366575 -0.003457716105486653 2.671260095801647 
0.9991022934790311 0.593298997922557 -0.00174010225107678 2.673015640727123 
0.9985602733756652 0.593885755887183 -0.003671387736891376 2.671568240915655 
1.00012885410759 0.5914103483507717 -0.003091367035143041 2.675316422371286 
1.000058724879663 0.5913327904078248 -0.002820204814390471 2.675036565287133 
0.9984102151716383 0.5940581843930079 -0.003813858803376371 2.671172868352569 
1.000201454466767 0.5915521685132257 -0.005516692874925944 2.675651911779617 
1.001072977914589 0.5901220184898349 -0.001549905544162824 2.677589226448069 
1.000561212036585 0.58988198494622 -2.74555342836523e-05 2.6761769228717 
1.000456154151045 0.5909268956516885 -0.0010246457044686 2.67599841852959 
1.001016701463376 0.589657471119123 -0.001733699829926333 2.677247345120738 
1.000468764402169 0.5906637695993564 -0.000858914196516523 2.676015298231675 
1.000190285269871 0.5914011259546005 -0.002895289552892653 2.675520923510051 
1.000146424406301 0.5913557907482002 -0.002785893964861728 2.675346576669904 
1.000541568194211 0.5908394771750893 -0.001102701586655968 2.676363317340182 
0.9999450272789479 0.5915960866608698 -0.001579071049898988 2.674812324659599 
0.9991780200859866 0.5931752253836288 -0.009055753935690664 2.673228025607801 
1.000487849079604 0.5912801535508728 -0.006071654264688119 2.676445302180548 
0.9981741506871472 0.5942591839740726 -0.00348076162886918 2.670507105237104 
0.9989653352259795 0.5936519044369942 -0.008929021011790307 2.672802170961815 
0.9982805563030563 0.5942816866687147 -0.003089122257795323 2.670877007678038 
0.9966580308079349 0.5972783188271809 -0.004071144819609805 2.667283714350715 
0.9969324773443441 0.5969059390133902 -0.003924957912842185 2.667967011288567 
0.9984467633279624 0.5946620331079319 -0.00373360214793481 2.671654989601758 
0.9977840977847907 0.5954957345780132 0.0001496973381090158 2.669944940641782 
1.001499377053281 0.5877843101171745 -0.008421074991725711 2.677821118298687 
1.004082556166348 0.5839942410106534 -0.01028864258631935 2.684233721990782 
1.004332869284439 0.5844986825735827 -0.004050918692007623 2.685251073619464 
1.001734817606295 0.5876298967322704 -0.007987956817928226 2.678512517736127 
1.004171700225567 0.5845981956975569 -0.004110916680372873 2.684771155769711 
1.002192591681858 0.5877840998510609 -0.003655875849131106 2.680072797828107 
1.002162753650677 0.5880902255918713 -0.004035760033541443 2.679966475209188 
1.004154040911141 0.5851468377874048 -0.003607222798442635 2.684931196145875 
1.002842638442858 0.5854254972738673 -0.000333241423070566 2.681238645652784 
1.005946148541958 0.582089721387526 -0.01784298046660807 2.68941693793261 
1.007049145536016 0.5777471561551381 -0.03079366614968801 2.690886919341938 
1.011599970262103 0.5701652112274382 -0.01846138824620868 2.701502137282282 
1.005679907080089 0.5820135437956543 -0.01851930724125899 2.688502391882503 
1.011057892615739 0.5710684828046825 -0.01708623928497701 2.700161005723923 
1.007265460686269 0.5774228401511132 -0.008346129753280238 2.690989091189123 
1.007316975833288 0.5791511682810959 -0.008775340177343152 2.691900835634611 
1.011761141834546 0.5708206731422367 -0.01691499791082315 2.702169718927864 
1.01134167690923 0.5691204765256812 -0.003507492482260743 2.700639156487448 
0.9860435717516625 0.6143003487419337 -0.01021744800206604 2.64268345963045 
0.9824141744365787 0.6207961629893713 -0.006744559839168916 2.634806218362582 
0.9817939548241031 0.6220037302539132 -0.01385901822315769 2.633618540353838 
0.986171213851523 0.6144050945223527 -0.009668228004066167 2.643163156159218 
0.9820053715193968 0.6216812244725169 -0.0144638276977122 2.634104302544138 
0.9868959894583453 0.61414710708481 -0.01627820644843479 2.645479353900631 
0.9869012601557877 0.6137899327348021 -0.01621821529295683 2.645240378610415 
0.981569641435072 0.6221124066171497 -0.01435092836303806 2.632919331284656 
0.9823982568840006 0.6200540045160237 -0.02359609757659221 2.634569647729843 
0.9913390540304637 0.6066840046925194 -0.004188076866605219 2.655372655349144 
0.9892675270474696 0.6101276034578719 -0.01031274821778488 2.650713737192118 
0.9927012815872551 0.604195095292469 -0.01296013849926739 2.658447665718529 
0.9911220790921157 0.6069370607601982 -0.004599210419021002 2.6548076007216 
0.9926888840485906 0.6040726841863433 -0.01249646891792929 2.658328862479038 
0.9937964091196647 0.6019521735647374 -0.006045014400373872 2.660632195295237 
0.9938230444738326 0.6021056886320568 -0.005827962551440928 2.660816436301598 
0.9930189941444936 0.6037918826037814 -0.01270915409719687 2.659236215622705 
0.9963917284312395 0.5983179050144254 -0.01254285631874355 2.667086125855835 
0.9992232620288818 0.5928158419630635 -0.008775654808939892 2.673169958357933 
0.996345552541562 0.5981303161541945 -0.01226989564540611 2.666796685677268 
0.9998293723205418 0.5912449733129415 -0.01401155578043855 2.674329735107172 
0.9989713058059934 0.59251761758155 -0.009429581360688074 2.672164400547307 
1.000136069210536 0.5910324832318375 -0.01399771691045216 2.675202989505099 
1.001977681077442 0.5889243798784646 -0.007950358044377531 2.68003255273092 
1.001866045961058 0.5885056212016011 -0.0073861628858651 2.679424856301517 
1.000345651828828 0.591267972818353 -0.01439807080877129 2.676024541419144 
1.004004535190584 0.5831754718606628 -0.01077982805413951 2.683498165319366 
0.9983106208770929 0.593296004745094 -0.02136950453078242 2.670573953687652 
1.005825584834259 0.5806525828518476 -0.03105910774926851 2.68849111715232 
1.005543983260043 0.5808269282377456 -0.01864077214685747 2.687375637867159 
0.9992792052410499 0.5924121656774877 -0.02089835199393539 2.673262765578995 
1.005204288585512 0.5811483317748898 -0.01882932357403457 2.686434826000113 
1.000106666192773 0.5919713187964821 -0.01379330301329159 2.675635273676831 
0.9998309545825027 0.5917090401116616 -0.01489228797041266 2.674579753332071 
1.005112255129127 0.5815358668339309 -0.01803643752412331 2.686336745845431 
1.004106888029523 0.5830969789588749 -0.0107260758785128 2.68379201228304 
0.993557739937458 0.6007165559010742 -0.04737803239012691 2.660125356182994 
0.9986752827560886 0.5899742979803057 -0.06648773938766822 2.671799003069285 
1.005156801719157 0.5802754461157827 -0.04782703691883344 2.686695617741256 
0.9943514760590163 0.5997181978478384 -0.04694836515029118 2.66209862420392 
1.004434802205169 0.5805673821989357 -0.04727402789266154 2.684472084371449 
0.9995867240216597 0.5928727374286041 -0.0348766447718066 2.674932564862872 
0.9989132822487241 0.5925780382226831 -0.03718733749969075 2.672582328087055 
1.004513235128512 0.5807334307622465 -0.04662532428292544 2.684787613859809 
1.006434473934776 0.5783209749151619 -0.03096238696818357 2.689229154091413 
0.9890830077289173 0.6100327797702558 -0.0196564894425193 2.650140743319673 
0.9922306386865298 0.6043225659846466 -0.0312557656824061 2.657384708735851 
0.9952654765066377 0.5987245579024069 -0.01993367496339265 2.663728303901205 
0.9896809468552583 0.6088493002657775 -0.01945645154963869 2.651373452079126 
0.9952566573767371 0.599684244298397 -0.02029171177690835 2.664275166535103 
0.9930279831192723 0.6041268491831451 -0.01215599762885359 2.659449588091108 
0.9926656762460934 0.604466458424013 -0.01286138714455624 2.658457870500158 
0.9950991439795746 0.5996146801921723 -0.01930662964235135 2.663696191304846 
0.9963516415015795 0.5974693325695916 -0.01209473712778915 2.66643869688239 
0.9693242120511348 0.6398427642100041 -0.06183818902593936 2.60645984571677 
0.9528875003906127 0.6591156147657927 -0.0716919094054926 2.566984975581544 
0.9639781577167023 0.6406926365395973 -0.08866758883104239 2.591699411591563 
0.9679581337138374 0.6406605089186798 -0.0631475080754888 2.602618474263663 
0.9648378834932446 0.6402832865052756 -0.08849968235202432 2.594140756479971 
0.9773615326331748 0.624379226435683 -0.07285628275527013 2.623273446278223 
0.9778477069110134 0.625480724068021 -0.07108989467129684 2.625391289243765 
0.9651695036282422 0.6400404802295242 -0.0890114406800048 2.5949395642971 
0.9779593466635177 0.6196586667141694 -0.09769375366512999 2.624320358264661 
0.9874123717162012 0.6096156191262385 -0.06519672016948276 2.646384169061031 
0.9778934459043442 0.6255123605309078 -0.05397865078353858 2.624440288564281 
0.9773257035409907 0.6246354208797191 -0.07262004933388423 2.623278055234457 
0.9880491505082732 0.6107579820294424 -0.06364155117650241 2.649052950093317 
0.9773027012506447 0.6251623968908054 -0.07307708108077152 2.623353402315469 
0.9907198044282225 0.6002949274967792 -0.08292142653810662 2.652903661888977 
0.9914678298328364 0.6003277534529701 -0.08394664773962637 2.655402785707761 
0.9766656520005768 0.6259244653385853 -0.07310157704808473 2.621857952618716 
0.9782775006346579 0.61946817103792 -0.09823202656762813 2.625216176030044 
0.9765333199786929 0.6305172744088944 -0.02474413426145636 2.622093429980218 
0.9668816403895395 0.6433398524204424 -0.01991152261682199 2.598955427440411 
0.969643511259232 0.6372259245226934 -0.03739160323928754 2.604477890636982 
0.9759045701445275 0.6308645175577233 -0.02503631698470954 2.620263740029114 
0.9707503026573814 0.6366839030073552 -0.03851516552925824 2.607726495211395 
0.9804226680891793 0.6230673216672583 -0.03654710959955566 2.630396497359154 
0.9808570905407566 0.623832847548987 -0.03500893736482422 2.63223044566408 
0.9704996868978242 0.6382021968522108 -0.03832880738250539 2.607789930218417 
0.9773956778130537 0.625139076659139 -0.05286560210020628 2.622564733916714 
0.9868489100117136 0.6143319445208395 -0.01505381509314819 2.645373028454123 
0.9828963818738757 0.619706472671026 -0.02404851227817442 2.635984817749781 
0.9869527953954322 0.6130237814660376 -0.02998690592222731 2.645307759076787 
0.9863484962913389 0.6147677556006448 -0.01558067680594294 2.644001108735176 
0.9870999999764747 0.6127996332495826 -0.02944326697332707 2.64564102391881 
0.9892525640506622 0.6091829770523273 -0.01922362347406413 2.650198593717356 
0.9893753763286124 0.6096231359317588 -0.0183483261033461 2.650851362692658 
0.9875596396598 0.6122966701665223 -0.03007147405065621 2.646840434141645 
0.9922989190936389 0.6045002861588061 -0.03258066994819276 2.657755401864063 
0.9785734978609069 0.6269998269778415 -0.003690637073981239 2.626170956569132 
0.9729520930796346 0.6349297503339347 0.007612963113286503 2.613018831815591 
0.9690326914557618 0.6402494960504465 -0.002397169984359371 2.603772824902608 
0.978933670602559 0.6267933028647781 -0.002825397261275222 2.627201781957392 
0.9694403184887253 0.6400806076833745 -0.003916929944331939 2.604984136935146 
0.9777959274973667 0.6290922799028136 -0.01211875160167172 2.625085057804243 
0.9780563107490399 0.6285909922393975 -0.01187591395124278 2.62558170048968 
0.9685248479041718 0.6411030178878298 -0.003601176740928658 2.602634563821851 
0.9671546054859878 0.6420039100812366 -0.01846550043297943 2.598994755740609 
0.9871695412419675 0.6127425552507878 -0.03085400685093373 2.64586282593544 
0.9824065126901161 0.6214880583488961 -0.02496892218414749 2.635545888823266 
0.9804352115983983 0.622359143989253 -0.03585047649438531 2.62994431188675 
0.9875215974285554 0.6132824639838325 -0.02979988144771487 2.647317548207265 
0.9803942782382284 0.6227582407647541 -0.0360434510994891 2.630015107492095 
0.9872593844080515 0.6108492648879595 -0.04228216287009482 2.645383207776295 
0.9877325563716054 0.6106381655807988 -0.04309424334148653 2.64683291050217 
0.9798968363691564 0.6244057131138416 -0.03632440762392337 2.629470692392782 
0.9783500891991679 0.6246578795292568 -0.05317693401703109 2.625353637793302 
0.986315466010443 0.6150340670539668 -0.009910579282253491 2.644043606263876 
0.9891320999879606 0.6106829681019804 -0.0103057444333537 2.650621511950173 
0.9883337242613103 0.6113005219962503 -0.00328262362369071 2.648303132901502 
0.9861012533211855 0.6152345270148386 -0.009507408223925602 2.643464862159338 
0.9883105393644135 0.6112395946196713 -0.003650510584680706 2.648192529487926 
0.9864267826393347 0.6148022170151545 -0.002546044681043682 2.644206145959917 
0.9868092247151861 0.6135578602717581 -0.002936486299358494 2.644693819228451 
0.9883772264610343 0.6114378931868595 -0.003534840734079778 2.648543530241267 
0.9879614837183406 0.6123888938348686 0.0001895575967450469 2.647760026741971 
0.9587505807696203 0.6562930011948169 -0.02121831422828684 2.581565255422516 
0.9435554539877929 0.6742126139596901 -0.02290864872082482 2.545640948839497 
0.9449088040748773 0.6705107312686451 -0.04653185833319884 2.54821849771751 
0.9576967481603281 0.6569561373336742 -0.02145595683668446 2.578637178172082 
0.9457307243604569 0.6701944394472062 -0.04685876316240142 2.550610218647057 
0.9593809174043809 0.6528748733383239 -0.03994395898169045 2.58196241915662 
0.960303241641731 0.6537576768528308 -0.03693411195658169 2.585279024372508 
0.9457525277654329 0.6701704453223386 -0.04766672850102667 2.550650659860965 
0.9521356729685729 0.6592847779309912 -0.07081461576411828 2.564920725288398 
0.9778271197642637 0.6288160236582371 -0.01092436200597652 2.624961848238103 
0.9680234774139741 0.6414134726095466 -0.01985938990637078 2.601431487750014 
0.9763397829612572 0.6308971309644462 -0.02534378789155186 2.62177093058205 
0.9769407183867369 0.6291350929702522 -0.01094658607252109 2.622261396551575 
0.9759760903514917 0.6302420563884097 -0.02386632299351573 2.620115589878689 
0.982048718583599 0.6213575217384781 -0.01410417960208822 2.634018983151348 
0.9818813685606865 0.6214901053085781 -0.01372404386128621 2.633547236263418 
0.9765499720292431 0.6298654000488028 -0.02459003961410926 2.621747985430044 
0.9826865324770301 0.6208085054037861 -0.02497419390496335 2.636046331648103 
0.9669697611472819 0.6450637544147669 0.01100021580625992 2.600247508900865 
0.9560321284803049 0.6577453409218252 0.01296744329488043 2.573822348199998 
0.9597497372649969 0.6545623736160053 -0.006754953592616391 2.583516544414622 
0.9661994604381418 0.6457547450415765 0.01079112969441349 2.598221911624229 
0.9599431582062771 0.6538169699481519 -0.006158649395432625 2.583584870843566 
0.9688884203589592 0.6404704299260593 -0.003905616323119086 2.603412124997726 
0.9692415180323409 0.6402927301553746 -0.00283982730772347 2.604408078872266 
0.9606520917052113 0.6534983671702701 -0.007466226980522545 2.585637838291872 
0.966988067643212 0.644569020050251 -0.02065816486553347 2.600270170072175 
0.914980796955161 0.705293964077764 0.01637208293232975 2.479496107547587 
0.9306229689962976 0.6878945416353954 0.02732581353673308 2.51513431859919 
0.9195648709311564 0.7013216046825662 0.04607836260807405 2.491467205629649 
0.9148643527188458 0.7045408533444425 0.01468375340519887 2.478250178155359 
0.9198969816756294 0.6995722839811118 0.04656258757689334 2.490848443289994 
0.899530162805642 0.7201454882141395 0.0361893505029615 2.44464140926106 
0.8976788067467238 0.7198596028808355 0.03841370723211408 2.438842323531862 
0.9201810135602976 0.6987883528041162 0.04704650046972954 2.491298002670611 
0.9089852516127738 0.7091772045448562 0.07428084080360792 2.466932764938625 
0.934141025745527 0.6831335054329083 -0.003519677723344574 2.522292870280752 
0.9299859977780475 0.6886533012787208 0.0262962844223359 2.513653912888289 
0.9162414903437162 0.7051133399346681 0.01477795851400283 2.483132225894209 
0.9355722603924845 0.6831182020026118 -0.00161622903705807 2.526742726067704 
0.9156138122682679 0.705296977720446 0.01427871872306448 2.481206571493001 
0.9246908712681348 0.6953195544646571 -0.01762317304591831 2.502164660089691 
0.924739869680251 0.6938587574127092 -0.01970243176181002 2.500810916365212 
0.9151708616539513 0.706279392337809 0.01521460808907881 2.480375975553889 
0.8990406336879374 0.7214929312862363 -0.003925654906783662 2.443187616732209 
0.9699728483120853 0.6383759040836551 -0.03929324095966815 2.606396973124482 
0.9669137447698324 0.6444706391769304 -0.01976370360034209 2.59987282192303 
0.9600726798570201 0.6522074533441199 -0.03883164176517763 2.583617184131517 
0.9709111969740379 0.6393905097356758 -0.03675422749621351 2.609927522678494 
0.9596768711345512 0.6534998392388058 -0.03870888136336934 2.583044741527589 
0.9672823298381036 0.6384943287115377 -0.0630052549423448 2.598988936728169 
0.9677774032192923 0.6385531627796019 -0.0647358731933903 2.60076222084973 
0.9590356469602216 0.6547639662786245 -0.03832270026397561 2.581872815346826 
0.9528580033751373 0.6590494162407328 -0.07127567115634671 2.567050118051546 
0.9460962603072092 0.6728908690133536 0.01938412970644975 2.552500725933197 
0.930714553046551 0.6874796356173264 0.02602707030150677 2.515259882318265 
0.9342138641380049 0.685910528246378 -0.001440401951411649 2.524664762172875 
0.9450286616861102 0.673354515370016 0.01942317584203384 2.549519636009252 
0.9346244696575248 0.6855841304762311 -0.001233608417334873 2.52555324786728 
0.9480605229973372 0.6679790576320846 -0.002265711138655531 2.555336128270693 
0.9486856760080055 0.6677893301196191 -0.000805126038938344 2.557137925686023 
0.9352104039726382 0.6852948081784767 -0.002546201546621221 2.527145318549286 
0.9431240101872268 0.6757780709249093 -0.02350619688270154 2.545606669313221 
1.005275837494455 0.582034441095349 -0.04585978591470943 2.687932293609135 
0.9990107688603258 0.5891676139709716 -0.06672166631019157 2.672338333579402 
1.010621160201597 0.5670265542953615 -0.06986087878683177 2.698700818569287 
1.004334158525983 0.5815643839828698 -0.0477604090319747 2.684601193039588 
1.011255218951679 0.5666627259435399 -0.06967965787128322 2.700546342298635 
1.013960987685092 0.5646028919358512 -0.04400644345214172 2.707164478266438 
1.013760142396209 0.5685115181480614 -0.04191717765328119 2.708171597530752 
1.011789801362034 0.565982740955728 -0.0705441514506462 2.701759159088311 
1.025286805038826 0.534809786909441 -0.06224086727281401 2.730883460586711 
0.9952516782405366 0.6005770399519832 -0.01817466021731595 2.664745818796027 
0.9929060347496115 0.6032423293989925 -0.03183761872988113 2.658939084769 
0.9988525302233697 0.5921774477806732 -0.03530322997128917 2.672122970854017 
0.9945574425492296 0.6007275984042169 -0.0194443917082687 2.662558747442097 
0.9990556530222555 0.5922605330891139 -0.03435346945290021 2.67281764063079 
0.9985605328119912 0.5925597742630289 -0.02030096679846034 2.671005756250748 
0.9987727785130596 0.5938705260212814 -0.01918552708949051 2.672402045119498 
0.9998388493057905 0.5910739720631633 -0.03526785485353019 2.67471723176553 
1.006073114520371 0.5799647009296965 -0.0323333200234884 2.688958455590112 
0.9933776335244193 0.5901268751398995 -0.1169769739942347 2.658667339629177 
1.01241836505787 0.5518226310560552 -0.1208450298691017 2.70165777639117 
1.004358167720354 0.5806588965314773 -0.08905064674098501 2.686772633394369 
0.9935120530495178 0.5934392424278472 -0.1157017871646092 2.661137660292503 
1.004266968673917 0.5783538081789458 -0.09148272328377632 2.685637004554458 
0.990755098806016 0.6012479533031483 -0.08318790029413926 2.653472087845265 
0.9913208497593909 0.600620162700483 -0.08295335041789223 2.654881335234571 
1.003313098040969 0.5783112980632856 -0.089762107945754 2.682295975538787 
0.9992497415786707 0.5901994369890556 -0.06542020601193702 2.673714239020528 
0.9881218612490968 0.611939719179843 -0.04129875128824769 2.648814901394374 
0.9784020549554552 0.6246179923228885 -0.05354359877779415 2.625436462284327 
0.9869781886863045 0.6091297337096659 -0.06345648579972685 2.644551547731457 
0.9871583535808806 0.6122996255073544 -0.04260853909978658 2.64590203799163 
0.9876180364361407 0.6088073130448211 -0.06333531243183183 2.646422322851597 
0.9943713055683981 0.5991073675097981 -0.04683022111296701 2.661905122987538 
0.994694745518503 0.6007694465475114 -0.04488598432030105 2.663846003101416 
0.9879725237107395 0.608540053864152 -0.0641195931522351 2.647373395189786 
0.9984647554262959 0.5899954692160289 -0.06675647501438534 2.671165414699214 
0.9522809780670862 0.656315794280415 -0.1159499086586515 2.566893337593706 
0.9662467991206199 0.6202975881889484 -0.1643614916271596 2.596104883463106 
0.9731911989308976 0.6204865586092796 -0.1257967100663371 2.612629381900294 
0.9545844360783314 0.6525467617221047 -0.1149838539876233 2.572092318859986 
0.973339761547051 0.624936871590288 -0.1279228312229651 2.615985070651481 
0.9642681137756779 0.6416075642966438 -0.0876372544211371 2.593174276060011 
0.9637068881274758 0.6426335971903908 -0.08931027855524039 2.592034547699232 
0.9727397154839351 0.6245280552223244 -0.1256993458758297 2.613583460542169 
0.9776653260115483 0.6188832117561781 -0.09784165398153059 2.622992927198148 
0.9132755821206869 0.6997032569912159 -0.1031284196000867 2.474951903192408 
0.9183791957228293 0.6828981286679561 -0.1499433409325018 2.485215259199086 
0.9397766157865687 0.6739885833661318 -0.1018360164609786 2.5386152757433 
0.9153966292333712 0.6977828410623816 -0.1029396120621893 2.480344775186758 
0.9391948623232244 0.673006252571115 -0.1049388741263556 2.536952484507952 
0.9383796935658476 0.6781369920335715 -0.06962348288664977 2.534412221868028 
0.9373544780369965 0.6782661117452252 -0.06995389461538311 2.5312041345757 
0.938290358580975 0.6723566447979628 -0.1015680168416551 2.533144569273413 
0.9528713703511867 0.6593517697341578 -0.07083373134017235 2.567102894517077 
0.9827138637532324 0.6203162793182039 -7.587891718881897e-05 2.635479282620254 
0.982658102985877 0.6196400218717734 -0.005995771364494518 2.634892810051074 
0.9870324814565314 0.6142960182053517 -0.00324409247646418 2.645889806722791 
0.9830785240321286 0.6198156788654968 -0.0002739273180937713 2.636368608898558 
0.9868533244124766 0.6143384170718357 -0.003504756114017075 2.645326917471549 
0.9868994991614866 0.6139569473212253 -0.0003510317956521894 2.645228313973055 
0.9864082933704595 0.6146793377490287 -0.0005434353066200952 2.644072558070348 
0.9866136081159276 0.6137338019540334 -0.00261487592673327 2.644160114625159 
0.9879162243057169 0.6123319992939079 -0.0002236195184951008 2.647577310108601 
0.9872912412670189 0.6130889288979876 0.009697258593132242 2.646039046113801 
0.9845934670723228 0.6168287215760883 0.005452503849997307 2.639479572598252 
0.9876921577486351 0.6128015361558826 0.003041370341117795 2.647123611327835 
0.9875849524967201 0.6126595047700648 0.009258383982675689 2.646741127906144 
0.9875548471543393 0.6128606440142782 0.002973809478964454 2.646709861903553 
0.9899718689559287 0.6089100505692793 0.004710568897562633 2.652228901816978 
0.9897314753207763 0.609144939931027 0.004784097260349643 2.651595581791333 
0.9875774373223638 0.612362631948404 0.003289986621964203 2.64648650214755 
0.9890309990692288 0.6105611181171141 9.915881878812975e-05 2.650148482282382 
0.989010394750382 0.6103704514796766 0.01741825814643106 2.650042227141624 
0.9839910042076888 0.6181116852862697 0.02404330205807445 2.638592843537363 
0.9833116049783539 0.6200754157439337 0.01287657733355279 2.637345639433076 
0.988478090474447 0.6113405617385406 0.01748516788454597 2.648950681812391 
0.9834070584608643 0.6186935203518323 0.01308176998633393 2.636819585216508 
0.9874469250881109 0.6128815943985908 0.009605649934202347 2.646409910755916 
0.9876240700062274 0.6126154013019018 0.009850194311034328 2.646815778757498 
0.983716410686832 0.619224629390298 0.01189727331329561 2.638160531398301 
0.984513449859213 0.6174361262332395 0.005004726574614132 2.639582776807873 
0.9959935099464248 0.5985344007699067 0.004244352790949671 2.665829938460087 
0.9973287864595203 0.5962627676163088 0.009601006980842996 2.66893991541129 
0.9947666100301239 0.6004125974923826 0.01132825171809959 2.662964047568414 
0.9962088736801672 0.5981805067222306 0.004428477093928649 2.666326433963316 
0.9946734439604022 0.6007425400078563 0.01107736595432293 2.662851954658141 
0.9939592565003991 0.6023453458843443 0.004620589662200556 2.661398999006137 
0.9938992745541938 0.602352307813117 0.004234279133496794 2.661196526269314 
0.9944936630201988 0.600888662225233 0.01157172801327282 2.66234485380521 
0.9912552229933468 0.6061522818393329 0.011270237977328 2.654841588153959 
0.9478480734506067 0.6697918506497612 -0.002074347651864257 2.555821086457601 
0.9431525367049708 0.6744612633313156 -0.02261307610316276 2.544621563641365 
0.9577051448982352 0.6556587245693833 -0.02382426960105182 2.577905390219985 
0.9484459912957404 0.668986797993104 -0.002500011895642593 2.557267238918724 
0.9575995683168781 0.6570233603846521 -0.02295029332167799 2.578561735681462 
0.9607443392506302 0.652070610849905 -0.006621784406306698 2.5849397389608 
0.9598798518648557 0.6538830621996657 -0.007502109312606787 2.583367105671075 
0.9575552384704299 0.6555882623279047 -0.02191205885070149 2.577368287393919 
0.9671042456169933 0.6436493201229427 -0.02115614604814404 2.600011090910302 
0.9317957892524821 0.6858270167826077 -0.03864731884205733 2.517398538123603 
0.9196572719551797 0.6995851879708834 -0.06375743637319806 2.491750457548347 
0.9373951939857216 0.6774462703126979 -0.07170783286816275 2.531167259594052 
0.9319573917043297 0.6867376459575666 -0.03957153423273658 2.518708358933766 
0.9368342052719797 0.6760454873960373 -0.06991566335781164 2.528145528670389 
0.9455090893816329 0.6718024721326398 -0.04758602562611329 2.551302386418716 
0.9450739128033145 0.6722430160226637 -0.04867739015177511 2.550223739177854 
0.9378862042253681 0.6757972620099445 -0.07116631548801208 2.531327094220591 
0.9519437102483806 0.6592609879636231 -0.07304673366956198 2.564513434290191 
0.9264980306753083 0.6940470532394915 -0.01761484850869536 2.506386645157933 
0.8986338722765947 0.7218001525730388 -0.003887414401778284 2.442004330961328 
0.9052180699808319 0.7138440423010926 -0.03533762985208162 2.456818935403192 
0.9248929064143987 0.6949681302847779 -0.01789596151491284 2.502079458354101 
0.9071035554360468 0.7136200466162983 -0.03667595695959909 2.462336922359617 
0.9324627330222669 0.6845597138347105 -0.0403476201568797 2.518647359700457 
0.9334768285384965 0.6849877707108463 -0.03848243078085545 2.522105595460754 
0.9066299194173488 0.7136198582855149 -0.0373027967209297 2.460722855880119 
0.9186428035720664 0.6996957714540947 -0.06219746584595153 2.488670671973164 
0.9047200629163606 0.7132486827407349 -0.03763711155858769 2.454597197870628 
0.8979408300684631 0.7231584585950841 -0.002552504898989214 2.440970831031523 
0.8792076678419529 0.7350895593598846 -0.03784159227017721 2.39579424808831 
0.9066439498827557 0.7131915868550087 -0.03541240665309658 2.460289518346446 
0.8799817092135097 0.7346008627652714 -0.03903601785522515 2.397470284751236 
0.8967190996524766 0.7187638374086596 -0.07457440506554423 2.437456242591446 
0.897137353131933 0.7172481020306639 -0.07577449183590891 2.437056039451566 
0.8785279736731113 0.7378526900079894 -0.03815470883044018 2.395326235748412 
0.8654885806304958 0.7399134731018236 -0.08718228788333572 2.362834835795019 
0.9343556334688964 0.6829431288590727 0.0547377357032511 2.524398963124819 
0.9295067611011584 0.6880409558340307 0.02719191757101122 2.511957686154597 
0.9451238995998028 0.6731871566035199 0.01750129914329258 2.549676716992137 
0.934919174795136 0.6819099343096749 0.05388481669449881 2.525484522846197 
0.9447801195198641 0.6736406602234617 0.01783661951848149 2.54892810637276 
0.9490593145923328 0.6684993834590377 0.03997089815414118 2.559543649010833 
0.9476468038668889 0.6686801439952607 0.03937283327440302 2.555328028600136 
0.9443729859356593 0.6716381437707928 0.01920544713682478 2.546548889455462 
0.9554241540829923 0.6599009555394481 0.01307866053088472 2.57327817409933 
0.9776962874043562 0.6281727625755207 0.01979419805301443 2.624269554038644 
0.9841512374304661 0.6173765780102628 0.02531727701334562 2.638604474794087 
0.9788018163970479 0.6256488174323745 0.0323961549739585 2.626623130042694 
0.9776351161520405 0.6276606664772627 0.01899721040509444 2.623722422826284 
0.9783836160800381 0.6267752316771772 0.03365650158647968 2.625943336629715 
0.9698779077331416 0.6385543757689007 0.02330909916657908 2.605657156403018 
0.9696625758140441 0.6408699739729831 0.02294864518415689 2.606453883818327 
0.9792673102137665 0.6251836651383363 0.03367487193293091 2.627678212127631 
0.9701006446331897 0.6381426220227103 0.0430600626678125 2.606850368145966 
0.976529525959316 0.6176291823458497 0.1239134766986368 2.620887788006613 
0.9719253983532695 0.6150383658047278 0.1641970996237881 2.61045379872944 
0.9527937847177774 0.652663234642884 0.1257911627186818 2.56786808831621 
0.9751568609209473 0.6212767924200294 0.1244497091270084 2.618853673943709 
0.9534923379001494 0.6512757903674228 0.1237169684522662 2.569160100330379 
0.9623106195819127 0.6425578690320547 0.09063457345586383 2.587700975804421 
0.9643732372407712 0.6407637919713551 0.09248976945174124 2.593034810977882 
0.9526094428808102 0.6523676819866929 0.1224783259994082 2.56689934444955 
0.946085954935624 0.6674812942388384 0.08178633112591718 2.552122925520298 
0.9607457545203539 0.6519964299582535 0.03188659662279981 2.58540451295355 
0.9552315260890148 0.6581101116621022 0.0143666003210253 2.571539837938848 
0.9664628481227525 0.6453058915871348 0.009415503471962058 2.598804764888349 
0.9612647673921269 0.6508078346875056 0.03091660171513138 2.586311289674918 
0.9662315944966602 0.645748969696982 0.009759110181699419 2.598358763179765 
0.9706708764837004 0.6390993701959271 0.0223144905730953 2.608487869101638 
0.9696963166922549 0.640073780966174 0.02210732525864166 2.606029388486006 
0.9661663891976999 0.6440445801723325 0.01060157015081143 2.597073501433337 
0.9733220052047752 0.6346864609001193 0.007573406353789284 2.614074716679468 
0.9796538638448191 0.6235162907354916 0.05253449712159263 2.62885334138474 
0.9698440609747051 0.6374830851009825 0.04478461972792674 2.605638365993446 
0.9785934310665041 0.6262405116713562 0.03222030329785795 2.626213867206707 
0.9801794800838586 0.6226112096221363 0.05122330452626515 2.629991953682152 
0.9786085340209562 0.6266279759710532 0.03326438512600608 2.626578013154251 
0.9858333106791647 0.6146735606567764 0.0370712316048394 2.642763830748203 
0.9849229008750834 0.6162206579338964 0.03730582772008829 2.640843030652202 
0.9786527225237126 0.6253256642732202 0.03328544277857051 2.625951731233819 
0.9836710185478856 0.6179873997523279 0.02463052504351186 2.637439946653007 
0.9485356249311009 0.6676046928938975 0.03878922592652451 2.557435926807957 
0.9551101421578173 0.6603326421384946 0.01339217689462366 2.572587322616425 
0.961963609682091 0.6504221773908279 0.03224189467298415 2.588136592176318 
0.9475720774673716 0.6672220863033121 0.04103777183265957 2.55416414151383 
0.9610598693610668 0.6512216459647892 0.03130478038975922 2.585841002885679 
0.9601943335252581 0.6517064982225227 0.05927948596387863 2.584626964633282 
0.960751343040015 0.6501257043260383 0.05757734347496989 2.585411149282634 
0.9610402694986322 0.6519759252184556 0.03243920303046036 2.586340310776398 
0.9705902802554454 0.6374167603783729 0.0443316761897086 2.607813592619335 
0.8941836754165944 0.7189984364639583 0.08598603344230292 2.430245543340241 
0.8719423460056898 0.7359142875860198 0.09793375818991658 2.379469334572692 
0.8766218891890482 0.7369764179167069 0.03975059359645475 2.389472793231756 
0.8929057599255134 0.7232733100663481 0.08590226914881602 2.429872088430082 
0.8768086978194393 0.7355162345333928 0.04077331922868699 2.389185078842702 
0.8969467575278505 0.7202858761890073 0.03639668371142429 2.436782665060809 
0.8989581990035719 0.7196995257940385 0.03674091414882662 2.442240779071394 
0.8801264428246036 0.7353933924421822 0.03789896385603442 2.39872741705948 
0.8966869631681943 0.7220234404318628 -0.003790336715024146 2.436517578038257 
0.9303802490961313 0.6847352578922226 0.08083296545254315 2.514583637355852 
0.9104382478185165 0.707858376670814 0.07317301657946357 2.47047945164241 
0.9186692768384408 0.6988947527165624 0.04576613054825331 2.486785708567417 
0.9299432039329684 0.6873346503283365 0.08094395420922983 2.51559677220348 
0.9189508630555967 0.699696886865275 0.04715984546396861 2.488518150737228 
0.9355327079900213 0.6812626184117394 0.05714320140171876 2.526905871504011 
0.9353482007179373 0.6827997223523005 0.05615975563111241 2.527269912212522 
0.9202830300112632 0.7005086743814443 0.04518303110914144 2.49314768615396 
0.9291994272698635 0.6880130380307369 0.02597294723746103 2.510810637515292 
0.9367699243872631 0.6738718931217322 0.1121654519012076 2.530143725062906 
0.9232565373719409 0.6796222129369245 0.1552884226967125 2.498538235523837 
0.911413984856033 0.6990061047773468 0.1167811415384852 2.471081715155117 
0.9360492526392865 0.67451296571377 0.1118964460495376 2.528315152253102 
0.9129849185945381 0.700025161234514 0.1142184145526406 2.476219061984082 
0.9298301328240376 0.6838513995589163 0.07888932348005859 2.512515626624416 
0.9315851923119307 0.6831709205329191 0.08039884794237369 2.517388387436001 
0.9116597948128955 0.7005764552121756 0.1141008009378929 2.472494959000856 
0.9093440048806439 0.707489835977045 0.0752915569079292 2.46699124823897 
0.9922656078852333 0.6048116308605141 0.01773700555399278 2.657422954185929 
0.9954356896338783 0.5987863965411775 0.02687616029423971 2.664474566444915 
0.9900646431733877 0.6072301350479266 0.02873317667903533 2.651929314973887 
0.9928118312178653 0.6041417107968092 0.01810944867458431 2.658811243585 
0.9899866020471458 0.6079859814947766 0.0278864738469479 2.652110317223247 
0.9886473940941534 0.6112891303166492 0.0172067226224707 2.649462921330775 
0.9886549539025974 0.611141141206459 0.01656232765150678 2.649371738305257 
0.9895896451792513 0.6084644061734845 0.02885551636074367 2.651103148289331 
0.983807073708819 0.6173340997806754 0.02544880961435561 2.637524991142195 
0.9915538420134867 0.6001726372382685 0.08681833124445826 2.655789599761905 
0.9788026695390625 0.6194783205560339 0.09390655460870152 2.626626334474322 
0.9857987189855352 0.6116203300048632 0.06712686761799617 2.642342213722005 
0.9919185985467519 0.5996660533545465 0.08581713774987246 2.656722984517799 
0.9862144178608976 0.6118390009310083 0.06919661066699412 2.644040933412047 
0.9949262059537727 0.5966774543414223 0.0623811460594376 2.662991787357943 
0.9941601201562773 0.5996971151079409 0.06301603178534858 2.662378605250831 
0.9862179915480225 0.611871883885291 0.06872423554246759 2.644063219642173 
0.9898205208827666 0.6058176852110485 0.05078368991200242 2.651135246318263 
0.999893561918368 0.5917639935558859 0.0001706968717197039 2.674738444879674 
0.9998666371801752 0.5918441994203174 -3.580609507793645e-05 2.674696362870907 
1.00000989810142 0.5915907063159873 2.54888228960308e-05 2.675022679614975 
0.9998955572071143 0.5918164264501462 0.0002459880954135421 2.674776080437767 
1.000023371058143 0.591565982963374 3.136548759187793e-05 2.67505283019565 
1.000161401678942 0.5912992874259714 0.0002448769637149999 2.675354126689984 
1.000164048320499 0.5913513291202052 0.0001700699738482084 2.675393725497058 
1.000038177760378 0.5915405030096386 2.742359118281235e-05 2.675087012786312 
1.000184881328689 0.5912792757984772 -3.71281989088153e-05 2.675420368237494 
1.000407624182844 0.5908174317080416 0.0008151907229254084 2.675888517937628 
1.000083781282384 0.5916405173909881 0.0008369974879683528 2.675298143155398 
1.000165514385086 0.5912446063611219 0.000129185573173124 2.675335257500539 
1.000429900674486 0.5907710926269882 0.0007522719714498022 2.675935301889617 
1.000139198798387 0.5914359861584132 0.0001320386845348023 2.67536092142736 
1.000313920136208 0.5910761926890046 -0.0001224520741350372 2.675729384794066 
0.9998247695318325 0.5920336285609432 4.871995361323241e-05 2.674669318648151 
0.9998863590446939 0.5918009588260671 -2.842083064052603e-05 2.67473631817963 
0.9998826836863718 0.5917401822371358 0.0001958783944470088 2.67468818368969 
0.9997588797429188 0.5920151068345562 -0.0001013558614081108 2.674439235326759 
0.9999098523865183 0.5917098022202929 0.0001537420634298821 2.674760389575737 
0.9996708560757591 0.5922417259063932 0.0006796196557782859 2.67428116103703 
0.9996874197028837 0.5922320641154075 0.0007471950437276128 2.674330449462254 
0.9998881987193263 0.591860460805879 0.0001550376925270736 2.674777497356945 
0.9999979365602459 0.5914522429331643 0.0008260453284914155 2.674901334028129 
1.00333985874231 0.5847216248027993 0.003543225393752755 2.682081776304906 
1.00264822574566 0.5876633569367293 0.005841696249016685 2.68150889854102 
1.001707730370506 0.5882051997780646 0.001228020484518376 2.678668762730793 
1.003372104366339 0.5852948780803672 0.0032818472147076 2.682523204100754 
1.001746881355858 0.5884751795342513 0.001274956571884708 2.678964230382467 
1.001902599758378 0.5883030405828522 -0.0005896966740114322 2.679379604013891 
1.012347005112004 0.5692338037088494 0.01842882696303835 2.703488590764552 
1.016995808001876 0.5593569505924078 0.008100322591501974 2.713459511887915 
1.015695659171459 0.5613675233938887 0.03372746633121381 2.710776759905822 
1.005299692202206 0.5760201869170219 0.09603449848865317 2.68811745364183 
1.001233269560721 0.5831586173267594 0.07300328549234353 2.676790307056602 
1.012303419107055 0.5648437218638677 0.07919188409753911 2.703661328394063 
1.005115526045585 0.5745524355574841 0.0973686891028489 2.68676370183026 
1.012283745367838 0.5621692024296008 0.07856080714822308 2.702148930806756 
1.020021646378049 0.5434237584741809 0.1022546595573045 2.720073925553335 
0.9926941401638886 0.6046527133998433 0.0001438635572065903 2.658608971185466 
0.9958202247820442 0.598870234263618 -0.0001345778717755813 2.665440798951646 
0.9938639342660321 0.6020349907235732 0.004487987352808179 2.660903208123805 
0.9924881457317124 0.6046894246574469 -7.23584266573823e-05 2.657948944012247 
0.9938780657206839 0.6021356607344425 0.004743934664258847 2.660999291472536 
0.989901119373127 0.6086800261779577 0.004907024255895548 2.651868749013049 
0.9898567254304378 0.6093655111949882 0.004902898869087881 2.652138620250388 
0.9940594730545749 0.6018951925581186 0.004652631789710822 2.661432338195564 
0.9912728293656654 0.606507135410278 0.01081470584528991 2.655116035970885 
0.9990976872148957 0.593266382743091 0.001513355845146307 2.67298174554135 
0.999724450075296 0.5917637133641507 0.004622473586912182 2.674184535035316 
0.9978862244295921 0.59549932957722 0.003978125188410816 2.67029608965895 
0.9992258609010121 0.5928161982204414 0.001552656254593502 2.673139498964821 
0.9978183372944225 0.5958295981605484 0.003640635349096634 2.670268342371819 
0.9981257404673669 0.5947386888879153 -0.0002301064159069693 2.670629621561842 
0.9982438767110821 0.5945292450347758 -0.0001668788371429977 2.670890722761125 
0.9974831483530804 0.5957434181161551 0.004020656015330639 2.669104784173639 
0.9960736016862393 0.5990028857982374 0.0004070614101203302 2.666374598034866 
1.006785267260465 0.5796899377858029 -0.0004907652155668016 2.690644202216827 
1.008472639810827 0.5753193699706513 0.01197282291548082 2.693875960576442 
1.005467136061087 0.5815680060514757 0.005721220133027246 2.687349710174492 
1.005756672706362 0.5804416837378241 0.005850572678914157 2.687655072329428 
1.008099583685746 0.5759506578733979 0.01282543691333935 2.692995298054029 
1.004615715451338 0.5842697964098266 0.01726469871428191 2.68620665207303 
1.025388642447822 0.5383528924753781 0.04456398188436823 2.731488651266888 
1.014401371190197 0.5637058757808323 0.05333409827660387 2.70850273043514 
1.014459956375247 0.5647802780518956 0.03380202749956338 2.708390746954462 
1.014947287899826 0.5620218204258352 0.03354913668330536 2.708554191964047 
1.01437983656634 0.5630715545743772 0.05180938190589755 2.708034469305439 
1.007302254894618 0.5763966450008455 0.03748735783047106 2.691184355779693 
0.9999773782675149 0.5916707110216075 -7.21319680799654e-05 2.674959473384424 
1.000023272798848 0.5917713455898106 1.693230664551288e-07 2.675171532443896 
0.9998247519535789 0.5920986784139951 -1.638797303445975e-06 2.674705219702785 
0.9999772380837985 0.5916511617118121 -6.261736370530016e-05 2.674947415414694 
0.9998250715356251 0.5921210907287955 -1.286710638637894e-05 2.674719588495397 
0.9997840350701931 0.5920047133257405 -0.0001057917539003876 2.674514315529853 
0.9998042272907666 0.592014251431138 -7.808792740435484e-05 2.674587090011657 
0.9998713784921759 0.592092012190539 6.18209903397446e-06 2.674856371333716 
0.9995183849726527 0.5925446039049503 -8.821185970141375e-06 2.673951048957173 
1.000054184919181 0.591661438530464 -0.0002650119596706365 2.675138186674826 
0.9999446672494487 0.5912534458825106 -9.142092893367568e-05 2.674799590354198 
1.000022811058809 0.591715998273226 -0.0002711170764391544 2.675061338990997 
0.9999951155016691 0.591603316216726 -0.00029270487219007 2.674983251893403 
1.000002611744822 0.5915829280961128 -0.000272463883032521 2.674995354369213 
0.999969304683555 0.5916472636851016 -0.0001078195111801614 2.674917696585839 
0.9999663691392443 0.5916499048267208 -0.0001040165198444594 2.674909639259446 
1.000004614359742 0.5915665854085823 -0.0002762813131723567 2.674992038398483 
0.999997706443617 0.5916477048437745 -6.875034400090413e-05 2.67501230921896 
0.9991349059256758 0.5931350037523377 -0.00173509043666669 2.673026564959093 
1.000006000873107 0.5914813919414162 -0.001609929979646677 2.674946452118091 
0.9996134808612767 0.5925028645368294 -0.0008020791983312516 2.674241509621288 
0.9990112125172804 0.5933287642139768 -0.001693367873437631 2.672732315567784 
0.9995983591748514 0.5922992543437184 -0.0009136142029265228 2.674071605900011 
0.9988889331449705 0.5935670804785222 -0.0001294426523436199 2.672466167606169 
0.9989469678145756 0.5934542196594864 -0.0001271858904108648 2.672591741989425 
0.9995617229848709 0.5923317297684612 -0.0008973285860043695 2.673969268303408 
0.9995483041180946 0.5926080261212965 0.0001012856068194227 2.674088160426047 
1.000113870176719 0.5906996923038262 4.992312043398707e-05 2.675159216900602 
1.000132716752276 0.5914748752466935 -0.0003934897584657896 2.675270095032921 
1.000500335853981 0.5909920499845865 -0.0008505010535889916 2.676190713364631 
1.000440169550347 0.5909232310724423 -0.0009218076739415079 2.676068468353209 
1.000175115257727 0.5912978434894209 -0.0002476407668653299 2.675391013505637 
1.000014103833053 0.5915710299964732 -0.001378463955265487 2.675038920062589 
1.001324508690871 0.5883972590595351 0.000164670111723143 2.677905575717889 
1.000992765766444 0.5900781050221657 -0.001880951991563689 2.677267110118995 
1.002225588952222 0.5882465713503303 -0.003532627238932487 2.680274093484937 
1.002055602047689 0.5878758275682013 -0.00371784744401419 2.679680820715886 
1.001103846917392 0.5893409538493962 -0.001452011488930426 2.67734464548513 
1.000577915085633 0.590547739379904 -0.005499095688611374 2.676326300590215 
0.9937708029036394 0.6022206231215355 -0.006069579714702886 2.660705866223531 
0.9962068982060444 0.5980246483096692 -0.01134901679928517 2.6662906139044 
0.9969465289304024 0.5970239354334054 -0.003755791388951572 2.668086928205312 
0.9939623297465257 0.6019021024624472 -0.006024037767357849 2.661136753601488 
0.997049426160012 0.5971991896574506 -0.004254617609561938 2.668531776202181 
0.9958100797353195 0.598875497726212 2.440016428364649e-05 2.665424706538527 
0.9958895920414658 0.5988346264037232 1.861861464602325e-06 2.665661339607444 
0.9966736562095455 0.597151779813252 -0.003869362244842681 2.667255890774261 
0.9980375338851578 0.5954433582949938 0.0003651534707141864 2.670755626463248 
0.9897931280173864 0.6087699731413299 -0.0003026835116940285 2.651557566418679 
0.9877633456188067 0.6126297121876574 0.000175322936404784 2.647252577224374 
0.9884393089741539 0.6115222184709982 -0.003656274108618766 2.648799739450225 
0.9900714371583902 0.6088181275596004 0.0001427592855460854 2.652503950539195 
0.988326250338183 0.6115082129334308 -0.003848506088293864 2.648411697133634 
0.9912119809743158 0.6066970779889834 -0.004817336529037409 2.654973861167699 
0.9912057237695928 0.6062219889030537 -0.004926698381806156 2.654653310301286 
0.9881335364562318 0.6116792065478882 -0.003706626989637551 2.647872099538209 
0.9890888230158819 0.6104836232487173 -0.009889027006752947 2.65035127398186 
1.00753772603954 0.5791753554276654 -0.00808774093886584 2.692658388551837 
1.005494436097668 0.5798491648225831 -0.0002760799239369698 2.687142934989002 
1.003926301684986 0.5851727193009396 -0.003722568683436289 2.684086478741143 
1.016645041660893 0.5584756660748936 -0.008867462143781925 2.712652242309099 
1.011627947178443 0.5715650327902905 -0.01779414605491509 2.702141422525614 
1.014151468900585 0.5650549424918951 -0.03029334488664906 2.707204063274677 
1.012985890095121 0.5668325130035592 -0.0299923614766366 2.704568968426871 
1.01157154014806 0.5696084369496907 -0.01747679473884228 2.701065188323613 
1.006773757652517 0.5786422741630602 -0.03197782909354888 2.690528400671274 
1.013567230391404 0.5668164374319161 -0.04306103884973122 2.706654520224864 
1.024409806106779 0.5390189425727431 -0.03956718061188343 2.729063326300851 
1.013055786956446 0.5691657557732503 -0.02971638785344007 2.705786810941519 
0.9876935336730132 0.6127446415597139 0.003194649558751559 2.647089425994909 
0.9849298293825896 0.6172290405951444 0.004059744275334884 2.640832491381283 
0.9862298400621526 0.6146797953962594 -0.0005622261033484054 2.643479406436207 
0.9875039282891461 0.6130590281789285 0.003066080875380981 2.646674979665116 
0.9861831743863029 0.6142594012626195 6.306887913292806e-05 2.643075124617045 
0.9873564415885587 0.6134405364359897 0.0001451202616970134 2.64642169663484 
0.9871802075432499 0.6136283652527496 0.0001168846870759959 2.645958231134757 
0.986792933173443 0.6143510386768375 -0.0005928766234993988 2.645137000888712 
0.9874312528788608 0.6124799752861051 -0.0005444857943716655 2.646071492693779 
0.9734550073703019 0.6212715578720553 -0.1276222778704293 2.613558004626109 
0.9943740596530996 0.5795098433133116 -0.1488853955647391 2.66086106782795 
0.9937368892495282 0.5905220439115494 -0.1158883497697545 2.660337322004361 
0.8782559175648235 0.7353907057969408 -0.03760763992488758 2.393157453107105 
0.8990963129339781 0.7213938614635216 -0.001457437377536439 2.443256560577422 
0.8763072427924919 0.7383349290936235 0.002168233844829484 2.388940061669205 
0.877963177126626 0.7353429790789293 -0.03959034283942114 2.392069990389213 
0.8756053796267772 0.7407525900572777 0.002774815662644805 2.388271069072633 
0.8499692568722937 0.7542379613606628 -0.0409307256489824 2.326787577969155 
1.003933635312331 0.5795003515939811 -0.09075002504169756 2.68460172658199 
1.021840892268813 0.5378203788251569 -0.09146399934331594 2.722970935609148 
1.011522511724558 0.5689024926734786 -0.07047794616815024 2.702586799378624 
0.9438727004898757 0.6505527317907943 -0.1624945504395159 2.544210294821697 
0.9529358567130354 0.6541653168199307 -0.1135879651824075 2.567833873702111 
0.9368808507440619 0.6777771016109884 -0.1027053937829495 2.531903165993041 
0.9399389281827926 0.6713513823323416 -0.1026789000223274 2.537613180085883 
0.9530579710150264 0.6543051895538187 -0.1144056572324349 2.568685828715955 
0.9520271244694219 0.6599579362076858 -0.06998750312166305 2.56478481404356 
0.8966824135902628 0.7104923532278434 0.1342221409567691 2.437373343659854 
0.8918154110413614 0.7206338986937323 0.08548601495356627 2.424853114365118 
0.9127038641180739 0.69674788731336 0.1154287271735889 2.472775191358373 
0.911714257966912 0.7020449634989075 0.1157719483663011 2.473654210520412 
0.8921192392066748 0.7209130394533916 0.08606908815330792 2.426084149591691 
0.9079909321264616 0.7069343874280555 0.07319987114300305 2.462225281249735 
0.8967005006592694 0.7203491128327252 -0.07433584242580263 2.43777075590965 
0.8906729956597635 0.7146223980674766 -0.1261267160037475 2.421723469639158 
0.9136954363770274 0.6982342152532575 -0.1044324528945543 2.475684587905373 
0.853160428687653 0.7523699966106646 0.05527571684071465 2.334933489226085 
0.8744566788929273 0.7398215142558238 2.386776623890054e-05 2.384375490707996 
0.8807386733844086 0.7342682589726065 0.04029144656250444 2.399328101664554 
0.8794229282845877 0.7372114008499275 0.03896500426122964 2.39791064506452 
0.8740063776953985 0.7389283032469112 0.002113176267075942 2.382831169333403 
0.8971025861501997 0.7212091730575353 -0.004269756814331714 2.437160681731337 
0.9757586719689065 0.6200097017715208 0.1225137105459154 2.620236177170677 
0.9777354048863363 0.6199826882232349 0.092694410157979 2.623268933384566 
0.990739948280041 0.5976908415655823 0.116943715788104 2.654538864150068 
0.975273174058055 0.6207894350868963 0.1246089977871628 2.619160065821431 
0.9915297105872798 0.5943956484562198 0.1162803829698589 2.655126022079165 
0.9942300362335124 0.5821631481746052 0.1504711468669519 2.661387212083072 
0.9492398624412799 0.6463066823862091 0.1650883047095371 2.558219790268824 
0.9344024104668849 0.6770933405278436 0.1126883837872275 2.525213787090195 
0.9538753482840724 0.6500472692090415 0.1246388019576489 2.569342146981855 
0.9521311598579507 0.6537286515134687 0.123970660272282 2.566294217483094 
0.9356282985827472 0.6739829246474806 0.1106660785802383 2.526983035949189 
0.9454897242818938 0.6667130907475946 0.07981033022437484 2.549520177196731 
1.000789994045414 0.5898981357389042 0.0001437943929620633 2.676617844790061 
1.000508547244043 0.5908805201706543 0.0009066441681728146 2.676261552298034 
1.000288825414253 0.5911942175747359 -6.631879491959083e-05 2.675715089434762 
1.003516728884665 0.5847156919495705 0.0002753236315311707 2.682661948061325 
1.003419291157805 0.5850705012562746 0.003268513493714411 2.682552700549354 
1.001912398508597 0.5889712415100761 -0.000397626681440621 2.679796105915632 
1.011321032822581 0.5589318416976934 0.1265420797120217 2.701993764028192 
1.004065709083929 0.5742059383399809 0.09607953305821351 2.682955891185129 
1.020562077476713 0.5428937729632602 0.1022406070983402 2.721414173532402 
1.003983282019597 0.584899128325131 -0.000413902025750681 2.684309624510267 
1.006086060842605 0.5798611300378574 0.0008854627414106501 2.688424792348701 
1.005649014105002 0.5814262240385681 0.006033157652551462 2.687891419817873 
1.022630858958079 0.5460734383613051 0.02218572985267896 2.725460763297806 
1.025976185615438 0.539731400935465 0.04193630324303987 2.734084068871379 
1.0145860050803 0.5642246886253393 0.03439821763890284 2.708610603586565 
1.000538696649979 0.5899023826577308 -1.240448417771094e-05 2.676113953387656 
1.00002649908832 0.5906675177567452 0.0001587337936716701 2.674861635627996 
1.000580016666109 0.5909326899080838 -0.0008817873382468603 2.676413739281555 
1.002873330685043 0.5855053971879246 -0.0001868456267642936 2.681386437456467 
1.000984983419474 0.5882584475553098 0.0006450935076285418 2.676709023657583 
1.002463048813485 0.5881488793762458 -0.003686493493579013 2.680999681076021 
1.021634424945998 0.5476664483322462 -0.02277881066157957 2.723805545110647 
1.01644110902876 0.5570993941154526 -0.006910207247225983 2.711175386656653 
1.013532733229872 0.5664972412765573 -0.0313915083691237 2.705964859175208 
0.8642787210647016 0.7405333168810648 -0.08738127986711627 2.35998102590343 
0.880688691229552 0.7360855398485059 -0.03771306123138513 2.400596198301953 
0.8505163952196746 0.7537462436860298 -0.04143946907379202 2.32756080299951 
0.9208014579440144 0.6811076796700576 -0.1503776851816783 2.491186173366764 
0.9438640384090292 0.6518804316053008 -0.1651968956881389 2.545301574501782 
0.93844525672441 0.6759808777258363 -0.1013032201422708 2.535681284368358 
0.9246327493620045 0.6808534551725184 0.1567746831595261 2.50335981980963 
0.8977889270855911 0.7098370321240478 0.1353159784183773 2.440444600181354 
0.9094841545985558 0.6978280531333462 0.1145577122057683 2.464048661433979 
0.8717462175948147 0.7375168460786917 0.09754950316544356 2.379726369231497 
0.8537471309100728 0.7517237926503419 0.05743955074090983 2.33636140002441 
0.8762062127120374 0.7353631745093364 0.03938758244664294 2.386982716633384 
0.9746202549826283 0.6141440760143843 0.1624797101320347 2.618618388582242 
0.9737656781252316 0.6195929806299528 0.1225815918440554 2.613346714322258 
0.9949620667918002 0.5822936346859405 0.1510873607180203 2.663505169187141 
0.9726887090357498 0.6154028721949172 0.1648557615814243 2.612795549801137 
0.9520735662240619 0.6454006310702683 0.1638053084026228 2.566707013749658 
0.9507744878832262 0.6514436593204146 0.1238667370879522 2.560515446382731 
1.00024214206024 0.5910456262201814 4.758158166059975e-05 2.675472698369503 
1.000174863112402 0.5913850750476621 0.0002041639178817798 2.675449638186214 
1.000162280198132 0.5913283945460749 -2.573572069631107e-05 2.675374219414743 
1.001699597923533 0.5883102031373313 8.161604305614464e-05 2.678710568992319 
1.001679519543816 0.5885226404178848 0.001276236964516468 2.678770838896902 
1.000957634825281 0.5900515851420015 -0.0001232036897719506 2.677263785906566 
1.013530793569033 0.5685350157471398 0.01904728959261102 2.707127697438209 
1.011346980978669 0.5701262502372144 0.002117544274606335 2.700419773116607 
1.015669508521476 0.5599492252517236 0.009110399924366954 2.70937447001477 
1.01629591606071 0.5629696616189058 0.03463169263051252 2.713731220514667 
1.016788159707297 0.5590489165331811 0.007806296806148971 2.712503299436991 
1.021524081580855 0.5474274725703637 0.0227240202785598 2.722517830692853 
1.021151988842664 0.5440077891453822 0.1000328691489111 2.724043404729273 
1.011546301538584 0.5625370599323937 0.07872882577589686 2.6999721541111 
1.025834775141129 0.5362434770934499 0.07570855485793697 2.733575880564036 
1.006648661763257 0.5801864230439412 -0.0004884519671378838 2.690439415437039 
1.01043653361664 0.5707781431712978 0.003550620828992993 2.697805215171218 
1.008930346033249 0.5759209077057994 0.01255792453096864 2.695763904578962 
1.026270982469768 0.5370795704403737 0.04389278294716549 2.733664090953916 
1.025988796687642 0.5378458251151288 0.07279322375100424 2.734859086875614 
1.013466701468751 0.5638297034525003 0.05252446732322211 2.705333868795883 
1.000083296012656 0.5907041474399189 2.553289495003741e-05 2.675060141274747 
0.9998899189972276 0.591039969074511 2.977887390509442e-05 2.674615466991084 
1.000213537899818 0.5914570047493797 -0.000343351756840871 2.675528293652413 
1.001159407443522 0.588446448295914 9.566317192011918e-05 2.677384577271449 
1.000412604911713 0.5896966740882689 0.0002097381942593288 2.67563516435738 
1.001249587041643 0.5900831894116977 -0.001651046937199106 2.678124672304872 
1.007721965972782 0.5791681750819334 -0.008287589132977686 2.693265252970654 
1.010714046305123 0.570257309554802 -0.002656038442432991 2.699155188019039 
1.004727131099443 0.5793224859483813 0.001103412769544032 2.684298046546903 
1.004368360821933 0.5850497812412794 -0.003390473186224275 2.68549062021234 
1.00507451741267 0.5802222855854295 -0.0002403056282329813 2.685951150350922 
1.002399642530449 0.5846335666390108 0.0002532276789470262 2.67958889560408 
1.015662420865762 0.5595163839341732 -0.008440395971679792 2.709892954300529 
1.010922612113087 0.5677282161942321 -0.001334708790584206 2.698499473125927 
1.011741065698628 0.5714869409343227 -0.01780709490238435 2.702480101278978 
1.012089214861519 0.5677972800749089 -0.04328150933777135 2.702226276203621 
1.025847243129453 0.5346452336541081 -0.06186799159295495 2.732619392261233 
1.02597114923657 0.5381797572877665 -0.0410656105221141 2.733982183599744 
1.012158517120094 0.5680194755271933 -0.03062391549274223 2.702178385044377 
1.024924483212007 0.5392413514515754 -0.0391309774974249 2.730874175659029 
1.022456588158048 0.5462242023409289 -0.02384250880654078 2.725854745879546 
0.9730852732378468 0.6205511991996771 -0.1261319655097957 2.612127600759784 
0.9688868145292747 0.6178875708502147 -0.1648900906595395 2.602826425206845 
0.9960424551442824 0.5805037411968202 -0.1531543848198397 2.667291057567354 
0.9923263012989449 0.5904543637579805 -0.1171913752565409 2.655601915776923 
0.9961052638783807 0.5780094955310157 -0.1490830780229105 2.665562797282987 
1.013987632765943 0.5529449509353765 -0.1246192252470472 2.707917662963238 
0.8481973785068392 0.7544762704522234 -0.03989692757231177 2.321693253345407 
0.8780415291739538 0.7394740292587769 0.002247887210631397 2.394636517776966 
0.8453960748874534 0.7580883118541949 0.009541769208918603 2.31569610619414 
1.002593513874356 0.5803586726599488 -0.09050619465428655 2.680693386899142 
1.012922888607009 0.5510676259519484 -0.1210421788290322 2.702884909701555 
1.023687471399427 0.537409327945604 -0.09395801712233903 2.729093341239587 
1.010024034077776 0.5678808853152254 -0.07218678764182496 2.697031017646491 
1.022625519034047 0.5376963612277035 -0.09103651863261911 2.725487084204673 
1.026742851238658 0.5344124855291983 -0.06474429406509456 2.735810968255452 
0.9462453516050719 0.6487727225832186 -0.1629242805430512 2.550396982342782 
0.9668126149436729 0.621112940607212 -0.1675117950699967 2.598728278598354 
0.952684458517651 0.6549434915028085 -0.1134073558331335 2.567348017701143 
0.8967739554181823 0.7118112804092644 0.1343278482509959 2.438157921762779 
0.8721664642184273 0.7350812547953071 0.1003993928576795 2.379788317680828 
0.8913921452209483 0.7196799113916768 0.08490025008740862 2.422806485121153 
0.8992412900415104 0.7183813760637595 -0.07402538612782333 2.44418634222631 
0.8674199851649046 0.7388290379079938 -0.08749019977612961 2.367111893104274 
0.8896851497903703 0.7156466983938732 -0.1268335362353256 2.419610375268799 
0.9149865631300707 0.6991028840237958 -0.1032530073352389 2.480114631644271 
0.8927703914081035 0.7132452459147952 -0.1266098384863167 2.426572462343009 
0.9179814996206402 0.6846380354722491 -0.1538718384119151 2.486170344307766 
0.8530597371371698 0.7538145591888414 0.05502635085826274 2.335453060060463 
0.8447005954290413 0.7584370234891498 0.009804000063797929 2.314315717912166 
0.8745912588703808 0.7387818846800698 0.0001592581598647781 2.384045090573235 
0.9963277468176807 0.5818642928191766 0.1483655356536573 2.668043154419943 
0.9899885672483844 0.595436705211261 0.1157665182948873 2.650775169556352 
1.010402011082186 0.5581689433076635 0.1294720609575425 2.698400453700949 
0.9502213294948371 0.6471010695541027 0.1658904933906235 2.561457584954647 
0.9259599632229006 0.6784407964645826 0.1545250695256027 2.506133634981905 
0.9328598263301103 0.6754638533209374 0.111144291458616 2.519175526137994 
