0.999972362292754 0.5917065767126917 0.004253311208388254 2.674974222117996 
1.001067120847271 0.5895963381093505 0.002001330039047036 2.677361963813964 
1.001020801712718 0.590202029195807 0.005243760559971106 2.677579584080323 
0.9999769411244789 0.5914839729626828 0.004479359611924912 2.674854903490104 
0.9992142954970361 0.5931895615030818 0.006456997143956079 2.673346267798344 
0.9977143961479639 0.5956644884643425 0.004043144218985175 2.669825052830589 
1.004030658914191 0.5845506447347819 -0.000458595656344764 2.684274767269963 
1.005453958521781 0.5812988767449129 0.005818388923605614 2.687162532510883 
1.003636662678463 0.5849513117688731 0.003179527563213279 2.683203803328432 
0.9974303396993408 0.5961081789688382 0.00963618023293808 2.669181036038716 
1.000476701571503 0.590379985473019 0.009570167486949891 2.675896604570655 
0.9997762307501925 0.5920687341032985 0.01367570078865293 2.674618752629016 
1.008060298305462 0.5750551754714018 0.03747970058552921 2.69297981794698 
1.005534064563123 0.5816120914805277 0.02412736187909647 2.687824365327704 
1.012961532169352 0.5663841549910037 0.02007505291165184 2.703970244385835 
0.9696737854526066 0.6389130368212693 0.04467284419028674 2.605973187120839 
0.9807959401010743 0.6209254706763621 0.05233416820723655 2.630787958517498 
0.9715117541905113 0.6349747359566815 0.06594691719660539 2.610609321292789 
1.002169909336889 0.5830391338645862 0.07464284296927136 2.67998008046502 
1.00641179115767 0.5764378746122235 0.05243698174648559 2.688805353350059 
1.01183680103171 0.5651522001391236 0.0791009023516506 2.702347160241959 
0.9900088585517027 0.60603207305158 0.05219235785569172 2.651986882253962 
1.000452899370381 0.5888450240944271 0.04936551266571888 2.675936095187535 
0.9949742048191594 0.599042314087526 0.06234849474821881 2.664679218104353 
0.9464051135195785 0.6651967469591946 0.08117042089050949 2.551685577486296 
0.9605134550623395 0.6503131682171314 0.05711604807430436 2.584513184755296 
0.9622346113521015 0.6445049805307109 0.09277480818056073 2.588963641408448 
0.995473696571914 0.5982777049548443 0.02645415990023144 2.664292865986249 
1.000062510524148 0.5913786532712663 0.03421215045639495 2.675625274707295 
0.9939530940423069 0.6004482373146045 0.03687100757862322 2.660912430164122 
0.9836686312348499 0.618298613747718 0.0254205879524189 2.63766128384399 
0.9902853198959356 0.6074638666157682 0.02887848813892817 2.652729842682534 
0.9855271512495708 0.6154709874795363 0.03644772374318711 2.642350925897799 
0.9825983323294906 0.6209399023252045 -0.00727102526647662 2.635525149002217 
0.9830587522835252 0.620062173242699 0.0002842197731739103 2.636445872655061 
0.9786057882092751 0.6270029371032512 -0.002992874160812557 2.62627787850007 
0.9912140153808843 0.6067840544681129 0.01140586496808243 2.655089086547584 
0.9948929173485935 0.6004378068759573 0.01148445691905987 2.663373198409021 
0.992585379474722 0.6045390128959827 0.01781340446793044 2.658344296814866 
0.9732347696967164 0.6334692354834633 0.008617925743200177 2.613021395330671 
0.9809824779336901 0.6238701421795095 0.006103625194115414 2.632044572860258 
0.9772956990278996 0.6284292849672862 0.0192126117565419 2.623117223133696 
0.9973760883031614 0.5961830864037965 0.009245620728316552 2.669038467529071 
0.9995959451073176 0.592134199602398 0.01408236903674865 2.674061167121905 
0.9970120475638528 0.5963118176069359 0.0157665474430481 2.667999965806887 
0.9957967391380504 0.5981333194109456 0.02728564653725251 2.665309334549038 
1.001183514473085 0.5892482545979688 0.02379873154276872 2.677785822950393 
1.000289528814849 0.5911747898412542 0.03322555394695878 2.676242205242249 
0.9999430303379464 0.5916430159701898 0.004052407276927511 2.674838628690607 
0.9999208736278745 0.5919148994164486 0.001731876237025383 2.674918316322497 
1.000948107538376 0.5898199357168608 0.002342487685635605 2.677100171930723 
0.9976298561450526 0.5959940746070903 0.009685630126707345 2.669774595395925 
0.9990225450548698 0.5930618442578941 0.006752660176356891 2.672627712571517 
1.000281981129598 0.5906840442389346 0.00986321479995853 2.675437043862954 
0.9992632391570713 0.5928592289590434 -9.858823240998057e-05 2.673291972849289 
0.9996754414624878 0.592116454733006 0.0006948318782906872 2.674221669082327 
0.9991724140608184 0.5931789847050661 0.00152517280074499 2.673181405786219 
0.9786052858853141 0.6204544945368139 0.09505096560220283 2.626626924072426 
0.9925915032517969 0.5972394803030729 0.086125755553842 2.657281145399076 
0.9907595527552937 0.5971789930429936 0.1159708125837186 2.654372263648442 
0.9999279976959905 0.5915268356876076 -0.001409244485325045 2.674713834064582 
0.9998205429488703 0.5919339254831185 -0.0004281941488490379 2.674593739529997 
0.9995471042605831 0.5925437013151489 -0.0008294749891458693 2.674045059555259 
0.9999739788451609 0.5915588879387222 -0.001344252055152923 2.674892925130042 
1.000211181946962 0.5913721642600015 -0.0003911295853942301 2.675563280059015 
0.9997954968249688 0.5917509710677086 -0.0006337923231539941 2.674406515402612 
0.9999555620335695 0.5914343662535336 -0.001487969240066357 2.674750570048874 
0.9990769768556808 0.5932888041610449 -0.001879102540124312 2.672925679164922 
0.9999689245138742 0.5915468956575345 -0.002840984397427216 2.674864955029067 
1.000521433486684 0.5906324360023538 -0.005428125922413603 2.676184039969442 
1.001239532973071 0.589511612974645 -0.001839248853656167 2.677903184136736 
1.000031464109584 0.5914770713128924 -0.003060135991249509 2.675037728037857 
0.9965530001310001 0.5975194551636983 -0.01162035428757873 2.667127634938737 
0.9992417883092187 0.5935274015200643 -0.009539937637565051 2.673649185806988 
0.9966901885802876 0.5972346571899235 -0.003807832718291802 2.667364419362238 
1.00032198108303 0.5906508067859042 -0.005888351690405104 2.675521121259743 
1.001613392879009 0.5883464460577466 -0.00805859112293527 2.678504409379615 
1.00225397751334 0.5876630303051009 -0.004158991554518315 2.680227250722282 
1.004294674703571 0.5845947427474322 -0.01045058439526571 2.685274459147077 
1.005903004123998 0.5812492743934634 -0.01774466310995871 2.688789534318138 
1.007643457751688 0.5781499776467536 -0.009672125639759518 2.692686444402599 
0.9891159976253749 0.6100542902247024 -0.01044446305404839 2.65017584579545 
0.9858214088968045 0.6149999823303148 -0.01008530660285775 2.642385824197037 
0.9866701105989144 0.6134983995748655 -0.01541778468235795 2.644313512291385 
0.9927222877831521 0.6042518439163749 7.497132947182155e-05 2.658459479773412 
0.9913866029876947 0.6065365884060341 -0.004729567001829137 2.655443651967743 
0.9938112493057819 0.6023966639524657 -0.006185710265544606 2.660944992879037 
1.000532431708353 0.5907454525705589 -0.005201185526733334 2.67627951414623 
0.9991581206327903 0.5923070735332149 -0.00904102787782974 2.672657036393331 
1.001697436539765 0.5890447242672177 -0.007734473319041583 2.679169587828518 
0.9960136972151121 0.5982957080395002 -0.01213759361307926 2.665799138956098 
0.9987004224207764 0.5934522225930638 -0.02033604616163086 2.67198705428006 
1.000057721911228 0.5912377687042349 -0.01456899657976632 2.675088092320696 
0.9921883653891922 0.6040122307280879 -0.03299665370190479 2.657059437771997 
0.9940915357684567 0.5995501903554881 -0.04639098276691984 2.661191046515977 
0.9992627794853196 0.5918029140662836 -0.03618800012777273 2.673302348975321 
0.9888604460545219 0.610509736333306 -0.01047076902703876 2.649607440591718 
0.9895057903501244 0.609340452092581 -0.01885203590404587 2.651108796505481 
0.992805591134766 0.6035068817227477 -0.01300410985448744 2.658363764140664 
0.9787125557412941 0.6252505924289364 -0.05248650285112698 2.626907457548443 
0.9687192389801426 0.6383022648260146 -0.06281089507834907 2.60342012617762 
0.9769854000552235 0.6248936355721638 -0.07192304643042244 2.622326537837516 
0.9988300955850697 0.5890494666334428 -0.06711850505328831 2.671837226833501 
0.9872749537086334 0.6109486769383288 -0.06589774986826623 2.646697730645045 
0.9910613643963766 0.6001453826167645 -0.08284139125361117 2.653906789278246 
0.9828789898395209 0.6211993613294883 -0.02420441782982955 2.636906224539613 
0.9759672979915112 0.630344989197515 -0.02498687080245071 2.620119439414907 
0.9799181270259342 0.6226170005350233 -0.03531021236558701 2.628413865930406 
0.9891363969684177 0.6102361085255154 -0.009843431435524621 2.650351206246573 
0.9869392863643053 0.6134572258849003 -0.01553284169353917 2.645159888594374 
0.9893900410007608 0.6094224700420797 -0.01896132672517674 2.650784352010791 
0.9828995029570743 0.6206848269772244 -0.007101359144573089 2.636332894406855 
0.9780796241208146 0.6274778521031197 -0.002871556134863975 2.624850088831981 
0.977275679500068 0.6279899107677271 -0.01062146632037325 2.622629554367301 
0.9925466226506935 0.6032897250115437 -0.03249396980486438 2.657823802213794 
0.9868724030505291 0.6136782070339259 -0.03086223897165064 2.645441072055516 
0.9875927352614612 0.6106711305470477 -0.04215616528771889 2.646353276650513 
0.9830381414690771 0.6192665418638292 -0.006739580515938263 2.635906321876417 
0.9860576757728782 0.6153488677169907 -0.009849260585078274 2.643397111880601 
0.9868906468656344 0.614515968383052 -0.00248315233636901 2.645555163613278 
0.9676456983214397 0.6439819946230069 -0.01939530935091279 2.601930826666939 
0.9580861428046328 0.6557232981201357 -0.02164856077126691 2.579101241151196 
0.9594165092419077 0.6523325386868609 -0.03781226325420257 2.581574348002948 
0.9828821668345955 0.6207438270187581 -0.006639540639461017 2.636308029910988 
0.9776262956727108 0.6277190328457308 -0.01140893238627055 2.623605055425698 
0.9819824656622039 0.6220397627964157 -0.01438345200140584 2.63428243954292 
0.9737154565221009 0.6344794640884761 0.008442420347899873 2.615203867056207 
0.9666906879343141 0.6437923426234217 0.00979522326084881 2.598585970257829 
0.9689087069530867 0.6414844422034173 -0.0032777734919103 2.604216002027567 
0.8971192202441903 0.7214088131664712 -0.002146862606115763 2.437630766234987 
0.9163492853020259 0.7047559590125225 0.01663031899190312 2.482924682325398 
0.898399257816529 0.7210026107852513 0.03665092598486468 2.441720081085829 
0.9432938562098152 0.6740697865116091 -0.02476451815185337 2.544759837275187 
0.9341736903266195 0.6850409328321843 -0.002662672033499008 2.523678226891671 
0.9255973537400274 0.6941837036233821 -0.01792102895912304 2.50403451988339 
0.9776314684232472 0.6249013756317298 -0.05419521645678725 2.623261495308071 
0.9698984340279233 0.6403145968942262 -0.03837325541048632 2.607265679847994 
0.9682484126783719 0.6379847747014304 -0.06299632947742372 2.601767293777103 
0.9562473603910608 0.6595939598213665 0.01421553303514757 2.575674864334713 
0.9454550966700623 0.6711260998316378 0.01844693354855706 2.549584083825552 
0.9481386763381113 0.6692947430432126 -0.00134484701132759 2.556642318140653 
1.006754590272914 0.5798847547915335 -0.02974141833013607 2.691062780042076 
1.005134231804591 0.5806084561476574 -0.04677294116745328 2.686673845907841 
1.013054666211695 0.5651509630641587 -0.04349003486989376 2.704385921025876 
0.9963140983002531 0.5983909733043372 -0.01141238315412721 2.666843791370312 
0.995656309539478 0.599553693794465 -0.01924460909294636 2.665492168833353 
0.9986359140784787 0.5934123478837827 -0.02053619484673424 2.671755715733111 
0.9780866680677445 0.6191161151179306 -0.09846765980377102 2.624279640288846 
0.9925201223899625 0.5941708523181157 -0.1153182228135611 2.658350561384753 
0.9918567394530395 0.6010659340743381 -0.08179497615682134 2.656936842780092 
0.9927755456460603 0.6041363529051342 -0.03144245293607855 2.65903891468314 
0.9878346403013045 0.6109767365342067 -0.04223422207655379 2.647290878837588 
0.9938756028419014 0.5997426299034558 -0.0461744561930399 2.660600321249503 
0.9516070461452322 0.6608110798517173 -0.07146555009764811 2.564020838898897 
0.9528574931334396 0.6539620390068213 -0.1130002058749024 2.567681701395523 
0.9637154753402344 0.64048825388141 -0.08975865733495918 2.590893213113517 
0.9183381705768888 0.7005067524121925 -0.06277457799259008 2.487910948517289 
0.9137273559295497 0.6986206895665708 -0.1014128548736806 2.47583101154421 
0.9387670948521463 0.6778921914191898 -0.07027548433654617 2.535498373421778 
0.9844543049164973 0.6178883688172838 0.004416718379677702 2.639678314977346 
0.9828457696738642 0.6198637794908443 0.0006049436361980946 2.635635845240001 
0.9865894010038078 0.6141421921327213 -0.0007986599168092268 2.644326309121184 
0.991007716262027 0.6068957117159499 0.01122347270490946 2.654474657595441 
0.9874803555525652 0.6123313463955915 0.009996718237145812 2.646197229166499 
0.9897501770512083 0.6091831104071488 0.004424339940467422 2.651671069759616 
0.9913492795770616 0.6063675177734082 0.01131589993952835 2.655259342763086 
0.9887253263375344 0.6107094373002372 0.01659393718840092 2.649378553518565 
0.9874466236179794 0.6130537681647908 0.009965779276123942 2.646522941712287 
0.9957327321332127 0.5990692114361547 -0.0001982191315510949 2.665281834092705 
0.9959512374557252 0.5986387640591068 0.004683071967643958 2.66576285160829 
0.9939001889298985 0.6020287515179604 0.004441281177663919 2.661017948952672 
0.9553550940361593 0.6600184404418032 0.01357559710217599 2.573108033238069 
0.9483277484580572 0.6692377760002753 -0.001395271910026292 2.557115146099089 
0.9596649527357763 0.6522955197715402 -0.008183637547477808 2.581654381828075 
0.9432719745845849 0.6747888201745006 -0.02333322064354123 2.545149480281035 
0.9327421346636549 0.6860004360181281 -0.03972447641742959 2.521011667032981 
0.9446336121289981 0.6714200274072281 -0.04885480392956932 2.548274318551628 
0.9443452837867348 0.6742500247916164 -0.02327618983259004 2.548192595351479 
0.925464414349918 0.6941141653500905 -0.01826333494836904 2.503486505244838 
0.9320596171248969 0.6860711261610306 -0.03844213623228086 2.51890149946799 
0.9183017558740074 0.6986150296237676 -0.06366316555749131 2.486426781777009 
0.9055618073786613 0.7149608866173668 -0.03653929602204697 2.458247897717446 
0.8969267141205322 0.7178938967211527 -0.0734366257901858 2.437206513377999 
0.9455784515518191 0.6673550534692881 0.07990403471927485 2.550356291238708 
0.9343021062190283 0.6809507321143866 0.05661342658375754 2.523084164953188 
0.9468396427839019 0.6696972627205965 0.03903328956645109 2.553353345286763 
0.9730279658189522 0.6351218043990243 0.007820551916189074 2.613407696940477 
0.9780367690097251 0.6271129532903239 0.01965008173359267 2.624645492165556 
0.9704020635189859 0.6390547723958805 0.02154939848657592 2.607664379617105 
0.9791361064798941 0.6187921113336128 0.09384374941994071 2.627013681324355 
0.9750026573273726 0.6203798926895128 0.1228146696936053 2.61795232372223 
0.9630482532365419 0.6437131390855552 0.09369634939895674 2.591141595791456 
0.9693405016846889 0.6394853286658517 0.0439362357164506 2.605237275018854 
0.9610013640185553 0.6504612638006029 0.03259146695825213 2.585273911124001 
0.9695162648607224 0.6399005213116548 0.02149534680106651 2.605299571820038 
0.989609670077304 0.6079241239407254 0.05178270630793235 2.65172062663083 
0.9803461349096662 0.6218107779086305 0.05235238894904282 2.630081532334795 
0.9848995696720068 0.615633630100872 0.03641470471342286 2.640326985313128 
0.9464663134108723 0.6660176641841312 0.07905276475750042 2.552307376231566 
0.947104300789314 0.6705786530684255 0.04062625502580904 2.554899365094193 
0.9620470516897364 0.6488174050395189 0.05919574436916353 2.588307543866225 
0.9099578011482141 0.7062772914297659 0.07423028550217184 2.467525856489416 
0.8933623761256019 0.7211020610066302 0.08414467130612281 2.429755919402046 
0.8969355050729124 0.721058611704916 0.03723686540625325 2.437409977409416 
0.9469051868243799 0.6664525406918329 0.08102146839246822 2.553649604376679 
0.9311503179470957 0.6862692847413907 0.07961744422156088 2.518648011992395 
0.9345429666958086 0.6814295100509705 0.05626449246596776 2.523983601406405 
0.9474264441346951 0.6658762076335599 0.08062962948067488 2.555018195010974 
0.9357692636078176 0.673954247548789 0.1109371716677159 2.52737867184287 
0.9303800223348693 0.6849568485484896 0.08168205751297758 2.515504523894395 
0.9911277190642755 0.6067356061571687 0.01096760510278673 2.654764628263449 
0.9922469958240022 0.6048761388971756 0.01835877292867863 2.657434505968028 
0.9886397353822601 0.6104092545490268 0.01715590268455256 2.648918531638129 
1.001372883236781 0.5851131411417689 0.07394620654358797 2.678366752969623 
0.9924147469276891 0.5991179148289503 0.08607877801589504 2.658040682335076 
0.994204627218066 0.5977040965358414 0.06175236892950992 2.661265359037088 
1.000043177127314 0.591534723941848 0.0006647516616665398 2.675100488438029 
0.9998728721263461 0.5918241178264653 0.0002151620032281585 2.674705163038169 
1.000191462299521 0.5912762901009134 0.0002073729914248557 2.675440446313506 
0.9994163771584772 0.592849443987773 0.0001140276541056467 2.673795316141556 
0.9997828789003577 0.5919158671831982 -6.479917453755902e-05 2.67445994991948 
0.999613807728953 0.5921863102605182 0.0007652156336509366 2.674058730568753 
1.008396762914354 0.5761105520877825 0.0388563777594314 2.694757842273875 
1.013077551480099 0.5651175413800215 0.01897273062202979 2.703579267814842 
1.015105025301751 0.5620853656024706 0.03429389596679666 2.709191278020672 
0.9888282061105761 0.6105657897356346 -0.0001373757681416472 2.649482085481703 
0.9925102631411331 0.6046111168323564 -4.747627952547247e-05 2.657961795209635 
0.9899715254370234 0.6089035395444644 0.004671032060984489 2.652240979573704 
0.9993061760998557 0.5927740938043242 -6.909437548568848e-05 2.673382822878556 
0.9990387137395097 0.5930480615990771 0.001754942622969519 2.672659464319871 
0.9983803599562542 0.594811869295635 0.0002648019678814037 2.671520016692172 
0.9999376218330631 0.5917153597979257 -0.0001333668890346404 2.67485364326616 
0.9999737906364058 0.5916668467045786 -6.333507232763747e-05 2.674945290750818 
0.9997790134212378 0.5919467308581214 -0.0001081053298246084 2.674463383764909 
0.9999486048647409 0.5916827211669632 -0.0001750526897033123 2.674870253112972 
0.9999983487940507 0.5916022346024276 -0.0003018470256018544 2.674993367189533 
0.9999653090462237 0.591655782815626 -0.0001155974522073483 2.674909457593598 
0.9978778946055734 0.5952400435035903 -0.0002150019072009095 2.670103156690909 
0.9990336399750733 0.5932804048201429 -0.001808091134515906 2.672778516581982 
0.9990383884458651 0.593569608922802 0.0001724663230494223 2.672963971980491 
0.992710513821726 0.6042944606122179 4.643294858324999e-05 2.658439797076332 
0.9937032692899854 0.6022092005915491 -0.005882619212683776 2.660470939846508 
0.996025568220989 0.598897593695138 0.0003119689146060019 2.666149271216525 
0.992728725163199 0.6041962870146994 8.942301480109615e-06 2.658447075984971 
0.9899430472795713 0.6089682533684916 0.0001201281634449927 2.652165890973815 
0.9912396679528538 0.6065572197621524 -0.00474829854696852 2.65497951155777 
1.004261570994033 0.5845583955835552 -0.0104881529038675 2.68517071988969 
1.007212810434769 0.5789352065903859 -0.008380957637074738 2.691667599821743 
1.003979174303833 0.584026629425363 -0.003244386856667208 2.683752859066095 
1.006230510418686 0.5791717592241176 -0.03116475176439744 2.688982299674595 
1.013145071679425 0.5654069764484646 -0.04309377831625313 2.704791004560097 
1.013348627062931 0.5663307766375624 -0.03117177727889574 2.705555209099233 
0.988952933346702 0.6106443251457034 6.691763370973369e-05 2.649940855942581 
0.987844131149083 0.61257952221654 0.002796994921348738 2.647498056605053 
0.9869279448056818 0.6133370046224716 -0.000468238698010151 2.644946640231764 
0.9777584413388751 0.6189958983561491 -0.0981472168806926 2.623311369118246 
0.9746061687900226 0.6224552839512431 -0.1274913032348288 2.618340837115195 
0.9936779782029956 0.5953472909684786 -0.1187922758521709 2.663143591220547 
0.9984348856096859 0.5897187621965143 -0.0673435920550009 2.670853995224473 
1.003801074724844 0.5778943719102682 -0.09001771978471181 2.68363771296893 
1.011463093698092 0.5674657965721989 -0.07249002857643873 2.701917243541611 
0.9193151127582434 0.6990754042661014 -0.06144015196800517 2.489778096662247 
0.8985332484472689 0.7170462733568117 -0.07451691292197177 2.441220016332245 
0.9134549124294152 0.6997877155413132 -0.1036661892698054 2.476400134730179 
1.001113196883155 0.5896998641098837 0.002235421698093805 2.677578786346545 
1.000965280052547 0.5898421962902306 -0.0001698467811977634 2.677167150501094 
1.001742944249882 0.588592036915412 0.001363081100835311 2.67902237955045 
1.000856449206771 0.5898917506530126 0.00202419371832694 2.676834931695069 
1.001834365009048 0.5882209287602949 0.001719344001999705 2.679107869434127 
1.001071907818633 0.5897804540872204 0.005180760321828537 2.677499058904224 
1.001088927664355 0.5899246406572325 0.005554451174669689 2.6776417156376 
1.001915652422305 0.5879949509535591 0.001309312153671341 2.679242489305773 
1.002612328553393 0.5874511539099383 0.00564431627681177 2.681264394442679 
0.9991922100639439 0.5929194853325289 0.006908532241765902 2.673106271256462 
0.9975590566439264 0.596092419949699 0.009242918559203129 2.669602725275255 
0.9959647122379994 0.5985873918922765 0.004853598715452179 2.6657741457394 
0.99905634846942 0.5931045728871941 0.007049266488593248 2.672770908875033 
0.996082402125669 0.5985763084804493 0.004989215002224333 2.666157074183151 
0.9975706258548444 0.5957553585029788 0.003974364939168733 2.669399953574823 
0.9977073223939675 0.5955565456491421 0.004002896552277278 2.669733043819793 
0.9961316436324276 0.5985167400924041 0.004472701516080663 2.666288880800496 
0.9956792448428426 0.5991231122914278 0.0001138498091967011 2.665140212925078 
1.005765922014649 0.5808447502090198 0.006282129226173905 2.687936692924242 
1.004506748917779 0.5834807321936897 0.01634062772789569 2.68537446624038 
1.003229287192599 0.5862403354770147 0.009623764327908209 2.682629667203509 
1.005374934271297 0.5810401097886945 0.006402291177122697 2.686750339215606 
1.003615514382483 0.5859680377374658 0.01007635582307104 2.683771127365732 
1.003688535915234 0.5845521771476514 0.003165255026789091 2.683136388398067 
1.003733755232428 0.5845676384584881 0.003239883184552855 2.683302059162961 
1.00354458814289 0.5855082874121325 0.009535972255605726 2.683263536760777 
1.00242172610503 0.5877861437241142 0.00574445670251527 2.680822264601073 
1.000373567169846 0.591129601188251 0.009897163567695526 2.676001994574527 
1.002717740680624 0.5867014662834786 0.006054064755538407 2.68117313955976 
1.003492145567628 0.5855346751621859 0.009786865411222926 2.683104365314759 
1.000044542816501 0.5914537556663674 0.009553174824828443 2.675091372488775 
1.003515030891454 0.5852787734735495 0.01048833665518897 2.683037110661515 
0.999815498304963 0.5916788449501837 0.01408491009730358 2.67451728052418 
0.9997357733239453 0.5919556512512464 0.01445790280794892 2.674419555616122 
1.003739741403484 0.5847983679986132 0.009924909964121849 2.683491110023418 
1.004180657506523 0.5844883265891578 0.01638913903472547 2.684873618425499 
1.006147802268273 0.5798524613354403 0.02415408057746832 2.688921494912121 
1.003969553546582 0.5846991145288788 0.01647093520232274 2.684274140328456 
1.008393884101582 0.5757865183215577 0.01280620899710357 2.693876123867498 
1.006319554789364 0.5810623843185427 0.02567232833728915 2.690201217119871 
1.008435706474169 0.5755580247310383 0.01247677319855666 2.693852708606555 
1.012403512971847 0.5667240660395905 0.0197133058106141 2.702305845734792 
1.012807988444671 0.5675600448609206 0.01816809184361319 2.704133120028423 
1.008178324224315 0.5764181959271105 0.0121235688687513 2.693499445663379 
1.011705039783204 0.5700567981518424 0.002446506853870641 2.701626135027878 
0.9803271515303531 0.6225119768574274 0.05282172511274235 2.630469283085522 
0.9904690905950863 0.6049515334690513 0.0515673886252478 2.652677585133196 
0.9859590272959806 0.6122277249397365 0.06836344252632566 2.643412969074171 
0.979958812453426 0.6221541454852818 0.05123089318190594 2.628919613595899 
0.9856450721143637 0.6130680268822732 0.0697892256883125 2.642872036037527 
0.9715054982346448 0.6337382457093508 0.06770097561234036 2.609865397038049 
0.9712421952127906 0.6357077977087803 0.06824034078249126 2.610243426288976 
0.9867383450971687 0.6098239508601919 0.06896242806957753 2.64420310599702 
0.9784143023557357 0.6206536455236018 0.09272134942905377 2.626002312983073 
1.006588146152182 0.5769887174685701 0.05396538400955712 2.689917056519707 
1.007618578735385 0.5763658469324249 0.03718068233156516 2.692178944214978 
1.013849046784083 0.5627498412544797 0.05298137881825995 2.706130528348306 
1.006005870043303 0.5768756345304954 0.05222010268417059 2.687752398161249 
1.01452626678104 0.5621826299257998 0.05190506819919391 2.707915172677086 
1.012637349339878 0.5652461868138754 0.07796833064814214 2.705005135892572 
1.012645846917587 0.5625165552486744 0.07969719725691987 2.703735644355449 
1.014049805733487 0.5640906014755004 0.05152646598346684 2.707287458269286 
1.02466607784002 0.5371950768748103 0.07549283297047409 2.730216634868439 
1.000519066097428 0.5895133126502509 0.04990644392815008 2.676732249535469 
1.008061878470667 0.5751327062527304 0.03787673354811948 2.692899875754494 
1.006819056523856 0.5776722052792697 0.05339835314489587 2.690996892645343 
0.9998417508249532 0.5899453688767476 0.04896401512587426 2.674663383823078 
1.006448075357129 0.5778996122848603 0.05507959521667558 2.68991986636418 
0.9949515183763027 0.5968673441367659 0.06335464501080788 2.663355032622182 
0.9947843596592204 0.5978199320492102 0.06382886416355757 2.663418463736412 
1.00681301610521 0.5754689869853628 0.05361494017388874 2.689511083393782 
1.002315234005373 0.5843668721951565 0.07342643734553819 2.681102977000031 
0.9606485810757929 0.6496390226812837 0.05899703071925804 2.584822310737481 
0.9696066574633793 0.6383051115574837 0.04331519774819956 2.605266983597368 
0.9705566137314409 0.6361179871100318 0.06687565192359952 2.608250729771628 
0.9606466549467894 0.6511587546936988 0.0590919087511959 2.585690474246751 
0.9721314285036666 0.6336089749361568 0.06663181109510075 2.611495421137288 
0.9627379068490737 0.6432638483678286 0.09110398251168604 2.589782314646325 
0.9632184850769806 0.6423914483952275 0.09236950930982928 2.590864799169262 
0.9705275684423256 0.6349152317155748 0.06560007830769403 2.607199514394622 
0.9777183371728804 0.6217950201481409 0.09390379429195007 2.624410561430073 
0.9997661700114266 0.591422286191677 0.03320386385936988 2.674615586184786 
1.007582603454307 0.5766476001706683 0.03855077189820889 2.692250494191141 
1.000261402675263 0.5883963285187965 0.048788740815508 2.675173293408872 
1.000712536747953 0.5903064364571657 0.03360872163024296 2.677085794975646 
1.000011807226093 0.589803699095427 0.04811223568265658 2.675110669787034 
0.9939397192194509 0.6021284539836641 0.03779666106716801 2.661875925566451 
0.9936121096958482 0.6022440507026895 0.03635452216520305 2.660785390521659 
0.9997109268679247 0.5901014567778882 0.04959799297777796 2.674311408388101 
0.9900443518910795 0.6055603105499615 0.0519675570941935 2.651787331550807 
0.9901264445838429 0.608326659570659 0.02927708984415288 2.652807115802255 
0.9959932252791468 0.5976504763817825 0.02680748543946701 2.665610787905629 
0.9940327868152334 0.6007242358824759 0.03649689917490359 2.66132157892657 
0.9898061731050403 0.6082634619269951 0.02831459141715178 2.651672384301863 
0.9938580592860513 0.6011773027722958 0.03761826739804777 2.66101875965763 
0.9854288138512898 0.6142649001370617 0.0377357357983533 2.641320047243726 
0.9853204035005083 0.6160785039178137 0.03825046943297151 2.642078857386611 
0.9944645991718828 0.6005543883570268 0.03732470025116071 2.662542392435116 
0.990105008289817 0.6071080973363978 0.05064857535474352 2.652849922601092 
0.982909887229416 0.6204573492740101 7.5269630854387e-05 2.636219472088049 
0.9849653119847941 0.6169772089382229 0.005184497195987433 2.640773542583934 
0.9809490153493229 0.6231629066594809 0.006102530522638182 2.631522709092073 
0.9830510486813532 0.6201254298432004 1.690058399900725e-05 2.636466168763235 
0.9805518892248033 0.6240199341686022 0.006745991890968586 2.63074436684253 
0.9780988991701702 0.6270556563802994 -0.001975980049571154 2.624654097682461 
0.9782627205338742 0.628216340740452 -0.003002752981087213 2.625958578043325 
0.9811280739299499 0.6236179541043203 0.00687811795010947 2.632347092251001 
0.9737776106144794 0.6335479700898107 0.006959334679556768 2.614833694776316 
0.9948607196684925 0.6010846711677864 0.0117899650773464 2.66368126219416 
0.9975905211336774 0.595769595154113 0.009484416135162215 2.669498927477117 
0.997003909672654 0.5964765518811139 0.01565806695178215 2.668064677736996 
0.994613224871313 0.6011170420427134 0.01107881224177221 2.662867527631022 
0.9969591388736062 0.5966068922388862 0.01622761994496846 2.667991339281769 
0.9926227601227339 0.6037467846431391 0.01843357313416536 2.657995988674288 
0.9926051820605079 0.6048741305216676 0.01891550838096854 2.658615453240649 
0.9973509946293462 0.5961550005432935 0.01594273649040919 2.668981041629721 
0.9957201530807435 0.5984051777684875 0.026027734590018 2.665183123051706 
0.9806569508431334 0.6231526512766388 0.006876043516238553 2.63056291639914 
0.9847861734789889 0.6171482979398376 0.004879250806650318 2.640297445276795 
0.9832255237504096 0.6198579355238609 0.01235843499852272 2.636943830850802 
0.9807402536060119 0.6241144020303536 0.006215106458647804 2.631415625828079 
0.9839626492956279 0.6188141520088531 0.01242623145100104 2.638650806542246 
0.9778622437432307 0.6275696889730101 0.01848922238640892 2.624429114917939 
0.977730267341677 0.6271533323614688 0.01986339249219195 2.623746282257531 
0.9833342915992854 0.6194038118402281 0.01180624903567306 2.636974495752267 
0.9833714970269273 0.6190403429435698 0.0248163349501209 2.637136215451472 
0.9994746904299858 0.5922246625480143 0.01343704181569202 2.67368422868042 
1.004042309575845 0.5845091520266346 0.01700200789664208 2.684429642092333 
1.000787345787687 0.5891836347337057 0.02311090677200781 2.676460763264391 
0.9999819373632836 0.5915821787688981 0.01358719095246253 2.67499081558621 
1.000615495494845 0.5898451351963466 0.02286760763355607 2.676260785603287 
0.9970488288006026 0.5970359891465498 0.01637866088345092 2.668547898556411 
0.996849075911732 0.5972634438682448 0.01539306758983392 2.667991989264669 
1.000478285665793 0.5898306003776131 0.02383016583579724 2.675807979703554 
0.9957384033186782 0.5974936594550401 0.02667918870281263 2.664721203920603 
1.001102472680557 0.5903307023677845 0.02443318417030802 2.678203838641415 
1.004466068336979 0.5838716133094071 0.01675749057944017 2.685448627899718 
1.005936422162213 0.5804392478158906 0.02447477156840737 2.688539938246282 
1.000566924221339 0.590684066424862 0.02335994931261563 2.67659261184551 
1.00605190644207 0.5803586094223854 0.02529350622021832 2.688883753934097 
1.000386640232966 0.5898142971801644 0.03371097887893935 2.675793651108715 
1.000441227828205 0.5911104784310418 0.03492399369659887 2.676756865907186 
1.006426308152895 0.579637287002947 0.02468313623755375 2.689658239227104 
1.007638222283439 0.576533132169517 0.03755464475459627 2.692366531787811 
1.000033733286321 0.5915680976057952 0.001707084467926057 2.675089879301782 
0.9999996818292407 0.5917400405867306 0.0007393776840710994 2.675077050323147 
1.000452485633761 0.59073167640974 0.0009194855888683977 2.675987177447493 
1.000043420518153 0.5917068041344209 0.001979818745153266 2.675204341588142 
1.000512063049614 0.5906082007618122 0.0007607285006936033 2.676111791544898 
1.000920556589884 0.5899569894567177 0.002111648444716118 2.677088895129938 
1.000987420576338 0.5896751647703926 0.001967438135860471 2.67714535445432 
1.000394500088316 0.5910246951944819 0.0007672338201872333 2.675966298159867 
1.001005440159009 0.5898535938041248 -7.493924893849853e-05 2.677308193545372 
0.9992123237165841 0.5929329415671407 0.006610252254222946 2.673185292211564 
0.9997537466233885 0.5917865238318016 0.004324080299323459 2.674293171303618 
1.000773694720745 0.5900903743621748 0.005764221734041393 2.676693771620149 
0.9991187226813436 0.5930407435047657 0.00670200633592971 2.672938442392105 
1.000903978302439 0.5898475295488737 0.005427348151852167 2.676979270114753 
1.000469646770068 0.590984097361577 0.009123806781021331 2.676235398895895 
1.000462533824063 0.5907324484406901 0.009314610873626433 2.676059899587573 
1.000685894451504 0.5902457868516251 0.005456051450860083 2.676486303919976 
1.002497423018506 0.5870803640882305 0.006435581502301577 2.680667555203161 
0.999637922492308 0.5922722971579412 0.0007853213172364211 2.674189745224529 
1.000081610224096 0.5913543381839739 0.0007313332065009057 2.675121358000794 
1.000008581352483 0.5916000933692261 0.001685979225071329 2.67502519404967 
0.9996110068516278 0.5923400869028036 0.0007025748972244883 2.674139967139645 
0.9999785064537712 0.59145201782464 0.001969716927076023 2.674837828539156 
0.9991958652908248 0.59311004563535 0.001689537397332496 2.673218328838847 
0.9991118582424292 0.5931597819315942 0.001679734334912204 2.672968400588628 
1.000110072127741 0.5912639626011426 0.001724222279227927 2.675162412558543 
0.9998347104321408 0.5920398753038448 0.003976616495530406 2.674713485718856 
0.9922750255430399 0.5990624794880708 0.08723973190264023 2.657609071741562 
1.001882261110881 0.5824813964084767 0.07354320717977439 2.678503324546624 
1.00463076485043 0.5757769608146059 0.09724885332314728 2.685811385745008 
0.991529185194009 0.5986314443158424 0.08483798528029797 2.654666303720194 
1.004996217287358 0.5756259353819002 0.09739095670284618 2.686744630206816 
0.9918718345633614 0.5965914586242195 0.1156204486749097 2.657696547688636 
0.9916011160544854 0.5958604611512119 0.1174324135035639 2.656458276095121 
1.005278972920972 0.573162003204891 0.09660072044855668 2.686277823034066 
1.009713851719048 0.5586178278145304 0.1291438733573496 2.696625052094277 
0.9998468219442884 0.5919909839704712 -0.0004353972121493042 2.674714453555702 
0.99990841210808 0.591728929338767 -0.0001081205046688855 2.674764516218174 
0.9997656569818211 0.5919559956588279 -0.0001038272151171457 2.674424509479994 
0.9998808862227293 0.5919697162011069 -0.0005342818606768748 2.674815146575547 
0.9997760885277993 0.5919504162369995 -7.351164773987496e-05 2.674455880237289 
0.9995621985468305 0.5923452438753665 -0.0007614064938032988 2.673978387833767 
0.9995271680144213 0.592357009950753 -0.000769333360910833 2.673869313651625 
0.9997893516311595 0.5919878571951791 -5.137624556241241e-05 2.674521954302552 
0.9994680494726985 0.5926577790406778 -1.274041016940547e-05 2.673850878492835 
1.000165197833522 0.5914603488110791 -0.0003260231663986272 2.675408211087505 
0.9999494025418552 0.5912244130800081 -7.850018623815082e-05 2.674822100853538 
1.000024925420077 0.5916912369512491 -0.0002664343661265294 2.675046856834824 
1.000143251862088 0.5914102807353724 -0.0003650100255597694 2.675359935245227 
1.000033943896956 0.591567881350845 -0.0002082659160290386 2.675090161741522 
0.9998714569713786 0.591698229071455 -0.0005405076815994895 2.674627836295915 
0.9998529995271719 0.5917866030088338 -0.0005280023587057684 2.674616796992611 
1.000056404783115 0.5915637724477343 -0.000293864108485449 2.67516390911784 
0.999911403878998 0.5917057294125162 -0.0001775285932283978 2.674760083397415 
0.9990578022393769 0.5932412784233737 -0.001810682260606835 2.672834927480299 
0.9977729699809816 0.5954324416353606 -0.0002141483020783745 2.669870407349362 
0.9982991787741 0.5947966319191226 -0.003451915901398844 2.671244096910442 
0.999096479431847 0.5933028128663389 -0.001736181693353127 2.672998573436382 
0.9985556589993213 0.5938863201456432 -0.003664783635938724 2.671553225041905 
1.000124031167146 0.5914093426835375 -0.003086983780912102 2.675299782973863 
1.000053978722282 0.5913323540219129 -0.002816461096620884 2.675020522139541 
0.9984054346140334 0.5940585242219152 -0.003806713159186173 2.671157164504486 
1.00019851248184 0.5915505104159136 -0.005510986547480021 2.675641120194426 
1.001067945381634 0.5901190497664238 -0.001547878520525032 2.677570700552917 
1.000555382620747 0.5898933995892256 -2.659827315524765e-05 2.676164294695075 
1.000450247417066 0.5909240469338466 -0.001023742179090112 2.67597705744798 
1.001011670576568 0.5896506704822693 -0.00173267450355157 2.6772265813192 
1.00046284476499 0.590659761679972 -0.0008588786638167952 2.675993228963036 
1.000185442438931 0.5913978020964451 -0.002893017458953737 2.675502852362349 
1.000141337545499 0.5913521965893583 -0.002783224508048457 2.675327535547289 
1.000535890599175 0.5908355871912467 -0.001102945725905767 2.6763421201741 
0.9999394233169774 0.5915945434012637 -0.001578446265842358 2.674792786261943 
0.9991769239719854 0.5931728388027895 -0.009047554924810184 2.673222899312085 
1.000485238159236 0.5912785394562906 -0.006065576395997743 2.67643563035238 
0.9981689192564506 0.594259424416005 -0.003474138231014276 2.670489847782646 
0.998964092242755 0.593649409464319 -0.008920913516009271 2.672796487843895 
0.9982755118165136 0.594281026404368 -0.003083079358096456 2.670859844937861 
0.9966526716649475 0.5972739959249866 -0.004065878361155829 2.667263329747055 
0.9969273335185989 0.5969009988802496 -0.00392011004550972 2.667946974832908 
0.998442181186231 0.5946611237060533 -0.003727868421034613 2.671639207304029 
0.9977782928208707 0.5954949139270009 0.0001500582963784829 2.669925186712154 
1.001499982099232 0.5877743079197298 -0.008419063237907096 2.677817272814625 
1.004087910902278 0.5839815664850145 -0.01028851600458502 2.684244217968428 
1.004335373256341 0.5844916840083749 -0.004049490228113829 2.685255344817725 
1.001735829212098 0.5876192396734824 -0.007984997673383376 2.678509648157199 
1.00417384773723 0.5845916708949364 -0.004110198282882809 2.684774508950926 
1.002191440115984 0.5877769261194461 -0.003654800344053396 2.680064747730728 
1.002160887483629 0.5880814669059332 -0.004035132827348069 2.679955127537078 
1.004156046363878 0.5851440505248926 -0.003604996640782909 2.684936272388096 
1.002840796519258 0.5854373735645972 -0.0003322158478373587 2.68123946192362 
1.005957521329309 0.5820760461569021 -0.01784231633638868 2.689447037216685 
1.007065132723794 0.5777341981507108 -0.03079405690806215 2.690933040826688 
1.011615691628446 0.5701521332685515 -0.01846336114009045 2.701547568500176 
1.005691168213261 0.5819992296751896 -0.01851957472873595 2.688531766733261 
1.011073008839792 0.5710561747696802 -0.01708768404027449 2.700204785969065 
1.007274585001593 0.5774130590477673 -0.008346996992907252 2.691014029538405 
1.00732605112573 0.5791440783675333 -0.008776209680869965 2.691927170489241 
1.011776550494355 0.5708100586635436 -0.01691613426170626 2.702215425487774 
1.011353518911291 0.5691252276457944 -0.00350707090850435 2.700681563122979 
0.9860239495544438 0.614298159391213 -0.01022591339852774 2.642617689019442 
0.9823916049086643 0.6207965210731807 -0.006754365047468069 2.634732568215397 
0.9817750423104503 0.6220039617163304 -0.01387110736953519 2.633556944425005 
0.9861518631548241 0.6144027536358793 -0.009676736308030079 2.643098177948809 
0.981986908568613 0.6216810798049033 -0.01447595116018497 2.634043919694817 
0.9868824151553627 0.6141436445479207 -0.01628707676045991 2.645432710885248 
0.9868878759724012 0.6137860861306592 -0.0162266367708492 2.645194111311262 
0.9815511680611069 0.622112729719173 -0.01436304405653456 2.632859219514708 
0.9823872945373241 0.6200540947340333 -0.02360779933476359 2.63453407891063 
0.9913251742652375 0.6066756238882351 -0.004189630857647278 2.655321715228919 
0.9892535276182819 0.610121579593332 -0.01031882855305092 2.650663946336499 
0.9926952883536809 0.6041882458435488 -0.0129608921958766 2.658423703557981 
0.9911083676757017 0.6069286474219526 -0.004600604836370053 2.654757187709591 
0.9926824476824027 0.6040658220046027 -0.0124967344633915 2.658303427447686 
0.9937890909486526 0.6019438392480853 -0.006043215311785233 2.660602922800674 
0.9938152482862714 0.6020972911561043 -0.005826785421885512 2.660785557094012 
0.9930130444173222 0.6037849119863022 -0.01270906819715453 2.659212303206813 
0.9963904606791268 0.5983128083774349 -0.01253846294228669 2.667078800697386 
0.9992224747054299 0.5928130687015669 -0.008767629460432169 2.673165630103497 
0.9963438588945125 0.5981258618184033 -0.01226428048539378 2.666788303288119 
0.9998328641332817 0.5912409174749728 -0.01400476998815472 2.674338866473992 
0.9989701792108029 0.5925158275045385 -0.009421259519684441 2.672159523645945 
1.000139522535888 0.5910288985405815 -0.0139909643510269 2.67521225657612 
1.001978998959639 0.5889185747795647 -0.007945427059029026 2.680033471057583 
1.001867015239896 0.5884988086521681 -0.007381135550061454 2.679424053806842 
1.000349217877369 0.5912653313681487 -0.01439146318516458 2.676034714759159 
1.004010606068343 0.5831650301337697 -0.01077812559471352 2.683512362865933 
0.9983168132439414 0.5932932793732772 -0.02136427498618441 2.670592733925187 
1.005841376047554 0.580643706151951 -0.03105873609979572 2.688538713493336 
1.005555786572085 0.5808170267758869 -0.01863897463951894 2.687409329230695 
0.9992856204513341 0.5924092414532153 -0.02089304168164991 2.67328220197841 
1.00521577690366 0.5811384278095997 -0.01882739479778092 2.686467442243501 
1.000110000592461 0.5919681834882934 -0.0137868539961474 2.675644358088544 
0.9998343689202577 0.5917063289564474 -0.01488542131216283 2.674589358749467 
1.00512323261084 0.581525985683235 -0.01803493822431973 2.686367665266632 
1.004113131494731 0.5830866789108264 -0.01072459866979193 2.683806881936619 
0.9935708553680014 0.6007124931078321 -0.04737918536999262 2.660166249917479 
0.9986955895932039 0.5899699357936192 -0.06648969711607462 2.671864016184515 
1.005177178481501 0.5802671282925711 -0.04782650119427696 2.686758847056474 
0.9943646593144243 0.5997141490814178 -0.04694947434447202 2.662139769660304 
1.004454834925194 0.5805587029029686 -0.04727293095052084 2.684533931865367 
0.9995997567757327 0.592867375083808 -0.03487583292135377 2.674972607544317 
0.9989262115374491 0.5925732619313443 -0.03718624644106 2.672622324265509 
1.004532831722585 0.5807246718628806 -0.04662485521672251 2.684847993915271 
1.006451269036275 0.5783109041322686 -0.03096081869697504 2.689279526129191 
0.9890772472401848 0.6100271169605191 -0.01966253215686619 2.650118359844349 
0.9922358216404532 0.604320169848007 -0.03125927970443215 2.657400492089656 
0.9952674026085803 0.5987188643131037 -0.01993036150417555 2.66373118968151 
0.9896753574955087 0.6088431142439038 -0.01946231442380568 2.651351298168502 
0.9952585821880895 0.5996783230771711 -0.02028892670665648 2.664277916295362 
0.9930218310441576 0.6041197525386957 -0.01215630677597816 2.659424926911715 
0.992659772166629 0.6044594165795933 -0.01286106729344622 2.658434044014271 
0.9951002483803467 0.5996089046477768 -0.01930325449444822 2.663696310324204 
0.9963503378823002 0.5974640903814316 -0.0120896417179551 2.666431162458024 
0.9693259849264729 0.6398495048894407 -0.0618466746347005 2.606470516836177 
0.9528887722361266 0.6591280635949945 -0.07169903905884097 2.566998040872174 
0.9639851701015218 0.6407031643357876 -0.08867302912247156 2.591729562446427 
0.9679600557375434 0.6406672736156407 -0.06315597449516853 2.602629609792702 
0.964845695298675 0.6402933172705952 -0.08850509268754253 2.594173105761334 
0.9773712163668365 0.6243827522843974 -0.07286270280235095 2.623307663268357 
0.9778575792901315 0.6254846264238814 -0.07109597417343794 2.625426383698201 
0.9651773805016896 0.6400510983495694 -0.08901653062714775 2.594972320122219 
0.9779749698459872 0.6196639644177794 -0.09769761363209617 2.624375115681091 
0.9874261237668374 0.6096152452629491 -0.06520149060921264 2.646429437023519 
0.977896814568557 0.6255151070719955 -0.05398792165170065 2.624453506487495 
0.9773354164024879 0.6246388336172101 -0.07262619652907937 2.623312313706424 
0.9880628257839073 0.6107580057679584 -0.06364640630165576 2.649098238367481 
0.9773126391387615 0.6251666001363977 -0.07308293681572264 2.62338870656173 
0.9907393512190645 0.6002942908852679 -0.08292346269091933 2.652967952770213 
0.9914875265094415 0.6003271455954695 -0.08394877597063784 2.655467549961575 
0.9766754843787788 0.6259287796843056 -0.07310753274990331 2.62189304851529 
0.9782932721741852 0.6194732806921749 -0.0982356684581415 2.62527124742628 
0.9765201512436017 0.6305204770078031 -0.02475674749622401 2.622052926930599 
0.9668675682356455 0.6433454738024508 -0.01992598322250319 2.598913969167678 
0.9696363504750239 0.6372306700937695 -0.03740341979300874 2.60445828344409 
0.9758915872408198 0.630867724560534 -0.02504916836053188 2.620223855715384 
0.970743466610283 0.6366883244294191 -0.03852697055640002 2.607707688185309 
0.9804182192784936 0.6230685659792563 -0.03655704980006982 2.630383080157165 
0.9808529417552589 0.6238338832356675 -0.03501859014342976 2.632217875946707 
0.9704928674162105 0.638207098741019 -0.03834030154619039 2.607771423203621 
0.9773984917198689 0.625140860896233 -0.05287424390738396 2.622575578056749 
0.9868352780077261 0.6143277788046649 -0.01506267226155436 2.6453257570436 
0.9828858973034409 0.6197064651712808 -0.02405998433401426 2.635950718184866 
0.9869507639092414 0.6130222855359393 -0.0299949751255819 2.645300408889316 
0.9863349037636963 0.6147636797821577 -0.01558940323030173 2.643954013393484 
0.9870978644050677 0.6127980026727091 -0.02945134498282313 2.645633248057902 
0.9892466899661002 0.6091774586006082 -0.0192297212184654 2.650175954718477 
0.9893692292203864 0.609617420396157 -0.01835485805457102 2.650827709900363 
0.9875580427842867 0.6122951238258414 -0.03007911347922521 2.646834446598086 
0.9923045448659653 0.6044979640518502 -0.03258490579979969 2.657772714679413 
0.978552272079375 0.6270027857252226 -0.003701246054015494 2.626103594389092 
0.9729357622643312 0.6349336639503147 0.007601082673709176 2.612968233598197 
0.9690150600783836 0.6402548631392211 -0.00241187406177359 2.603719335996377 
0.9789126359286876 0.6267961618562081 -0.002836247558070107 2.627134948153623 
0.9694230281745506 0.6400857300817826 -0.003931510774101521 2.604931597774385 
0.9777755579052221 0.6290956771951671 -0.01213170274843823 2.625020964234713 
0.9780362566773244 0.6285939965064394 -0.01188868641005104 2.625518368226238 
0.9685077318871879 0.6411082496876367 -0.003615655803147478 2.602582704025868 
0.9671400144648514 0.6420098771948672 -0.01848009081172295 2.598951843953923 
0.9871679870665612 0.6127413416378529 -0.03086153652365507 2.645857185633196 
0.9823960271979543 0.6214887089186506 -0.02498047954586164 2.635512252365149 
0.9804310306389259 0.6223605421064332 -0.03586054780343925 2.629931874173786 
0.9875201067844646 0.6132816650771796 -0.02980720777592339 2.647312376623022 
0.9803903490456739 0.6227595500921881 -0.03605335643410047 2.630003365794582 
0.9872649028049971 0.6108474342264798 -0.04228759090180074 2.645400454125852 
0.9877383089781396 0.6106357318465194 -0.04309940580561646 2.646850524449605 
0.9798927039881179 0.6244069689451485 -0.03633421940823583 2.629458284838525 
0.9783533042969951 0.6246592692567737 -0.05318552275586007 2.625365511470778 
0.9862961563964304 0.6150316028515025 -0.009919603887310236 2.643978694264674 
0.9891173265294064 0.6106777165495552 -0.01031265917432222 2.650569678932769 
0.9883130688498619 0.6112963933891318 -0.003286166631981403 2.648232574982376 
0.9860814324874155 0.6152323578696978 -0.009516459564535116 2.64339847101412 
0.9882897507573135 0.611235636732376 -0.003653918879961878 2.648121640681905 
0.9864034418190181 0.6148001470744838 -0.002550579681723445 2.644128140505716 
0.986786116684596 0.613555537521027 -0.002941220624221204 2.644616402590982 
0.9883562060631801 0.6114340011298051 -0.003538651618993217 2.648471931061586 
0.9879386819908264 0.6123838163101004 0.0001901864823285755 2.647681834540017 
0.9587413063828094 0.6563013484329094 -0.02123258988070851 2.581541658305997 
0.9435565001816729 0.6742218884023624 -0.02292235939524463 2.54565130133444 
0.9449104047306022 0.6705210128571746 -0.04654076906859442 2.548231341993671 
0.9576882624070245 0.6569642017897177 -0.02147025883847907 2.57861593492337 
0.9457318921602302 0.6702047361488469 -0.04686777386967161 2.55062169048658 
0.9593749161524826 0.6528833462890352 -0.03995598287456479 2.581949430230024 
0.9602975878719544 0.6537659605360803 -0.03694672051460944 2.58526704160936 
0.9457529375028866 0.6701809501308714 -0.04767549539334418 2.550659839925318 
0.9521370410028335 0.6592960523372525 -0.07082154492057265 2.564933400299426 
0.9778072143145246 0.6288189541678926 -0.01093749536109211 2.624898967853276 
0.9680092762386218 0.6414191712478035 -0.01987386257708154 2.601389623132949 
0.9763260431320413 0.6309006114433657 -0.02535688340432169 2.621728754618156 
0.9769209317557032 0.6291381031936164 -0.01095982696875408 2.62219897199282 
0.9759623856895515 0.6302455080282618 -0.02387984976561156 2.620073516794664 
0.982030043838377 0.6213583019523319 -0.01411627918458339 2.63395850838883 
0.981862771213366 0.6214908076477189 -0.01373640313996214 2.633486974005276 
0.9765367145572184 0.6298686231894103 -0.02460344311486869 2.621707189784041 
0.9826755991770377 0.6208089223220564 -0.02498608933192676 2.636011079319002 
0.9669562373981252 0.6450711098811983 0.01098432766145564 2.60020853227912 
0.9560231650212353 0.6577559333276011 0.01294817493239007 2.573800733736027 
0.9597376055374424 0.6545703805674739 -0.006771493247650452 2.583483168930194 
0.9661860079308597 0.6457618165458154 0.01077541804505947 2.598183029472763 
0.9599307062202146 0.6538249963549123 -0.006175169226688287 2.583550459232933 
0.9688713336815122 0.6404761388045247 -0.003919696363161118 2.603360648268764 
0.9692244653975493 0.6402984525958736 -0.002854410824868743 2.604356695675663 
0.960639943831946 0.6535061735186241 -0.007482335405287701 2.58560425000169 
0.9669733629649401 0.6445754044695626 -0.02067247208164655 2.600227213442838 
0.9149959911344789 0.7053084275329604 0.01634541273635586 2.479553738759762 
0.9306252145289049 0.6879110890388288 0.02729950794811432 2.515152933146324 
0.9195616281769046 0.7013461487836824 0.04605330720808325 2.491474577768451 
0.9148810383714683 0.7045541446213401 0.01465664559426479 2.478311170286792 
0.9198925070334916 0.6995970882623347 0.04653825372122453 2.490852472485233 
0.8995392890592834 0.7201670233794776 0.03616450560865412 2.44468532024062 
0.8976849635029572 0.7198821460068632 0.03838949627102614 2.438878252971192 
0.9201778903785216 0.6988113563317276 0.04702339228752791 2.491304568757287 
0.9089698880825873 0.7092088583201887 0.07426558681826234 2.466909097522569 
0.9341499847265711 0.6831430227078595 -0.003540880070911823 2.522328168022447 
0.9299874976227789 0.688670839300904 0.02626958570884452 2.51367107466211 
0.916256401698273 0.7051267035686125 0.01475302800771664 2.483188143104936 
0.9355799422746167 0.6831278919645813 -0.001638438585979075 2.52677423507311 
0.9156307828308444 0.705309476527014 0.01425351216780346 2.481268247209536 
0.9247112694461505 0.695326502588802 -0.01763871710363024 2.502233652500805 
0.9247607693739729 0.6938658353967062 -0.01971703535143631 2.500881800927806 
0.9151875855344358 0.7062916134918851 0.01518900607060327 2.480436733940214 
0.8990760716230023 0.7215023414056266 -0.003941661409794933 2.443302818844995 
0.9699655719660856 0.6383812431203623 -0.03930490619461017 2.60637737815285 
0.9668997802617546 0.6444765381725395 -0.01977848704241598 2.599831951390979 
0.9600667348693537 0.6522157138959119 -0.03884436454402032 2.583604260667131 
0.9709042803108832 0.6393958005498565 -0.03676598302476722 2.609909099713507 
0.9596710460961393 0.6535083203908055 -0.03872100730357964 2.583032285470354 
0.9672837535065332 0.6385015729253359 -0.06301373040989031 2.598998876428755 
0.9677786766867528 0.6385606331768794 -0.06474429805533347 2.600771760727433 
0.9590303377383106 0.6547720420998576 -0.03833498918593548 2.581861793628207 
0.9528598895816077 0.6590604152653955 -0.0712832596342142 2.567064265001752 
0.9460922617589547 0.6729071645590641 0.0193600201686763 2.552499181485239 
0.9307168677819134 0.6874968482738558 0.02600009499436262 2.51527926593432 
0.9342214799881274 0.68592077223575 -0.001462313245110437 2.524696251114184 
0.9450248079514816 0.6733699601633408 0.01939981049083637 2.549518035297294 
0.9346307034832392 0.6855945873939243 -0.001254666273033792 2.525580484187361 
0.9480573144899667 0.6679899592474532 -0.002284300368605968 2.555333763752001 
0.9486814347969821 0.6678007969885745 -0.0008248610859574631 2.557132692932848 
0.9352171913419655 0.6853051178458035 -0.002566688141646824 2.52717423819988 
0.9431259655673651 0.6757867873924384 -0.02351967265700426 2.545619386430555 
1.005295929526113 0.5820261891405411 -0.04585999264758343 2.687994634623849 
0.9990312563913291 0.5891634932250074 -0.06672385304110562 2.672404066858709 
1.010646027829806 0.5670141758015883 -0.06986297888495824 2.698777383403339 
1.004354032832349 0.5815559850691133 -0.04776129616745555 2.684662717535359 
1.011279790750206 0.5666505108624105 -0.06968165656142816 2.700622045240845 
1.01398384512725 0.5645884821157717 -0.04400730315360253 2.707233323204781 
1.013783311277642 0.5684957500112657 -0.04191880578245481 2.708240640887778 
1.011814507348884 0.5659685108295641 -0.07054647193011132 2.701834248245197 
1.025312087336121 0.5348021811432137 -0.06224051532029791 2.730965480154401 
0.9952528719384294 0.6005724467227899 -0.01817144877629541 2.664746928290042 
0.9929117957993145 0.6032399222623321 -0.0318408616035737 2.658956734675745 
0.9988656948599661 0.5921735071772823 -0.03530300477078865 2.672164332665112 
0.9945585500578374 0.6007232864624652 -0.0194411789373263 2.662559718831273 
0.9990683829249216 0.5922567513854005 -0.03435294733394523 2.672857656655319 
0.9985666557334349 0.592555308022919 -0.02029618875727945 2.671023370641009 
0.9987786858574947 0.5938674420859568 -0.01918077583852855 2.672419678421935 
0.9998520325113704 0.5910695853672576 -0.03526713416880599 2.674758392678495 
1.006089533643805 0.5799556685453519 -0.03233258146951272 2.689008063017073 
0.993400153364568 0.5901215042788394 -0.1169786563277832 2.658738706569312 
1.012443589278088 0.5518148068532931 -0.1208437443547664 2.701738242740958 
1.004382907889976 0.5806485938933408 -0.08905229123751834 2.686849301063344 
0.9935345029262869 0.5934348979781682 -0.1157029349055103 2.661209404436315 
1.004291617481897 0.5783449552646657 -0.09148352573096066 2.685714131283344 
0.9907746286665062 0.6012479689010422 -0.08319058154656434 2.653536693139692 
0.991340287241019 0.6006199214966571 -0.08295551976729751 2.654945439238222 
1.003337575621564 0.5783028747215632 -0.08976308561471244 2.682372808098035 
0.9992704709928066 0.5901953408362709 -0.06542280230338221 2.673780873494227 
0.9881275287443622 0.6119370118264874 -0.04130382291048863 2.648832102969693 
0.9784054670996871 0.6246197958574262 -0.05355207433738997 2.625449137061083 
0.9869917303629402 0.6091287249322604 -0.06346079862606609 2.644595765291739 
0.9871637823947824 0.6122973522965599 -0.04261357011000855 2.645918663106001 
0.9876314688494622 0.6088061741236475 -0.06333955629349675 2.64646610403278 
0.9943848060183722 0.5991024966921055 -0.0468317970604506 2.661946929543849 
0.9947079563348039 0.6007646764918012 -0.0448876804707864 2.663886905453279 
0.9879861912693189 0.6085394863039878 -0.06412356223579101 2.647418201802592 
0.9984853722936099 0.5899911218625623 -0.06675827096201124 2.671231448302308 
0.9522893083867696 0.6563292975666714 -0.1159544045654462 2.566929360618114 
0.966263565611867 0.6202992894727218 -0.1643627517061798 2.596160333856757 
0.9732080696210402 0.620489918844031 -0.1257988364555662 2.612686647415239 
0.9545929904646526 0.6525606795333878 -0.1149878869067665 2.57212948484158 
0.9733566434426871 0.6249418067681268 -0.1279254879580646 2.616043408779524 
0.9642758926687057 0.6416193889705352 -0.08764237052353573 2.593207616580447 
0.9637146499121179 0.6426457976298673 -0.0893157756592004 2.592067970213569 
0.9727564938858795 0.6245327107872547 -0.1257014991202897 2.613641270318463 
0.977680862519099 0.6188877315903381 -0.09784560363401314 2.623046878299648 
0.913280204635457 0.6997255881332288 -0.1031297954675248 2.47498347967868 
0.9183818905591074 0.6829131766878805 -0.1499472656107367 2.485235280074451 
0.9397799840976789 0.6740092146821046 -0.1018383966675948 2.538641049796462 
0.9154027974171113 0.6978054117736229 -0.1029400125090641 2.480381097293948 
0.939197667788807 0.6730256480885261 -0.1049419109050811 2.536975548484208 
0.9383838200056875 0.6781534526663343 -0.06962728532541332 2.534437335845319 
0.9373578935051488 0.6782830312030002 -0.06995804525829898 2.531227453835498 
0.9382941503267432 0.672375719889912 -0.1015709118796788 2.533170475998176 
0.9528723180316221 0.6593655049089745 -0.07084096456137377 2.567116027975198 
0.9826916500934981 0.6203160925763893 -8.329461004011981e-05 2.635406382077062 
0.9826353149096312 0.6196403120700967 -0.006005448607826616 2.634818379280795 
0.9870090092340846 0.6142940273181825 -0.003248588201023063 2.645811399905435 
0.9830564066660292 0.6198153478040469 -0.0002814325501965866 2.636295917121994 
0.9868294976290879 0.6143366287289683 -0.003509472500551447 2.645247489906666 
0.9868771842379813 0.6139540909597881 -0.0003534444979514349 2.645153159544721 
0.9863857642316292 0.6146765534285664 -0.0005462845791137396 2.64399677653766 
0.9865901185815263 0.6137317845934435 -0.002619558590462699 2.644081644419038 
0.9878930217510784 0.6123271622442898 -0.0002230445722989471 2.647497950561683 
0.9872804796108541 0.6130826563224838 0.009691040238488333 2.645999677080503 
0.9845756131527316 0.6168262151699699 0.005447922624275521 2.639419366873633 
0.9876754086568021 0.6127956298252024 0.00303859359532707 2.647064833874309 
0.9875739996905619 0.6126532979651671 0.009252168527971805 2.646701177083151 
0.9875383001148017 0.6128548145005142 0.002971303910264116 2.646651811314155 
0.9899619758779376 0.6089011107979839 0.004707280488057838 2.652190761383023 
0.9897216759124058 0.6091358445798162 0.004780838271460297 2.65155765647885 
0.9875608584848077 0.6123566702032495 0.003287129864789177 2.646428245627668 
0.9890170418404356 0.6105525897600157 9.933494272519134e-05 2.650097240957359 
0.9890059462949904 0.6103645039795548 0.0174085545729035 2.650023700277601 
0.9839876416288856 0.6181095641018785 0.02403368608875256 2.638580236901698 
0.9833004595567842 0.6200729086044958 0.01286979737178394 2.637307456654566 
0.9884735626909819 0.6113344060420441 0.01747540766267566 2.648931769050208 
0.9833958960417853 0.6186907818804369 0.01307472550652408 2.636781161110537 
0.9874362124210968 0.6128746125638032 0.009599157835274928 2.64637026846278 
0.9876135057053692 0.6126082227824059 0.00984397875113149 2.646776470704357 
0.9837047606095962 0.6192220324440695 0.01189025300664174 2.638120615073269 
0.9844955862578949 0.6174329009174534 0.005000418556558098 2.63952212227106 
0.9959908839683081 0.5985252124318785 0.004237908484298681 2.665815699050568 
0.9973266841269175 0.5962568472732436 0.009589254782925587 2.668929285725524 
0.9947641735707976 0.6004049504835767 0.01131730279284848 2.662951235369445 
0.9962061966710626 0.5981713896993563 0.00442211952430658 2.666312066549564 
0.9946706832449469 0.6007348299084716 0.01106662763896624 2.662838038008327 
0.9939548289961938 0.6023351719730043 0.004615849914476288 2.661378178502122 
0.9938944439364519 0.6023422351033124 0.004229226029424396 2.661174431035726 
0.9944912321708647 0.6008808507781213 0.01156080347378405 2.662331956189871 
0.9912501115551302 0.6061439000583932 0.01126261031323952 2.654819495815786 
0.9478444608591653 0.6698013664704554 -0.002093062679402469 2.555816518121547 
0.9431539470180412 0.6744704411744281 -0.02262671110794595 2.544632971156036 
0.9576964428336284 0.6556670506427213 -0.02383719904797168 2.57788358518362 
0.9484419222231535 0.6689961355840086 -0.002518538553357995 2.557260980958275 
0.9575909637543425 0.6570311496338486 -0.02296394645957357 2.578539825029929 
0.9607322795571737 0.6520786980921338 -0.006638127969163909 2.584906639956744 
0.9598680816340583 0.6538906341474576 -0.007518266910617593 2.583334634173732 
0.9575463890227899 0.6555964657905118 -0.02192627547286255 2.577345891602761 
0.9670896645489988 0.6436557387817584 -0.02117015025572797 2.599968557920304 
0.9318063135745261 0.6858364623692331 -0.03865586873070604 2.517439086690417 
0.9196715234951753 0.6996007602753902 -0.06375878748097598 2.491806454233032 
0.9373982866054008 0.6774632666986848 -0.07171111522908176 2.531189624694174 
0.9319670918193886 0.6867472670594376 -0.0395798437899648 2.518746425657334 
0.9368381176869552 0.6760619265859644 -0.06991921703038642 2.52817012629512 
0.9455096503074431 0.6718119197968918 -0.04759525306259789 2.551311267380393 
0.9450751276495866 0.6722519140101789 -0.04868580290556218 2.550234295795868 
0.9378903510442925 0.6758135995894603 -0.07117038661890532 2.531352372510236 
0.9519445184859231 0.6592740868706204 -0.07305404894793603 2.564525625207193 
0.9265157417185766 0.6940549323021176 -0.0176313662723577 2.506448369084198 
0.8986705060746937 0.7218089518343407 -0.00390353320493067 2.442122828444347 
0.9052520271988473 0.713853165514988 -0.03534376191905048 2.45693005962347 
0.924910658727654 0.6949754592971604 -0.01791111891604296 2.502140796531522 
0.9071344894954867 0.7136302680879768 -0.03668168559916214 2.46243986615061 
0.9324730229440598 0.68456946999318 -0.04035569773125551 2.518687537685214 
0.9334861698945983 0.6849977931941462 -0.03849156716585663 2.522142886580256 
0.906659944451625 0.713630684860476 -0.03730814415296594 2.460823688056664 
0.918657168262782 0.6997115292718842 -0.06219868004314324 2.488727031945956 
0.9047541412360303 0.7132586551761013 -0.03764236748082702 2.454709400267372 
0.8979783746742888 0.7231689065825102 -0.002569828413366215 2.441093289490086 
0.87925810840529 0.7351050778645508 -0.03784289563741185 2.395957580695232 
0.9066754819835905 0.7132034182980101 -0.03541743111861703 2.460395316803726 
0.8800276930732431 0.7346176172669268 -0.03903758073007307 2.39762182472995 
0.8967417417844138 0.7187845063969953 -0.0745724736303796 2.43754123515776 
0.8971583921959986 0.7172693483740077 -0.0757745805699923 2.437137052421183 
0.878575094464025 0.7378702824421013 -0.03815642718968944 2.395481343058993 
0.8655167409779591 0.739931318325696 -0.08718233375420142 2.362932603851735 
0.9343470070059703 0.6829697859410173 0.05471774903314709 2.524390211352864 
0.9295068711567044 0.6880590735842292 0.02716628340853599 2.511970825793649 
0.9451218870902756 0.6732026439712864 0.01747797287812984 2.549680832467098 
0.93491102006864 0.6819364999701608 0.05386478177067046 2.525477179817807 
0.9447770067331601 0.673656057376387 0.01781239132156048 2.54892860841676 
0.9490531264494603 0.6685214869762804 0.03995160053907222 2.559538649267562 
0.9476406563104847 0.6687010258159279 0.03935348889392867 2.555322455237898 
0.9443683946762591 0.6716537655470498 0.01918313133210624 2.546545049215778 
0.9554158914491532 0.6599117832238544 0.01305967952028002 2.573258918791096 
0.977687020428586 0.6281727165654649 0.01978406221479762 2.624239083861975 
0.9841481483704262 0.6173733360351991 0.0253073654144877 2.638591995204951 
0.9788002662703962 0.6256509394964508 0.03238432885998083 2.626619030603562 
0.9776255472355994 0.6276605122490475 0.01898659813104658 2.623690873578734 
0.9783821046934456 0.6267775853274155 0.03364490971358427 2.625939456799879 
0.969868810258842 0.6385610832523479 0.02329703739647518 2.605631790987278 
0.9696535077643533 0.6408772695062764 0.02293653069535559 2.606429033189285 
0.9792661215458502 0.6251860036046009 0.03366322648505111 2.627675290094884 
0.9700999451605421 0.6381519671046504 0.04304855697070292 2.606853755993846 
0.9765486931409267 0.6176431592816589 0.1239123557535259 2.620958681190799 
0.971945737465621 0.6150513899471998 0.1642011940161577 2.610528635110426 
0.9528025192924588 0.6526828990172268 0.1257929213459097 2.567909445675255 
0.9751761635233082 0.6212900706948856 0.1244488985513413 2.618924471687094 
0.9535005950451667 0.6512954619498379 0.1237183742042603 2.569200074555649 
0.9623186481508738 0.6425755148087323 0.09063035638881367 2.587738157062202 
0.9643815923326162 0.6407811708295227 0.09248620162765527 2.593072621766953 
0.9526162815624135 0.6523876729460161 0.1224805070878578 2.566935039898986 
0.9460809879018738 0.6675067652632728 0.08178027727648855 2.552124510006693 
0.9607389481194931 0.6520078687158183 0.03187028121736925 2.585389882586398 
0.9552219247881449 0.6581209816949523 0.01434773863691781 2.571516356897513 
0.9664497243058632 0.6453130878699768 0.00940027626731299 2.598767019549338 
0.9612580436345334 0.6508191926553694 0.03090026999351698 2.586296870873532 
0.9662181667540852 0.6457561833373623 0.009743614070135133 2.598320059266602 
0.9706619110042325 0.6391063877997726 0.0223019315719836 2.608463091332609 
0.9696871698581632 0.6400804387297326 0.02209488437407298 2.606003877888737 
0.9661526589908391 0.6440519923589187 0.01058628542817116 2.597033939563868 
0.973305710275909 0.6346900549623682 0.00756228620724456 2.614024013150416 
0.9796615247016192 0.6235213396766126 0.05252326304209198 2.628880930673857 
0.9698436222300545 0.6374920970344603 0.04477365491008371 2.605642356002501 
0.978592013892233 0.626243096771526 0.03220818068507157 2.626210466854388 
0.9801871781855207 0.6226160743798401 0.05121181207475113 2.630019614641655 
0.9786075154002135 0.6266304645965853 0.03325289298214581 2.62657588088553 
0.9858381067276357 0.6146734562449205 0.03705904158356209 2.642779006718081 
0.9849274118775384 0.6162203279831938 0.03729374780140913 2.64085714082263 
0.9786515702768207 0.6253275146442742 0.03327369705283629 2.625948742754149 
0.9836679284708587 0.6179843508418249 0.02462012337583011 2.637427630428878 
0.9485296476298023 0.6676256179220544 0.03876994979006844 2.557430903643237 
0.9551010984110729 0.6603435606342666 0.01337267241135821 2.57256562449893 
0.9619568156433427 0.6504342142089422 0.03222566308368265 2.58812222154574 
0.9475642982139324 0.6672434245989957 0.04101970811101527 2.554153659767358 
0.9610532442249901 0.6512334114688897 0.03128901775049017 2.585827073958527 
0.9601930364746254 0.6517255756355357 0.05926894019556961 2.584635021077013 
0.9607504630104972 0.6501438222058069 0.05756572312608103 2.585419914599466 
0.9610332935079835 0.6519877478236451 0.03242338539152362 2.586325316857294 
0.9705898719452781 0.6374250018885327 0.04432014965112225 2.607816981696178 
0.8941641834715977 0.7190311518454849 0.08597968247380915 2.430212685301812 
0.871918263982201 0.7359438699167866 0.09793707141628841 2.37942340797767 
0.8766309330187837 0.7370039257681921 0.03973435751264019 2.389521579272341 
0.8928858878702998 0.7233081174151489 0.08589586421313836 2.429839665317653 
0.8768180616073618 0.7355415442281155 0.04075724433484921 2.389233498706056 
0.8969555980817606 0.7203092974376913 0.03637353709918233 2.436827204305405 
0.8989681749931314 0.7197230496687453 0.03671551756815204 2.442289152751899 
0.8801444739966831 0.7354175946822661 0.03788106703077918 2.398800390345515 
0.8967295496880406 0.7220327542510695 -0.003810083267833712 2.436653689062987 
0.9303668462249866 0.6847644878985778 0.08082156277270491 2.51456204088296 
0.9104229980677753 0.7078899584153002 0.07315646018648454 2.470455885776122 
0.9186627200211838 0.6989188395499598 0.04574122413155305 2.48678231242694 
0.9299300967806073 0.6873641911580871 0.08093263790633416 2.515576577983728 
0.91894364179156 0.6997220815743012 0.0471356131618758 2.488513822013038 
0.9355243363695879 0.6812882153539772 0.05712579601360718 2.526897112563066 
0.9353389031502604 0.6828277040916545 0.05614053742456505 2.527260075189083 
0.9202781765327295 0.7005339182510665 0.04515743737638479 2.493150585213277 
0.9291997557092884 0.6880305553959418 0.02594607153866646 2.510823866277208 
0.9367631497764601 0.6738984037662755 0.1121641880035962 2.530140981661776 
0.9232515989867849 0.6796462559093278 0.1552943490234218 2.498541529550337 
0.911393452874077 0.6990369125593908 0.1167821763432424 2.471042301791153 
0.9360427882818164 0.6745390384689233 0.1118950549774901 2.528313021392418 
0.9129658036022219 0.7000570779149318 0.1142174458957688 2.476184540963484 
0.9298162933680051 0.6838798683749188 0.0788781493601774 2.51249219756179 
0.9315732375657488 0.6831987121276267 0.0803879878682475 2.517370097426416 
0.9116397774384872 0.700608473162129 0.1141007459793276 2.472457880799 
0.9093259576302596 0.707521215482704 0.07527743453299471 2.466959249138711 
0.9922648487017877 0.6048053631726344 0.017724875933605 2.657416423746258 
0.9954396956813234 0.5987838115229955 0.02686068919541041 2.664485858004061 
0.9900677624908347 0.6072263796288305 0.02871964189357328 2.651936902827382 
0.9928110622024912 0.6041353569116102 0.01809762260189237 2.658804623982052 
0.9899890533242651 0.6079823607337204 0.02787324098511349 2.652115798107866 
0.9886432155665689 0.6112831201434663 0.01719714320389042 2.649445295581926 
0.9886501984603526 0.6111353893485767 0.0165523249497251 2.649352367884258 
0.9895924104511448 0.6084606599907899 0.02884222431108849 2.651109550462913 
0.9838043507431 0.6173318471320973 0.02543895827379391 2.637514378931539 
0.9915757594308273 0.6001819302593079 0.08681230706043461 2.655866979178445 
0.978820347144241 0.6194913068081326 0.09390308334854482 2.626691934107928 
0.9858145888608483 0.6116278500602774 0.0671168420574083 2.642398277604026 
0.9919405624802249 0.5996753011872222 0.08581143608302427 2.656800607210958 
0.9862308175511487 0.6118460943061222 0.06918700233354635 2.644098510108253 
0.9949438001582473 0.5966821038648223 0.06236999480868693 2.663052072406691 
0.9941775631172616 0.5997012958668138 0.06300494690741763 2.662438110672537 
0.9862342150045552 0.611878188604794 0.06871434083983083 2.644119757044824 
0.9898328716330052 0.6058194194125581 0.05076991474345476 2.651176301703757 
0.9998974705465618 0.5917562617585365 0.0001704331276694148 2.674746864081741 
0.9998712698846266 0.5918359958177126 -3.57913118443428e-05 2.674706909139882 
1.000014293432356 0.5915829027322571 2.548482698716932e-05 2.675032677786392 
0.9998993603808165 0.5918086571525082 0.0002455591272545761 2.674784126464221 
1.000027828007541 0.5915581236522478 3.131013337081238e-05 2.675063000853723 
1.000164692943919 0.5912923732664965 0.000244480044290574 2.675360984075415 
1.000167404698382 0.5913442954987115 0.0001697790695752384 2.675400728275529 
1.000042531144551 0.591532786253757 2.734746062370104e-05 2.67509692383704 
1.000188995564622 0.5912719622358947 -3.701014116633352e-05 2.67542972673659 
1.000407781652141 0.5908129752751474 0.0008137466181435597 2.675886409314212 
1.000085483338764 0.5916340514236943 0.0008354957209163631 2.675299976905039 
1.000168718140512 0.5912377797521119 0.0001289548197171699 2.675341877067956 
1.000430028956333 0.5907666516780383 0.0007509258478511274 2.675933105275509 
1.000142454288195 0.5914287967563494 0.0001318254273912964 2.675367497590297 
1.000316013382276 0.591070204805307 -0.0001221437300089061 2.675732808969685 
0.9998282350647462 0.5920259161200618 4.866418467801455e-05 2.674676272904217 
0.9998910521832702 0.5917927105203769 -2.837078799229568e-05 2.674747039473406 
0.9998865034637664 0.5917324782315465 0.000195667118833537 2.674696324034691 
0.9997622200681112 0.5920075641984076 -0.0001012824810213715 2.674445873511937 
0.9999135739769264 0.591702138283661 0.0001534743904628298 2.674768227368405 
0.9996725495580293 0.5922347830347284 0.0006786150293018358 2.674282676360201 
0.9996890682454749 0.592225208416953 0.0007460577612188805 2.674331867254439 
0.9998919525260022 0.5918526219934481 0.0001547846982379245 2.674785338096842 
0.9999998021633624 0.5914460574319836 0.0008247536907007582 2.674903877537218 
1.003333301312812 0.5847272464715283 0.003538819715181898 2.682063172867295 
1.002642379281076 0.5876662488952837 0.005834361710103876 2.681491070647431 
1.001702710030276 0.5882066159841257 0.001226233242179398 2.678652893483099 
1.003365343325439 0.5853001928121021 0.003277785289429017 2.68250374883239 
1.001741908787702 0.5884761903573354 0.001273124644791021 2.678948267675528 
1.00189736007508 0.5883038693990748 -0.0005891867956509034 2.679362650985217 
1.012351761596451 0.569242306240348 0.01842183749225398 2.70350918599829 
1.016999935303024 0.5593687272720305 0.008100521753654466 2.71347996383443 
1.015707005379804 0.5613762077532128 0.03372166788266753 2.710819589993632 
1.005325494578094 0.5760289657499368 0.09603153252097035 2.688208321434594 
1.001255038059274 0.5831665228857406 0.07299559111139071 2.67686681915167 
1.012326345129279 0.5648527628070286 0.07918890354815077 2.703743140112496 
1.005141464241357 0.5745604973537882 0.09736528492929687 2.686854605116118 
1.012306727387992 0.5621773941659427 0.07855747944855036 2.702230445545889 
1.020047165176452 0.5434288990064464 0.1022560802378182 2.720163037370482 
0.9926879493897711 0.6046423693395911 0.0001438266503832036 2.658582224639139 
0.9958177483550279 0.5988611812211704 -0.0001343724924295032 2.665427153092738 
0.9938591430267775 0.6020252896143328 0.004483130865542372 2.660881455651851 
0.9924815620451958 0.6046788215697629 -7.311377477729083e-05 2.657920732360174 
0.9938735709897494 0.6021257989910387 0.00473872303987643 2.660978404893983 
0.9898916561028864 0.6086710759899416 0.004903777030362109 2.651832026493193 
0.989847428633449 0.6093565019374605 0.004899959624905388 2.652102426558933 
0.9940548795492209 0.6018851058576097 0.00464755049646322 2.661410999390894 
0.9912672703616442 0.6064986950885322 0.01080753786836627 2.655092436489457 
0.9990972834618976 0.5932599849201851 0.001510928427085748 2.67297660831832 
0.9997220693734619 0.5917604193496565 0.004615719682484631 2.674174643233324 
0.9978847818332341 0.5954918182040908 0.003972740279408042 2.670286801362801 
0.9992254024188653 0.5928100946845213 0.001550151263854447 2.673134353724421 
0.9978167828188903 0.5958218401009104 0.003635712483782071 2.670258534178149 
0.9981252142778455 0.5947315090456418 -0.0002299192213045857 2.670623601588896 
0.9982431957700598 0.5945223234024736 -0.0001665776972934105 2.670884348348929 
0.9974818254914054 0.5957355991911989 0.004015516380429909 2.669095705662338 
0.9960716669877424 0.598993501471874 0.0004068232944326793 2.666362549181163 
1.006780253075282 0.5796976121095923 -0.0004906046998135157 2.690631878416048 
1.008471738701592 0.575327785972333 0.01196544324117326 2.693877654449504 
1.005462694951408 0.5815747496647987 0.005715678238915212 2.68733874209444 
1.005752147067254 0.5804487937746315 0.005845064509926078 2.687644042599144 
1.008098865631627 0.5759586631722505 0.01281781731085571 2.692997375229226 
1.004615534914448 0.584274960801747 0.01725206646220657 2.6862088473594 
1.025405472839935 0.5383613793553159 0.04456523113976216 2.731550347951381 
1.014418728012957 0.5637143964870629 0.05332951996591962 2.70856561279848 
1.01447140176423 0.5647898947459384 0.0337965506640043 2.708434322431398 
1.01495870335332 0.5620305588266673 0.03354364003223408 2.708597326307197 
1.014397078368365 0.5630802580223339 0.05180498979271474 2.70809707269376 
1.007313003576646 0.5764017540236074 0.03747497725676488 2.69122271637598 
0.9999753094665484 0.5916785353474753 -7.369720959992267e-05 2.674957228234188 
1.000021915124578 0.5917741110664793 2.410812617224816e-07 2.675168654362564 
0.9998204336823903 0.5921074468569302 -1.685943757233899e-06 2.674696059651384 
0.9999751153178399 0.5916591406703438 -6.428000795668676e-05 2.674945081603998 
0.9998207979652802 0.5921298193592808 -1.285219878285097e-05 2.674710554446774 
0.9997790848018402 0.5920157660605802 -0.0001066432825562056 2.674504406766181 
0.9997992539429772 0.5920247152306748 -7.897968337217199e-05 2.674576755340832 
0.9998667164039653 0.5921014119288481 6.153706876395093e-06 2.674846442797011 
0.9995126400129487 0.5925543818621273 -8.779512554922381e-06 2.67393775302603 
1.000051428653416 0.5916636791174046 -0.0002669958749734748 2.675130336999301 
0.9999445801289835 0.5912610286918921 -9.010871967275791e-05 2.674803784013465 
1.000022777804751 0.5917190064911532 -0.0002750942998382228 2.675063003287312 
0.9999923524620825 0.5916063948407251 -0.0002965186843275573 2.67497588886931 
1.000002219387757 0.59158694135642 -0.0002772812433469238 2.674996426829714 
0.999968363817942 0.5916543685376651 -0.0001119363135946598 2.674918776645684 
0.9999652840683291 0.5916567744581762 -0.0001075209150759143 2.67491010065311 
1.000004643013263 0.5915715574873572 -0.0002826966752910936 2.674995078761253 
0.9999977279909544 0.5916527317645374 -6.99122804236168e-05 2.67501535812524 
0.9991293137213646 0.5931393633478723 -0.001731074291783693 2.673010557266583 
1.000000404559445 0.5914817969013914 -0.001608343440147212 2.674928088678652 
0.999607553982921 0.5925091613179203 -0.0008007388651762378 2.674225533819897 
0.9990057553303101 0.5933320427435992 -0.00168965639642709 2.672716120864987 
0.9995925687149829 0.5923061341155358 -0.000912062364934908 2.674056428630692 
0.9988831205166629 0.5935720416771423 -0.0001287167034492462 2.672449806991142 
0.9989413179427189 0.5934595757667473 -0.0001265678862940124 2.672576155304806 
0.9995558393678908 0.592338418319333 -0.0008959987788294922 2.673953668974699 
0.9995424143044245 0.5926166165873524 0.0001011511498940196 2.674073679800982 
1.000109532705151 0.5907090989646391 5.081732176491726e-05 2.675150377680401 
1.000128124255266 0.5914776666891283 -0.0003938710469105244 2.675256442413785 
1.000494555658064 0.5909907897003321 -0.0008496589885416556 2.676170708506652 
1.000434454564637 0.5909195265268348 -0.0009213309290250555 2.676047254749411 
1.000170435806782 0.591297812189284 -0.0002482968618390912 2.675375414733326 
1.000008320110784 0.5915687911918655 -0.001378500235275132 2.675018374847065 
1.001319721011461 0.5884093729411495 0.0001656553115115025 2.677896793185915 
1.000987680037295 0.5900745223033201 -0.001879681422559277 2.677248056809896 
1.002223374386227 0.5882390740077736 -0.003531105743294152 2.680262289488336 
1.002053474532559 0.5878669889728135 -0.003716275061220244 2.679668542621306 
1.001098776982799 0.589333921615751 -0.001450998207314879 2.677323626518977 
1.000575090775893 0.5905428078727576 -0.005494975111869931 2.676313973372465 
0.9937635444606103 0.6022119758513962 -0.006067821970693482 2.660676609701289 
0.996204867743652 0.5980192610335807 -0.01134353370787775 2.66628059224567 
0.9969415072293369 0.5970189474328147 -0.003750686844468921 2.668067265237623 
0.9939549958204194 0.6018931159548743 -0.006022323274358463 2.661107036251479 
0.9970447190337998 0.5971940749963649 -0.004250410010648365 2.668513079208144 
0.9958032719680956 0.598868819340328 2.464234731603584e-05 2.665398135359303 
0.9958833131266833 0.5988278959776137 2.186542885525839e-06 2.665636493359382 
0.9966680833952735 0.5971466487681212 -0.003864995399973055 2.667234318450247 
0.9980321874042583 0.5954423965740975 0.0003655245334345805 2.670737310400721 
0.9897748413738159 0.608762936887681 -0.000302488797872987 2.651492945508289 
0.9877405132130597 0.6126248618031535 0.0001755749607212213 2.647174424019497 
0.9884184931642119 0.6115178334066801 -0.003659957467308763 2.648728506594171 
0.9900535308451628 0.6088108021909416 0.0001429247282026451 2.652440401124585 
0.988305827890212 0.61150341745501 -0.003852203964446212 2.64834149154062 
0.9911983545218331 0.6066894864687435 -0.004818903270022361 2.65492424786413 
0.9911921656891296 0.6062141089792231 -0.00492769680575377 2.654603727217857 
0.9881129180010643 0.6116751245807379 -0.00371036403045098 2.647801681557222 
0.9890741306782477 0.6104778657725421 -0.009895199780151177 2.650299389498199 
1.007546786636259 0.5791693370810429 -0.008087994423682094 2.692685241198361 
1.005498990297452 0.5798580224315413 -0.0002754684200154956 2.687163228579566 
1.003928666757353 0.5851723462482249 -0.003721822788023107 2.684094217518942 
1.01666240636164 0.5584764412031351 -0.008866880049294515 2.712711237039186 
1.01164367966767 0.5715537884383763 -0.01779569478708446 2.702187887361322 
1.014171511107734 0.5650399112914791 -0.03029600564021781 2.707263105638837 
1.013005708355662 0.5668179253381288 -0.02999467313930729 2.704627427803274 
1.011587202995561 0.5695946516376373 -0.01747806579126505 2.701110010121009 
1.00679003286373 0.5786298045420083 -0.03197881108402211 2.690575763316141 
1.013590199005765 0.5667999152119222 -0.04306327756446799 2.706722541026001 
1.0244339021597 0.5390132471205079 -0.03956677470702098 2.72914221533359 
1.013076795237711 0.5691501739910096 -0.02971900765847868 2.705848672015518 
0.9876769874905029 0.6127385235904084 0.003191894475425251 2.647031170002498 
0.9849118160300676 0.6172265618220683 0.004055034596691794 2.640771787784769 
0.9862068589345618 0.6146773505338771 -0.0005647118240241365 2.643402372127287 
0.9874872206566843 0.6130532455334281 0.003063322758027977 2.646616415276233 
0.9861603602473253 0.6142564817314813 6.041679635876742e-05 2.642998325411245 
0.9873353171431634 0.6134349003597952 0.0001452237708275216 2.646348710405248 
0.9871590501769493 0.6136225263839977 0.0001166834605376219 2.645885019609288 
0.9867705880927595 0.614347950661105 -0.0005959323120848748 2.645061618832693 
0.9874074692237965 0.6124753465600818 -0.0005443178833607186 2.645990375409331 
0.9734721274699678 0.6212740589389077 -0.1276246279914121 2.613615239173008 
0.994396662318709 0.5795052729543116 -0.1488843164794808 2.660933118163247 
0.9937597070193479 0.5905172363082215 -0.1158899128213167 2.660410109835122 
0.8783084929001106 0.7354049264903247 -0.03760929538057523 2.393326134968934 
0.8991339513523644 0.7214060872336503 -0.001476856991697845 2.44338072624401 
0.8763569145631984 0.7383500084478164 0.002157591627344551 2.389100366866788 
0.8780152864797681 0.7353577836303642 -0.03959350970722077 2.392237478141659 
0.8756557261991245 0.7407693592788116 0.002762952844836073 2.388434683726345 
0.8500308166517276 0.7542530754115075 -0.04092809348219487 2.32697851242995 
1.003958107313697 0.5794891892207501 -0.09075172414075953 2.684676975033543 
1.02186672688581 0.5378117856763263 -0.09146284983835228 2.723053967350148 
1.011547771981329 0.56888860023657 -0.07047992195050994 2.702663827389875 
0.943881864664012 0.6505611791954248 -0.1624975032361109 2.544245578059155 
0.9529436043218166 0.6541794974613668 -0.1135918636501831 2.567868854600046 
0.9368843951145979 0.6777975448773669 -0.102708700664084 2.531929281299206 
0.9399432905183428 0.6713700912819601 -0.1026818855721263 2.537640558018623 
0.9530656706877068 0.6543203653673439 -0.1144095136882454 2.568721297866934 
0.952028782165206 0.6599717409482244 -0.06999438690222831 2.564800222349513 
0.8966589964350722 0.7105209703448501 0.1342285145639331 2.437326073274097 
0.8917908769634399 0.7206683148945759 0.0854799526905045 2.424806278256259 
0.9126844374404821 0.6967784309368071 0.115429460102311 2.472738620423924 
0.9116942306845381 0.702077871991814 0.1157729685926109 2.473617853754609 
0.8920960571978991 0.7209475094264103 0.08606193064238822 2.426041364450547 
0.9079727542912077 0.7069654639904027 0.07318516740229884 2.462192641421626 
0.8967208579715966 0.7203713886171184 -0.07433549237952002 2.437850473059872 
0.8906778484365673 0.7146412186390438 -0.1261301426466855 2.421753363764783 
0.9136992399096068 0.6982566547802024 -0.1044341108399577 2.475713880844361 
0.8531681577092931 0.7523968909320164 0.05527641748087195 2.33497905493519 
0.8745117737767785 0.7398365823045425 1.061575413069815e-05 2.384550386812582 
0.880754859806907 0.7342938099166838 0.04027500702079272 2.399397206309325 
0.8794415509566827 0.737235216026641 0.03894795091966971 2.397985043490368 
0.8740572302861062 0.7389433156711569 0.002104119659406547 2.38299451479776 
0.8971453292243837 0.721218740375808 -0.004289614040858986 2.43729788868677 
0.9757784443776782 0.6200229070186251 0.1225129441532819 2.620308865478606 
0.9777528289555883 0.6199955062831628 0.09269033654131029 2.62333351889405 
0.9907645798347137 0.5977013588106425 0.1169421355227014 2.654626120663871 
0.9752934378367453 0.6208027484042474 0.1246080096124546 2.619234250595938 
0.9915542513895381 0.5944060386362058 0.1162782536569957 2.655212946695211 
0.9942558251711944 0.5821718414259109 0.1504734655201555 2.661477919500902 
0.9492507114176416 0.6463239934807526 0.1650934034177024 2.558266805303421 
0.9343959318349336 0.6771196081282652 0.1126880230274013 2.525212174956879 
0.9538826316213697 0.6500675817733126 0.124640279828355 2.569379182533194 
0.9521380277922454 0.6537486813438803 0.1239725580008515 2.566329784945638 
0.9356221451702642 0.6740085487213311 0.1106641288755936 2.52698194829698 
0.9454842051817326 0.6667385178416665 0.07980353804721391 2.549519974580853 
1.000788447952978 0.5898958060661038 0.0001435542519053433 2.676611327560168 
1.000508446247543 0.5908760030034257 0.0009050408733505659 2.676258547750939 
1.000290968423068 0.5911879360728445 -6.618534207624097e-05 2.675718508970546 
1.003510046361287 0.5847210040681257 0.0002750696580450073 2.682642761481058 
1.00341267379355 0.5850758654706417 0.003264614699799789 2.682533744902832 
1.001907070604063 0.5889715710985139 -0.000397346179582286 2.679778585255946 
1.011348055005809 0.5589375664371777 0.1265436951148115 2.702087732359085 
1.004091623831358 0.5742143097458956 0.09607571370334465 2.68304680053634 
1.020587332049249 0.5428988747600569 0.1022419481592224 2.721502401670296 
1.00397644375272 0.5849043084136109 -0.0004137862293451027 2.684289844793412 
1.006081058730277 0.5798688605036711 0.0008851613398497308 2.688412536646078 
1.005644212185728 0.5814332580847593 0.006027645713491379 2.687879409570062 
1.022641567832302 0.5460840002852595 0.02218639476149704 2.725502764080126 
1.025992883969887 0.5397400707632599 0.04193751983062322 2.734145384494782 
1.014597720071657 0.5642340559082649 0.03439269033362712 2.708654977156026 
1.000533052082427 0.5899128967225361 -1.167576536933397e-05 2.676101411854491 
1.000022082991041 0.5906783120228053 0.0001587936931526808 2.674853357561067 
1.00057445124316 0.5909306102166585 -0.0008805983757024436 2.676393963636062 
1.002871645339708 0.5855166072450938 -0.0001860722982655188 2.681387394558527 
1.000979830050416 0.5882714368701155 0.0006457168361153765 2.67669952772262 
1.002461415619649 0.5881409795773266 -0.003685203607497813 2.680989589042092 
1.021655748012371 0.5476632236693811 -0.02277819853183135 2.723876044009112 
1.016458098938378 0.5570998809860641 -0.006909169407741679 2.711232957756913 
1.013553543824549 0.5664823820109832 -0.03139500239060903 2.706026579528944 
0.8643061872056278 0.7405499858610957 -0.08738022477145048 2.360075435711168 
0.880738351346618 0.7361036621635733 -0.0377165737787767 2.400759132785391 
0.8505694729939777 0.7537623598418456 -0.04143877726112799 2.327728708535654 
0.9208056434486686 0.6811223152728579 -0.1503811346446755 2.491210305486597 
0.9438728695474536 0.6518892507004314 -0.1652003016234429 2.545336007617104 
0.9384488085683044 0.6760010112791606 -0.1013060130588832 2.535707286466878 
0.9246285346278061 0.6808773223089459 0.1567807724704946 2.503364688807119 
0.8977664156609181 0.7098665382726446 0.1353211446145355 2.440400631003958 
0.9094632257865487 0.697858955750602 0.114558753527521 2.46400827216833 
0.8717212921518195 0.7375470743251389 0.09755260481395091 2.379678796439718 
0.8537509507595642 0.7517501191888345 0.0574415350854721 2.336395621763293 
0.8762173537443813 0.7353898571734742 0.03937269222505807 2.387037314334191 
0.9746405922173922 0.6141568397290318 0.1624835546547897 2.618693210885897 
0.9737856133475215 0.6196065666988877 0.1225800684414125 2.613419950127363 
0.9949879016876713 0.5823023813490177 0.1510898873548864 2.66359594273337 
0.9727092741643577 0.6154157767477554 0.164860110219644 2.612870797059593 
0.9520847658589097 0.6454177677763213 0.1638097726203935 2.56675514967978 
0.9507826571537278 0.651463601506877 0.1238678599315203 2.560555219319098 
1.000244596847103 0.591039575895005 4.748357732008609e-05 2.67547728729353 
1.000178073262656 0.5913779907088403 0.0002037229792197104 2.675456124576215 
1.000166537866475 0.5913208772396068 -2.570706672085797e-05 2.67538393410929 
1.00169459108316 0.5883111748008738 8.145376335031846e-05 2.678694469672241 
1.001674505780308 0.5885237579213993 0.001274503051299462 2.678754795576994 
1.000955733779406 0.5900488915360708 -0.0001229931114315284 2.677255883626974 
1.013535264788732 0.5685436652772257 0.01904028234356768 2.707147432202401 
1.011345639122885 0.5701369352324627 0.002117237565694325 2.700421310486611 
1.015673369626844 0.5599611775044331 0.009110774731497732 2.709394114967765 
1.016307479906732 0.5629785756956482 0.03462602787543229 2.713774901697838 
1.016792180476894 0.5590607535869092 0.007806455076095765 2.712523401950295 
1.021534700777068 0.5474382560596944 0.02272472708982723 2.722559634773875 
1.021177526925805 0.5440128328119174 0.1000342134043207 2.72413253991403 
1.011569603424523 0.5625451270617459 0.07872529900058006 2.700054623566243 
1.025856245506067 0.5362499303434007 0.07570983444872115 2.733652287548298 
1.006643617128848 0.5801940236181643 -0.0004883007733066543 2.690426952141988 
1.010435373766217 0.5707883884039392 0.003550132331532519 2.697807129656312 
1.008929528457747 0.5759289053130324 0.01255042200356673 2.695765637618166 
1.026287510557471 0.5370879477402265 0.04389388558384963 2.733724747514144 
1.026010590428723 0.5378523145229603 0.07279466776251763 2.734936550327831 
1.013484414717008 0.5638386328727034 0.0525198783455889 2.705398099805505 
1.000079230085899 0.5907126072946741 2.626525191073121e-05 2.675051645547986 
0.9998890413181435 0.591049366112316 2.966454098760158e-05 2.67461812570644 
1.000209462633465 0.5914603301156354 -0.0003436426753542045 2.675516678101655 
1.001154546290293 0.588457900770005 9.650334799622966e-05 2.677375168625116 
1.000406529321142 0.5897088472951044 0.0002100244151352473 2.675622167873581 
1.001245026438828 0.5900803099454491 -0.001649372034240093 2.678107769433595 
1.007731412048396 0.5791618484224073 -0.008287912704418868 2.693293252784985 
1.010725520020934 0.5702619681955549 -0.00265585324344833 2.699196262240558 
1.004731448752091 0.5793316895704606 0.00110397998067278 2.684317724608583 
1.004371111159922 0.5850499079549921 -0.003389554422931357 2.685499926986638 
1.005078744326729 0.5802308116920364 -0.0002399621052829101 2.685970146393021 
1.002397555400901 0.5846457640695942 0.0002532683486850954 2.67958902715401 
1.015679138049311 0.5595172526854865 -0.008439876799093204 2.709949750817192 
1.010934151431847 0.5677326190085333 -0.001333843180722649 2.69854065385953 
1.011757087440725 0.5714763177639387 -0.01780865747084198 2.702527893084034 
1.012112559010438 0.5677809026548737 -0.04328408678538019 2.702295549524058 
1.025872126368563 0.5346380854565811 -0.06186744354585615 2.732700329977936 
1.025994949397271 0.5381737350812031 -0.04106477458785286 2.734059990333003 
1.01217957759815 0.5680037964413818 -0.03062732416680783 2.702240392039626 
1.024948301001441 0.5392358160955885 -0.03913034249997967 2.730952196446101 
1.022477953802049 0.5462211625078691 -0.02384188197535819 2.72592558666281 
0.9731022090087179 0.6205541017181103 -0.1261347423149733 2.612184725547093 
0.968903725766052 0.6178895733930027 -0.1648909951857817 2.60288247096498 
0.9960650022652766 0.5804988313475163 -0.1531529679923834 2.667362588005272 
0.9923489014598353 0.5904493652390738 -0.117193696210609 2.655673805682823 
0.9961274194003163 0.5780052103224198 -0.1490820165535281 2.665633623331162 
1.01401285935364 0.5529364687131648 -0.1246171812616508 2.707997690473055 
0.8482607371291128 0.7544900999675928 -0.03989446686039871 2.321888268445089 
0.8780932629789099 0.7394917468015276 0.002233793352741731 2.394805240483463 
0.845449666369401 0.7581054215308292 0.009542243280469858 2.315865243657799 
1.002618304137101 0.5803479418983535 -0.09050873076323243 2.680769934970605 
1.01294757808834 0.5510602868577572 -0.1210407450470635 2.702963893184629 
1.023713068809334 0.5374001419630254 -0.09395615370866177 2.729175266747732 
1.010049210586709 0.5678667867574344 -0.0721896836315957 2.697107648335272 
1.022650834838334 0.5376881588787155 -0.09103515011812376 2.725568607064404 
1.026767851822804 0.5344043014411062 -0.0647429613223854 2.735891775864545 
0.9462557017852412 0.6487809000670322 -0.1629269568939102 2.550435748474658 
0.9668294923296712 0.6211145460308376 -0.1675131883981568 2.59878390840285 
0.9526923761383969 0.6549570950246374 -0.1134116496934666 2.567383041698617 
0.8967500240457194 0.711839858660924 0.1343336989130848 2.43810889573169 
0.8721403397983956 0.7351115555237748 0.1004028520453211 2.37973717321377 
0.891368763180011 0.7197139805155781 0.08489515579522013 2.422762994135927 
0.8992634886285552 0.7184033237148467 -0.07402562058460317 2.444271245451754 
0.8674436865444309 0.7388471543751473 -0.08749072549887807 2.367197273787397 
0.8896884184052947 0.7156657387809998 -0.1268363284476361 2.419635545417621 
0.9149919318568458 0.6991246997987999 -0.1032544604514388 2.480148203405165 
0.8927755780253154 0.7132638774861572 -0.1266126546812272 2.426603090267168 
0.9179828679676109 0.6846533142706278 -0.1538757221390359 2.486186219001477 
0.8530672738525357 0.7538422425687279 0.05502842757847051 2.335498676562704 
0.8447524954131715 0.75845464746591 0.009805473116849579 2.314480355624984 
0.8746474815984426 0.7387967299331796 0.0001456313203581486 2.384223903079953 
0.9963534932331727 0.5818725288955087 0.1483679857550244 2.668133602645774 
0.9900136503152575 0.5954469455570229 0.1157640114487997 2.650863746085526 
1.010428834670062 0.5581751041974761 0.12947369212049 2.698493921913813 
0.9502325632867323 0.6471183750117312 0.1658956637920957 2.561505353416409 
0.9259558749480256 0.6784645560437143 0.1545301697862733 2.50613926017758 
0.9328527271228125 0.6754901903253955 0.1111435698164233 2.519172139615188 
