0.9999732978278387 0.591707789560074 0.004251483199432327 2.674978044621024 
1.001067171742539 0.5895961624760395 0.002001624545479126 2.677362031784097 
1.001018335893533 0.5902049964791876 0.00524174694757001 2.677573118865372 
0.999977943050895 0.5914848532000201 0.004477192921021321 2.674858751948129 
0.9992151816210614 0.5931915958996993 0.006453438063018193 2.673350398489306 
0.9977193301431444 0.5956635600203994 0.004039643877687891 2.669840863211909 
1.004021361410772 0.5845552913991907 -0.0004586431321398179 2.68424645953642 
1.00544025779935 0.5813064666175169 0.005816436198447475 2.687121147105529 
1.003627993757755 0.584955851860935 0.003178700661167197 2.683177542095 
0.9974333626520464 0.5961102160295315 0.009629460732160915 2.669192232513924 
1.000473044270903 0.5903852198540482 0.009565096597524757 2.675887495279406 
0.9997725491831319 0.5920743506035187 0.01366771661670263 2.674609739361483 
1.008046692151064 0.5750642957973632 0.03746735162538331 2.692939013016112 
1.00552069689687 0.5816204638402864 0.02411780130634164 2.687784360758374 
1.012942998215728 0.5663952841161496 0.02007078203635242 2.703914143652006 
0.9696882763504833 0.6389058420467792 0.04465471098993093 2.606014541212735 
0.9808091213581164 0.6209189831336777 0.05231400196574307 2.630825883917754 
0.971524865703952 0.6349689404730735 0.065930808354263 2.610646956769191 
1.002167360802258 0.5830420908436539 0.07462837481229861 2.679972280883244 
1.006402997352549 0.5764456972931148 0.05242416257533706 2.688779763064171 
1.011829143851064 0.5651569771041441 0.07909261904354924 2.702323489486689 
0.9900155970578284 0.6060292578097499 0.05216923728970569 2.652006128293648 
1.000448764824571 0.5888493280928937 0.04934638628897842 2.675924119167423 
0.9949761767726404 0.5990439002066854 0.06232926479354257 2.664685527274184 
0.9464106306754902 0.6651877140633077 0.0811617712442108 2.551695948321765 
0.9605228770535955 0.6503077696813228 0.05710078862828666 2.584538860197616 
0.9622473845408499 0.64449317455792 0.09276243402643983 2.588995519848381 
0.9954756849450099 0.5982797931225854 0.02643591816698222 2.664300218684313 
1.000057068184253 0.5913853597251936 0.03419498670621544 2.675610630155915 
0.993956171168728 0.6004498219288344 0.03685069706515544 2.660922816461201 
0.983684927433122 0.6182907274667363 0.02540124713649665 2.637709271285158 
0.9902950888731071 0.6074606782705886 0.02885844668132697 2.652759584467744 
0.9855392235115927 0.6154668412941137 0.0364263913421826 2.64238720255831 
0.982599292137308 0.6209422141334591 -0.007277397563343621 2.63552981530283 
0.9830679182454193 0.6200603916223083 0.0002777312465473351 2.636474763715094 
0.9786113585887141 0.6270008840408308 -0.003003772849749996 2.626294795507484 
0.9912277616643774 0.6067797378285911 0.01139473904732241 2.655131696097041 
0.9949006578246402 0.6004376818100138 0.01147506451990566 2.663398685791716 
0.9925943698341742 0.6045380594501357 0.01779841441722088 2.658373156017909 
0.9732460397467344 0.6334639801417847 0.008603322248040493 2.613054467278468 
0.9809962278643618 0.6238640611596028 0.006091470051154907 2.632085594285759 
0.9773116160045806 0.6284212069781079 0.01919557529872365 2.623163616572121 
0.9973794408385724 0.5961850215550057 0.009239127606030639 2.669050703073642 
0.9995925144970653 0.5921395307289046 0.01407418559589976 2.674052821437282 
0.9970136520193462 0.5963150203795223 0.01575590353277465 2.668007031450208 
0.9957984032774395 0.5981354633542835 0.02726724400091386 2.6653156322917 
1.001176862787725 0.5892557550898444 0.02378532885548912 2.677767851112904 
1.000283761768181 0.5911818569994364 0.03320846809220184 2.676226673811816 
0.999944134055161 0.5916441363644065 0.004050810252253985 2.674842954511779 
0.9999237676879199 0.5919134957971194 0.001731919888900502 2.674927111533704 
1.000948376951797 0.58981960304819 0.002342698548218369 2.677100873573254 
0.9976324669955779 0.5959962249364219 0.009678940148066228 2.669784493485625 
0.99902356881648 0.5930641639886532 0.006748877073110613 2.672632477771184 
1.00027866255559 0.5906889172712955 0.009857787794724418 2.675428836746288 
0.9992675920021519 0.5928572708761217 -9.866108401917387e-05 2.673305275702941 
0.9996792114261658 0.59211420394264 0.0006949085146649908 2.674232867910382 
0.9991765321194671 0.5931774165465469 0.001524779839575743 2.673194156809315 
0.9786177903099085 0.6204455772974026 0.09503565063429432 2.626660634660647 
0.9925971457652869 0.5972362805381322 0.08611087933006106 2.657296676146201 
0.9907667038198003 0.5971724988444026 0.1159601565046177 2.654390721723089 
0.9999328961894185 0.5915295384176426 -0.001415243641643493 2.674731728716222 
0.9998227354249779 0.5919408461043909 -0.000433361763291264 2.674605130844203 
0.9995509589849173 0.5925498730022423 -0.0008344291286246977 2.674061538224575 
0.9999788641679923 0.591561100447574 -0.001350011817992212 2.674910483372628 
1.00021338125898 0.5913876897359425 -0.0003910828565570192 2.675579772391826 
0.9997974062070322 0.5917556039950783 -0.000640432499218089 2.674415611209275 
0.9999605370137744 0.5914362877561192 -0.001493810727020039 2.674768259169942 
0.999081841489573 0.59329479398709 -0.001884721413738055 2.672945408379188 
0.9999756521978871 0.5915456374488708 -0.002847645418578466 2.674886599884496 
1.000530278590187 0.5906243578061375 -0.005437482377297497 2.676208735635567 
1.001249046487686 0.5895169297781856 -0.001839767707302517 2.677937957676517 
1.000038613939937 0.5914732803134218 -0.003067409462702863 2.675059284197289 
0.9965538224623802 0.5975231686183272 -0.01163199563706688 2.667132705858897 
0.9992476982072398 0.5935253937429428 -0.009551508472473259 2.673667722150793 
0.9966921761471462 0.5972441700480585 -0.00381220841051339 2.667376701477282 
1.000330847954126 0.5906430001217456 -0.005899101420599598 2.675546058560357 
1.001623453356721 0.5883347542253884 -0.008068873234202578 2.678531096460398 
1.002266289028362 0.5876588820791037 -0.004162126565493049 2.680265817175684 
1.004307138736991 0.584580266629298 -0.01045988852895421 2.685307685136411 
1.005912515595736 0.5812312218246224 -0.01775841374620441 2.688811065673226 
1.007657346309448 0.5781456183737376 -0.009675493942524847 2.69273045371844 
0.9891092579961274 0.6100658142516994 -0.01045088610998141 2.650160809291808 
0.9858164414224372 0.6150087568402043 -0.01009251772406251 2.642375046937157 
0.9866610338895533 0.6135070311141394 -0.01542944042545889 2.644289211986544 
0.9927187101397236 0.6042672642025025 7.533041083583508e-05 2.658457034875445 
0.9913820813549553 0.6065490780076083 -0.004732940328297413 2.655436374956501 
0.9938081477135966 0.6024086617532854 -0.006191309919844596 2.660942028579917 
1.000541750844085 0.5907399580971803 -0.005209592535131609 2.676307310567437 
0.9991641896620327 0.5923031985662028 -0.009052666485043459 2.6726750033048 
1.001707986783418 0.5890342424100664 -0.007744045019989977 2.679198598968846 
0.9960142414751857 0.5982998442826348 -0.01214997003625308 2.665803538021679 
0.9987023271960043 0.593445728505634 -0.02035275655544171 2.671989846368544 
1.00006394078742 0.5912298226510223 -0.01458356527372206 2.67510425927529 
0.9921793841968531 0.6040138824458134 -0.03301681410644564 2.657031417138171 
0.9940801593928769 0.5995471967177151 -0.04641249041206217 2.661152557696025 
0.9992587902589249 0.5917960670824421 -0.03620959899919773 2.673285761920397 
0.9888538088666493 0.6105215083745796 -0.01047753883781649 2.649592898937418 
0.9894967548835689 0.6093485713841391 -0.01886519827752196 2.651084251671699 
0.9928002193110458 0.60351604788515 -0.01301455971126876 2.658351715471811 
0.9786920773957722 0.6252504290288813 -0.05250362583191811 2.626841429590813 
0.968697926006728 0.6382991888506865 -0.06282514226035235 2.603350069932219 
0.9769612749320129 0.6248902255919494 -0.07193846706450656 2.622246871894557 
0.9988161762523355 0.5890377189937135 -0.06713746717090348 2.671785309725924 
0.9872557272255468 0.610944131876775 -0.06591665975021711 2.646632942801562 
0.9910404666266499 0.6001358893223775 -0.08285740026339859 2.653833408422718 
0.9828659580414736 0.6212066661685151 -0.02421936011470995 2.636868528419686 
0.9759555866340348 0.6303510355822213 -0.02500303839565318 2.62008562954411 
0.9799010267259032 0.6226239849317837 -0.03532887585788205 2.628363047021242 
0.9891301341884938 0.6102476119481263 -0.009849562608081648 2.650337719934948 
0.9869304652505245 0.6134657649709104 -0.01554419884407129 2.645136357438117 
0.9893803683638813 0.6094309316044945 -0.01897447227683681 2.6507579222626 
0.9829003799163442 0.620686929167421 -0.00710810823437789 2.636337119141681 
0.9780850058611694 0.6274758979435384 -0.002882611845606013 2.624866444490628 
0.9772730980810268 0.6279916415343735 -0.01063470089247984 2.622622389689911 
0.9925369311656026 0.6032913551611283 -0.03251392893146104 2.657793414937145 
0.9868592219979782 0.6136844806102052 -0.0308802364650849 2.64540218055869 
0.9875772347148098 0.6106743253636522 -0.04217730873275674 2.64630512291509 
0.9830388720086243 0.619270423561361 -0.006746333354499237 2.635911222022596 
0.9860525983447139 0.6153577153099449 -0.009855972572688072 2.643386018239679 
0.9868936714357411 0.6145196472909639 -0.002485867458596302 2.645567388171899 
0.9676389943529009 0.6439802865975705 -0.01941155968538331 2.601908317203454 
0.9580807727033127 0.655717117996555 -0.02166981300083597 2.579080356792249 
0.959404442180065 0.6523273313932184 -0.03782989091387637 2.581532775262508 
0.9828831303338291 0.620746004847242 -0.006646107874502196 2.63631256815801 
0.9776236671009946 0.6277206449794245 -0.01142228344486111 2.623597694482481 
0.98197546730022 0.6220447807708022 -0.01439411934920344 2.634262874289119 
0.9737263442881167 0.6344753003285927 0.008427561663490565 2.615236388362713 
0.966698349106327 0.6437875449951938 0.009776252185893281 2.598607360264304 
0.9689113771938962 0.6414818374042586 -0.003293955505592613 2.604222977027167 
0.8970994521689465 0.7214015185303304 -0.002180707304917966 2.437565399073316 
0.9163265702334995 0.704754035072523 0.01660067037095904 2.482852470742042 
0.8983538044363006 0.7210073640279405 0.03662927874953686 2.441584911508602 
0.9432936676116775 0.674055883956665 -0.02479150212586849 2.544749989151863 
0.9341671289109321 0.6850326164506262 -0.002695728637364151 2.523651558114382 
0.9255945153927381 0.6941697314763149 -0.01795245775401366 2.504015745062657 
0.9776104724156455 0.6249014634137163 -0.05421236130744624 2.623194026594347 
0.9698829773427757 0.6403136221755009 -0.03838948972791036 2.607215672266728 
0.9682274806893395 0.6379812317000113 -0.06301087674464445 2.601698194885053 
0.9562502294773698 0.659591489812888 0.01419300719126258 2.575681919482871 
0.9454504342229251 0.6711240180406901 0.01842070550133735 2.549567340616421 
0.9481357600135703 0.6692896556346554 -0.001371900067917417 2.556629520650496 
1.006758631404527 0.5798658689987969 -0.02976084300757618 2.691066088431588 
1.005129637199893 0.5805919392845498 -0.04679272605468608 2.686649928615229 
1.013053074437043 0.5651378892607264 -0.04350386272798606 2.70437385872567 
0.9963149094080306 0.5983949811104545 -0.01142433058209945 2.666848997354843 
0.9956533884094058 0.5995546887154273 -0.01925993407897357 2.665483351089985 
0.9986376343077669 0.5934060738564546 -0.02055285042869744 2.671758028057408 
0.9780605071936601 0.6191061185852754 -0.09847905834626075 2.624189021650675 
0.9924956378272196 0.5941571202436987 -0.1153252076316515 2.658262220583493 
0.9918355691496342 0.6010558477630842 -0.08181033847620263 2.656862184068591 
0.9927665271053299 0.6041382668251272 -0.03146221465197938 2.659010907886697 
0.9878191724339874 0.610980037178983 -0.04225502820615483 2.647242824179365 
0.9938638106495216 0.5997397438845474 -0.04619623848175191 2.660560549774323 
0.9515910819928169 0.6608023282788749 -0.07147384449939917 2.563964569597065 
0.9528323338846153 0.6539506003469291 -0.113004462586198 2.567594192152766 
0.9636898332980941 0.6404813151158231 -0.08976780934181196 2.590806807232323 
0.9183484781018468 0.700487187064324 -0.06278595740376249 2.487929087961235 
0.9137312668664906 0.6985994210541764 -0.1014133549633458 2.475826981796149 
0.9387619560126214 0.6778780872993574 -0.07028525349064245 2.535473072351701 
0.9844693346053244 0.6178824726916751 0.004410895680809733 2.639723913475356 
0.9828552124683571 0.6198620689025109 0.000598557173342745 2.635665712824681 
0.9865990521195164 0.6141406039570758 -0.0008001244575996764 2.644357047804132 
0.991021527953573 0.6068908765598332 0.01121269369620657 2.654517167981936 
0.9874974300890643 0.6123246498769733 0.009986711972901787 2.646249153604426 
0.9897668077753632 0.6091755054854362 0.004419301321585856 2.651721195893655 
0.9913628391803464 0.606363512506039 0.01130504177909699 2.655301556166284 
0.9887397788302956 0.6107051575993395 0.01657943937814288 2.649423265567774 
0.9874638563627495 0.6130474580906302 0.009955643382514312 2.646575627386271 
0.9957420825947543 0.5990638168362747 -0.00019852337609207 2.665309573933786 
0.9959593157138723 0.598636355676715 0.004679281234874462 2.66578815926326 
0.9939119394533674 0.6020243514947662 0.004437287533539998 2.661054136607786 
0.9553573858759056 0.6600159712115196 0.01355310811285753 2.573113302998291 
0.9483245799337584 0.6692326583585088 -0.001421603135019867 2.557101507171223 
0.9596651969828587 0.6522916406889172 -0.008204996301682249 2.581652697700116 
0.9432697030281103 0.6747756085303471 -0.02336053527565066 2.5451336065596 
0.9327437853321717 0.6859825895034923 -0.03974699467341335 2.521004684022448 
0.9446291762535852 0.6714049805636624 -0.04887148108715946 2.548250446979365 
0.9443438448474184 0.6742363653490029 -0.023304001367595 2.548179038449363 
0.9254630685939959 0.6940991195239138 -0.01829512609486485 2.503471625238431 
0.9320631429920084 0.6860526379702011 -0.03846584727238781 2.518899900001565 
0.9183140716639111 0.698595024028169 -0.06367518537926861 2.486450820787554 
0.9055739878735884 0.7149410875117277 -0.03656250048034732 2.458270685053387 
0.896949762420483 0.7178678935031565 -0.07344154556607958 2.437255862333734 
0.9455818207280378 0.6673467544954373 0.07989638230130233 2.550360191482548 
0.9342894304500271 0.680949597097616 0.0565993935815696 2.523042635230317 
0.9468365126546319 0.6696973610305411 0.03901399266123991 2.553342608861318 
0.9730395293243719 0.6351168071779845 0.007805796364056671 2.613441902877669 
0.9780527897224407 0.6271062255574847 0.01963310293096799 2.624693086878058 
0.9704153112532069 0.6390489171508889 0.02153122483712491 2.607703077588712 
0.9791479449203916 0.6187835900581965 0.09382853027269612 2.627045540368468 
0.9750156338453284 0.6203685899532579 0.1228046377056821 2.617986103883795 
0.9630623088136895 0.6437013090527368 0.09368402389622124 2.591177740099019 
0.9693539690300087 0.6394779982946878 0.04391791090623248 2.605275185271988 
0.9610101757566257 0.6504561354146565 0.03257258663844263 2.585298108796068 
0.9695296444346692 0.6398939690415373 0.02147586938030161 2.605338126332093 
0.9896164390074242 0.6079209455981776 0.05176007217362171 2.651739873139817 
0.980359386394688 0.6218035108496196 0.05233164971295956 2.630119142213703 
0.984912038107583 0.6156292684235667 0.03639278877148795 2.640364391882294 
0.9464695851270749 0.6660090725586738 0.07904483373085248 2.552310952468286 
0.9471024802694082 0.6705789726743143 0.04060882571867747 2.55489302467639 
0.9620573961205232 0.6488113283695205 0.059181826692855 2.588335580047199 
0.9099228801468952 0.7062762667922889 0.07422635568000768 2.467417029958602 
0.8933156000121111 0.7210980386389524 0.08414354722603254 2.429611311938037 
0.8968821739828058 0.7210646398954981 0.03721833643756855 2.437252402038333 
0.9469098729161667 0.6664429239160371 0.08101382352581893 2.553656537552369 
0.9311398519918447 0.6862629406541422 0.07961119630632359 2.51861011060978 
0.9345302685590696 0.6814284414456827 0.05625120740696693 2.523942110475459 
0.9474303003058316 0.6658677377846344 0.08062133551739877 2.555023635576843 
0.9357729874995842 0.6739419205065732 0.1109330906239119 2.527380907954945 
0.9303693902405709 0.6849504118900569 0.08167681925745157 2.51546599245028 
0.9911415724499593 0.6067313849391588 0.01095663479985265 2.654807655999168 
0.9922563375500131 0.6048748223376317 0.01834353571831034 2.657464298073819 
0.9886544038007188 0.6104049949520718 0.01714107586304144 2.648963951151706 
1.001370586415754 0.5851158759388686 0.07393177265861856 2.67835975856719 
0.9924203366656046 0.5991148088803279 0.08606387437554711 2.658055993669424 
0.9942069498482761 0.5977060882146658 0.06173366420621797 2.661273051531682 
1.000046626657485 0.591532194657976 0.0006649494164676274 2.675110462612328 
0.9998756200561163 0.5918216450611679 0.0002152459550765664 2.6747128351041 
1.000194027790487 0.5912735703875223 0.0002075901660296872 2.675447370446322 
0.9994207389788179 0.5928474173933151 0.0001139382189644593 2.673808609358872 
0.9997861678913018 0.5919134918484136 -6.485425900392082e-05 2.67446947801232 
0.9996178064982822 0.5921839410393404 0.0007653179535503445 2.67407061890636 
1.008383133885591 0.5761198388567109 0.03884425673843338 2.694717056689148 
1.013059223262328 0.5651288592816144 0.01896871637178757 2.703523954490672 
1.015087969098581 0.5620968274288138 0.03428818261745707 2.709140030340887 
0.9888454559428107 0.610555723436415 -0.0001373597520998042 2.649532690765416 
0.9925243392440088 0.6046023970893574 -4.733549475525741e-05 2.658003005701506 
0.9899878368163364 0.6088959015423966 0.004666697357523477 2.652290041458721 
0.999310424927909 0.5927720770190589 -6.920872985489023e-05 2.673395746777556 
0.9990429835430039 0.5930467496982641 0.001754410320081296 2.672672871221065 
0.9983854229720681 0.5948099259671429 0.0002644426952954385 2.671535669578524 
0.9999379234840072 0.5917201622125066 -0.0001363943831451255 2.674857493161154 
0.9999733791464481 0.5916671809984131 -6.393607438662946e-05 2.674944119576064 
0.9997811271682709 0.5919511810234066 -0.0001114205506638036 2.674473051907871 
0.9999496238122716 0.5916862586936984 -0.0001792877821378271 2.674875739412027 
0.9999983719151467 0.5916175287451074 -0.0003052021353617187 2.675002492237208 
0.9999655281778828 0.5916573001176922 -0.000117119464186722 2.674911086544406 
0.9978813125462088 0.5952517477954711 -0.0002151097290127567 2.670121479028567 
0.9990382680373251 0.5932872999918826 -0.00181303656211909 2.672797994610727 
0.9990426651182331 0.5935794300529897 0.0001725706578704917 2.672984017700438 
0.9927069196153084 0.6043101112314606 4.66147167440649e-05 2.658437425294564 
0.9937005954209674 0.6022208708646001 -0.005888247376454868 2.660469190742109 
0.9960257287141447 0.598911346090489 0.000311998143436314 2.666158064630178 
0.9927244425317009 0.604211812186493 8.702498803047747e-06 2.658442369411634 
0.9899393287414781 0.6089817375597744 0.0001203119461194574 2.652161921996801 
0.9912350973918015 0.6065694575048497 -0.004752106589100696 2.65497193191218 
1.004273914834831 0.5845447427181558 -0.01049647528276373 2.685203993819421 
1.007226583991492 0.5789310805820169 -0.008384008453146474 2.691711333311084 
1.003993846510269 0.5840284847682412 -0.003244731912580304 2.683802877656254 
1.006234649441557 0.5791521942649456 -0.03118506613605935 2.68898555220066 
1.013143348532538 0.5653944041710351 -0.04310701943953119 2.704778769491249 
1.013353799279771 0.5663189554390361 -0.03118190933619888 2.705566290855778 
0.9889694479096978 0.6106346908003486 6.696208265485961e-05 2.64998929544913 
0.9878597477544285 0.612572933817484 0.002794357659265148 2.647545351693663 
0.9869408560120945 0.6133317238694176 -0.000468042664280553 2.644985817544243 
0.9777323228966162 0.6189857669403306 -0.09815854721913873 2.623220881895817 
0.9745777227740088 0.6224423064612178 -0.1274962671756542 2.618240660687459 
0.9936531233340339 0.595333755837913 -0.1187985870366567 2.663054000170043 
0.9984217086402117 0.5897054854514941 -0.06736353206395565 2.670803778524305 
1.003783688280912 0.5778808400102885 -0.09002858071432455 2.683572853718233 
1.011453039669572 0.5674512854987932 -0.07250127195999291 2.701876074099371 
0.9193252206547855 0.6990571682052228 -0.0614521525761705 2.489796512684378 
0.8985532230617521 0.7170210600982714 -0.07452215126843374 2.441261151214157 
0.9134593791155156 0.6997646813913553 -0.1036655936073226 2.476396125786799 
1.001113295634118 0.5896996653527075 0.002235544936540857 2.677578998632212 
1.00096696344057 0.5898402597946993 -0.0001696097183714179 2.677171613321723 
1.001740857949078 0.5885928854002971 0.001363173065907422 2.679015932487975 
1.000856803442136 0.589891323810575 0.002024481653546248 2.676835864555996 
1.001831793850144 0.5882217461517246 0.001719628041736675 2.679099787391845 
1.001069125572834 0.5897837499924878 0.005179029121330438 2.67749173323337 
1.001086097069927 0.5899279364902914 0.005552509283374398 2.677634231633034 
1.001912986549614 0.5879958595104937 0.001309637496450025 2.679234147316115 
1.002605466445833 0.5874561167686951 0.005642423573065419 2.681244431166917 
0.9991928884827125 0.5929218111843624 0.006904608920874892 2.673109899072694 
0.9975619929328197 0.5960940688426917 0.009236648682352414 2.669613393615033 
0.9959727231754011 0.5985858048821421 0.004849370581181632 2.665799731354245 
0.9990574448314291 0.5931066189667983 0.007045146378628652 2.672775747006795 
0.9960900595013211 0.5985747423161861 0.004984957614082997 2.666181504235838 
0.9975759520912353 0.5957541460748415 0.003970884036677067 2.669416897266019 
0.9977122956916168 0.5955557053427576 0.003999451142853193 2.669749047519765 
0.9961393977831828 0.598514602103048 0.004469060618792825 2.666313275476314 
0.9956885808350542 0.5991176853402801 0.0001131334377948996 2.66516788080108 
1.005752263553804 0.580851606319618 0.006280235076907642 2.68789501240702 
1.004494251872689 0.5834899193400087 0.01633351299451407 2.685337987354155 
1.003219181675876 0.5862476441031491 0.009620482433514838 2.682600237395991 
1.005361499443185 0.5810472558839432 0.006399784975993772 2.686709571597473 
1.003604794792265 0.5859756296276427 0.01007290154423676 2.683739788684907 
1.003679668565885 0.5845567305514957 0.00316426794408404 2.6831094671975 
1.0037248330485 0.5845720593276614 0.003238881331256745 2.6832748689254 
1.003533920826631 0.5855160499138948 0.009532596490799156 2.683232465576847 
1.002414994219473 0.5877911735901209 0.005742829889790766 2.680802789218179 
1.000369765899999 0.5911345898917884 0.009892217059632854 2.675992264773317 
1.002710647993406 0.5867067588988866 0.00605207541926875 2.681152595278687 
1.003481868729103 0.5855425297552519 0.009782964517617664 2.683074654788054 
1.000041319654015 0.591458412466892 0.009548304683683026 2.67508338454462 
1.003504707113401 0.5852864855255948 0.01048424256312054 2.683007152156956 
0.9998113741671525 0.5916849880082363 0.01407690562024838 2.674507109173309 
0.9997318513431008 0.5919616130667547 0.01444968824556583 2.674409951431472 
1.003729249643559 0.58480642885844 0.009921208798820825 2.683460802485442 
1.004168750976793 0.5844976037794458 0.01638141308071829 2.684839189938984 
1.006133883303335 0.5798616333841737 0.02414449969357673 2.688880031927015 
1.003957756227925 0.5847075979698368 0.01646362541802249 2.68423962940114 
1.008377245939885 0.5757955593650992 0.01280187868164502 2.693825536645747 
1.006305644457032 0.5810710339422515 0.02566250530207683 2.690159504057228 
1.008419268427469 0.5755672903487379 0.01247266141985606 2.693802930314044 
1.012385030041955 0.5667353654727941 0.01970847382780302 2.702249987763514 
1.012789125510593 0.5675712700114048 0.01816413757566109 2.704075944479671 
1.008161759195058 0.5764275481415431 0.01211980959963553 2.693449306211745 
1.011686901638248 0.570067719594173 0.002446578500119501 2.701571404062286 
0.9803406645108161 0.6225053315092293 0.05280128618417442 2.630508130923242 
0.9904758622128208 0.6049486955654395 0.05154477858716777 2.652697043067436 
0.9859683747263425 0.6122247054400034 0.06834495811963733 2.643440537708171 
0.9799718529979506 0.6221478804560788 0.05121012900731651 2.628957152081946 
0.9856546578218947 0.61306482690519 0.06977064597274177 2.642900292401138 
0.9715195166405345 0.6337322303986015 0.06768469702756737 2.609905808515143 
0.971256348052118 0.6357015417148155 0.06822397629643687 2.610284078987835 
0.9867478823724353 0.6098215332870733 0.06894425250216955 2.6442318336546 
0.9784260497695318 0.6206447273564615 0.09270643805622047 2.626033583791941 
1.006578920567826 0.5769963908198198 0.05395219685254992 2.689889928926927 
1.007605652212981 0.5763751271141598 0.03716827169476111 2.692140505678771 
1.013835565799203 0.5627593754651895 0.05297466211287214 2.706090140472922 
1.005996952103111 0.5768833685660433 0.05220725721733912 2.687726327174228 
1.014513163581422 0.5621918424864877 0.05189845315016538 2.707875900995301 
1.012629625989078 0.5652510616840845 0.07796039965273685 2.704981278678472 
1.012638044704449 0.562521048876147 0.07968968898621445 2.703711387441233 
1.014036742089923 0.5640992141158435 0.05151994082658374 2.707247919796802 
1.024655037314901 0.5371986386333883 0.07549262122163598 2.730180991085942 
1.000514626181159 0.5895173557370499 0.0498875180108642 2.676718912451744 
1.008048910364738 0.5751419482665938 0.03786399849268891 2.692861377371317 
1.00680989719758 0.5776803177450253 0.05338498782899236 2.690970257504886 
0.9998377585328414 0.589949276137589 0.04894515526283546 2.674651477098839 
1.006439184587111 0.5779073231727655 0.05506622401275515 2.68989397090724 
0.9949535014439208 0.5968688984950798 0.06333547461354182 2.663361360679358 
0.9947865143002009 0.5978218229039239 0.06380996940521182 2.663425512918867 
1.006804116319233 0.5754771152486862 0.05360192049733571 2.689485505880637 
1.002312659510179 0.5843698785092318 0.07341197886161732 2.681095129573446 
0.9606591046643947 0.6496337656760508 0.05898254804815668 2.584851642049566 
0.9696204114308458 0.6382983617993331 0.04329642762204374 2.605306226456368 
0.9705696637471681 0.6361120837219726 0.06685925092861639 2.608288002503822 
0.9606570299961553 0.651153278432555 0.0590779011334908 2.585719222870097 
0.9721446405893884 0.6336032521598666 0.06661548883449872 2.611533450324329 
0.9627503043410514 0.6432522691540969 0.09109194629007139 2.589813321834964 
0.9632320009629015 0.642379668863387 0.09235715838202536 2.590899284445255 
0.9705409717801766 0.6349094020373626 0.06558332814352189 2.607238025528431 
0.9777303370851927 0.6217857505367087 0.09388847605798001 2.624442361687717 
0.9997608138453483 0.591428393887683 0.03318722481631008 2.674600857282757 
1.007569589952593 0.5766561580093172 0.03853756003471888 2.692211439802656 
1.000256840685477 0.5884004656030499 0.04876981351813187 2.675159626480522 
1.000706963058857 0.5903131846823348 0.03359178787289269 2.677070759674838 
1.00000753102719 0.5898076630172102 0.04809290055076296 2.675097887985845 
0.9939430804531676 0.6021300433336861 0.03777617462585928 2.661887252823084 
0.9936156757450215 0.6022456555079974 0.03633429281732874 2.660797444190837 
0.9997068881558483 0.5901051074098478 0.04957835006852668 2.67429926583696 
0.9900508346405507 0.6055578512608722 0.05194462964490232 2.65180601569574 
0.9901363017711879 0.6083233925040961 0.02925682115932392 2.652837021288537 
0.9959949501451421 0.5976527159827816 0.02678925347823563 2.665617415812599 
0.9940359825757876 0.6007258366176395 0.03647651173020258 2.661332389462775 
0.9898160875140802 0.6082603166432269 0.02829435072603161 2.65170256411164 
0.9938615465215693 0.6011785159630967 0.0375976607994239 2.661030326459098 
0.9854412305002903 0.614260545914133 0.03771425319070847 2.641357299161401 
0.9853330823297844 0.6160739672029396 0.03822888736828592 2.642116833344699 
0.9944678920178105 0.600556320867795 0.03730444291019645 2.662553845678969 
0.9901113448687995 0.6071053267881599 0.05062597219261551 2.652867979895707 
0.9829193611409287 0.6204553122080119 6.905151234864073e-05 2.636249239722362 
0.9849803089547022 0.6169723317600775 0.005177986972562178 2.640819678868625 
0.9809624906103992 0.6231576493611203 0.006091350110728821 2.631563389428211 
0.9830601996972971 0.6201236303516448 1.023566356907117e-05 2.636495013526953 
0.9805653711759896 0.6240142624383652 0.006734406810713032 2.630784767128461 
0.9781049767481267 0.6270534351707538 -0.001986811022198748 2.624672519555887 
0.9782688737583 0.6282142281929232 -0.003013601929626494 2.625977348613381 
0.9811417091278291 0.6236119542648223 0.00686640869789277 2.632387758401979 
0.9737882782765112 0.6335429756755321 0.006944561100058451 2.61486504670583 
0.9948684022252001 0.6010840248995244 0.01178032521991272 2.66370619809034 
0.9975935296457591 0.595771663359825 0.009477965748031456 2.669510110685859 
0.9970057567208878 0.5964799375533294 0.0156471610325556 2.668072669458609 
0.9946212854391747 0.6011163665009776 0.01106965423658061 2.662893710910328 
0.9969610141455112 0.5966100516380977 0.01621664428297494 2.66799930728219 
0.9926315738931045 0.6037459690704607 0.01841851563344043 2.658024340835103 
0.9926142094543845 0.6048726529456867 0.01889995098839907 2.65864410683192 
0.9973525515286161 0.5961585379345298 0.01593199843580107 2.668988233826053 
0.9957218754204635 0.5984069344182332 0.02600961740788183 2.665189422165199 
0.9806710279035925 0.6231471846812023 0.006864651612299336 2.630605401330212 
0.9848014525369604 0.617143215795835 0.004872536822998799 2.640344387932763 
0.9832424388032491 0.619851015855912 0.01234538293449266 2.636994753295359 
0.9807545155039696 0.6241082671269621 0.006203689955545487 2.631458306836364 
0.9839795393901668 0.6188068876510374 0.01241274924627791 2.638701456919084 
0.9778780371422814 0.6275615979228792 0.01847206308060165 2.624475136332869 
0.9777466035087181 0.6271449216038683 0.01984636011274368 2.623793834821261 
0.9833515547651166 0.6193964234497685 0.01179233946220731 2.637026276917168 
0.9833872863035213 0.6190321973594023 0.02479734002857835 2.637182374419404 
0.9994713179362279 0.5922303725726291 0.01342923443099379 2.673676331897972 
1.004030574341914 0.5845181776861329 0.0169941988311764 2.684395647648792 
1.000780382249928 0.5891908658623799 0.02309785971820339 2.676441541694204 
0.9999782036363514 0.5915881471121345 0.0135793893795521 2.674981865881044 
1.000608946582227 0.589852177077715 0.02285419967127394 2.67624286252443 
0.9970505594503294 0.5970389242789087 0.01636753263274045 2.668555237516596 
0.9968511154317238 0.5972662600121459 0.01538249010200075 2.668000314925365 
1.000471930031505 0.5898373865291141 0.02381638940986277 2.675790552649428 
0.9957399329405984 0.5974958868869518 0.0266610185842377 2.664727117872034 
1.001095476244746 0.5903381652392053 0.02442007477163114 2.678184652031208 
1.004454284177703 0.5838807367189256 0.01674973732805549 2.685414519812758 
1.005922925736783 0.5804488622430403 0.02446439863773307 2.688500164916097 
1.000560449823242 0.5906913469958532 0.02334689040542886 2.676575084436347 
1.006038419402418 0.5803679701370367 0.02528333152188901 2.688843885466265 
1.000380520313077 0.5898210600915604 0.03369428744297674 2.675776730679041 
1.000435291293422 0.591116824957968 0.03490700951317677 2.676740303486396 
1.006412813711597 0.5796466638820306 0.02467311128515789 2.689618371960651 
1.007625135727092 0.5765418958880015 0.0375414673503885 2.692327304252377 
1.000036567668969 0.5915668919102977 0.001707093018466501 2.675098590359938 
1.000003012645345 0.5917375726829081 0.0007395646210907966 2.675086665270228 
1.000455096784256 0.590729360271619 0.0009198556296266205 2.675994495859079 
1.000046072979929 0.5917056792798167 0.001979594198652092 2.675212495879576 
1.000514636467281 0.5906058631102014 0.0007609150410742831 2.676118972731824 
1.0009211999134 0.5899565747379287 0.002111763404460277 2.677090793109504 
1.000987907281108 0.5896747903752892 0.001967761924265988 2.677146753801125 
1.000397128590753 0.591022436996005 0.000767456006471336 2.675973709399448 
1.001007007552652 0.5898517279434904 -7.457371912545034e-05 2.677312309764342 
0.9992129222683863 0.592935510754807 0.006606635867627815 2.673188786106211 
0.9997551244199111 0.591787422417725 0.004322093780847527 2.674298278884534 
1.000771426339041 0.5900933050879646 0.005761896724940277 2.676687939163293 
0.999119497039712 0.5930432815580583 0.006698307719047313 2.672942503468541 
1.000901477186889 0.5898507046441067 0.005425338633562332 2.676972811223945 
1.000466005104936 0.5909888916119121 0.00911907181617724 2.676226075975359 
1.000458581500535 0.5907376778328705 0.009309973659679924 2.6760498032613 
1.000683724128616 0.590248636200104 0.005454004057822927 2.676480763110536 
1.002490549188372 0.5870853155416138 0.006433352827563243 2.680647539758192 
0.9996417497882093 0.5922701569521455 0.0007852003392334724 2.674201198799202 
1.000084861716317 0.5913519032227429 0.0007314958141894286 2.675130730684269 
1.000011594948516 0.5915986128501006 0.001685983206291997 2.675034338977068 
0.9996149124019691 0.5923377831084599 0.0007025632962067871 2.674151583654902 
0.999981399073232 0.5914506572180558 0.001969636447023945 2.674846642318793 
0.9991998381442649 0.5931087612503247 0.001689012226930307 2.67323076619018 
0.9991158755271439 0.5931585487809189 0.001679089159508936 2.672981016475346 
1.000112678319458 0.5912628321042495 0.001724298499481197 2.675170412067298 
0.9998362146554041 0.5920402040397365 0.003975004342275966 2.674718675959356 
0.9922807183349073 0.5990592875147155 0.0872248431301101 2.657624694629884 
1.001880067566964 0.5824841753209627 0.07352882333210377 2.67849663297053 
1.004630263061379 0.5757760836093452 0.09723931864207863 2.685808326514509 
0.9915348431968728 0.5986282525936277 0.0848229161874782 2.654681757633792 
1.004995734303659 0.5756251024501132 0.09738176185685125 2.686741851177326 
0.991878973724225 0.5965848576957249 0.1156101516840061 2.657714919272438 
0.9916083036301531 0.5958546802234745 0.1174221782991753 2.656477376022762 
1.005278764917329 0.5731606744454041 0.09659158915612788 2.686275516480238 
1.009715074036958 0.5586146270975804 0.1291422204204424 2.69662723241778 
0.9998490536876138 0.5919979759931978 -0.0004410175906185429 2.674726020362278 
0.9999086648138829 0.5917342615455257 -0.0001115020155893471 2.674768516844372 
0.9997677823889354 0.5919608549681442 -0.0001071874787924689 2.674434458131441 
0.9998831941281183 0.5919765435307194 -0.0005397995477754852 2.674826868859996 
0.9997781733531461 0.5919554182084104 -7.649028417692287e-05 2.674465778161373 
0.9995660387010389 0.5923515470917993 -0.0007663040680564426 2.673994895790681 
0.9995308302902589 0.5923634865558515 -0.0007741790573653755 2.673885332253277 
0.9997915379720737 0.5919933311792021 -5.404389137443806e-05 2.674532468833354 
0.9994716876060966 0.5926652054244288 -1.308470234146603e-05 2.673867377624181 
1.000167371495632 0.5914772501251615 -0.0003267828535904447 2.675425438191117 
0.9999489426974235 0.5912345588695 -8.123849603896678e-05 2.674826555359623 
1.000025704940145 0.5917098798010645 -0.0002672079963161486 2.675060490534382 
1.00014546268878 0.591425935304797 -0.0003657039996616042 2.675376544690383 
1.000034203246175 0.5915829724266534 -0.0002103670372396658 2.67509995252368 
0.9998737085528189 0.5917025716466283 -0.0005462317521586725 2.674637895021205 
0.9998550207848279 0.5917923397377145 -0.0005340868686878138 2.674626917308315 
1.000056570157414 0.5915784238899664 -0.0002963262685384276 2.675173125340926 
0.9999118845363175 0.5917096521737871 -0.0001820142577982706 2.674764008259204 
0.9990626474693345 0.5932479516591473 -0.001815389658754094 2.672854991571378 
0.9977760666701246 0.5954442696264231 -0.0002142316964731768 2.669887741086046 
0.9983035010313633 0.594803624640481 -0.00345785977817182 2.671262623292127 
0.9991014040163919 0.5933089555146186 -0.001741140210012754 2.673018588105887 
0.9985605747039206 0.5938908952283105 -0.003671334727846876 2.671572295398629 
1.000131200850459 0.5914076069219718 -0.003094258915735893 2.675322619980144 
1.000061185081591 0.5913301920036402 -0.002822996323949137 2.675043223015083 
0.998410106194222 0.5940633233672046 -0.003813473215114676 2.671175557464098 
1.000206684756056 0.5915455751964338 -0.005519677168781223 2.675665416399631 
1.001076849054924 0.5901285270589458 -0.001547777896503668 2.677605882636006 
1.000561093685576 0.5898916467372083 -2.671724930872284e-05 2.676182269664805 
1.000455962525828 0.5909387484357066 -0.001023880921632794 2.676004721855019 
1.001020399976404 0.5896565031885251 -0.001733241088353551 2.67725904551167 
1.000468760287719 0.5906700436664051 -0.0008597657121294682 2.67601896229521 
1.000192796344969 0.5913939355531 -0.002899746513178825 2.675525041491641 
1.000148555787302 0.5913487241862206 -0.002790030532659351 2.675349502897934 
1.000541843627951 0.5908455144166215 -0.001103772346308697 2.676367773981886 
0.9999442756248494 0.5915953937091505 -0.001584721367542817 2.674809435286066 
0.9991829350236237 0.5931700935039248 -0.009059074033502522 2.673241338955459 
1.000493983399561 0.5912731214415647 -0.006074918643524031 2.676461557111292 
0.9981733842824105 0.5942644327569144 -0.003480189774959976 2.670507670876956 
0.998969741659155 0.5936474467203942 -0.008932086237701631 2.67281418283814 
0.9982801731307832 0.5942864450029639 -0.003088287724822584 2.670878564583783 
0.9966544132690117 0.5972838224982138 -0.004070573099390696 2.667274980108139 
0.9969294680979098 0.5969103908487349 -0.003924910019164863 2.667959682351556 
0.9984466948866603 0.5946678340420211 -0.003733991758278046 2.671658201411883 
0.9977814292405601 0.5955067598123065 0.0001502231395296923 2.669942664376749 
1.0015105130383 0.5877608081485122 -0.008430470085010756 2.67784449498142 
1.004099788617005 0.5839674503743635 -0.01029699543259836 2.684275680861981 
1.004349681775166 0.5844913540370592 -0.004048396288669062 2.685302860690708 
1.001746463270315 0.5876057603184804 -0.007995061499967596 2.678537216791534 
1.004188108902923 0.5845912648235944 -0.004109402536659304 2.684821822528872 
1.00220387309362 0.5877751241751658 -0.003658114392003029 2.68010509080547 
1.002173055896256 0.5880845186275767 -0.004035827438444329 2.679997397687936 
1.004170323447082 0.585144072014233 -0.003604801166925325 2.684983908311363 
1.002854061768918 0.585431866157077 -0.0003327423181509981 2.681280513708247 
1.005967318107487 0.5820577668962992 -0.01785612891523052 2.689469427690903 
1.007069178374682 0.5777140866798083 -0.03081366611939383 2.690935589068971 
1.011626544901379 0.5701443203054635 -0.01847090361687381 2.701579775419302 
1.005700699617581 0.5819812569337515 -0.01853347580978176 2.688553417810764 
1.011083545138021 0.5710486940974083 -0.01709487064227454 2.700236085830621 
1.007288578575651 0.5774086364097051 -0.00835039532373936 2.691058330133069 
1.007339850869466 0.5791416835668208 -0.008779794582440043 2.691972049083848 
1.01178723461921 0.5708055104701695 -0.01692273273725098 2.702248920396257 
1.011367709392578 0.5691165680357647 -0.003506411658980734 2.700724294994658 
0.9860187808329769 0.6143068225176243 -0.01023324191416226 2.642606162472167 
0.98239219546421 0.6207994462189449 -0.00676135497125585 2.634736396775465 
0.9817682736986192 0.6220086822365825 -0.01388198985148792 2.633537940134934 
0.9861472786637411 0.6144112223312004 -0.009683755879990737 2.643088433144448 
0.9819799792008272 0.6216857375560486 -0.01448684014583747 2.634024365949503 
0.9868727981777735 0.6141523656922605 -0.01629844013595035 2.645406709552025 
0.9868785250922094 0.613794204102787 -0.0162382188502731 2.645168580127895 
0.9815440292787305 0.6221180646408602 -0.01437383238934395 2.632839399131619 
0.9823744215619257 0.6200609780140228 -0.02362289127206023 2.634496629597361 
0.9913208033582371 0.6066877777434798 -0.004192256308373325 2.655314720275628 
0.9892471827540209 0.610132807149413 -0.01032523944406772 2.65065002675065 
0.9926897789784854 0.6041984295157802 -0.01297125927495586 2.658411823902583 
0.9911035741167511 0.6069412789910343 -0.004603664639128272 2.654749094941725 
0.9926775628080772 0.6040754706559189 -0.01250686654717386 2.658293281320244 
0.993786032521798 0.6019555057203364 -0.00604899331896018 2.660599905323248 
0.993812711801306 0.6021093611280929 -0.005831630661284126 2.660784489994659 
0.9930086330228374 0.6037943382482979 -0.01271900998787729 2.659203557547849 
0.9963906390740981 0.5983176587099099 -0.01255080469293879 2.667082442446331 
0.9992286825721691 0.5928105096737387 -0.008778528816166798 2.673184839273716 
0.9963443711937583 0.5981301508570019 -0.01227662543172296 2.666792675544055 
0.9998387787024158 0.591232998591823 -0.01401896884201024 2.674354032968106 
0.9989761536131578 0.5925122080991767 -0.009433501788341674 2.672177332237511 
1.000145752519566 0.5910200095579016 -0.01400573504592021 2.6752278957061 
1.001990105060524 0.588907618316996 -0.007954739504845289 2.680064058214089 
1.001878410793662 0.5884882955929682 -0.007390213322082316 2.679455881468258 
1.000355721272194 0.5912562968618303 -0.01440672125440381 2.676051175922829 
1.004022444881989 0.5831490013507523 -0.0107881547446035 2.683542638341413 
0.9983191910228505 0.5932866096624854 -0.02138243901401529 2.670596975374323 
1.005844918469188 0.5806261966711692 -0.03107824437901318 2.688541020390521 
1.005564991215951 0.5807982866399016 -0.01865338992303634 2.687429479223999 
0.9992880030745779 0.5924021386298859 -0.02091045863156266 2.673286198963833 
1.005224738293773 0.581120229087285 -0.0188423555902257 2.686487107364016 
1.00011681028401 0.5919598602662455 -0.01380118426439894 2.675662227021186 
0.9998407865396869 0.5916976748153806 -0.01490134516385238 2.674605755699239 
1.005132263493291 0.5815079748716855 -0.01804914940435315 2.686387640297936 
1.004125203021476 0.5830703142761837 -0.01073437868109202 2.683837738746381 
0.9935596544181924 0.6007080419082206 -0.04740037189907796 2.660127416878483 
0.9986821105471666 0.5899573487836284 -0.06650836306965276 2.671813112967774 
1.005172252305562 0.5802512527609086 -0.04784585737364405 2.686734125377309 
0.9943534064224576 0.5997099673284494 -0.04697073747664549 2.662100853172335 
1.004449852677211 0.5805429054945422 -0.04729263938053529 2.684509127818533 
0.9995963584988256 0.5928601766922252 -0.03489738894615776 2.674957756926043 
0.9989228527727524 0.5925658408484743 -0.03720838817607601 2.672607493692004 
1.004528048603115 0.5807087259373784 -0.04664455918602052 2.684823763374192 
1.006454721208356 0.5782924858678108 -0.03098005693760784 2.689281043949508 
0.9890679794146029 0.6100357806581902 -0.01967545402098339 2.650093351818573 
0.9922265521837271 0.6043211128258235 -0.03127913800533635 2.657371068758311 
0.9952641277956925 0.5987194349855373 -0.01994595834886133 2.663720984913535 
0.9896664135680664 0.6088513971730604 -0.01947504398050754 2.651327099371636 
0.9952548610997926 0.5996798946450861 -0.0203046795184457 2.664266841193724 
0.9930173182996791 0.6041293981365958 -0.01216576726603423 2.659415972653606 
0.9926549854282047 0.604469460723063 -0.01287115696732694 2.658424425652774 
0.9950969784865099 0.5996101171183504 -0.01931879745991576 2.66368650301895 
0.9963507194077195 0.5974678417175726 -0.01210182395435677 2.666434822789966 
0.9693043978965044 0.6398461440866745 -0.06186074521695638 2.606399351325733 
0.9528721573623846 0.6591188696750857 -0.07170771540831404 2.566939466098017 
0.9639597346325689 0.6406969225221617 -0.08868237662091397 2.591644252596362 
0.9679391760527484 0.6406635305601638 -0.06316982713255746 2.602560565487836 
0.964820857072849 0.640286571739498 -0.08851477547125458 2.594089385700776 
0.9773468419465859 0.6243796037501796 -0.07287797716292774 2.62322734095165 
0.9778338604632033 0.6254816473564075 -0.07111085208448646 2.62534821691543 
0.9651522804812298 0.6400444536269444 -0.08902610349254524 2.594887805495678 
0.9779482696902269 0.6196553322809132 -0.09770871346302706 2.62428364386284 
0.9874059924747146 0.6096108324210965 -0.06522020689668061 2.646361740829639 
0.9778766526158592 0.6255147150504596 -0.05400493743541603 2.624388399118269 
0.9773119948834561 0.6246349201469714 -0.07264173235909219 2.623234617730717 
0.9880432871239647 0.6107537823066381 -0.06366486170797893 2.649032590415576 
0.9772890378772291 0.6251636615345857 -0.07309805056314173 2.623310915138072 
0.9907177002101628 0.600285243040654 -0.08293956834223401 2.65289238245908 
0.991465707007765 0.6003179226586597 -0.08396438397463209 2.655391220019198 
0.9766520306489849 0.625925538640991 -0.07312254038147238 2.621815627232222 
0.9782672093381226 0.6194641495000038 -0.09824688761881099 2.625181534578662 
0.976508231468908 0.6305263967436906 -0.02477263941043852 2.622018295105825 
0.966860787723265 0.6433449593019797 -0.01994261607566731 2.598892126639198 
0.9696204927982375 0.6372313955529877 -0.03742042582005145 2.604408021687586 
0.9758801361604061 0.6308733901345692 -0.02506511129026249 2.620190622988015 
0.9707276741955121 0.6366888787195697 -0.0385437777606193 2.607657528753223 
0.9804007756865745 0.6230748461296687 -0.03657505691025491 2.630330717361613 
0.9808360431844834 0.623840075366367 -0.03503670836163471 2.63216719036871 
0.9704769408385022 0.6382074449789962 -0.03835684023004251 2.607720737621833 
0.9773776874950211 0.625140823657332 -0.05289178824094942 2.622508641261904 
0.9868266037828531 0.6143359843793033 -0.01507368249569446 2.645302482468082 
0.9828732390513876 0.6197131927994199 -0.02407484589210471 2.635913857146034 
0.986936575120096 0.6130287153274651 -0.03001281476837207 2.645258294544121 
0.9863258295142391 0.614772317847792 -0.01560063518251526 2.643929721779711 
0.987084314966272 0.6128038551214183 -0.02946920992433961 2.645592861840317 
0.989237211696772 0.6091855120520668 -0.01924300694845296 2.650149928938746 
0.9893603763221545 0.6096255817956852 -0.01836743378986352 2.650803773796654 
0.987544921561355 0.6123007548920113 -0.03009673226214486 2.646795293960138 
0.9922947404107904 0.6044993859254951 -0.03260461913659132 2.657741835930596 
0.9785581239731524 0.6270009101497165 -0.003712585943654661 2.626121521026536 
0.9729464303096451 0.6349289448478973 0.007586391923192242 2.612999716275775 
0.9690176387138916 0.6402532884116826 -0.002428279332618547 2.603726683649225 
0.9789183640393606 0.6267944129809609 -0.002847557120573097 2.627152518932022 
0.9694254260502715 0.6400841251886109 -0.003947755899185782 2.604938414127652 
0.9777727808713633 0.6290978967896632 -0.0121449330911581 2.625013534832565 
0.9780335765167416 0.6285970309210065 -0.01190198353623179 2.625511737288091 
0.9685102288554617 0.641106097304927 -0.003632236370481236 2.602589483571207 
0.9671334743511021 0.6420099537742096 -0.01849718976255123 2.598931052284716 
0.9871537649393218 0.6127477748959184 -0.03087940951474208 2.645814971090725 
0.9823833371684547 0.6214958100035428 -0.0249957041326809 2.635475588840892 
0.9804145208054821 0.6223671124133244 -0.03587930029179834 2.629882714510111 
0.9875065972641408 0.6132881568203907 -0.02982482271523643 2.647272507055493 
0.9803736746562274 0.6227664905281852 -0.03607161687918078 2.629953867059855 
0.9872486316353861 0.6108510596955454 -0.04230859327727172 2.645350051488416 
0.9877219456688957 0.6106388422386271 -0.04311998623336685 2.646799484077353 
0.9798763077036448 0.6244128162600243 -0.03635214176542796 2.629409071614192 
0.9783330877282759 0.6246588120139155 -0.05320338696362646 2.625300202346512 
0.9862916792891439 0.6150400528896113 -0.009926553451058613 2.643969327477444 
0.989110440311006 0.6106891885177964 -0.01031896473973924 2.650554149711831 
0.9883109186077332 0.6113047054709306 -0.003287879754537964 2.648230629514082 
0.9860768990531719 0.6152409857371408 -0.009523277163277688 2.643389022034085 
0.9882872706334537 0.6112439980529674 -0.003655959340458834 2.648118643110085 
0.986406086987524 0.614803922934879 -0.002553262780454976 2.64413919831456 
0.9867891541470281 0.6135587161561125 -0.002943591828900082 2.644628384140663 
0.9883536569294459 0.6114430057627156 -0.003540211823227734 2.648469117132047 
0.9879413454975655 0.6123895132260927 0.0001911215417213555 2.647694126261019 
0.9587358033523549 0.6562960517887596 -0.02125507940823949 2.581520984299014 
0.943554386719663 0.6742076176295501 -0.02294902540661212 2.545635198264113 
0.9449047685669557 0.6705056691287686 -0.04655927316670524 2.548203530547724 
0.9576829443983179 0.6569589081003953 -0.02149243200781455 2.578595854492084 
0.9457251728408086 0.6701896449740898 -0.04688625824272178 2.550590672630323 
0.9593631901824363 0.6528776443910094 -0.03997224142447443 2.581908652468427 
0.9602852523596609 0.6537593348667984 -0.03696514372424257 2.585223714273757 
0.9457466066760442 0.6701661704904759 -0.04769276071279555 2.550630346509018 
0.9521212771545888 0.6592856601987566 -0.07083028090689704 2.564876577847176 
0.977804749958714 0.628821992180168 -0.01095100648225894 2.624893017695969 
0.9680023288240986 0.6414193387388335 -0.01989061292095107 2.601367621317094 
0.9763138042242145 0.6309058071407915 -0.02537276655097505 2.621692671420124 
0.9769182474980562 0.6291406939719929 -0.01097304631410637 2.622192061571803 
0.975950619318113 0.6302512275592242 -0.02389656368714087 2.620039288378437 
0.98202318298646 0.6213634217201793 -0.01412719179570258 2.63393941133282 
0.9818561267003104 0.6214959308187874 -0.01374713467935799 2.633468584580729 
0.9765251104627255 0.6298741285306464 -0.02462010918400838 2.62167336078939 
0.9826622881528828 0.6208160830413021 -0.02500094817632975 2.635972407548582 
0.9669639738996116 0.645066297836391 0.01096519022530347 2.600230018021824 
0.9560258543607237 0.6577523711231623 0.01292534813762648 2.573806604344221 
0.9597373827864714 0.6545665557172522 -0.006792924370558803 2.583480001096358 
0.9661935203178728 0.6457570866431033 0.01075639623891946 2.598203883159472 
0.9599300696781107 0.6538206112470443 -0.00619593333520362 2.583545565263777 
0.968874037781343 0.6404734259031701 -0.003935924161683218 2.603367648797354 
0.9692267704001701 0.6402960390229729 -0.002871038661034326 2.604362575407275 
0.9606395942365635 0.653501547047325 -0.007503224790698241 2.585600201604749 
0.9669670538926681 0.6445734199537361 -0.02068834617097396 2.600205865673772 
0.914968731805693 0.7053080885565792 0.01631467176382641 2.479468972347181 
0.9306073529491886 0.6879105398898274 0.0272739379840732 2.515095672157591 
0.919530819114362 0.7013504681727881 0.04603434930064405 2.491381486133903 
0.914854376799985 0.7045534190459604 0.01462474133241768 2.478227648200938 
0.9198614926982337 0.6996015980424122 0.04652010935509257 2.490758688833263 
0.8994937108984948 0.7201716586580373 0.03614134621601558 2.44454978382167 
0.897634031340392 0.7198873699659842 0.03836998118522042 2.438727205411026 
0.9201469809365272 0.6988145417858239 0.04700748632125185 2.491210132664079 
0.908933708070949 0.7092107082538112 0.07426157257048419 2.466799222381078 
0.9341436096136998 0.6831342564112511 -0.003575123178669175 2.522301627926662 
0.9299686299449114 0.6886714055861951 0.02624227939214431 2.513611599458746 
0.9162323047496235 0.7051254398974769 0.0147209322651632 2.483112147424502 
0.9355747170177431 0.6831186512966442 -0.001672035692197307 2.526751009972203 
0.915608319333814 0.7053071439396738 0.01422073860789364 2.481196405097855 
0.9247105095803434 0.6953125149439709 -0.01767196282212141 2.50222151292267 
0.9247618768300868 0.6938515929583848 -0.0197498024127261 2.500874996250748 
0.9151634014250278 0.7062915196678904 0.01515762876793557 2.480361492074523 
0.8990598724756494 0.721493321998092 -0.003974860513160399 2.443246398977482 
0.9699494962135068 0.6383809643339818 -0.03932089479310262 2.606325796354577 
0.9668930393646192 0.6444749360717216 -0.0197947172604069 2.599809435835353 
0.9600543144150349 0.652210403078566 -0.03886149559554227 2.583561507125345 
0.9708883830430475 0.6393951578621517 -0.03678277879646734 2.609857814739253 
0.9596588162063021 0.6535022199433874 -0.03873787836951615 2.582989721330132 
0.9672627437741524 0.638498136902847 -0.06302769043361556 2.598929591863651 
0.9677573505559743 0.6385576961706536 -0.06475747522967076 2.600701796976817 
0.9590187932139694 0.6547647931691856 -0.03835211775735845 2.581820630367056 
0.9528438059696867 0.659050066845528 -0.07129257290740196 2.567006530787975 
0.9460875907992911 0.6729060933127967 0.01933424069803276 2.552482923237995 
0.9306994557915746 0.6874956110150416 0.02597234133283902 2.515223091640774 
0.9342131988871382 0.6859139688061364 -0.001496198149654576 2.524665360850579 
0.9450192373387536 0.6733694111524418 0.01937423106875782 2.549499380694288 
0.9346220234089833 0.6855869636699977 -0.00128742586434652 2.525547657587385 
0.9480552277194466 0.6679845772323929 -0.002311016646293044 2.555323377875343 
0.948678716679566 0.6677955282265361 -0.0008527386649313089 2.557120393710354 
0.9352109794109607 0.685296456761752 -0.002600320563969395 2.527148478793066 
0.9431243093932752 0.6757730598951998 -0.02354724339903654 2.545605027910624 
1.005291381711009 0.5820105361945961 -0.04587911393516492 2.687971385667717 
0.9990180769518135 0.5891497709487926 -0.06674288753751864 2.672353451162741 
1.010636188899423 0.567000031016012 -0.06987520867735787 2.698737248622209 
1.004349358735971 0.581539764819416 -0.04778133863421332 2.684638755303574 
1.011269956340499 0.5666369462272107 -0.06969293812984019 2.700582213431184 
1.013981929089578 0.5645749856124673 -0.04401976568062536 2.707219827746682 
1.013781370390418 0.5684835894231876 -0.0419312421330147 2.70822787842794 
1.011805097280886 0.5659548704471353 -0.07055729054725017 2.701795666691847 
1.025305529996464 0.5347972083759085 -0.06224054998519714 2.730940758908401 
0.9952503207102793 0.600573097686828 -0.01818656962651167 2.664739124527486 
0.9929027101172109 0.6032411742232022 -0.03186033176105747 2.65892804554909 
0.9988617170695464 0.5921666893380024 -0.03532450712870942 2.672147809457217 
0.9945555688417329 0.6007242587914489 -0.01945674466108121 2.662550693210431 
0.9990649059279838 0.592249496167182 -0.03437426339970032 2.672842515306708 
0.9985689959772136 0.5925485629692272 -0.02031277323614938 2.671027477708995 
0.9987815799042015 0.5938609936723539 -0.01919732452391473 2.672425726142721 
0.9998486950717602 0.5910619362991133 -0.035288584033756 2.674743463821202 
1.006092885018006 0.5799381380964509 -0.03235270737406186 2.689009765243239 
0.9933762171414733 0.5901089463094775 -0.1169848663445773 2.658652644560518 
1.012424179336385 0.5518094019293006 -0.1208428644831238 2.701670181043129 
1.004365428689357 0.5806341589603118 -0.08906225556689647 2.686783517180308 
0.9935102386687935 0.5934211865660727 -0.1157095165167392 2.661121718949104 
1.004274042745451 0.5783309082893364 -0.09149397237978675 2.685648243295466 
0.9907537855247733 0.6012373451079851 -0.08320639008766068 2.653462832536159 
0.9913195366384087 0.6006093934615386 -0.082971534114288 2.654871865615344 
1.00332014342039 0.5782890524368025 -0.08977448965390704 2.682307684934061 
0.9992571126897469 0.5901828753412184 -0.06544183826130671 2.673730477357995 
0.9881118502849277 0.6119398436193085 -0.04132429547112563 2.648783097931107 
0.9783850224998024 0.6246199222860139 -0.05356948369096265 2.625383382620067 
0.9869718200267344 0.6091239976004363 -0.06347961508147019 2.644528593861338 
0.9871484082986737 0.6123000886651919 -0.04263403860094147 2.645870620441761 
0.9876122253096431 0.608800887543111 -0.06335857022257642 2.646400757952432 
0.9943731451963284 0.5990985938589549 -0.04685277413347481 2.661906939724051 
0.9946968012002122 0.6007602402840804 -0.04490850588953198 2.66384823121637 
0.9879668676343253 0.6085346869409686 -0.06414234839807566 2.647352799329307 
0.9984714443429238 0.5899789064663398 -0.06677706489879437 2.671179294365178 
0.952263409420626 0.6563152177507362 -0.115958214977718 2.566837661352498 
0.9662334205107108 0.6202910061064602 -0.1643619587206955 2.596057612202102 
0.9731787853542255 0.6204784228844377 -0.1258035792118503 2.612584649635783 
0.9545674544119849 0.6525486137791401 -0.1149923007089161 2.572040335003463 
0.9733269262404075 0.624929326998709 -0.127930523101191 2.615939540205283 
0.9642510342883911 0.6416120749332502 -0.08765156120241883 2.593123502850119 
0.9636896528547811 0.6426384769102513 -0.0893249140783992 2.591983434560082 
0.9727274878855421 0.6245199077695617 -0.1257070272537651 2.613539574602187 
0.977654142233182 0.6188785889511557 -0.09785648464398596 2.62295501487789 
0.9132812113888245 0.6997039791096044 -0.1031305224576878 2.474970798152362 
0.9183655129565818 0.6828986454563168 -0.1499432258735755 2.485173198478657 
0.9397643482274067 0.6739934124885627 -0.101842425694903 2.538580905937012 
0.9154045170973095 0.6977845687681956 -0.1029407399297808 2.480370947091243 
0.9391826650868522 0.6730122095134116 -0.1049435207013168 2.536918836708206 
0.9383788549687906 0.678139627529419 -0.06963667547759957 2.534412663376174 
0.9373527486697663 0.6782689134673887 -0.06996711920289628 2.531202016080572 
0.9382796547855531 0.6723626767677719 -0.1015739290971172 2.533115922908017 
0.9528556517960981 0.6593564159129091 -0.07085016390188578 2.567057276476114 
0.9827005990304621 0.6203144621553011 -8.969304951728286e-05 2.635434712789248 
0.9826363383908707 0.6196440934433827 -0.006012436762952941 2.634824155587914 
0.9870116956524861 0.6142977850493293 -0.00325136137219647 2.645822575142954 
0.9830654476700668 0.6198137762315244 -0.0002877315069934871 2.63632458433859 
0.9868321857278251 0.6143402811344922 -0.003511896398644047 2.645258625847957 
0.9868865797474151 0.6139526572648784 -0.0003548984290466827 2.645183149227134 
0.9863952587629217 0.6146747431195622 -0.0005469474980296031 2.644026866538626 
0.9865931522969383 0.6137351240914523 -0.002621711379693715 2.644093702220691 
0.9878959792034612 0.6123325394978693 -0.0002223104933051517 2.64751101212713 
0.9872974538598454 0.6130755166502327 0.009681236698689562 2.646050986731483 
0.9845911399792828 0.6168205899138695 0.005441327079383815 2.639466763437042 
0.987691269884269 0.612788999672244 0.003034977435049878 2.64711290098709 
0.9875906891257938 0.6126465662133389 0.00924279331083902 2.646751825257835 
0.9875547399466434 0.6128478128361373 0.002967924533527933 2.646701553346257 
0.9899782550141919 0.6088937280246483 0.004702381681550384 2.65223987414568 
0.9897382125588947 0.6091278244884002 0.004776049147004921 2.651607208979261 
0.9875771949527611 0.6123500746492005 0.003283663752765865 2.646477895392265 
0.9890336334864982 0.6105429189106071 9.906405168978877e-05 2.650145925762666 
0.9890203630260248 0.610360500542666 0.01739363558259814 2.650068517534049 
0.9840031524944565 0.6181016945379341 0.02401475297323163 2.638625701922608 
0.9833181842102268 0.6200654393478348 0.01285652343700686 2.637360687361715 
0.9884882558566958 0.611329706396171 0.01746040111187909 2.64897699398359 
0.9834133455185742 0.6186842001120824 0.01306167024386645 2.636834057765248 
0.9874531110002132 0.6128686950051281 0.009589056703633657 2.64642210331457 
0.9876302017211482 0.6126024708518987 0.009834121498616557 2.646827750894107 
0.9837215392934385 0.6192155718024261 0.01187770537189164 2.638171414840568 
0.9845113750214044 0.6174273090474575 0.004993861316755058 2.639570411968324 
0.9959990818472431 0.5985236719175193 0.004234265775157107 2.665841942521303 
0.9973300184127508 0.5962580999004345 0.00958278008560963 2.668941041296157 
0.9947719149127284 0.6004042315279773 0.01130810850764237 2.662976321832238 
0.9962139447004618 0.598170050325629 0.004418549611508847 2.666336952823734 
0.9946787623009443 0.6007341277757499 0.01105737708585618 2.66286425850948 
0.9939665648063707 0.6023311944903011 0.004611425117972008 2.66141458001736 
0.9939062836339126 0.6023383200373359 0.004225308187529074 2.661211224746832 
0.9944994697546528 0.6008799206624634 0.01155122033826861 2.662358565897988 
0.9912637189464172 0.606139586476413 0.01125186995886036 2.654861655526101 
0.9478421673449462 0.6697954186840185 -0.002120368156351408 2.555805165225626 
0.943151012621102 0.6744567392833225 -0.02265302405719759 2.544614565452122 
0.9576927428689681 0.6556620858537139 -0.02385757146311413 2.57786890476561 
0.9484398128536873 0.668990329570876 -0.002545624312447044 2.557250329719349 
0.9575867461719746 0.6570249918735475 -0.02298530542949236 2.578522614963724 
0.9607321577242448 0.652074936330322 -0.006659895160526281 2.584903822777952 
0.9598679022082613 0.6538860094225387 -0.007539199029031859 2.58333112656238 
0.9575409510816069 0.6555905958078514 -0.02194685624352867 2.57732492966811 
0.9670835513099002 0.6436539831658237 -0.02118569979651534 2.599947986815893 
0.9318092666312324 0.6858188704230539 -0.03867870749167553 2.517436449532602 
0.9196804870025291 0.699580217414085 -0.06377033772234532 2.4918196363376 
0.9373951257229041 0.6774481541306464 -0.07171920030978318 2.531169422544661 
0.9319699660390702 0.6867288915733837 -0.03960224638300962 2.518743078803388 
0.9368350235368207 0.6760475023379636 -0.0699282117610744 2.528150606753903 
0.9455042378195849 0.6717965696321906 -0.04761305870526011 2.551284141192852 
0.9450698483874662 0.6722365030662 -0.04870214133159621 2.550207574576691 
0.9378852486232743 0.6757996953938485 -0.07117889424751327 2.53132692394571 
0.9519287703412195 0.6592648506082679 -0.07306197071759038 2.564469643316823 
0.9265155195685769 0.6940406848463505 -0.01766493014027624 2.506437829140361 
0.8986588399434732 0.7217981174923211 -0.003935733081085468 2.442078587944411 
0.9052639985141733 0.7138325702375937 -0.03536821500672643 2.45695161670018 
0.924908605533007 0.694961867461236 -0.01794329747902711 2.502125020919521 
0.9071438813685117 0.7136104593874397 -0.03670551472525912 2.462454136538339 
0.9324778856825838 0.6845513494905859 -0.04037822631879273 2.5186904631573 
0.9334888311438464 0.6849800787624164 -0.03851561172380321 2.522139334597158 
0.9066712534280182 0.7136102653291466 -0.0373312976358585 2.460843434929942 
0.9186688748837721 0.6996902635917894 -0.06221153382849888 2.488748074627711 
0.9047682315275287 0.713239132777215 -0.03766503987902795 2.454737917924273 
0.8979652717388695 0.7231595797619054 -0.002602376117423371 2.441046499509052 
0.879274858665821 0.7350814867706222 -0.03785871422975621 2.39598855665521 
0.9066865697457356 0.7131848282865766 -0.03544144173766937 2.460415746526297 
0.8800465151319399 0.7345936884750018 -0.03905294428758621 2.397658767599846 
0.8967675219768719 0.7187573448258836 -0.07457811701819432 2.437598095098768 
0.8971837973509018 0.7172403680680237 -0.07578117742433611 2.437191930200572 
0.8785952995170299 0.7378445706092454 -0.0381719453154037 2.395521035573201 
0.8655523305962814 0.7399067953501693 -0.08717752974560623 2.363015341133754 
0.9343324138994102 0.6829701399106752 0.05470228744428047 2.524343608478994 
0.929486692854564 0.6880592263534709 0.02714034108637772 2.511907095356372 
0.9451160688098146 0.6732022557940118 0.01745168883172902 2.549661457290713 
0.9348973209805344 0.6819360296740118 0.05384877011798962 2.525432842951056 
0.9447702092739009 0.6736560075071628 0.01778605958487272 2.548906424191268 
0.9490525462442344 0.6685204474441009 0.03993251729461583 2.559535093776303 
0.9476390244386734 0.6687009933914421 0.03933411858665418 2.555316398276059 
0.9443618720658663 0.6716527762893222 0.01915809945558323 2.546523168541596 
0.9554188125823322 0.6599092271957482 0.01303693802458466 2.573266104753635 
0.977703630216888 0.6281652898010055 0.01976706442870473 2.624288157504818 
0.9841639213838987 0.6173658448753887 0.02528821435195334 2.638638547159149 
0.9788157268536287 0.6256445148187639 0.03236508445381991 2.626664779020851 
0.9776416939113685 0.6276535986870163 0.01896932973677619 2.623738769811179 
0.9783976956271132 0.6267710398998404 0.0336256218385801 2.625985497707678 
0.9698827290563908 0.6385549629701426 0.02327901935605763 2.605672426862575 
0.9696674864707402 0.6408709485747898 0.02291829111965701 2.606469698410989 
0.9792819001375995 0.6251794156946702 0.03364389573576689 2.627721943766147 
0.9701135610295187 0.6381442962819887 0.04302991808532271 2.606892003202079 
0.9765616938724444 0.6176325425640712 0.1239023898962708 2.620993084463193 
0.9719593785489652 0.6150417209069753 0.1641978267451465 2.610566285858926 
0.9528177486903598 0.6526692092656671 0.125785211135206 2.56794764367554 
0.97518947460709 0.6212784492693777 0.1244386205321567 2.618959117728096 
0.9535150243437723 0.6512814737398095 0.1237112888943074 2.569235632997177 
0.9623320545547404 0.6425640830192998 0.09061796871010312 2.587772500980268 
0.9643942950681932 0.6407702268382865 0.09247428176612944 2.593105077810197 
0.9526296417048143 0.6523738403768319 0.1224740035601286 2.566967278545484 
0.9460869121327492 0.6674971771769915 0.08177250065538287 2.552135827203828 
0.9607471882492982 0.65200356975367 0.03185081722814932 2.585412796372366 
0.955224067634732 0.658117778372774 0.0143258259673939 2.571520649920109 
0.9664578800316989 0.64530798789254 0.009380934444236716 2.598789722395864 
0.9612665388621283 0.6508144214179176 0.03088031035977758 2.586320333940689 
0.9662263430424027 0.6457509366863436 0.009724492940190652 2.598342753695232 
0.9706753321410152 0.6390996742721458 0.02228299036775074 2.608501673394371 
0.9697002332428774 0.6400743728833825 0.02207638696367654 2.606041787183333 
0.9661605703898699 0.6440471971136239 0.01056769188576588 2.597056085671371 
0.9733170208413467 0.6346855158449557 0.007547438916593874 2.614057696032279 
0.9796744768978621 0.6235140793544701 0.05250278219948917 2.628917548798013 
0.9698580068478995 0.6374840100312835 0.04475532781407521 2.605682791669424 
0.9786076842531987 0.6262367106605874 0.03218801024321933 2.626256881874212 
0.9801999310071523 0.622608917142239 0.0511911555732591 2.630055678169405 
0.9786236861730537 0.6266238137341403 0.03323335594846554 2.626623760433177 
0.9858504053583542 0.6146691306819032 0.03703746817929784 2.642815949140493 
0.9849397204671642 0.6162158725579289 0.03727224466643918 2.640893973244779 
0.9786675594298108 0.6253209887759561 0.03325421654119215 2.625996117890907 
0.9836839018416046 0.6179767789309146 0.02460053868256383 2.63747476420068 
0.9485289807042181 0.6676249430780238 0.03875027925973457 2.557427497745228 
0.9551033530129301 0.6603409742944771 0.01334974589364197 2.57257068622002 
0.9619657182977213 0.6504304308533149 0.03220637149797029 2.588147492902079 
0.9475637470301431 0.6672424214197611 0.04100163029541298 2.554150343256036 
0.961061538296292 0.6512299250263714 0.03126949616114976 2.585850669814449 
0.9602022904619368 0.6517210880922844 0.05925497722602335 2.584660691081137 
0.9607598887363141 0.6501388099043138 0.05755116855579483 2.585445905520166 
0.9610419742120903 0.6519840876367587 0.03240465603892832 2.586350096591962 
0.9706039186996926 0.6374181017447388 0.04430198416205485 2.607857053627134 
0.89411850869767 0.7190278028878533 0.08597933327647542 2.430071363788862 
0.8718651180635576 0.735936085905203 0.09793784226989161 2.379259826241765 
0.8765629622077588 0.7370057341564854 0.03972286985790675 2.389320953998049 
0.8928386344928191 0.723305426600435 0.08589552293944268 2.429694527949716 
0.8767528310347525 0.7355417172736031 0.04074290401784282 2.389039323626528 
0.8969035069327941 0.7203149372373661 0.03635566851216981 2.43667300978728 
0.8989221224369321 0.7197270782174116 0.03669414508194729 2.442151704530188 
0.8800871011185933 0.7354157503164934 0.03786464481479514 2.398626953290421 
0.8967111138221301 0.7220264343914226 -0.003844208196088325 2.436592336418216 
0.9303559032172617 0.6847580898583409 0.08081606718059962 2.514521761032247 
0.9103890445788988 0.7078902527822324 0.07315052581572321 2.470351576309555 
0.9186296483952118 0.698922245989305 0.04572409211565584 2.486681689408988 
0.9299181215959297 0.687358689704212 0.08092755290580476 2.515534483481337 
0.9189113774614552 0.6997248065384224 0.04711864210807819 2.488415121021126 
0.9355113356228681 0.6812876018923713 0.05711255272723655 2.526854756993 
0.9353256357139013 0.6828279605572188 0.05612626045392009 2.527217347850707 
0.9202483537061767 0.7005376928907809 0.0451373659810731 2.493060146751986 
0.929179037378814 0.6880307195559545 0.02591893841248037 2.510758324040683 
0.93676703372382 0.67388620290419 0.1121592233086583 2.530143572496237 
0.9232615042149317 0.6796332790129052 0.1552918589807637 2.498562290048995 
0.9113837115423825 0.6990273829673965 0.1167821438749846 2.471004870352583 
0.9360477176889815 0.6745260448305866 0.1118902801274058 2.528318091297218 
0.9129542684615336 0.7000475111673009 0.1142176810827566 2.476141761158449 
0.9298042533966807 0.6838736358511697 0.07887280795325625 2.512449455419331 
0.9315614273694134 0.6831928216607631 0.08038275175096236 2.517327894714058 
0.9116260093609901 0.7005995414143829 0.1141014428029326 2.472408770316921 
0.9092904550737252 0.7075204128130081 0.0752743809250285 2.466849437234367 
0.9922742930499556 0.6048038907170556 0.01770973129386942 2.657446481968335 
0.9954416793266104 0.5987851780673119 0.02684233603100855 2.664492802532413 
0.9900774122190724 0.6072228654109176 0.02869942421235224 2.651965976153762 
0.9928200620085669 0.6041343113984418 0.01808247746752385 2.658833509144514 
0.9899987176407757 0.6079785573621305 0.02785324369632812 2.652144764200221 
0.9886581213196136 0.6112785114755362 0.01718201034372526 2.649491285426937 
0.9886649009306423 0.6111310564331872 0.01653727916351385 2.649397881558401 
0.9896024140500326 0.6084564823870462 0.02882193153344453 2.651139391199656 
0.9838203187866114 0.6173239494760592 0.02541968292826597 2.637561300181915 
0.9915814016132471 0.6001784356553026 0.08679723718740688 2.655882275797845 
0.9788325849356324 0.6194824814775313 0.0938879803830516 2.62672487859111 
0.9858240778293614 0.6116253342211518 0.06709838561318916 2.64242664225362 
0.9919460233717851 0.5996719864103037 0.08579651051593647 2.656815359795899 
0.9862404398891921 0.6118433204139219 0.06916840174359704 2.644127097790993 
0.9949461220874407 0.5966843348993107 0.06235123333794927 2.663059981157724 
0.9941798885873003 0.5997026656860891 0.06298580737581445 2.662445508429192 
0.986243714107198 0.6118753115359158 0.06869579523693636 2.644147897579265 
0.9898397468068137 0.6058166262072153 0.05074687258271825 2.651196031026501 
0.999900291376196 0.5917535995813277 0.0001705413567673003 2.674754667138136 
0.999872394291331 0.5918340195834449 -3.57563937280648e-05 2.674709477539699 
1.000015527767913 0.5915807017721297 2.547483375278434e-05 2.675035480103356 
0.9999021097489991 0.5918061543896421 0.0002456587841556592 2.674791785903123 
1.00002908262653 0.5915559271531273 3.13188993132669e-05 2.675065873207185 
1.000167379709873 0.5912895979513259 0.0002446554980271057 2.675368278251896 
1.000170114859309 0.5913414324807054 0.0001699282753656766 2.675408048051877 
1.000043785731276 0.5915305808901381 2.741081495572419e-05 2.675099790854015 
1.000190389866868 0.5912694766698523 -3.706036790028538e-05 2.675432894184975 
1.000410756871739 0.5908106043523318 0.0008138573877252627 2.675894905594895 
1.000088756650496 0.5916316317965677 0.0008355885779958823 2.675309429771676 
1.000171384112776 0.5912349500661328 0.0001290621537795152 2.675349070243046 
1.000432972206604 0.5907642382917455 0.0007510187177969234 2.675941470133234 
1.000145132359731 0.5914259147950284 0.0001320011500548845 2.675374699019502 
1.000318835267848 0.5910674410638258 -0.0001219331940054778 2.675740561024742 
0.9998316532037455 0.5920235593885715 4.865106287048394e-05 2.674686240865353 
0.9998922039446609 0.5917907352279717 -2.8325684066723e-05 2.674749699808505 
0.9998892843694333 0.5917297654802808 0.0001958443913015643 2.674703964501594 
0.999765510305298 0.5920052961429288 -0.0001013784739338546 2.674455468458393 
0.9999163374189521 0.5916994399927523 0.0001536129945199244 2.674775818820676 
0.9996766056684422 0.5922322808586699 0.0006786675986913629 2.674294676799862 
0.9996930393888749 0.5922229465887018 0.000746058120397245 2.674343727502441 
0.9998947802783256 0.5918500214375925 0.000154917667724324 2.674793199957257 
1.000003208722635 0.5914435360520758 0.0008249719980038723 2.674913713870159 
1.003324919181137 0.5847316775398247 0.00353755603500558 2.682037794408445 
1.002635411188219 0.5876713359361762 0.005832551027126616 2.681470828136056 
1.001700364619349 0.5882072300807294 0.001226520251953499 2.678645461731126 
1.003356899320808 0.5853047711749214 0.003276802240735632 2.682478266948998 
1.001739557698321 0.5884773728384102 0.001273417451192979 2.678941142526909 
1.001894763192803 0.5883041075110653 -0.0005889750312044739 2.67935414816777 
1.012333371061643 0.5692536471277425 0.01841824259193756 2.703453723474815 
1.016980438887839 0.5593795894514983 0.008101208209675413 2.713420224647509 
1.015689457211374 0.5613873185449857 0.03371659436319263 2.710766464128459 
1.00532490430319 0.5760281625228586 0.09602233820805005 2.68820498802872 
1.001252733414535 0.5831693612081862 0.07298109319453569 2.676859727972436 
1.012318787640345 0.5648575194122692 0.07918090980031116 2.70371989974389 
1.005140831104669 0.5745600043206983 0.09735626680288027 2.68685138465718 
1.012299374765086 0.5621813473732673 0.07854959081460793 2.702207315950177 
1.020041916964352 0.54342889890076 0.1022556568000331 2.720145260097206 
0.9927019041792547 0.6046335137692983 0.0001435373425523934 2.658622946166734 
0.9958266809068291 0.598855738468231 -0.0001344490417360078 2.665453501308483 
0.99387115690203 0.6020210473991848 0.004479158594933305 2.660918613569776 
0.9924956919576423 0.6046700580457897 -7.314772812913248e-05 2.657962080836645 
0.9938852769749716 0.6021216002318099 0.004734465303240382 2.661014591532251 
0.9899082081086764 0.6086637485413618 0.004898880658326016 2.651882072355452 
0.989864108764646 0.6093486706239797 0.004894741996389538 2.6521525765892 
0.9940663570010142 0.6018816704629952 0.004643452080460854 2.661446922453034 
0.9912808681747777 0.6064942126668755 0.01079707543144618 2.655134464600125 
0.9991013863102967 0.5932584314312624 0.00151055196484508 2.67298932119057 
0.9997236295687684 0.591760956969773 0.004613558894603484 2.674180141039009 
0.9978894231557148 0.5954910146897462 0.003969354080834588 2.670301716302561 
0.9992291875242216 0.5928091507781288 0.001549884035749848 2.673146377194122 
0.9978217646500847 0.595820150297324 0.003632747175566963 2.670274046655887 
0.9981306635943821 0.5947296862460684 -0.0002297377130957641 2.670640609536501 
0.9982483130756392 0.5945206445878838 -0.0001666077404402281 2.670900354486119 
0.9974876120034285 0.5957342322480264 0.004012018022227836 2.669114079121653 
0.9960800051521288 0.5989885596224348 0.0004058974625759619 2.666387212219685 
1.006765712584016 0.5797057152890329 -0.0004903532303711234 2.69058793730178 
1.008454778807758 0.5753374625660004 0.01196153257864541 2.693826334625179 
1.005449331013125 0.5815818415634156 0.005714041495822481 2.687298212800457 
1.005738598653698 0.5804557911483172 0.005843233250546956 2.68760282012651 
1.008082313425867 0.5759678208202937 0.01281304289707537 2.692947133174568 
1.004602999650153 0.584283823483837 0.01724476095182804 2.686172059267955 
1.025390023610973 0.5383675650402148 0.0445654823046957 2.731501106532766 
1.014405161499877 0.5637235704758417 0.05332325277653051 2.708524766248596 
1.014454667727191 0.5648010024801411 0.03379173105296181 2.708383980177189 
1.014941980604127 0.5620418759935852 0.03353839745723448 2.708547168988336 
1.014383516951738 0.5630901648807988 0.05179832266005351 2.708056598729308 
1.00729981617781 0.5764107926956413 0.03746284078093198 2.691183288302323 
0.9999750122334903 0.5916784144097295 -7.451199588141979e-05 2.674956166777686 
1.000021277755877 0.5917716897400354 3.146288697509388e-07 2.675165097001096 
0.9998216539321237 0.5921058801987809 -1.847478487030486e-06 2.674699188108819 
0.9999747026485076 0.5916590552116857 -6.502063794949936e-05 2.674943658001209 
0.9998221205394704 0.5921292550622069 -1.321715647478786e-05 2.674714616739899 
0.9997811904418831 0.5920207055090492 -0.000109817134047064 2.67451433703169 
0.9998015280674963 0.5920302368154098 -8.174686755524292e-05 2.674587590169185 
0.9998683590990675 0.5921008526576153 6.236270501965674e-06 2.674851572484354 
0.999516372105822 0.5925610595825057 -8.894440819318231e-06 2.673954120708141 
1.00005230646591 0.5916820273862687 -0.000267943922749141 2.675144121517252 
0.9999443263712273 0.5912719597632575 -9.302927057627297e-05 2.674809391913694 
1.000022797309436 0.5917375127350729 -0.0002755395172509094 2.675074029503839 
0.9999922337677647 0.5916218763031594 -0.0002998496250707717 2.674984653367181 
1.000001747601548 0.5916007800727506 -0.0002792012601763946 2.675003044165365 
0.9999687087446436 0.5916557329771693 -0.0001133459849270838 2.674920733138327 
0.9999654490563574 0.5916579331417757 -0.000108608102611592 2.674911336463262 
1.000004618738178 0.5915855576470394 -0.0002848377317878092 2.675003280795858 
0.9999976931617675 0.5916512076715255 -6.921315964289508e-05 2.675014338703257 
0.999134283014107 0.5931449071003797 -0.0017362690805849 2.673030370060446 
1.000005503580155 0.5914841821379546 -0.001614821447179444 2.674946465117833 
0.9996116135893203 0.5925153372364904 -0.0008055270144797545 2.674242694148032 
0.9990102936969679 0.5933391332654514 -0.001694634510494651 2.672735417327807 
0.9995966016064234 0.5923119332486838 -0.0009169857604091057 2.674073275801946 
0.9988871754991555 0.5935818611035679 -0.0001289358038586637 2.672469115035232 
0.9989455080449281 0.5934692530178206 -0.0001267856190825934 2.672595826800711 
0.9995597861066903 0.5923446014065744 -0.0009011440876193757 2.67397045857386 
0.9995460110510139 0.5926241030285185 0.0001010065449882019 2.674090076973099 
1.000111346848606 0.590710902683481 5.054531705186345e-05 2.675157462545125 
1.000130199427302 0.5914963079232992 -0.0003948782981812114 2.675274363362277 
1.000500354635578 0.591006014866658 -0.000850406070202033 2.676198975829716 
1.000440217856133 0.5909297972166332 -0.0009221608555366157 2.676072480924292 
1.000172752216089 0.5913151135619068 -0.0002488246965810615 2.675393344574283 
1.000013340659283 0.5915696196823407 -0.001383581435595758 2.675035564953713 
1.001329210054524 0.5884049085072994 0.0001669256631098426 2.677925793364705 
1.00099642513408 0.5900837451481286 -0.001880430274455641 2.677282547101608 
1.002235615930483 0.5882438167377487 -0.003532759106713516 2.680305803777301 
1.002065549931225 0.5878633779087379 -0.003718535475695022 2.679706622506445 
1.001108066262769 0.5893390391836786 -0.001450826730316836 2.677357522557881 
1.000584213265911 0.5905347479881647 -0.005504811134282493 2.676339614203397 
0.9937608071064397 0.6022245771725763 -0.006073140000007175 2.660675182755709 
0.9962051922123778 0.5980235714361664 -0.01135496485719481 2.666284386187479 
0.9969436412837018 0.5970281129906719 -0.003755246232468051 2.668079833231841 
0.9939525642877615 0.6019047838114734 -0.006027866648940618 2.661106069077478 
0.9970467005382055 0.5972035783751539 -0.004255266338168938 2.668525354518399 
0.9958035023603348 0.5988823858708174 2.4667451686278e-05 2.665407052050579 
0.995883696341977 0.5988415920382749 2.357955059253765e-06 2.665645986431035 
0.9966697848565167 0.5971561190343017 -0.003869855235630567 2.667245646949153 
0.9980357006987196 0.5954541321651983 0.000365797181200363 2.670755971943239 
0.9897703289416007 0.6087760036593253 -0.0003031941726291882 2.651486107452644 
0.9877428590244469 0.6126311447371435 0.0001759526296510078 2.64718605268509 
0.9884162801218308 0.6115268053694178 -0.003661528620113035 2.648726782111626 
0.9900501654243747 0.6088238345762986 0.0001434235573041991 2.652437313078192 
0.9883032474689929 0.6115123879624026 -0.003853882305177193 2.648338568229055 
0.991193032424082 0.6067020653083939 -0.004822460496508044 2.654914397507753 
0.9911869230658144 0.6062258235052621 -0.004931554392803229 2.654593599809042 
0.9881101520416923 0.6116838308089699 -0.003712218446114014 2.647797973617661 
0.9890677836044381 0.6104891425264525 -0.009901750828601303 2.650285510305129 
1.007560560320767 0.5791684476742189 -0.008090795113119921 2.692730904261693 
1.005514015058201 0.579848683268244 -0.0002745385660985972 2.687208054895534 
1.003943024189309 0.5851732194101436 -0.003722715708457592 2.684142650632924 
1.016673445135651 0.558468108583886 -0.008865403622687168 2.712743791385738 
1.011654299934643 0.5715481610551446 -0.01780322549696378 2.702220558984092 
1.014176888581694 0.5650323660625071 -0.03030504700503206 2.707277285616172 
1.013010981884316 0.5668062707043315 -0.03000418024938043 2.704638924210131 
1.011598066108942 0.5695866460014486 -0.01748518104004193 2.701142071597336 
1.006794198007723 0.5786100714532316 -0.03199922690494596 2.690578983905285 
1.013588687347826 0.5667883306013509 -0.04307566727353392 2.706711472603555 
1.024433107036531 0.5390083046785749 -0.03956559693424459 2.729136940379635 
1.01308214084893 0.5691398606766088 -0.02972940477986276 2.705861245658332 
0.9876926912078901 0.6127320382790952 0.003188512580586279 2.647078797855204 
0.9849265805436793 0.6172209596881392 0.004049361199631401 2.640816721338252 
0.9862171018435046 0.6146754588887278 -0.0005657501160259336 2.643434867425258 
0.9875031477094174 0.6130460141963596 0.003060105264086759 2.646664309390241 
0.9861705551625753 0.6142552822379512 5.914654573021267e-05 2.643031079006081 
0.98734751209817 0.6134299819816739 0.0001449561777110166 2.646385765422743 
0.987171092424761 0.6136176160531388 0.0001165901545700589 2.645921578772981 
0.9867798621561836 0.6143467137520662 -0.0005962425256291052 2.645091338061975 
0.987410833465688 0.6124798966983962 -0.0005438660593180359 2.646004271088117 
0.9734436457118119 0.6212615694223208 -0.1276295602670356 2.613515197918258 
0.9943705604738021 0.5794990530745214 -0.1488834086096949 2.660843148748613 
0.9937351970852127 0.5905057286677663 -0.1158961786759043 2.660322842411663 
0.8783269259885683 0.7353811128337756 -0.03762589684648693 2.393362408740735 
0.8991205251670139 0.721397004649792 -0.001510260490181427 2.44333313522628 
0.8763366835844826 0.7383370493974968 0.002137000372924607 2.389029280840139 
0.8780360691257669 0.735333287860542 -0.03960923485081164 2.392279646318402 
0.8756339815540394 0.740756570616548 0.002743598455971322 2.388360691706553 
0.8500507534432732 0.7542303066760015 -0.04092845806827209 2.327015491549679 
1.003940991097791 0.5794747782899331 -0.09076182323350866 2.684612317659571 
1.021853910042546 0.5378064021992734 -0.09146167182351667 2.723007820705693 
1.011537847730887 0.5688750926093379 -0.0704908182892449 2.702623665525878 
0.9438539935226 0.6505508325855223 -0.1624956457829067 2.544149914786898 
0.952917787908892 0.6541663105353985 -0.1135957737442194 2.567777863651467 
0.9368688718059269 0.6777813084047439 -0.1027120196651632 2.531869385462168 
0.9399277524293363 0.6713570656717527 -0.1026852057607705 2.537582837582514 
0.9530400209260548 0.6543092370488115 -0.1144133250211288 2.568632384998124 
0.9520130039445246 0.6599629392778413 -0.07000280697723622 2.564744414886262 
0.8966451788437007 0.7105088544459249 0.1342270543296218 2.437274329489932 
0.8917449203693334 0.7206658239952254 0.08547886767383253 2.424665602940427 
0.9126722357144826 0.6967702206482002 0.1154302901544713 2.472694224073237 
0.9116817082350414 0.7020686212819114 0.1157735768993956 2.473571820075966 
0.8920510360983456 0.720944709161075 0.08605927043193638 2.425903193683274 
0.9079357851803711 0.7069650167623319 0.07318149816468672 2.462078596782974 
0.8967422585138994 0.7203436062210471 -0.07434099666450797 2.437894096339217 
0.8906876292102238 0.7146220707547415 -0.1261249195626513 2.421766444557206 
0.9137026021659351 0.6982328476174126 -0.1044347592843778 2.475706490738274 
0.8530954811643098 0.7523905788979179 0.05527629143048347 2.334762235485282 
0.8744807510250656 0.739828316062944 -1.011885435653702e-05 2.384450997604763 
0.880696730482724 0.7342927753812022 0.04026420257037953 2.399222898674193 
0.8793833918276003 0.7372358797769508 0.03893372704979894 2.397811282409505 
0.8740283835362886 0.7389327763357398 0.002082588903886794 2.382900205161258 
0.8971300645962812 0.7212115172234134 -0.004322086959953815 2.437245675719801 
0.9757916569192047 0.6200113728984613 0.1225030605262802 2.620343290538758 
0.9777650714231813 0.6199867689257628 0.09267485818685611 2.623366436905616 
0.9907718251281535 0.5976947319012316 0.1169315128460827 2.654644917734828 
0.9753069952414686 0.6207918940420458 0.1245979303870218 2.619270223495259 
0.9915615505345096 0.5943998186618963 0.116267883106507 2.655232114707834 
0.9942635896902356 0.5821653990886607 0.150471353278828 2.661499611382267 
0.9492665759674437 0.6463118129159102 0.1650897606088723 2.558308344184039 
0.9344032045198576 0.6771054858164839 0.1126832603389921 2.525224072975332 
0.9538960805396433 0.6500546325136214 0.1246325419181627 2.569412204908163 
0.9521520858424353 0.6537340643815819 0.1239652182650101 2.566363417622911 
0.9356279026866501 0.6739953600966706 0.1106597728000419 2.526989976783416 
0.9454887263455879 0.6667295638850588 0.07979539444617184 2.549527317486637 
1.000790488084949 0.5898938984104671 0.0001435188821696023 2.676616991004148 
1.000511070536432 0.5908737552185908 0.0009050631563472418 2.676265949635187 
1.000293920047733 0.5911850115065692 -6.620803924823803e-05 2.675726597747279 
1.003501245551367 0.5847254905684497 0.0002747409470328432 2.682616021012992 
1.003403977701016 0.5850804121616651 0.003263646661521731 2.682507391926127 
1.00190462994487 0.5889715899572643 -0.0003971870152723247 2.679770501507182 
1.011349557659528 0.5589340188248323 0.1265423249799074 2.702090599012569 
1.004090887655181 0.5742134264869029 0.09606652906208106 2.683042903814763 
1.020582230744932 0.5428989420654635 0.1022415490139464 2.72148528741205 
1.003967318277888 0.584908967122924 -0.0004139221433590885 2.684262141128634 
1.006066839442821 0.5798770489977108 0.0008846650538369645 2.688369724722273 
1.00563030336011 0.5814406564280801 0.006025895160058136 2.687837212305414 
1.02262358632307 0.5460929866275547 0.02218648815015227 2.72544664196765 
1.025977652460744 0.5397467619805143 0.04193727447208918 2.734097098649657 
1.014580405406457 0.5642449984019099 0.0343885331182613 2.708602614559777 
1.000538658322715 0.589910927137042 -1.154351682829243e-05 2.676118902350936 
1.000023871810442 0.590679861026479 0.0001587160453019089 2.674860216833485 
1.000580180810245 0.5909456425936837 -0.0008811273238959694 2.676421881824647 
1.0028845949427 0.5855110276353354 -0.0001861859697089602 2.681427343288571 
1.000989242924031 0.5882675001076793 0.0006466851945705112 2.676728589177873 
1.002473573034283 0.588145118864405 -0.003686234635517308 2.681032471846521 
1.021661277201976 0.5476557779205904 -0.02277742273268107 2.72389072291893 
1.016469140086815 0.5570920198277781 -0.006907920457288536 2.7112657679064 
1.013559249179946 0.5664743316873466 -0.03140398649082305 2.706041561398464 
0.8643439547121299 0.7405237821976596 -0.08737496944057306 2.360163093045995 
0.8807571863690442 0.736079365012447 -0.03773308152142207 2.400796258617198 
0.8505928051728997 0.7537398651958384 -0.04143940268841225 2.327775630271532 
0.9207886859880401 0.6811076722341659 -0.1503768246805172 2.491146449494917 
0.9438437234635831 0.6518789999850375 -0.1651975459001366 2.54523636310134 
0.9384345744068753 0.6759846614664071 -0.1013100722571604 2.535651228526362 
0.924639157338397 0.6808638518076184 0.1567780687268432 2.503386749391546 
0.8977556331752941 0.7098541335554577 0.1353183735069217 2.440357840724302 
0.9094526759605099 0.6978498570955031 0.1145588070275088 2.463968841527243 
0.8716681756012208 0.7375385330806259 0.09755184653025485 2.379514274170358 
0.8536809779068227 0.7517444747180011 0.05743814960243022 2.336187658693026 
0.8761496083584963 0.7353910517528619 0.03936305583399183 2.386836967468517 
0.9746542865482435 0.6141466263515537 0.1624808511188792 2.618730827304229 
0.9737988891848891 0.6195957741827733 0.1225699445187866 2.613454928775318 
0.9949957901316554 0.5822959345199386 0.1510878261045226 2.663618261615359 
0.9727231556178445 0.6154061681585964 0.164857033458213 2.612909425970097 
0.9521001350987919 0.6454051034110481 0.1638070675224038 2.566795066165418 
0.9507974328216489 0.6514501449306502 0.1238598794708506 2.560592000011845 
1.000247641352338 0.5910367503805576 4.751926177024391e-05 2.675485742897826 
1.00018065910994 0.5913751145394256 0.0002037753591810287 2.675463023065661 
1.000167981000998 0.5913184268487117 -2.580798064321603e-05 2.67538728423962 
1.001692435793329 0.5883111516914806 8.126139049062561e-05 2.67868727798378 
1.001672398090778 0.5885247269541165 0.001274742874717562 2.678748346202432 
1.000957508892647 0.5900466643848774 -0.0001228113221953752 2.677260485995005 
1.013516314858418 0.568555166912318 0.01903695420276839 2.707090124688825 
1.011327805345275 0.5701476751292847 0.00211723541371314 2.700367516762415 
1.015654109487313 0.5599723697702474 0.009110543993087375 2.709335374836454 
1.016290016079977 0.5629900431207707 0.03462169557750317 2.713722274712945 
1.016772752584679 0.55907125905773 0.007806788972780073 2.71246368502882 
1.021516617212688 0.5474471612762269 0.02272469696263746 2.722503166341411 
1.021172330906002 0.5440128787357875 0.1000338719699057 2.724114885129395 
1.011561739519055 0.5625492669417287 0.07871771603564444 2.700029893779964 
1.025845564340571 0.5362535064503735 0.07570983994690438 2.733617937511292 
1.006629286030355 0.5802019254617444 -0.0004882590575044153 2.690383631280243 
1.010417551495451 0.5707992459299428 0.003549502859220767 2.697753465561564 
1.008912360369235 0.5759385593863863 0.01254691098794612 2.695713604961848 
1.026272547437538 0.5370938626579504 0.04389423792550643 2.733677023751183 
1.025999809811554 0.5378559016708895 0.0727943393024803 2.734901710549269 
1.01347081250095 0.5638474356255928 0.05251360384823391 2.705356881333045 
1.000081131390743 0.5907144524930174 2.616869363938707e-05 2.675059039745906 
0.9998881219782403 0.5910553061725395 2.918864484757673e-05 2.674618557272826 
1.000211594055566 0.5914785368626273 -0.0003450125124625983 2.675534535921098 
1.001163595738717 0.588453032609264 9.73745814280881e-05 2.677402457433173 
1.000412027493716 0.5897062324385028 0.0002103830851397702 2.675638939598053 
1.001254365197677 0.5900902041439184 -0.001649852315973501 2.678144643177282 
1.007745404635933 0.5791605825007666 -0.008290777656966359 2.693339439043696 
1.010739372350136 0.5702532178701321 -0.002655764426628763 2.699237776996652 
1.004746565128111 0.579322677344439 0.001104769278843739 2.684363022369707 
1.004385501392383 0.585051373771544 -0.003390481743214522 2.685548826238182 
1.005093358819985 0.5802213413070885 -0.0002397776867050029 2.686013505678643 
1.002410295892755 0.5846370073750532 0.0002535088568305802 2.679626426942848 
1.015689767799056 0.5595086210665973 -0.008439006115703633 2.709980736951012 
1.010948476750144 0.5677238070796379 -0.001332961479427887 2.698583726375358 
1.011768109983778 0.5714716343407769 -0.01781560559587334 2.702562448525853 
1.012110791129553 0.5677692308445045 -0.04329609914451557 2.702283580424319 
1.025865464114994 0.5346332189104736 -0.06186768192974365 2.732675339821101 
1.025994078765065 0.5381692504285258 -0.04106356393226943 2.734054668615685 
1.012185272960465 0.567994499433929 -0.03063702518794996 2.702254645891159 
1.024947287800856 0.5392304743486021 -0.03912956631841638 2.730946010233399 
1.022483465691755 0.5462141743956114 -0.02384064439965394 2.725940451351972 
0.9730734688835089 0.6205416615647591 -0.1261392292720186 2.612083890664037 
0.9688748904002823 0.6178811677517385 -0.1648892288810927 2.602783571934026 
0.9960385375428387 0.5804928912898666 -0.1531519467879439 2.667271495738174 
0.9923246512055804 0.5904372427491169 -0.1171998225304814 2.655587038712544 
0.9961020348783434 0.5779988482784127 -0.1490807150353637 2.665545777513129 
1.013993502843023 0.5529312920321531 -0.1246165560015951 2.707929879267459 
0.8482838214201779 0.7544670299180664 -0.03989695585693027 2.321934832886348 
0.8780689017123424 0.7394784793162451 0.002216424455166116 2.394722943917478 
0.8454166734240941 0.7580916765458344 0.009541323720498859 2.31575697355422 
1.002600893400091 0.5803335216709945 -0.09051841283030125 2.680704345593001 
1.012928450609403 0.5510547608087857 -0.1210398798007463 2.70289669073083 
1.023700345587195 0.5373951106398155 -0.09395536403528175 2.729129567639695 
1.010039373388675 0.567853318486282 -0.07220042558210918 2.69706775110647 
1.0226380708188 0.5376825304999355 -0.09103419549146048 2.725522534825072 
1.026761729479529 0.5343992594009426 -0.06474285252754233 2.735868432303498 
0.9462284870750911 0.6487704589006121 -0.1629248184051679 2.55034197279588 
0.9667987088535975 0.6211064902911196 -0.1675122838827759 2.598679280647166 
0.9526667356626857 0.6549430856364461 -0.1134153893674597 2.567292105607283 
0.8967371178747372 0.7118274369927828 0.1343316782654208 2.438058780709686 
0.8720900324538918 0.7351048442167218 0.1004010605326164 2.379582796315968 
0.891321548002352 0.7197115485997088 0.08489407298947466 2.422618623465064 
0.8992859485234291 0.718376455996681 -0.07403290071722306 2.4443188920293 
0.8674724720380708 0.7388239517483052 -0.08748772088688292 2.367261982847265 
0.8896983443485547 0.7156454160218291 -0.1268299508762077 2.419647918902366 
0.914994532466839 0.6991020861414098 -0.103254974418414 2.480139328131495 
0.8927805215655665 0.7132454250323658 -0.1266082129351363 2.42660278466634 
0.9179658057893095 0.6846398726478991 -0.153871477950834 2.486122674966823 
0.8529944595551511 0.7538358192653706 0.05502797417835876 2.335281223448045 
0.8447149151232219 0.7584410573950848 0.009803876861222789 2.314359921488974 
0.8746185845408831 0.7387879015018235 0.0001273644034530209 2.384130944399258 
0.9963611964692491 0.5818658338770867 0.148366295356487 2.668154941599525 
0.9900206482843975 0.5954409438918414 0.1157536189877233 2.65088193733207 
1.010430143551391 0.5581721747012273 0.1294722045025119 2.69849675742195 
0.9502490512077864 0.6471060935562601 0.1658923321823287 2.561548740320396 
0.9259654911351975 0.6784514332989172 0.1545281891538696 2.506159269455205 
0.9328590847286166 0.6754767879093188 0.1111387240434467 2.519181714141867 
