1.000467848786753 0.5901714679899804 0.004210510424548967 2.675715066243118 
1.001671344539333 0.5880255983360332 0.00201790273783885 2.678449781378084 
1.001382412809957 0.5887468805285553 0.005147536015082051 2.67792598801301 
1.000473182947665 0.5899521457865113 0.004443172003530031 2.675600210118344 
0.9995259014215045 0.5917363164930577 0.006310021783491723 2.673519508240739 
0.9981390456750401 0.5941585453176267 0.003975548122425765 2.670336737629889 
1.004232338379162 0.5831575599752473 -0.000453871662217285 2.684138180001074 
1.005410552824487 0.5801019743884864 0.005728764618004186 2.68632590178487 
1.003835833243591 0.5836022591696276 0.003133740402021159 2.683082981096006 
0.997597360119212 0.5946982415438699 0.009335588489627344 2.668891295500328 
1.000620015670667 0.5890563766609026 0.00934311780026878 2.675591094117034 
0.9997651642724148 0.59082441855308 0.01331583605303523 2.673841291238672 
1.007540051433371 0.5742202605766765 0.03701462471729162 2.690744844462966 
1.00516754808138 0.58062946452001 0.02375386584550718 2.686024958705658 
1.012506565672007 0.5654914508612036 0.01992717220790186 2.701939961431361 
0.970153626204222 0.6373890045000332 0.04280389113453825 2.606439479743349 
0.9809032602329348 0.6196952177310167 0.05077969910672075 2.630283394998632 
0.9716571460824909 0.633837369897011 0.064284860867951 2.610227976182824 
1.001639106113706 0.5822632115873138 0.07387882102036283 2.677704832174648 
1.005860715612796 0.5756340961607553 0.0518149356366395 2.686469879969225 
1.011192746069659 0.5644522550555853 0.07864968520186422 2.699760130000255 
0.9897956930707263 0.6049968976190021 0.0509320312861779 2.650584587570872 
1.000013239066323 0.5880154375812544 0.04852645958929346 2.673949995562019 
0.9945905725790037 0.5981998397758543 0.06128073621040803 2.662837397437115 
0.9466177115162117 0.6641403624159405 0.07960512623104581 2.551484774715965 
0.960966577687259 0.6490120214361078 0.05524744641411587 2.584975058925961 
0.9622358589161388 0.6435383227772702 0.09147991663134904 2.588199334566463 
0.99533698909102 0.5971466956584838 0.02568399621916538 2.663140784153135 
0.9997236812757961 0.5904765245999152 0.03350734750937066 2.673943568698621 
0.9937408307072673 0.5993990083622092 0.03588396175873865 2.659540646536231 
0.9839651776920683 0.6166445528303516 0.02411443176559304 2.637563219576128 
0.9903034859373145 0.6061747379088523 0.02780730182655896 2.651972919966412 
0.9856177522209513 0.614145550160243 0.03505745322244779 2.641771615548704 
0.9825456940093713 0.6189328143680454 -0.007706882246368206 2.634090354530799 
0.9832451643734308 0.618027779831707 -0.0002804753046977296 2.635776187119089 
0.9788716434574025 0.6248445123750284 -0.003762594575258383 2.625769625874367 
0.9914126653375042 0.6051796635961721 0.01081548172158213 2.654757976786332 
0.9950176754425563 0.5990139058871353 0.0110313100553151 2.662924219538709 
0.9926540266948194 0.6031321211216527 0.01705197060570367 2.657702119935398 
0.9738947771024966 0.6312320465663956 0.00734607965672317 2.613704876609706 
0.9814164382941222 0.6217689189549669 0.005197621734304918 2.632127001073139 
0.9778655315313877 0.6264245505421168 0.01779457455397376 2.623664329122108 
0.9975512118016251 0.5947675393318888 0.008957246640699315 2.668772494811854 
0.9995910033149076 0.5908855424301327 0.01371504822070289 2.673300982858876 
0.9969997827747614 0.5950247119978621 0.01528080143929612 2.667182513428321 
0.9956390557277093 0.5970100573518793 0.02650449663456235 2.664091698355344 
1.000949446221595 0.588270800716364 0.02328677614353795 2.676421429930141 
0.9999472698616695 0.5902777933289116 0.0325076266465528 2.674551740527969 
1.000444803318768 0.5901089251053029 0.004022974407700662 2.675600958859116 
1.000631650204486 0.5902493714437654 0.001721827509610722 2.676298215462352 
1.00155403286466 0.5882443161175166 0.002349882491054276 2.678190124764301 
0.997788367173255 0.5945951816367578 0.009395546774857565 2.669463439022215 
0.9993414811702049 0.5915990024331994 0.006595718603233127 2.672819493649052 
1.000432966353583 0.5893500352678732 0.009627686414775478 2.67515013998981 
1.00001853283402 0.5911909342790502 -9.666900007186679e-05 2.674814633729657 
1.000493060418004 0.5904045199481349 0.0006961848139061937 2.675928294222451 
0.9998166126818078 0.5915593096044871 0.001516626435004619 2.674362558133455 
0.9784222351154931 0.6195408386257647 0.09390681813203969 2.625340516469759 
0.9922199512987533 0.5963798087146462 0.08518114886142042 2.655454887902143 
0.9903375103984734 0.5963822676177513 0.1153047493869721 2.652423838473787 
0.9995463053749264 0.590885637529479 -0.001266053080335457 2.673065459145819 
0.9994878153336781 0.5915612742657101 -0.0003296901109883033 2.673266999988774 
0.9991562994924204 0.592025750041704 -0.0007368995033747647 2.672439053137182 
0.9996028129372218 0.5910176796675813 -0.001168738965643166 2.673338288790954 
0.9999299500546741 0.5902588201995732 -0.0003956092890003428 2.673970772782333 
0.9994798690245046 0.5915183257525645 -0.0004458526215956365 2.673218971443286 
0.9995768457190956 0.5908113239825535 -0.001339683947558858 2.673122923864975 
0.9986526746720543 0.5925513038374849 -0.001747840652827153 2.671077862656369 
0.9995802997166442 0.5907630400333895 -0.002666865829569415 2.673108992025735 
1.000148349438247 0.5897245198084397 -0.005246456291494448 2.674406130755855 
1.000870490819263 0.5878211285136553 -0.001741862491126272 2.675680781567413 
0.9996422761858368 0.590847442491398 -0.002872704683688026 2.673370083447922 
0.9961054611827976 0.5962966850106867 -0.0115209472014669 2.664910240752389 
0.9988372958459117 0.5925407847275524 -0.009364355576604739 2.671718392186374 
0.9962121563648563 0.5959771926524449 -0.003745145859428999 2.665026347096581 
0.9999385830531095 0.5897366239992794 -0.00567219472518495 2.67370402165173 
1.001273451539203 0.5869611984863559 -0.007899547679266537 2.676558850941411 
1.001910186110228 0.5858447844173991 -0.004061657157920143 2.678017408042681 
1.003982869921831 0.5826092702345002 -0.01037204146010988 2.683078099958777 
1.005580108547694 0.5791860585421711 -0.01770735705111165 2.686519038919997 
1.007343790733682 0.5755798111602479 -0.009661535741744883 2.69020891092883 
0.988628551944054 0.6084035978600535 -0.01063566504496047 2.647555074799827 
0.985474716914938 0.613212665114917 -0.01043784490697376 2.640137548556987 
0.9862108667234235 0.6117697483198513 -0.01577753307565519 2.641735572779021 
0.9921901936579338 0.602806800997688 6.612968222673718e-05 2.655822353549384 
0.9908705793897249 0.6049512962515943 -0.004825661989504268 2.652772431750049 
0.9932856408520008 0.6009327896659459 -0.006229103188467248 2.658320372523674 
1.00013469448339 0.5897475273895485 -0.00501710184265502 2.67436667166539 
0.9987554101799557 0.5913445105445883 -0.008847296123536982 2.670746646415248 
1.001349602373309 0.5877057116748444 -0.007556017820838353 2.677222372805387 
0.9955573771049915 0.5971493965755443 -0.01203586128705743 2.663597403610754 
0.9983133127043758 0.5920932272305909 -0.02018008259967178 2.669891449970451 
0.9996848545868682 0.590002751679925 -0.01438479318213158 2.673116032359752 
0.9917473205789652 0.6025766100774589 -0.03298050190238536 2.654728908435425 
0.9936805654900392 0.5980908911762576 -0.04631697404153805 2.658948572392187 
0.9988763793732375 0.590364922432067 -0.03608118126975463 2.671163679417918 
0.9883747946759466 0.6088296667191031 -0.01069140649230053 2.646974987469726 
0.9890073606372055 0.6077655556485473 -0.01902210230256609 2.648500842739856 
0.9922866052124044 0.6020354066698993 -0.01308224964126094 2.655756231567923 
0.9783317337373104 0.6236860414951136 -0.05247498891185751 2.624666960171086 
0.968503903610206 0.6367650389560167 -0.06270925587806321 2.601706471409011 
0.9765869276270837 0.6234304446084955 -0.0717583898205333 2.62008000245095 
0.9984201005160825 0.5871953082140083 -0.06694637157092903 2.669371410565054 
0.9868679590857627 0.6095337295588453 -0.06575955416185926 2.644472420407235 
0.9906481186883043 0.598268503288318 -0.08257237335742634 2.651386894343934 
0.9824648715673285 0.6194453486932582 -0.02454466734403658 2.634451382043431 
0.9757936563904895 0.62848913558431 -0.02546922607790869 2.618372562855607 
0.9795114361068139 0.6210301806053991 -0.03557125667960263 2.626086055615542 
0.9886579198055532 0.6085637548177304 -0.01006347779784727 2.647746762197061 
0.9864809143125177 0.6117225513636371 -0.01588309299821536 2.642581692398514 
0.9888740726442038 0.6078539260238692 -0.01914390011121401 2.64812266413586 
0.9828322689281656 0.6186751185479051 -0.007556155048372852 2.634848751684499 
0.9783574020937752 0.6252872366079858 -0.003669302744548943 2.624358997331004 
0.977342127348387 0.6258518133661166 -0.01134916964018997 2.62148433050329 
0.9920905262880864 0.6018403748522471 -0.03248417267965864 2.655436367718523 
0.9864050226748774 0.6121376056648177 -0.03099502129559995 2.642952098333303 
0.9871389809260416 0.6091969663198311 -0.04222182814315678 2.643951789446681 
0.9829610347609208 0.6173386753451755 -0.007212569850794028 2.634445301979942 
0.9857007130281716 0.6135780184080045 -0.01018268913576001 2.641123895067266 
0.9867330058896376 0.612669024875372 -0.002719333969441992 2.643888803223403 
0.9679526665864113 0.6417350221829315 -0.02005954750493253 2.601443859539587 
0.9588332896079074 0.6533905128561734 -0.0224076076096503 2.579930583446025 
0.959735275997853 0.6502955765142352 -0.03813107161590566 2.581232016467422 
0.9828200286952904 0.6187309969023067 -0.007109840371871765 2.634837890885728 
0.9776702473877549 0.6255878409383681 -0.01212820203094916 2.622393372972828 
0.9817205819367458 0.6200734333245074 -0.01486283492771204 2.632188744435268 
0.9743485947319072 0.632232222207684 0.007133155249604554 2.61579299584613 
0.9675560510528683 0.6414740283480433 0.008226972600135661 2.599830507378974 
0.9695506498253905 0.6391006905167947 -0.004393306391671846 2.604724821378691 
0.9010058830289741 0.7188967683476133 -0.003807573190613796 2.447434571915392 
0.9188396968532413 0.7026261128251226 0.0144656940324356 2.488957041731984 
0.9001736835530073 0.7194252919677147 0.03456195913297903 2.445749822094062 
0.9449413031051803 0.6715456321081305 -0.02558019857240518 2.548205503188825 
0.9363333363151499 0.6824959186076358 -0.004342730606510982 2.528619897565463 
0.9282145503755558 0.6915673483489897 -0.01899988209070923 2.510267189547244 
0.9772325103334811 0.6233320251575689 -0.05419297600806058 2.620959983867392 
0.9697914662163347 0.6384127070277382 -0.03861780414951045 2.605682860040403 
0.9680482677499802 0.636406310450978 -0.0629225267448474 2.600076879590933 
0.957459694244756 0.6573412945993289 0.01225011646944799 2.577981048454456 
0.9469372120912966 0.6689712743995191 0.01630290569960407 2.552727603183843 
0.9497090515514637 0.6668305159011806 -0.002941271061762974 2.559906852656851 
1.00643034420372 0.5778575485131103 -0.02970127147181341 2.688810872778896 
1.00476120599745 0.5786856448963086 -0.04671510861190976 2.684315460834839 
1.012674058001343 0.5625557602756576 -0.04349543818728262 2.701658922034247 
0.9958590769368995 0.5972319340424767 -0.01131501011195381 2.664638822589074 
0.9952043718685518 0.5982073573361677 -0.01915890786343868 2.663183465060762 
0.9982447988183454 0.5920598407499523 -0.02038738197347306 2.669650767783053 
0.9777060985391424 0.617107732091868 -0.09804759043440828 2.621723158515056 
0.9920896655276037 0.5915093413457613 -0.1147288116966965 2.655263260081167 
0.9914347457326883 0.599151076723921 -0.08151658316469 2.654364728005149 
0.9923296246446803 0.6026990948785197 -0.0314307713239529 2.656691440559355 
0.9873822019013587 0.609517055384017 -0.04227843543895713 2.644901600327282 
0.9934562200051135 0.5982854083628665 -0.04611667405648782 2.658331890248822 
0.9517892939349991 0.6591200928405246 -0.07111839394459051 2.563412053869342 
0.9527118305540277 0.6519300176672784 -0.1124293015832806 2.565756187995679 
0.9634292183535115 0.6387285277959387 -0.08936117402331256 2.588769358837817 
0.9204049555585828 0.6982395782062951 -0.06251232065457804 2.492577137848305 
0.914969481341824 0.6966674494534185 -0.1008350950315467 2.478110876520274 
0.9395662926111092 0.675897985101979 -0.06997664349889003 2.536559544366365 
0.9847725236032517 0.6159048859257146 0.0038691632571382 2.639478160619258 
0.9830416954315395 0.6178398055070424 3.313738533198499e-05 2.635004168953313 
0.9866622273384719 0.612255796034369 -0.0009690328555528746 2.643394165257722 
0.9912212391827284 0.6053156968897268 0.01064295383004089 2.65420740831732 
0.9877795634107776 0.6105577933296817 0.009327888615622676 2.64607741948565 
0.9900491835647312 0.6074142247822173 0.004123564242590507 2.651569229403019 
0.9915495323378556 0.6047760887331689 0.01073563659148952 2.654943461538083 
0.9889369484296872 0.6091197321885478 0.015709919198482 2.649080750160986 
0.9877551107127884 0.6112404583989445 0.009284213905305804 2.646408130336614 
0.9960852253931766 0.5975899434847635 -0.0001662330833483725 2.66556145970146 
0.996253441763975 0.597144652269018 0.004524555806536091 2.665866945041976 
0.9941376535094546 0.6005083136367747 0.004249311985020828 2.660883017989378 
0.9565858203528056 0.6577008611372313 0.01167543575854278 2.575430947284955 
0.9498291692697468 0.6667497442902836 -0.002923732199776556 2.560144187116856 
0.9606964691320733 0.6498482427012405 -0.009346730370194206 2.583324826878847 
0.9448348649842411 0.6722917547230478 -0.02417656272257195 2.548342558994774 
0.9346288393082233 0.6835459143823034 -0.04009749706415602 2.525148606418294 
0.945606430035009 0.6692438361731821 -0.04890530259221947 2.549818885390906 
0.9458762137930135 0.6717602226541101 -0.0241667820833194 2.551296704366507 
0.9280783720596826 0.6914813991867375 -0.01937190064229045 2.50970728411981 
0.9340503193156399 0.6835941464569826 -0.03886386639369085 2.523341056580739 
0.9204138233323573 0.696247716551447 -0.06345606178196757 2.491164047000032 
0.909140299132127 0.7123144302053874 -0.03692951228902415 2.467147851919118 
0.8999410149601681 0.7157741644123079 -0.07303720214159289 2.444629459611266 
0.9457434874260452 0.6663589894546061 0.07827291786916603 2.550042435333471 
0.9348713277106151 0.679698753031872 0.0546679691980723 2.523846606633053 
0.9477251583751835 0.6681573945541764 0.03676993120191252 2.554979365580446 
0.9737206823566784 0.6328332692650339 0.006543914727847192 2.614160203975378 
0.9785722560659308 0.6251949592569753 0.01822806356055067 2.625142417754501 
0.9711479705949494 0.6369931124006719 0.01983375682821221 2.608692413802079 
0.9789681058365443 0.6178673991457094 0.09268718154031154 2.625770113364373 
0.9747646269115829 0.6194946828089264 0.1220595625903945 2.616520535511428 
0.963072497513524 0.6427402488740449 0.0924169485025709 2.590445934328227 
0.9698251370581481 0.6379462662294295 0.04205344751908106 2.605714196806182 
0.9618475648649524 0.6485798844939807 0.03062043362426693 2.586660528865692 
0.9703197401775571 0.6378243977694958 0.01974218477148974 2.606498287311774 
0.9894156146275223 0.60691593013393 0.05052070200186851 2.650401168859131 
0.9804317034588135 0.620567544866277 0.05081235003898778 2.629492804283025 
0.9850096270670411 0.6142699717156339 0.03502401142774308 2.639786873202534 
0.9466806859594376 0.6649831940137686 0.07740043663585577 2.552124719247526 
0.9479550162132171 0.6690647205496275 0.03839128298297472 2.556430808402645 
0.9625252159498828 0.6474845302924573 0.0573711220184565 2.588835082800771 
0.910067868312092 0.7053255083678717 0.0728345529858251 2.467026507567826 
0.8931828435999816 0.7202531915992514 0.08327057779480526 2.428434665635068 
0.8983237936303315 0.719752883990615 0.0353177901104365 2.440478736440521 
0.9471150938365954 0.6654648215561442 0.07943092145360069 2.553485866660643 
0.9313218213827447 0.6853575971490513 0.07811347853398058 2.518383660422185 
0.9351100965697827 0.6802077319472615 0.05430265672651589 2.524753840382578 
0.9476345503730645 0.6648767155805441 0.07906205907542271 2.554838682053751 
0.9356903135132967 0.6730641862075892 0.1100419513235562 2.526379812127713 
0.9305039936524456 0.6839991479185883 0.08026506063999277 2.515067165813204 
0.9913460759640184 0.605124096680322 0.01039624044698007 2.654494797568344 
0.9923274501768317 0.6034596880280216 0.01759415200322582 2.656824687442361 
0.9888443080144173 0.6088222071694103 0.01627712196755528 2.648598993869621 
1.000842716895087 0.5843379017802917 0.07317822371347288 2.67609528659197 
0.9920244490911725 0.5982679886712792 0.08513444100871753 2.656157159207241 
0.9938357522062784 0.5968194417868751 0.06069150395393069 2.659447003300019 
1.00091619655523 0.589795178825907 0.0006587397560189624 2.676977495437644 
1.00083167849539 0.5900422537673534 0.0002129779537754272 2.676841591757458 
1.001146957824346 0.589498381909785 0.0002049156338157009 2.677570306090677 
1.000183869134717 0.5911728322417913 0.0001165884640892531 2.675353995796236 
1.000711298735878 0.5901435698796038 -6.563663661711393e-05 2.676500316125261 
1.000432383527115 0.5904756631355128 0.0007735917890082934 2.675769129205969 
1.007874144459698 0.57527442699612 0.03838937594087159 2.692513119798671 
1.01262915061621 0.5642246988789191 0.0188285385730015 2.701572527664352 
1.014531011367732 0.5612943377932631 0.03403424343369219 2.706812210170984 
0.9891127120712656 0.6087704543347894 -0.0001426023964559165 2.649312974734392 
0.9927821694941118 0.6030531338615286 -3.143970845493822e-05 2.657913846876004 
0.9902485017735353 0.607157862207787 0.004361727213026024 2.652081037644879 
1.000060421602323 0.5911079728700626 -6.574319159087902e-05 2.674903326865184 
0.9996794443164745 0.591434224323425 0.001745498754736272 2.673832477474336 
0.9989257283175906 0.5932513109734997 0.0002572039349048348 2.672402963911714 
0.9997079386865547 0.5914769987649351 -0.0001071799662886308 2.673949097068691 
0.9998042160592225 0.5915744688980662 -8.112895803964706e-05 2.674326844756022 
0.9994225221748061 0.5915140810325735 -5.842357884642111e-05 2.673022365119005 
0.9997112534950297 0.5915525094620552 -5.550112666261404e-05 2.674003952072585 
0.9998300798812367 0.5910521192972179 -0.0002454728186400537 2.674108557539887 
0.9998418653504499 0.5916278284574447 -4.735874805745699e-05 2.6744823677149 
0.9974206510683057 0.5940601023384477 -0.0002229724768297712 2.667882789973065 
0.9986157356365616 0.5924807491062917 -0.001713418131951325 2.670915188631173 
0.998616557950097 0.5926131628710444 0.0001758475509304195 2.670994987563377 
0.992176738640598 0.6028390045178276 3.526430280751798e-05 2.65579095070935 
0.993184865228747 0.6007435164948141 -0.005918761060004967 2.657869281504067 
0.9955227560757121 0.5975806593283962 0.0003215801396549478 2.663692060645719 
0.9921831781037236 0.6027656056142378 1.096416820962261e-05 2.655774292744631 
0.989478668923758 0.607410991369531 0.0001143761205017856 2.649678151432822 
0.9907267920512609 0.6049862868099538 -0.004838128826683805 2.652327037048655 
1.003940106449448 0.5825706795702467 -0.01041105966664192 2.682941829042264 
1.006908915423539 0.5763745713435388 -0.008357993132450585 2.68917863786247 
1.003671034497167 0.5815285557315777 -0.003165652193435882 2.681271186442831 
1.005908637013668 0.5771109444295013 -0.03116216978195228 2.686721052688994 
1.012755850698914 0.5628288042409368 -0.04308581256766338 2.702044314697721 
1.012994097840249 0.5636812612747314 -0.03119309292866737 2.702883483179368 
0.9892246535456327 0.6088532664311584 7.213475853468439e-05 2.649732065277583 
0.9880886406039135 0.6107124704352376 0.002515912163751364 2.647146251710783 
0.987082462189799 0.6114538311911469 -0.0004620825813420275 2.644286583731147 
0.9773809834467054 0.61696526993711 -0.09770597365864805 2.620749034949047 
0.9742468614169715 0.6200702971589046 -0.1268863496150893 2.615568090272279 
0.9932394292329652 0.5927113047119702 -0.1182072663187106 2.660038452886052 
0.9980518643472208 0.5878418807623084 -0.06720973634596528 2.668464160292522 
1.003357936165378 0.5753282155075926 -0.08962828948681992 2.68064764033325 
1.011036446809871 0.564772764884486 -0.07221789388614165 2.698951098473493 
0.9214174592272593 0.6967903786142708 -0.06113192968117943 2.494534627059368 
0.9013376038217296 0.7149671453043349 -0.07415129100550941 2.448077815980964 
0.9146486533953175 0.6979052591380807 -0.1031029332743514 2.47856928598728 
1.001718421972978 0.5881240054164683 0.002237326411877193 2.678666908709899 
1.001705945728594 0.5881700850872543 -0.0001521541724911976 2.678649298501921 
1.002252951598782 0.5870558475047002 0.00136118632027922 2.679819900207958 
1.001469130454176 0.5883091675461747 0.002038184127483513 2.677943249530475 
1.002332242674166 0.5866961919460327 0.00172291913264768 2.679872440114495 
1.001431945003301 0.5883464091330577 0.005095469392630865 2.67785332756532 
1.001442505149757 0.5884879651820811 0.00545149934694124 2.677972795479807 
1.002414141003534 0.5864724752071385 0.001319006039340671 2.680011096809445 
1.002826676161347 0.5861113339511198 0.005554384596500192 2.681194319723303 
0.9994980727493953 0.5914809219015147 0.00674902492203663 2.673269079615165 
0.9977180972439131 0.5946956612188159 0.008960290353152163 2.669294512893386 
0.9962567190733451 0.5971015322027864 0.004684616216673937 2.665849628794291 
0.9993680437934079 0.591658038534521 0.006882116365136214 2.672947972274506 
0.9963682555318459 0.5970982267078752 0.004828487869422588 2.666216797068616 
0.9980036670944538 0.5942424246734277 0.003909747926546449 2.669934898605029 
0.9981362790197442 0.5940469658102833 0.00394285693282647 2.670256663980865 
0.996420823672016 0.5970319035860741 0.00433045090869461 2.666355954343056 
0.9960412092697194 0.5976379561650952 0.0001200598473202381 2.665447429344252 
1.005719792350856 0.5796385782437345 0.006197527258409926 2.687086149513354 
1.00429449933673 0.5824204116400051 0.01606837514705264 2.684046471092235 
1.003225609750064 0.5850396134950215 0.009468904705525593 2.68191575848603 
1.005335441571548 0.5798381124853055 0.006301138432372361 2.685923647818341 
1.003602868376768 0.5847707101164707 0.009918252209144905 2.683029227660446 
1.003886144817694 0.5832048236149656 0.003120196244093336 2.68301217015263 
1.003929937371918 0.5832199208731075 0.003195634016558787 2.683172447504267 
1.003532830917202 0.5843142611287089 0.009380718275852283 2.682527006963032 
1.00263772370706 0.5864515593826656 0.005662774795661496 2.680760323486288 
1.000518989838258 0.589804475577644 0.009667721520344556 2.675701899016535 
1.002923716841479 0.5853814610297897 0.005964474346253086 2.681087776346673 
1.003481681171678 0.5843684814650449 0.009616763389984236 2.682388359063886 
1.000203786211881 0.5901184060559159 0.009328561803884423 2.674830915956859 
1.00350216913903 0.5841140697029475 0.01031301256818504 2.682313801957167 
0.9997998271286556 0.5904692108380633 0.01373067727998753 2.673745414968369 
0.9997223992080629 0.5907372255424751 0.01408798454809115 2.673649902297396 
1.003725129994061 0.5836418970122311 0.009761168666871803 2.682767822256517 
1.003976611588948 0.5834740623551951 0.01609942265117471 2.683598824634911 
1.005771495910625 0.5788866461508317 0.02378845794366789 2.687098949099199 
1.003770960385218 0.5836241099494353 0.01619533747393219 2.682982738784586 
1.008122130173144 0.5747359200702445 0.01265252323909031 2.69236485022487 
1.005941235972525 0.5800864459358874 0.02529701268289142 2.68836519954258 
1.008169455572646 0.5745035726914188 0.01232114725890707 2.69235886071937 
1.011954063034086 0.5658304596149631 0.01953947067066072 2.700292435120792 
1.012351463786832 0.5666515531323222 0.01802075537501002 2.702087602403084 
1.007908284420785 0.5753732222047928 0.01196401602341486 2.691997313894298 
1.011421995187434 0.5690079713832976 0.002452831067226008 2.700085888068606 
0.9804182810551942 0.6212879478024563 0.05127892044189011 2.62990873564215 
0.990283696725808 0.6039064723755789 0.05030333985519663 2.651365653683345 
0.9857839121302192 0.6112441625078178 0.06706663871463078 2.642139500169035 
0.9800674796090034 0.620922710084286 0.04967679334602816 2.628413080975023 
0.9854629415444169 0.6120935156993711 0.06852223584632629 2.64158477096405 
0.9716351790661584 0.6325741963205115 0.06609495815855809 2.609417965768615 
0.9713721884819165 0.6345850984899997 0.06663712322518389 2.60981925848048 
0.9865722333649755 0.6088230456599191 0.0676890346250086 2.642953874525616 
0.9782381675949047 0.6197267436164259 0.09153209623893525 2.624729304113317 
1.006028943547824 0.576199742001111 0.05335270800006201 2.687562875570254 
1.007115502362748 0.5755181144662145 0.0367026293188231 2.689993663798748 
1.013215756527736 0.5620116750103125 0.05260926701055203 2.703571896619557 
1.005450836108994 0.5760787545061969 0.05158801160119279 2.685406951391304 
1.013898092670893 0.5614401950265708 0.05153531411679683 2.705372342772492 
1.011988146631418 0.5645486365190352 0.07752492690703035 2.702401794646501 
1.011997873373859 0.561815009513602 0.07927216392692653 2.701136216082037 
1.013424717864695 0.5633387014887531 0.05115328631854441 2.704747758866406 
1.023966755643664 0.536452418396326 0.07537224366371083 2.727444173626389 
1.000066006650973 0.5886508112096644 0.04907822044688859 2.674676751771618 
1.007553979657923 0.5743010723136279 0.03739876869986081 2.690709945115845 
1.006260781185829 0.5768927365578316 0.05277369242633209 2.688651045222139 
0.9994106128638899 0.5890727781339911 0.04813826467254857 2.672675727028074 
1.005886256451797 0.5771141191612091 0.05447448132648128 2.687560622498806 
0.9945563345499047 0.5960024529095596 0.06230891710843772 2.66146334680892 
0.9943937786033189 0.5969483558159985 0.06278312371077738 2.661535917417144 
1.006252437318781 0.5746750134412361 0.05300133427117959 2.687154081595392 
1.001786658165234 0.5835902592247681 0.07264815945399082 2.678833536956433 
0.9610865058948307 0.6483093645964507 0.05718145839153735 2.58522270903601 
0.9701109764437825 0.6367656736443342 0.041423307933898 2.605804172376387 
0.9706867322240103 0.6349980593479001 0.06524050852611189 2.607831244211405 
0.9610886433428792 0.649872800351998 0.05726475695860973 2.586126696994966 
0.9722917989226271 0.6324566468376301 0.06499905623624083 2.611154547597951 
0.9627545525395094 0.6422736871212288 0.08977519188795929 2.589050835490772 
0.9632403504787485 0.6413927444766998 0.09107312738861352 2.5901461873114 
0.9706666616862412 0.6337781256796268 0.06395994572902433 2.606794748306969 
0.9775300666998991 0.6208834460157342 0.09273502944428251 2.623110232123149 
0.9994322596109341 0.5904717841319057 0.03250303388563206 2.672921947676745 
1.007069149207134 0.5758137945012759 0.03806791748400312 2.690038993540798 
0.9998090254463244 0.587539373801935 0.04796636952013261 2.673125059554951 
1.000374786417388 0.5893807755942591 0.03289926182987558 2.675395601848041 
0.9995751572288025 0.5889595106864631 0.04724749560468632 2.673121250550478 
0.9937328091143189 0.6010758886549972 0.03678919295090818 2.660517693947537 
0.9934282575935829 0.6011816184731019 0.03535979244127636 2.65949936042607 
0.9992683492284344 0.589257224784868 0.04874424001972924 2.672303377818971 
0.9898316720746317 0.6045367420981349 0.05072248690311393 2.650396233342855 
0.990134889699504 0.6070111535038989 0.02820389473024219 2.651996952337605 
0.9958463444715564 0.5965371180236598 0.02602930829634141 2.664437745551696 
0.9938366164424211 0.5996787449015378 0.03548263554358689 2.660005020069413 
0.9898388401194331 0.606943238131353 0.02726303228980317 2.650940792901077 
0.9936600442748197 0.6001298479572964 0.03661940008263264 2.659696164236036 
0.9855032571751774 0.6129369077342446 0.03636854445359127 2.640686616700371 
0.9854028905978156 0.6147286347019998 0.03686443564613932 2.641454855601299 
0.9942642678047269 0.5995060426206512 0.03632950951155519 2.661215078228933 
0.9899125553742285 0.6060963444426689 0.04936568325079044 2.651531955172885 
0.9831138083402337 0.6184021576463944 -0.0004767797991085754 2.635593340385891 
0.9852626455841644 0.6150188985613716 0.004610537137899921 2.640523231432387 
0.9813561420391808 0.621095148961643 0.005203193899817471 2.631539248034124 
0.9832410317753787 0.6180850522892398 -0.0005401958894120048 2.635804594889819 
0.9809783317418255 0.6219216387357677 0.005818241995882794 2.630802207075547 
0.9784049055253697 0.624887987532619 -0.002769781402543894 2.624268662310057 
0.9785761502030594 0.6260077008255298 -0.003774997456110053 2.625569148569233 
0.981532933871176 0.6215440561473259 0.005951545443307484 2.63235173005457 
0.9743994145255224 0.6313176776617535 0.005719955603054981 2.615401265303997 
0.9949796060066191 0.5996331675611231 0.01133106722459621 2.663194151543123 
0.9977518047801308 0.5943656393588768 0.009196936808204525 2.669194645025175 
0.9969997827161626 0.5951945717148925 0.01515471648687026 2.667277242773566 
0.9947530385517849 0.5996573502278386 0.0106438127156733 2.662445251766247 
0.9969506946494725 0.59532438927552 0.01573397553407485 2.667189459916844 
0.9926754395429723 0.6023500625149479 0.01768413566685861 2.657307858682 
0.9926622395118272 0.603443474180667 0.01813979463669018 2.657919822549867 
0.9973371439170655 0.5948623201550984 0.01545186216707911 2.668157433050858 
0.9955811513885211 0.5972822068824591 0.02524203709009613 2.664028445481687 
0.9810874183866436 0.6210776112811112 0.005961472377397188 2.6306497108364 
0.9851061581079869 0.6151742201751518 0.004309491437468257 2.640111288458402 
0.9836427956408003 0.6179269103050834 0.01139612966775797 2.637085661472579 
0.9811908790473509 0.6219926980528944 0.005298695849549497 2.631538187078384 
0.9843524584558579 0.6169166013155047 0.01146201492380389 2.638729119180479 
0.9784065827678485 0.6255968478309836 0.01709721737828124 2.624916634976289 
0.9782735367228602 0.6251869938146671 0.01846378334257225 2.624233163848149 
0.9837667688106332 0.6174740171054882 0.01085364317375197 2.637169911157148 
0.9836822664029105 0.6173929332167682 0.02352338660709594 2.637089498013537 
0.9994763178002162 0.5909992698150952 0.01307175282347546 2.672960782528994 
1.003840620124941 0.5834905037768632 0.01672144869739569 2.683160020205028 
1.000543675331774 0.5881837145072167 0.02261620521432246 2.675050095117619 
0.999973128978457 0.5903535148395732 0.01322889180691461 2.674231554714291 
1.000384472369293 0.5888559763663219 0.02234504256856596 2.674898385216306 
0.9970380344450768 0.5957269187318719 0.01586568150945784 2.667721818898423 
0.9968528291698261 0.5959465262575181 0.01490314674779117 2.66721031799665 
1.000247526646587 0.5888378813661008 0.02330590842903663 2.674444153403379 
0.9955860007780807 0.5963738620831364 0.025916844376145 2.663524221521744 
1.000855808952919 0.5893415000569556 0.02393430169773755 2.676788385588414 
1.004268258790711 0.5828356684316471 0.01647184797109476 2.68418307565112 
1.005570143856899 0.5794893581690239 0.0240790761851058 2.686759395578788 
1.000337789176259 0.5896881839663538 0.02286130838007112 2.675232095173251 
1.005679029931527 0.5794075418502133 0.02491953515702884 2.687081132859173 
1.000029959286707 0.5888915263154918 0.03302303179275558 2.674040773913151 
1.00008556965738 0.5901702011389215 0.03421907775310581 2.67499561418555 
1.00605722284372 0.5786757687719276 0.02430689806110974 2.68786378542435 
1.007130490506814 0.5756977636384573 0.03705622922682203 2.690172227217536 
1.000749734528341 0.5899075016415067 0.001699111436580011 2.676490814227333 
1.000869743649885 0.5899946065241977 0.0007318859944427224 2.676940236656091 
1.001254059580376 0.5890374453377832 0.0009150093923935911 2.677655837991583 
1.000751106214069 0.5900465713932799 0.001960726131302928 2.676577628500186 
1.001314250946899 0.5889113822562442 0.0007513084308541144 2.677781382808686 
1.0015360549872 0.588375413009035 0.00211792461315835 2.678207035409681 
1.001603212376535 0.5880972368854366 0.001981479025216669 2.6782672305239 
1.001195696428782 0.58933467986563 0.0007574262090883519 2.677635607665522 
1.001739480340526 0.5881852741650402 -5.793514065480834e-05 2.678770433370011 
0.9995252239475549 0.5914779597311463 0.006467203847615933 2.673362089932374 
1.000259345881779 0.5902417216104743 0.004286579704269348 2.675061397784619 
1.001136128855314 0.5886377708125246 0.005659539500523348 2.677043984712478 
0.9994308930594903 0.5915812086385418 0.006546639761183017 2.673109931506742 
1.001262781942523 0.5884013236187469 0.005331231754544619 2.677321761229674 
1.000617217050001 0.5896447705262302 0.008908350626337909 2.675934290169284 
1.000608767047705 0.5894180753899771 0.009106684020880473 2.675769355560135 
1.001054901183309 0.5887943976085037 0.005357853340301237 2.676859233405868 
1.002706296414671 0.5857521644795364 0.006336540422449593 2.680586077574606 
1.000454567834305 0.5905619359272094 0.0007805787546144837 2.675893784615331 
1.000950566065397 0.5896130367687383 0.0007253607095958261 2.676984237334581 
1.000724564202784 0.5899404942688314 0.001675704563161958 2.676426572796943 
1.000429031935684 0.5906267803575472 0.000702059080799342 2.67584660543212 
1.000687282183986 0.5897974678194972 0.00196042436477547 2.676218374007792 
0.999839546070683 0.59149092616336 0.00167941161751125 2.674398245834125 
0.9997506243451721 0.5915431983860411 0.001666386373301528 2.674133306132757 
1.000816338927644 0.5896117593720827 0.001715378858842678 2.676536527112557 
1.000338888672801 0.5904979024888506 0.003946858872789029 2.675478357671011 
0.9918854393855393 0.5982241359833149 0.08631155938752445 2.655736080257875 
1.001361296852016 0.5816948973525956 0.07276979139892312 2.676254429238426 
1.004074452109077 0.5750184904873215 0.09669913327380579 2.683468896815846 
0.9911457879011677 0.5977819610091524 0.08388830904075176 2.652805068819842 
1.004439195890362 0.5748728686760278 0.09685301817146572 2.684407046186236 
0.9914466402975858 0.5957984624710296 0.1149605564507298 2.655739381102558 
0.9911728995001974 0.595103865626872 0.1167938907693737 2.654515886273201 
1.004732999702633 0.5724061038818561 0.09606144770200951 2.683970298693521 
1.009147997541736 0.5578631065205649 0.1289554787480997 2.69428593884911 
0.999522099556331 0.5916521097812334 -0.0003263271179581922 2.673434293667412 
0.9996660753892243 0.5914505241027167 -5.082634163360318e-05 2.673794204817586 
0.9994184436724581 0.5914904793642463 -4.521056481155142e-05 2.672994864334515 
0.9995486571786414 0.5916360471813411 -0.0004394235385461478 2.673513089375326 
0.9994291997034965 0.5914844527757945 -2.554727839241797e-05 2.673027050337916 
0.9991712216618497 0.5918077443341211 -0.0006685581299710515 2.672360399255442 
0.9991359459803335 0.5918014333717051 -0.0006857917799333369 2.672239822039347 
0.9994397742618641 0.5915129777475191 -1.287484509615801e-05 2.673078891459492 
0.9990696204114919 0.5919283868531876 -4.337749186602461e-06 2.672094669551349 
0.9998941597194524 0.5901691234569162 -0.0003367478050441476 2.67374486406091 
0.9999236731918419 0.5885574648624781 -0.0001368820845491724 2.673162744990224 
0.9998906797036373 0.591119876804865 -9.464488031772338e-05 2.674262833002283 
0.9998783146833281 0.5902779248685985 -0.0003273013842054423 2.673810375956737 
0.9998395739008602 0.5908715192853737 -8.794314382633735e-05 2.674032445991747 
0.9995431817694119 0.5914838476056048 -0.0004233474934599534 2.673409038064198 
0.9995441304678354 0.5915098521240296 -0.0003983691469061465 2.673425813404858 
0.9998756061003278 0.5910091118632389 -0.0002398037596330834 2.674234786388407 
0.9996819994161743 0.591573207851435 -4.562635620864415e-05 2.673918812659023 
0.998637216616459 0.5924351117224828 -0.001706055242148403 2.670958968058199 
0.9973163259549181 0.5942605262808476 -0.000228963354008638 2.667656512765455 
0.9978635112689564 0.5937969588214674 -0.003328628722327514 2.669201895075807 
0.9986703789687433 0.5925563995919849 -0.001613995315621481 2.671139465302061 
0.9981256805720337 0.5929567870759381 -0.003510237851922687 2.669572130739439 
0.9997329585245561 0.5906340401963712 -0.002904152126599091 2.67354073666217 
0.9996632284011316 0.5905666837179285 -0.002645562702951442 2.673268426543315 
0.997966225585781 0.5931293697670673 -0.00363992977990773 2.669145466901869 
0.9998195762171491 0.5906506626570981 -0.005336460449533486 2.673848371601039 
1.000694677312983 0.5883512400578838 -0.001453523355728119 2.675287644048877 
1.000195100224322 0.5869980169162146 -3.154675542590079e-05 2.673259366201538 
1.000082289215115 0.589533285228604 -0.0009363620795012365 2.673932950430638 
1.000639899644567 0.5879592220469513 -0.001624251590525296 2.674994177241373 
1.000088383719738 0.5892878328696005 -0.0007632571157660303 2.673939127274439 
0.9997999730317246 0.5907680611170142 -0.002721070212545787 2.673847811615138 
0.9997553742941907 0.5906913888799769 -0.002594210907193907 2.673652699340691 
1.000171023699174 0.5895201052852729 -0.001045001207086733 2.674352848499109 
0.9995687419923273 0.5911313198515749 -0.001396292517694158 2.673285544497425 
0.998780625333705 0.5921785438746139 -0.008854943488865345 2.671314815360424 
1.000107568198118 0.5903813882348747 -0.005903444971580498 2.674648791022132 
0.9977298730560118 0.593321153153001 -0.003306390814738391 2.668473150847597 
0.9985605035730056 0.5926535590123692 -0.008733508107093401 2.670863118975998 
0.9978345383221492 0.5932903939695183 -0.002956385040865281 2.668805760346903 
0.9961726688412914 0.5960237025909614 -0.004001889471905967 2.664923047038959 
0.9964506407470045 0.5956479174109889 -0.003868385388055607 2.66561632448219 
0.9980049175265208 0.5936583725293834 -0.003612998428098334 2.669589942156539 
0.9973207387197046 0.5943272205378994 0.0001351967043225791 2.667710629736948 
1.001151908573835 0.5863680664527038 -0.008245315686810615 2.675833715001648 
1.003767331826797 0.5820044254066279 -0.01020270083471114 2.682025553987829 
1.004027493869614 0.5820010956900503 -0.003979900310171191 2.682777445919672 
1.00138814556801 0.5862126256305098 -0.007818650333868639 2.676528083316144 
1.003856314595209 0.582104025731691 -0.004034620567979957 2.682265284322785 
1.001840054886264 0.5858970236447463 -0.003524792660483754 2.677792994836842 
1.001811698751449 0.5862115388780338 -0.003897160845918791 2.677693721435415 
1.003838914242051 0.5826726644530895 -0.003525519252143349 2.682437320824086 
1.002498352110644 0.5824504290580678 -0.0003298485303753251 2.678356378971286 
1.005646079480947 0.5800392924380202 -0.01781738640407815 2.687227467682584 
1.006724189308431 0.5756627455160316 -0.03079989642119236 2.688605845041145 
1.011300329228931 0.5674826460712741 -0.01849971250628487 2.698985010687927 
1.005377178590204 0.57995142363678 -0.01850522465502466 2.686298320285505 
1.010751748933928 0.5683949222547843 -0.01712252483559955 2.69762408702865 
1.006977232667483 0.5748384172465644 -0.008334449500299114 2.688543735233037 
1.007032514953086 0.5766870558708354 -0.008755902268677252 2.689532731315771 
1.011457640314212 0.5682542374372793 -0.01693975355650911 2.699706915162162 
1.011041577272848 0.5659501786459202 -0.003522508600942656 2.697849658304701 
0.9856664136628542 0.6125339655757635 -0.01056627822247015 2.640348748025999 
0.9823301642342173 0.6187984303461097 -0.007238672124253136 2.633274955066794 
0.9815258650933109 0.6200298422978244 -0.01436947452280793 2.631500174922908 
0.9858088674931813 0.6126233515401323 -0.01002972416638801 2.640867203910536 
0.9817264886135189 0.6197097107588111 -0.01496591779409352 2.631953926747726 
0.986400071745603 0.6124042952469381 -0.01661790729715862 2.642771231596371 
0.9864129074605426 0.6120200282521782 -0.01656236453325746 2.642540776999657 
0.9812939544249152 0.6201092075862291 -0.01486759305393474 2.630759625519207 
0.9819908841568388 0.6182832345349891 -0.02395555966497707 2.632128832844267 
0.990814065128549 0.6050699567740839 -0.004293555846886241 2.652653996021298 
0.9887665307504521 0.6084495356253856 -0.01052383402543785 2.648032224209981 
0.9921686169609618 0.6026914592012482 -0.01305394261532189 2.655774509884437 
0.9905931470348138 0.6053197979074448 -0.004703034827574706 2.652073973532217 
0.9921681044016616 0.602564177977449 -0.01259206720559579 2.655691981761532 
0.9932730056715934 0.6004909520659896 -0.006078622953342404 2.658016965176834 
0.9933032159644039 0.6006145296898021 -0.005884278453477616 2.658195151935727 
0.9925036723590571 0.6022978637437915 -0.01277437184083392 2.656626410616984 
0.9959265059454011 0.5970692325771894 -0.01247086379264641 2.664794319038525 
0.9988152452440149 0.5917906464515228 -0.00859512635919084 2.671205117878388 
0.9958987522681104 0.5969862758436388 -0.01217520045788352 2.664628068911176 
0.9994523973648077 0.5899991919233587 -0.0138177537629311 2.67233765314155 
0.9985727018732445 0.5915408167557731 -0.009207447203554889 2.670258757431468 
0.9997672517354395 0.5898212440908854 -0.01378861460657072 2.673257263182913 
1.001635116225926 0.5875905112381272 -0.00779883453452563 2.678106212067963 
1.00151129437909 0.5870716429394018 -0.007208775174690745 2.677401512526467 
0.999975849739132 0.5901373219213731 -0.01420811730535096 2.674121330512591 
1.00369274467545 0.5812290006585535 -0.01066594627625418 2.681328123023227 
0.9979267296234109 0.5920693800108536 -0.02115289953143328 2.668562973578426 
1.005505516645305 0.5787643865403612 -0.03103907990970109 2.686331486137349 
1.005248359560987 0.5788921629782696 -0.01858793026923541 2.685270624915277 
0.9988970051340368 0.5911920591721018 -0.02069901513285987 2.671262863003807 
1.004898905325556 0.5791982872286442 -0.01874516283770851 2.684287203397454 
0.9997321459825398 0.5908117566296154 -0.01359384873008828 2.673698224040566 
0.9994602390248395 0.590567850384336 -0.01468075990792553 2.672666283265966 
1.004808737947222 0.5795675221142484 -0.01796607514920811 2.684184327495274 
1.0038051859849 0.5811604779060957 -0.01063632975360707 2.681661973208676 
0.9931625283356788 0.5993279548973832 -0.0472488929863284 2.65796942094142 
0.9983024774570776 0.5881677768931026 -0.06634066449677953 2.669486725929354 
1.004812353022029 0.5783717454843817 -0.0477388337118478 2.684442967342735 
0.9939561224074954 0.5983471257367879 -0.04683943680901212 2.659954287531063 
1.004086698787433 0.5786492275394326 -0.04717756371936449 2.682198700376145 
0.9992169874555634 0.5914808227410968 -0.03477841582784521 2.672872812153384 
0.9985552642424897 0.5911929515392577 -0.03709771416103565 2.670564923249928 
1.004163070235297 0.5787980953830009 -0.04655409535978208 2.682498757544883 
1.006103337358714 0.5763521932805404 -0.03090474868718696 2.686990606626001 
0.9885853701752295 0.6084776286477809 -0.01979345159349516 2.647546750235596 
0.9917872440166019 0.6028429812446808 -0.03124558996878628 2.655020118491921 
0.9948060220125859 0.597344449398276 -0.01985747615800168 2.661375698751104 
0.9891869191878988 0.6072869062433744 -0.01959572875644544 2.648788272842757 
0.9947906282953585 0.5983466629212429 -0.02022938452080532 2.661925711981393 
0.9925131734262882 0.6026616538891749 -0.01222366230739539 2.656858890868591 
0.9921538200410682 0.603004257339575 -0.01292730325544872 2.655878612187806 
0.9946413638104454 0.598264256510287 -0.01923214917837456 2.661366203523787 
0.995890572917786 0.5962513311457458 -0.01202299574143643 2.664179853762094 
0.9690906748017111 0.6383367161479339 -0.06171047055400777 2.60470130858072 
0.9530561122883644 0.6574188829521854 -0.07137826457524753 2.566337036852982 
0.9637129784541277 0.6390463052339658 -0.08829822066540235 2.589720957488885 
0.9677578820143611 0.6391448486894324 -0.06303491984774572 2.600961211914809 
0.9646067891549653 0.6386030310243 -0.08812295595703447 2.592251989211689 
0.9769575500750117 0.6228817019883897 -0.07268524711578328 2.620988213494014 
0.9774753852112746 0.6240412600961897 -0.0708764003875586 2.623241112380248 
0.9649368810109402 0.6383507647312341 -0.0886256865030168 2.593038599223297 
0.9775795236726057 0.61773134892106 -0.09729630227825145 2.621823515873254 
0.9869881539326738 0.6081293674576274 -0.06505670668157824 2.644063311558137 
0.9775305891705569 0.6239489867739055 -0.05397061095561054 2.622259243983015 
0.9769671361310367 0.6231522924418972 -0.07245637575322095 2.621149622388496 
0.9876399930173658 0.6093465835418135 -0.0634978112717277 2.646825020874715 
0.9769426044885187 0.6237377937082256 -0.07288111739686559 2.621250830152366 
0.9903120270979026 0.5984301966149712 -0.08265686269714337 2.650408047625886 
0.9910548435795902 0.5984396969192152 -0.08365497849366813 2.652872356866946 
0.9763069450106509 0.6244857737174794 -0.07289238287303659 2.619749303308079 
0.977914682710845 0.6175224074374351 -0.09782221800952103 2.622764041804098 
0.9763213504586419 0.6286780727465606 -0.0252456764857205 2.620230014390566 
0.9671779758760667 0.6411766909667562 -0.02059088867471648 2.598499165376955 
0.9695282693147101 0.6353739130912324 -0.03768719646327012 2.602900603596937 
0.9757366329597614 0.6290025863766455 -0.0255291913961815 2.618529036019163 
0.9706188904229176 0.634829148195331 -0.03880947296115955 2.606099085311312 
0.9799919285634009 0.62146753082551 -0.03678867208377393 2.627982436771187 
0.9804407877334922 0.6222179039077326 -0.03526496744197589 2.629852002228053 
0.9703613014454755 0.6363559847880523 -0.03859954996599112 2.606147091510128 
0.9770061436485338 0.6235442320604508 -0.05287945969187111 2.620278009224534 
0.9863813575221652 0.6125514541960402 -0.01539760188516444 2.642734823587824 
0.9824851488020847 0.6179365926970779 -0.02439713741883217 2.633533160727655 
0.9864493136171687 0.6114688108933131 -0.03014159401990475 2.642693156178781 
0.9858774527205321 0.6129933650197991 -0.01592570783477362 2.641355294051304 
0.9866122596223231 0.611226477307755 -0.02959832883962436 2.643066791714164 
0.9887424551764862 0.6076100335434419 -0.01938856792716045 2.647553449380557 
0.9888782466287687 0.6080562038578088 -0.01849231441171332 2.648252185599417 
0.9870837152462119 0.6107234967882539 -0.03020817448659281 2.644305195263754 
0.9918488753263395 0.603038054960705 -0.03256529775961318 2.655379235619944 
0.9788417503948227 0.6248086122403972 -0.004483023388791974 2.6256502458879 
0.9735919974682774 0.63265220642048 0.006328206634509511 2.61360915928906 
0.9696226850414392 0.6378993303295976 -0.003546326021153317 2.604140596952524 
0.9791773992568021 0.6246133977064036 -0.003640639218718414 2.626608094592959 
0.9699962314167262 0.6377423146694573 -0.005030056139682112 2.605253882592789 
0.9778222515206751 0.6269603051582771 -0.01281041217537792 2.623811667303156 
0.978061569411059 0.6264468630690027 -0.01261852816201968 2.624233509302096 
0.9691215428428981 0.6387401908949427 -0.004720756177959489 2.603018403157324 
0.9674837370000431 0.6398789563194153 -0.01917682306533 2.598667217548623 
0.9866657791735406 0.6112030111976732 -0.03099692510744177 2.643256543470221 
0.9820025310266682 0.6197248851265827 -0.0253209658833108 2.633119505571035 
0.9800402425301753 0.6207562338814712 -0.03612125058142905 2.627645889555327 
0.987033571164788 0.6117475290842692 -0.02994057185916251 2.644764709377993 
0.9799959992936312 0.621168508957195 -0.03629133529554646 2.627713749254387 
0.9867945599323569 0.60938838173885 -0.04234833048380067 2.642953412163932 
0.9872643869343894 0.6091678253746782 -0.04314468831849252 2.644387015238925 
0.9795126480445981 0.622776228738903 -0.03656035031145725 2.627187435539609 
0.9779796407806491 0.6230422013447051 -0.0532082535303162 2.623118206274396 
0.9859521143154559 0.613252034539867 -0.01025917329649382 2.641743629921502 
0.9886181488266854 0.6090232735889692 -0.01050898233274172 2.64790730305344 
0.9879427611989697 0.6095754948593787 -0.003418320333092192 2.645950749778367 
0.9857402016561834 0.6134560068871971 -0.009857169232463292 2.641173669904347 
0.9879116203322508 0.6095214031571886 -0.003776638068034456 2.645818244620416 
0.986247092438429 0.6129464500287618 -0.002787945634333465 2.642461608471733 
0.9866322580811113 0.6117172317150514 -0.003156521608914384 2.642970442019033 
0.9879714552185436 0.60974319006834 -0.003656187859378338 2.646161134520529 
0.9877290468913348 0.6106663858712003 0.0002131322448540832 2.645928289392524 
0.9594784559007832 0.6540092083963761 -0.02203750199960048 2.582365806397915 
0.9450860103172194 0.6717604972873936 -0.02378288107842958 2.548775314906701 
0.9458887449560791 0.6683790018526402 -0.04669225908817334 2.549825710199601 
0.9584881479248647 0.6546461235332883 -0.02226578877409295 2.579618993324411 
0.9466523344568292 0.6680747856434601 -0.04702640466030707 2.552047238067725 
0.9596874731132146 0.6508880413956041 -0.04022790134697662 2.581613048734512 
0.9606022203088557 0.6517780014951999 -0.03726394065825626 2.584910828750877 
0.946631610018407 0.6680689723038042 -0.0477996612148339 2.551970652667526 
0.9523262459060942 0.6575539107210847 -0.07048404215935794 2.56430768842635 
0.9778613811335047 0.6266589920849072 -0.01167859408372647 2.623698187004602 
0.9682951952909633 0.6393124522199172 -0.02054456124675995 2.600939303503143 
0.9761320021475647 0.6290300148610377 -0.02581995685408029 2.619902096592969 
0.9769778033896379 0.6269760652125717 -0.0116989335066083 2.621006078273769 
0.9757997030448758 0.6283667571694811 -0.0243936932206298 2.618344901094316 
0.9817697174494511 0.6193579029980498 -0.0146293300925886 2.631850372403684 
0.9816212331385197 0.6194822087928383 -0.01424725072820989 2.631434893889779 
0.9763588804805277 0.6279911186064103 -0.0251120435307986 2.619932381839438 
0.9822583802486757 0.6190576466714051 -0.02531478251195589 2.633548913693449 
0.9678159222528167 0.6427853930839809 0.009357581332018699 2.601452854214097 
0.957233956239857 0.6554775978466512 0.01106628421848138 2.576096300933757 
0.9607565889986307 0.6521026223115779 -0.007978618009625852 2.585087367429324 
0.9670794849061382 0.6434079970871001 0.009168568519208161 2.599488929383357 
0.9608958044385371 0.6513885596992577 -0.00736299547339487 2.585004850499778 
0.9695102876100594 0.6381213778177274 -0.00500540120473529 2.603884728428936 
0.9698209466089335 0.6379749572360839 -0.003976647617885838 2.604764965251629 
0.9615511327891241 0.6510848828575438 -0.008632261274518382 2.586903217647105 
0.967332352956715 0.6423484198239472 -0.02127078076721845 2.599919282043261 
0.9173540576826974 0.7032904696203514 0.01420781192468422 2.485248475615204 
0.9322844240647895 0.6859495579034315 0.02506470979170244 2.518840590668562 
0.9205663384743206 0.7000875868055212 0.04394499391725195 2.49351481618125 
0.9173261731260453 0.702471930967536 0.01247883597690656 2.484207675318408 
0.9208213743653524 0.6983937007867073 0.04448624919791836 2.4927322919017 
0.9011618828167036 0.7186827869661502 0.03413452309849557 2.448343114288053 
0.8990918354807191 0.7184621658912751 0.03644655311485578 2.441940090007614 
0.9211751698461889 0.6974956082138621 0.04506779322838896 2.493297571152345 
0.909071656941555 0.7083817768257563 0.07289168201130222 2.466457116800654 
0.936448022986946 0.6805917030726627 -0.005296062482906083 2.52770326813525 
0.9316009521881369 0.6867785061573793 0.02399116644611061 2.517272588893546 
0.9186079845190055 0.7030338738863045 0.01272348209104487 2.488808784415721 
0.9377640483678067 0.6806055902377194 -0.003445993230822183 2.531826932976569 
0.9181364494930443 0.7031336916741059 0.01217056130981644 2.487304892470057 
0.9276093702655892 0.692662344850669 -0.01886046144104477 2.509288726802537 
0.9277132426551762 0.6912381909571771 -0.02085193600413137 2.508154112243269 
0.9176478710233125 0.7041631944402454 0.01311287762843861 2.486372033933825 
0.9027461512678233 0.7189556322597637 -0.005371627271100994 2.452429625611854 
0.969839578391277 0.636504401125607 -0.03953392625690332 2.604747856008148 
0.9672291283119776 0.642217409950012 -0.02042353048875883 2.599408669917518 
0.960371169458502 0.6501732200359069 -0.03916205595639573 2.583216188337633 
0.9707729096470681 0.6375057225404009 -0.03702899699793735 2.608254613559799 
0.9599666057091167 0.651507028235725 -0.0389840868242007 2.582645485479659 
0.9670539111901144 0.6369462509753897 -0.06290621623798137 2.597224172186317 
0.9675241496473556 0.6370205360259084 -0.06461867639226106 2.598928287350529 
0.959373779354136 0.6527599172112621 -0.03861510539704983 2.581613724959308 
0.9530630376390883 0.657302230791465 -0.07098424118356497 2.566479103616466 
0.9475570204525152 0.6708209229933109 0.01715815993684715 2.555625897993808 
0.9323939259794823 0.6855399909315394 0.02368574802295098 2.519038177670937 
0.9364297945161543 0.683427315517985 -0.003241382949442666 2.529814683914958 
0.9464998459505033 0.6712339696959961 0.01724222464796392 2.552642965697035 
0.936726076925245 0.6830982885768848 -0.002944283264492439 2.530338039862932 
0.9496567223059256 0.6655475499991954 -0.003823708686941622 2.558717339307345 
0.9501759167609729 0.6654118410200868 -0.002440917264910444 2.56022570868009 
0.9373278488074521 0.6828020117067749 -0.004247531892483558 2.531986977052448 
0.9447744566401044 0.6732497346439751 -0.0243573342150272 2.549043824245083 
1.004934787747829 0.5801303547930053 -0.04580811419757444 2.685691104281129 
0.9986433437759805 0.5872858494799431 -0.06657713930051874 2.669997438920834 
1.010226920232799 0.5643432812726414 -0.06964741744489142 2.695855839642446 
1.003994993325145 0.5796425716922118 -0.04772702746519634 2.682355395816637 
1.010850382517469 0.5639994887698588 -0.06944687751446313 2.69767947724557 
1.013587977167619 0.5619669741569615 -0.04394245661560082 2.70443865953925 
1.013397358562343 0.5659030564410884 -0.04187903603687586 2.705488711282636 
1.011390539169327 0.5632826983721461 -0.07029179619470594 2.698890979240825 
1.024784264415171 0.5314784681163881 -0.06185856795938844 2.727412157305816 
0.9947994404958777 0.5992056518348946 -0.01808523568334615 2.662419981788267 
0.9924646843252146 0.6017841666117616 -0.03181009935983577 2.656594586969024 
0.9984780110108293 0.5907241843123854 -0.03519032918646052 2.67001421681538 
0.9941048776274708 0.5993704091172363 -0.01934809035486346 2.660239612893774 
0.9986819456962318 0.5907934016426277 -0.03423823261187173 2.670703419625418 
0.9981719509907709 0.591197724090343 -0.02015205553313889 2.668904889346348 
0.9983959247667441 0.5926180471970756 -0.01897692664037971 2.670399299912216 
0.999478288794568 0.5896347804402183 -0.03513975670545402 2.672662376516611 
1.005753045579329 0.5780900895934541 -0.03230758792411607 2.686807426546592 
0.9929637522480665 0.5874982162360738 -0.1163836312559596 2.655665022275372 
1.011911359196136 0.5488173736781325 -0.1201534555022605 2.698243273960034 
1.003946153514929 0.5780033090429791 -0.0886455121219859 2.683822895963127 
0.9930950540927151 0.5907684632279395 -0.1151127526162083 2.658094264930293 
1.003856230504809 0.5757528753691304 -0.09106684172656261 2.682727321656639 
0.990370930844043 0.5993274670299644 -0.08291209651624672 2.651016012702362 
0.9909300531311083 0.5987088485141036 -0.08268072624213421 2.652409993612235 
1.00290541251685 0.575727014984918 -0.08938598050254037 2.679412146335705 
0.998876869900154 0.5883334926236116 -0.06527155476303667 2.671366133318577 
0.9876659907996324 0.6104562499694142 -0.04135201483044943 2.64640023682174 
0.9780262943638538 0.623050161900923 -0.05354402547395992 2.623212715913708 
0.9865590057947649 0.6076275934924413 -0.06331594513486066 2.642238713164581 
0.9867189455431289 0.6108212620328424 -0.04264506313133266 2.643543025567659 
0.9872112372316947 0.6072827722144478 -0.0632029300152831 2.64413749419987 
0.9939657287923743 0.5976289002124857 -0.04675449851206505 2.659669334453385 
0.9942980241212319 0.5993560285230538 -0.04477879548723768 2.661673774204748 
0.9875714669017185 0.607069973895068 -0.06396083575915616 2.64513695596237 
0.9980854164242686 0.5882024692751351 -0.06661375578904101 2.66883888863612 
0.9521361561958193 0.6542917413762259 -0.1154130521340233 2.564964972795175 
0.9659256611197951 0.6178411290753428 -0.163727417503513 2.593394069754133 
0.9728235819851888 0.6181507203531321 -0.1252069325096618 2.609867664147786 
0.954447030786427 0.6505022939949393 -0.1144260208398127 2.570190271488182 
0.9729668635837792 0.6225975927792577 -0.1273350593838249 2.613190233058192 
0.964041496342495 0.6398595911487486 -0.0872084227766184 2.591244285805046 
0.9634711297582985 0.6408988531647615 -0.08889314019552508 2.590080114636386 
0.9723903624630587 0.6221645891997866 -0.125106838523616 2.61085268748097 
0.9772778112949649 0.616861054780054 -0.09741391861122266 2.620408621478075 
0.9144024958947299 0.6978175043174605 -0.1026120657760034 2.47694797558661 
0.9186841671811853 0.6808819633116281 -0.1494885459359225 2.484590618577699 
0.9400394279614575 0.6721422939227225 -0.101294416315263 2.538061544788023 
0.9165898444152842 0.6958399017744507 -0.1023972113104259 2.482505468926045 
0.9394679522405593 0.6711437431948679 -0.104394694634782 2.536420028226543 
0.9392698002566465 0.6761458949544804 -0.06927716897642351 2.535751750758743 
0.9381962335360603 0.6763491952545849 -0.0696400259819271 2.532457528360816 
0.9386168911951653 0.6704253449989682 -0.1010297569412785 2.532733307101132 
0.9530064561846827 0.6576567057011891 -0.07051154334810161 2.566347765792451 
0.9828809492936651 0.6182808048142866 -0.000646881489552409 2.634746283288382 
0.982581645110598 0.6176994462708597 -0.006493939107487793 2.633424022281718 
0.9868371772225312 0.6124587755085528 -0.003466794273813033 2.644106670657719 
0.9832329274946692 0.6177965405012645 -0.0008370170245619216 2.635605241507804 
0.9866653176138601 0.6125027572793073 -0.003709437380766397 2.64356927919971 
0.9869301251628942 0.6120787846333732 -0.0005384901635029577 2.644162875593963 
0.9864586595871369 0.6127593898084203 -0.0007087957944522461 2.643044270421451 
0.9864397329620331 0.6118958521175694 -0.002829861224428025 2.642447709852067 
0.9876975926385684 0.6106035829890257 -0.0001949781655091963 2.6457874693807 
0.9875984149018194 0.6112790880633057 0.009017701221960262 2.645921608763341 
0.9848961415207558 0.6148857868317782 0.004868029779228516 2.639255109707852 
0.9879342602885152 0.6109177821879594 0.002747978620159629 2.646753304033758 
0.9878730672729936 0.6108716646161677 0.008599714405665537 2.646576006683234 
0.9878091823052738 0.6109655287520811 0.00267158440552442 2.64637256610161 
0.9902421010742911 0.6071512007564256 0.004395083559566429 2.652039214421308 
0.990017442305417 0.6073739322872028 0.004461441317525357 2.651448863800789 
0.9878220843862494 0.6104895343105726 0.002987251797979642 2.646131292765839 
0.9892943675749178 0.6087592177263038 9.555462806440856e-05 2.649905891337425 
0.989206180350475 0.6087907598741862 0.01652295119087459 2.649702361493174 
0.9842824630050139 0.6164839640762028 0.02275181529941253 2.638497268377709 
0.9837229426288379 0.6181235413505652 0.01188124918146718 2.637454324254437 
0.9886951593486099 0.6097300201119817 0.01657659581536652 2.648656501547649 
0.9837994639041724 0.6168029987101814 0.01210598440893885 2.636907015204243 
0.9877498252973068 0.6110733956816707 0.008947982530464377 2.646280799691617 
0.9879089443183556 0.6108378725789066 0.009176413473377219 2.646647618140911 
0.9840973405380823 0.6173202726855924 0.01094871917175741 2.638202252897489 
0.9848305444235849 0.6154410847630535 0.004421038214814236 2.639372828468152 
0.9962925638795852 0.5970344301491499 0.00408696139568833 2.665920818477922 
0.99749334614142 0.5948538379197835 0.009303998635759966 2.668641986532927 
0.9948846430238232 0.5989820883513408 0.01088253872684257 2.662487439985253 
0.9964925118155324 0.5966949223137793 0.004267863454940251 2.666375598109067 
0.9948049975571431 0.5993095097552799 0.01062205862243241 2.66241824635611 
0.9941957573958258 0.6007880115033815 0.004399896759191023 2.661238517016835 
0.9941466257224398 0.6007891459349373 0.004044033191867575 2.661068843262612 
0.9946337406792192 0.5994484993542023 0.01110252847503368 2.66193456995361 
0.9914458453917203 0.6045751085973201 0.01070116319653656 2.654501506501496 
0.9493965193840184 0.6672883389455887 -0.003636708325971546 2.559001827353959 
0.944733251332922 0.6719983427145156 -0.02347213199948329 2.547897125936914 
0.9585212932596229 0.6533566691470526 -0.02453052300759194 2.578974176657995 
0.9499560249021142 0.6665031157346856 -0.004045000032404033 2.560336610176906 
0.9584315943873506 0.6546586130538573 -0.02369417665708076 2.579629655744446 
0.9616570027610263 0.649671156903601 -0.007867602832571574 2.586264119956227 
0.9608173611851408 0.6514123719745091 -0.008691546726566003 2.584718641664493 
0.9583422191387265 0.6532422386127024 -0.02267153568581458 2.57831155466791 
0.967429020862273 0.6414264973552664 -0.02177135747792025 2.599598617584513 
0.9337560422274688 0.6834712347231803 -0.03902221678907598 2.521854982578518 
0.9217604547450897 0.6972839617965946 -0.0635139893447088 2.496502508124992 
0.9382681184442252 0.6755596324881802 -0.07130628004653357 2.532535400274293 
0.9338742024649971 0.684339976012897 -0.03991834907273283 2.522998437283564 
0.9377559133910721 0.674194030297331 -0.06956414551274744 2.529700205045923 
0.9464126192077605 0.6696254338254409 -0.04772915952698763 2.552627242810599 
0.946012178284645 0.6700442376708799 -0.0487619080486353 2.551644031368969 
0.9387770852354634 0.6739392301068244 -0.07082810641467958 2.532788050961444 
0.9520931099622677 0.6575510289686211 -0.07268933936861727 2.56378606002001 
0.9291930371082525 0.6915090313972163 -0.01889094991325881 2.512946691714499 
0.9025044871484175 0.7191722485001654 -0.005340938699764998 2.451687666886721 
0.909020960777574 0.7111015808398693 -0.03582874211794387 2.466315826290708 
0.9275766859801495 0.6924094535744443 -0.01906594860118475 2.508570531700996 
0.9106266637284705 0.7109559220233942 -0.03712041348344712 2.471064400791028 
0.9344449600587214 0.6821842804789621 -0.040685118944857 2.523174788282182 
0.9353451208570996 0.6826569199604182 -0.0388941306506035 2.526302861271652 
0.9101425040322872 0.7109659191958217 -0.03771847726333064 2.469443876961551 
0.920812698126081 0.6974018696140044 -0.0619682855744066 2.493617076967744 
0.9085700791735291 0.710518282553349 -0.03803349023425186 2.464250539329974 
0.9018423535253132 0.7206407690489879 -0.004103776522683657 2.450822368420297 
0.8842869971102446 0.7327090339316682 -0.03799253325768 2.408983633101486 
0.9102376294616693 0.710591609682854 -0.03581447141401367 2.469269887104531 
0.8847988889202332 0.7322969758498711 -0.03919875753263302 2.409982094475939 
0.8997708819561573 0.7166559023041003 -0.07415547381020296 2.444990030730666 
0.9000834927464327 0.7151464410072036 -0.07548195105684388 2.444317757106999 
0.883446731625664 0.7355652931704377 -0.038308587338998 2.408098050194691 
0.8693393637889739 0.7378455384449283 -0.08676925443365005 2.372353256680349 
0.9349771271037356 0.6817603114279484 0.05262072124889503 2.525364475312797 
0.9310609987740953 0.6861621503475263 0.02497473128971791 2.515376898144311 
0.946738514405857 0.6710537169971942 0.01529897845546729 2.553233232924425 
0.9355718585733701 0.6807161917997875 0.05174991771750349 2.5265443887361 
0.9463433386496927 0.6714911865094031 0.01558932782149759 2.552302123586796 
0.9499797393604404 0.6669453527558766 0.03766845725708699 2.561282524073431 
0.9485772027732854 0.6670598264479516 0.03707073261484777 2.5570532606201 
0.945837513130093 0.6695089586359413 0.01710573459700612 2.549644286366823 
0.9567394959717104 0.6576102902368132 0.01113046294923101 2.57588259475204 
0.9782471161063081 0.6261913312638112 0.01836273942695051 2.624768657399325 
0.984441057428618 0.6157367568378276 0.02400697008638961 2.63849831096243 
0.9791899407949217 0.6240267303375097 0.0307897275869825 2.626804469106414 
0.9781957009627431 0.6256999515106308 0.01759737133999514 2.624270342545186 
0.9787759293065585 0.6251438913515182 0.03204675886376522 2.626130798161736 
0.9706178011832231 0.636502471005356 0.02157396207196714 2.606668796003441 
0.9704313461049875 0.6388063153194627 0.02117878820955014 2.60754320266681 
0.9796495881919399 0.6235532519620721 0.03206911192627966 2.627839430485216 
0.9705928456316957 0.6366015248393525 0.04114750282961407 2.607352366670402 
0.9763220450253425 0.6167914352101768 0.1231810825095866 2.61958747373694 
0.9716666524888365 0.6142153109122592 0.1639636326448209 2.609050284229342 
0.9527146763483059 0.6518321182180791 0.1249766057776052 2.566939322459603 
0.9749408920844712 0.6204122110005132 0.1237062754357822 2.61750905129073 
0.9534126094292491 0.650411123851131 0.1228778749602844 2.568204854243827 
0.962339937282904 0.6415906917762434 0.0893210248921459 2.587023320647912 
0.9644233835977171 0.6397784611356144 0.09120327535826661 2.592416070574667 
0.9525052223052326 0.6515020500428648 0.1216479549846091 2.565865290861012 
0.946271272737079 0.6665198634352646 0.0802447371666619 2.551897309091366 
0.9616271899846726 0.6501081364489749 0.02982806105776857 2.586898245784361 
0.9564353427031482 0.6558430420238277 0.01248557445246053 2.573811015790356 
0.9674063548801209 0.6429724347480004 0.007834967368220031 2.600286022560042 
0.9621401391896833 0.6489414467254817 0.02887222978836297 2.587804485845477 
0.9671759331854458 0.6433788790152812 0.008143625517195819 2.599814151254249 
0.9714133696566732 0.6370535157265835 0.02053910257743637 2.609514301180838 
0.9704589180659376 0.6379781721938055 0.02035639249204681 2.607084246925109 
0.9670528915087779 0.6417158610133822 0.009022602717158665 2.598374480763188 
0.9739917271064051 0.6324156792807484 0.006289941253075693 2.614766752339388 
0.9797621753586647 0.6222892236108902 0.05096210501429158 2.628347839282881 
0.9703151043666771 0.635927561512754 0.04292993043318583 2.606061301026187 
0.9790068839624174 0.6245907102050644 0.03061567653898144 2.626458883115252 
0.9802917414701253 0.6213803827656006 0.04963152264465431 2.629496907236164 
0.9790076935267017 0.6249762452741541 0.0316494390211446 2.626772122562281 
0.9859374965644165 0.6133161474463849 0.03566869179683273 2.642212004300613 
0.9850283045806557 0.614885804391244 0.03590870574966686 2.640304815344547 
0.979033135012814 0.6236989706474595 0.03170021055833331 2.626104165576264 
0.9839849662880156 0.6163276538486775 0.0233281221764064 2.637397290699246 
0.9494755110434069 0.6659883105909673 0.036483018501326 2.559199799784466 
0.956383587599467 0.6580448871125948 0.01142361001802752 2.575054898635852 
0.9628069153918969 0.6486561386938677 0.03018347705375144 2.589596634907389 
0.9484245771048149 0.6656067378799486 0.03884073278825056 2.555646508719955 
0.9619483270335467 0.6494178550752776 0.02928592059674424 2.587413134425912 
0.9606232820592686 0.6504580428137752 0.05744425529452209 2.585051842965875 
0.9612056909323096 0.6488293864122644 0.05567953913421868 2.585885722952551 
0.9619014692509695 0.6501656186453106 0.03040449997018467 2.587814835260471 
0.9710890498744386 0.6358817759974877 0.04243493476066068 2.608340497434119 
0.8939745621936175 0.7181337168007894 0.08521465861198771 2.428863434839749 
0.8715501588940386 0.7349824529766956 0.09778093513118268 2.377485396768631 
0.8779572691673153 0.7358335125879045 0.03841200946858297 2.39239834633363 
0.8926447997426562 0.7225766213565677 0.08513532312821076 2.428435435781793 
0.8782225212030869 0.7342298909250047 0.03937380899584531 2.392252739282558 
0.8984588978005271 0.71897689268186 0.03451136146892811 2.440236085685757 
0.9006170738227414 0.7183626777472331 0.03466077518020533 2.446147393256525 
0.882101770277565 0.7340286290322519 0.03632334554386238 2.403393641052265 
0.9008585660248591 0.719496254705878 -0.005520901792538006 2.447118053348688 
0.9304878019460302 0.6838523813402986 0.07938032189964282 2.514145120702389 
0.9105704306065069 0.7070274728251968 0.07168703181255386 2.470117298537002 
0.9195109795108606 0.6976377081365246 0.04367565155127818 2.48832300732419 
0.9300489726670428 0.6864722135326049 0.07949444944515799 2.515161128277252 
0.9197793987918348 0.6984540969681508 0.04509740374767806 2.490039444551434 
0.9361636009931289 0.68005071708279 0.05520551902177219 2.527887484783521 
0.9359432052178888 0.6817133316357991 0.05410350169502021 2.528233344660646 
0.9212289882485759 0.6993028579855481 0.04302111373624719 2.495051381444649 
0.9307531801422516 0.6861137093603883 0.02366243349519453 2.514197967442358 
0.9366842654336017 0.6730499237976086 0.1112808874807936 2.529173941633326 
0.9231428467556283 0.6787296029756092 0.1550729275866431 2.497481676261314 
0.9111552272501584 0.6981815452728348 0.1162107735163323 2.46958255714223 
0.9360006531904893 0.6736540353687418 0.1110012056041011 2.527430523318533 
0.912730887896127 0.6992535975415196 0.1135931748836282 2.474760799799442 
0.9299154529520525 0.682934738212811 0.07744724403851139 2.511979612731762 
0.9317202605182064 0.6822398331822869 0.07898359956393428 2.516998296390823 
0.9113436056519545 0.6998161655765491 0.1135094530307341 2.470853456635593 
0.9093557916888586 0.706623498703422 0.0739507234081217 2.466249370938723 
0.9923518154109179 0.6033680558312741 0.01697737180025768 2.656816921063358 
0.9952980839295295 0.5976575950543641 0.02607774494204099 2.663320534071123 
0.9900757779235715 0.6059244955784567 0.02766625191245441 2.651135395563822 
0.9928781234958052 0.6027228738263393 0.01734287971467847 2.658156341754424 
0.9900155332700624 0.6066698040850632 0.02680243103132204 2.65136849713798 
0.988858844614568 0.6096649178268262 0.01629076035291498 2.649142060844842 
0.9888784288961223 0.6095222609218544 0.01568502322520746 2.649095776667961 
0.9896276955046351 0.6071356839738306 0.02775868980258166 2.650382612025288 
0.984092850315922 0.615712436090874 0.02416226728394736 2.637414085921433 
0.9911898895792718 0.5993357643741536 0.08586915211779152 2.654002865612125 
0.9786392252223657 0.6185521250108832 0.09274553969236388 2.625396630017636 
0.9856459595648505 0.6106435384410468 0.06582127322463294 2.641145553457112 
0.9915571236294332 0.5988250871096349 0.08485120894459264 2.654938759602226 
0.9860500883441652 0.6108688073779945 0.0679108310787358 2.642810018933163 
0.9945768638279806 0.5957972348666836 0.06131016304649327 2.661241992671877 
0.9938005343580736 0.5988559252475757 0.06195140070649614 2.660618209082045 
0.9860497768538313 0.6108965187533751 0.06743733160991519 2.642817595466662 
0.9896507605840467 0.6047690978676939 0.04950557521850709 2.649868516968972 
1.000862267898171 0.5899728352482885 0.0001692541998174069 2.67690251463315 
1.000886113126691 0.5900300962670129 -3.813261053750461e-05 2.677015579269546 
1.00102662932183 0.5897796266313453 2.712697658840979e-05 2.677335558058803 
1.000861343369273 0.5900246100936832 0.000242958902259974 2.676929932707197 
1.001043135917157 0.5897511517085287 3.097429599635058e-05 2.677373695683428 
1.001123441962007 0.5895123117650338 0.0002417787241015538 2.677500308452277 
1.001128547960302 0.5895641618822557 0.0001671090119359387 2.677547866550732 
1.001054563353138 0.5897296810354536 2.524546554561593e-05 2.677399102880626 
1.001198671894973 0.5894711571599293 -3.397134963353395e-05 2.677726453333223 
1.00122031704035 0.5891143147698115 0.0008026122878906729 2.677588702136652 
1.000954007913216 0.5898918034125437 0.0008214143702766904 2.677160337324925 
1.001127295260619 0.5894584519080051 0.0001265224826595413 2.677481204757072 
1.001243525691747 0.5890684769200263 0.0007399405125724569 2.677639033105113 
1.00110093517882 0.5896493119049141 0.0001312241579037429 2.677505949271978 
1.001229606183728 0.5893116617380449 -0.0001141657946409159 2.677735438680936 
1.000762362917073 0.590254770777472 4.957304227362652e-05 2.676736301972471 
1.000909297655702 0.589982530612251 -2.865300868898556e-05 2.677064652716832 
1.000847792812451 0.5899498245980777 0.0001966741353630498 2.676840782448448 
1.000687986634521 0.5902405713231135 -0.0001067061844913137 2.676480390369499 
1.000874037545504 0.5899204607537401 0.0001501849472328712 2.676910610068164 
1.000499254217224 0.5905227741139586 0.0006812564531982608 2.676019342294814 
1.000515066864081 0.5905109141916047 0.0007476364180739565 2.676064899748837 
1.000852595388973 0.5900695081649989 0.0001535160159246621 2.676927101221922 
1.000869144570234 0.5897057312764914 0.0008237166033315565 2.67676825929495 
1.003541996389161 0.5833768227776519 0.003487817780734449 2.68197295751009 
1.002859551105235 0.5863300384824772 0.005750261639109393 2.681432147551954 
1.002206634576447 0.5866720088826611 0.001231372947200912 2.679432473762563 
1.003573365877829 0.5839442118298144 0.003233553884263543 2.682407693834129 
1.002243152540503 0.5869560552104028 0.001274766114272173 2.679726470782454 
1.002404048401768 0.5867245129308247 -0.0005787189492461893 2.68012498828115 
1.011901994758891 0.5683379477323132 0.01827819740358368 2.701488241800612 
1.016545605804267 0.5584072825371238 0.008107439748412318 2.711420409029031 
1.015122043425194 0.5605671606945203 0.03348280506730365 2.70839462445444 
1.004763580299866 0.5752775521091366 0.09548603296796614 2.685850370517322 
1.000727763539717 0.5823855941616102 0.07221831051378337 2.674599282927182 
1.011684539907565 0.5641550887518887 0.07874765715989442 2.701167219121456 
1.004578905429477 0.5738289106469888 0.09683515638255505 2.684507680269935 
1.011671407181566 0.561463154237567 0.07811628144700196 2.699664324777939 
1.019394846021135 0.5426829732098963 0.1021096702100489 2.717544739232816 
0.9929292667458803 0.6030750034858161 0.0001176167446733529 2.658426677087701 
0.9961594256290612 0.5974102611103836 -0.0001154146642197646 2.665688599745268 
0.9941060722582519 0.6005116446208445 0.004282172799913184 2.660781923098318 
0.9927600988592805 0.6031041025984887 -5.577554350501162e-05 2.657883625898697 
0.9941154423648357 0.6006110962290182 0.004531522761935724 2.660861943597541 
0.9901646425970987 0.6069367800718928 0.004590793927995573 2.651666355063146 
0.9901272860502057 0.6075873164820897 0.004571492337976199 2.651936789167252 
0.9942867327163083 0.6003584707566842 0.004448499975570033 2.66125587617986 
0.991472931983995 0.6049304754865161 0.01023675834913787 2.654807225980468 
0.9997369651186293 0.5916404890774672 0.00150309714107471 2.674142469696289 
1.000223988965751 0.5902239033726322 0.004578310059399413 2.674935289954614 
0.9983093283256657 0.5939906703511899 0.003914800622949605 2.670801408336395 
0.9998616056808853 0.5912002690678085 0.001541862198872148 2.674295197066746 
0.9982444682206569 0.5943079834585303 0.003584257334012499 2.670775409896172 
0.9986732325957034 0.5931738558910221 -0.0002286698380478318 2.671516820702165 
0.9987860474028163 0.5929677498529882 -0.0001649171767239885 2.671762420807898 
0.9979169832637586 0.5942238253208894 0.003958020536964518 2.669638153556019 
0.9964240542089617 0.5975062980105051 0.0003990114020215825 2.666637378390897 
1.006731796292149 0.5784737551515466 -0.0004829533729784325 2.689766620487149 
1.008197855051316 0.5742862080572021 0.01181411265794245 2.692365204526447 
1.005421883982915 0.5803706797975854 0.005628497297786271 2.686506861659066 
1.005708194746677 0.5792432725911321 0.005760072719994973 2.686802233881975 
1.007831675615991 0.5749078824291904 0.01264706362916186 2.691500649931978 
1.004402475672978 0.583206739306124 0.01697330743496821 2.684872801688182 
1.024736664529057 0.5375447509999818 0.04449176627472771 2.728846353967675 
1.013783608292791 0.5629765066801754 0.05297553315923646 2.70600118837723 
1.013902819110941 0.5639732372126559 0.0335499294394918 2.706059292854925 
1.014386767113637 0.5612405841599236 0.03329664731824242 2.706227161720316 
1.013759655598021 0.5623474711944061 0.05143700733750957 2.705527609257684 
1.006803872379669 0.5755554620520886 0.03699432282481503 2.689017564788649 
0.9998244470966761 0.5915480652566322 -9.724176138026473e-05 2.674378416467054 
0.9999538787057513 0.5916687146706067 1.962137933088385e-06 2.674879919257759 
0.9994833029871089 0.5918932343535372 -3.534373694137155e-06 2.673448453152014 
0.9998054453827442 0.5915489959750608 -8.474449679524146e-05 2.674315781113801 
0.9994995271474223 0.5918607884328613 1.082106293027808e-05 2.673483278485211 
0.9994199294039026 0.5915904048158608 -5.403734856640771e-05 2.673058809437771 
0.9994486036214602 0.5915758426677739 -5.138242900847689e-05 2.673145493752231 
0.9995352360016897 0.5918431746029285 6.227757739692557e-06 2.673591618055054 
0.9991128389386316 0.5918552642831627 -9.307219057318094e-06 2.672194978789064 
0.9999395871956314 0.5910862450715212 -0.0001204272827518556 2.674417176497865 
0.9999288444574551 0.5886049849125283 -0.0001271524535408374 2.673184234231121 
1.000026500259744 0.5914321218893612 -0.0001827581077798959 2.674905534201973 
0.9998355419497037 0.5910530385955283 -0.0002348340321398031 2.674127272798434 
0.9999766933378706 0.5911368704317057 -0.0002541639481286324 2.674645398061601 
0.9998458179429871 0.5916241036571314 -4.461108247972993e-05 2.674493280304779 
0.999850878403247 0.5916146552046992 -4.365053299332412e-05 2.67450465173814 
0.9999971058269558 0.591135143249139 -0.000270759013842654 2.674711958574871 
0.999997678028118 0.5916471508860998 1.016994252249422e-05 2.67501168797595 
0.9987095669104117 0.5924117413180761 -0.00161356264241031 2.671183866555041 
0.9996182718863633 0.5908480938737208 -0.00145017073802657 2.673282661978922 
0.9992099348383231 0.5919901315040813 -0.0007083350733691376 2.672596209481869 
0.9985861718237589 0.5925398777261504 -0.001584993162694966 2.670851664416502 
0.9991956540946487 0.591755004921395 -0.0008179529785018885 2.672410653155984 
0.9984568365063362 0.592613739583929 -0.0001271856719122077 2.670464990062484 
0.9985165067758811 0.5925024973677102 -0.0001236070170287901 2.670597070184871 
0.9991595695189611 0.5917851864376973 -0.0008072845472868065 2.672308750815427 
0.9991452689998558 0.5918858962987468 0.0001047576860538114 2.672320943481099 
0.9998383968278036 0.5879288251963267 2.013498845963604e-05 2.672607736413127 
0.9998412614028732 0.590115904281254 -0.0003444289446186908 2.673498999682691 
1.000123247256588 0.5895846337922249 -0.0007818486389583217 2.674106679380898 
1.000067454960334 0.5895985199031332 -0.0008551476147882934 2.674047520275666 
0.99986786979284 0.590064857043391 -0.0002064541662965205 2.673641813876941 
0.9996400655947769 0.5911103598618074 -0.001240588412417392 2.673522130178484 
1.000954602459811 0.5854479392343372 0.0001738863525834964 2.674942227050648 
1.000614852073 0.5882950328305407 -0.001773379111915009 2.674958799922273 
1.001871715357644 0.586380867114617 -0.003404050633986732 2.678000776100042 
1.001698984591108 0.5860524513172517 -0.003595759894104136 2.677424531129539 
1.000726492162772 0.5876199223360334 -0.001340795497893353 2.675077360826333 
1.000196542400634 0.5896300358079701 -0.005300988412304271 2.674514709572754 
0.9932493558130435 0.6007239235676458 -0.006106222066241825 2.658075958189499 
0.9957489323809952 0.5967679231174868 -0.01127350328748679 2.664018186789639 
0.9964685815026403 0.5957556302304278 -0.00369389613693155 2.665742658769807 
0.9934374440422322 0.6004255675442073 -0.006054470993446502 2.658507616855152 
0.9965688410622366 0.5959254959103453 -0.004207462581272536 2.66617552521729 
0.9953000959182449 0.5975362170774087 1.478838249945082e-05 2.662930419308569 
0.9953853493346976 0.5974845397870789 -4.683197226021351e-06 2.663179809108515 
0.9961903421399456 0.595885005560557 -0.003823519513166593 2.664894791694958 
0.997580483814775 0.5942926004319652 0.0003684574028931186 2.668552765435253 
0.9892929322106778 0.6072183705828973 -0.0003143791945883233 2.648955155306691 
0.9875233384640546 0.6109145057595363 0.0001815241567248938 2.645400517925157 
0.9880424482805047 0.6098252724710602 -0.003772610897508162 2.646445289974607 
0.9895977241253877 0.6072561340997629 0.0001440455388489801 2.649982351518846 
0.987924087041663 0.6098018397724191 -0.003970123734694375 2.64603452509246 
0.9906681084767527 0.6051253161583919 -0.004909433467898735 2.652218418456569 
0.9906658590779963 0.6046319359317245 -0.005014940528996916 2.651900592494493 
0.9877298431897436 0.6099510231791655 -0.003840768236171438 2.645475943774759 
0.9885903658419071 0.6088198285946181 -0.01009628292777285 2.647685774854297 
1.007243994616353 0.5767030418470416 -0.008062195499834189 2.690255734256697 
1.005195923375918 0.5767847503419681 -0.0002808829228170486 2.684382717306377 
1.003620340191504 0.5827294102917863 -0.003649630936229781 2.681641004388744 
1.016314937190865 0.5551768470866175 -0.008825315937999012 2.70972398111036 
1.011332763200877 0.5690152322520381 -0.01783404267389529 2.699713745739486 
1.013819002631229 0.5624589966182207 -0.03031374775439632 2.704644912640712 
1.012652331341368 0.5641730887127308 -0.03001380368831392 2.701961094138937 
1.01127237248641 0.5669267632749843 -0.01751208725597933 2.698552158097261 
1.006459071247727 0.5765544313689683 -0.03198888586561675 2.688277488650604 
1.013212985012341 0.5642060604845786 -0.04303383627240426 2.704003840649347 
1.023955326479121 0.535647791049742 -0.0393241769926953 2.725730933323926 
1.012746763591708 0.5665509688549686 -0.02976234993110027 2.703283694412646 
0.9879252367493592 0.6108764717922893 0.002892594353779905 2.64669446762134 
0.9852062093476179 0.615276840422665 0.003525725992610726 2.640516521014229 
0.9863057394672411 0.6127636896732344 -0.0007390298847704652 2.642537552782014 
0.9877496283234102 0.6111604775517879 0.002761701602314563 2.646306005615762 
0.9862544867676717 0.6123668268398719 -0.0001321746086313148 2.642132552355022 
0.9874654957804281 0.6115504409586034 0.0001270202126987116 2.645607976614876 
0.9872869453298262 0.6117286533299112 0.0001091716198557992 2.645130467744926 
0.9868227769502294 0.6124561672235465 -0.0007489063214602543 2.644057412716316 
0.9872428395035447 0.6107269110861795 -0.0005136385157891779 2.644365696229588 
0.9731161388614052 0.6189093347420256 -0.1270277050439791 2.610865860705966 
0.9939296879891539 0.5767693433649935 -0.1481715222557013 2.657699121437487 
0.9933188676256133 0.5879082477717463 -0.1153151282026867 2.6573338986846 
0.8835234492139221 0.7329183001731717 -0.03778616413040941 2.406836002613698 
0.9029751212510343 0.7189992841846692 -0.003152963994011629 2.453149714602354 
0.8809658339202499 0.7361127613007072 0.001141549259574131 2.400942987653309 
0.8832406443174327 0.7328613887977119 -0.03982754183188015 2.405745960051716 
0.8802930506118627 0.7385883467992044 0.001712458264703057 2.400407563832279 
0.8560877311249158 0.7520712836241668 -0.04061081077398624 2.342565785540268 
1.003524212294507 0.5768702563918015 -0.09033875226890584 2.681675069333044 
1.021320252647473 0.5346117461922811 -0.09088720238226472 2.719470190052461 
1.011125551903347 0.5661710145860782 -0.07021489655472063 2.699699848640029 
0.943720240876546 0.6483420778477474 -0.1619557713940837 2.542119092588226 
0.9527662605875188 0.6521661486939438 -0.1130340756934434 2.565851034169319 
0.937167306295571 0.6759263684014898 -0.1021898629939854 2.531410685844519 
0.9402515678482342 0.6694063934454397 -0.1021473777656713 2.537158570485799 
0.9528895440179621 0.6523180464695639 -0.1138336790410696 2.566715177419102 
0.9522258185984822 0.6582626806187752 -0.06963436759940499 2.564225342997354 
0.8963267950006285 0.709566196387686 0.1340908739103656 2.435531476687853 
0.8914674841513252 0.7198719015209074 0.08470866845549391 2.42311069324581 
0.9124295607380646 0.6959238540391925 0.1148698502616333 2.471230250663377 
0.9114167141414348 0.7013071077709044 0.1152173832713453 2.472088058776893 
0.8918329927975455 0.7201542949115141 0.08522418678839638 2.424521746631557 
0.9079668789356222 0.7060677119632035 0.07182483773215391 2.461370327428441 
0.8995513468359461 0.7183448168985939 -0.07400146098711123 2.444801439774018 
0.8921852669209562 0.7126779476806796 -0.1257447862938363 2.42466311211361 
0.914819363047091 0.6963619752213345 -0.1039587725351409 2.477679376284858 
0.8544787927341922 0.7513035960758386 0.05508806312561416 2.337745914584418 
0.8792226078290911 0.7376701575601873 -0.001138973402209539 2.396639511250834 
0.882596270862664 0.7329297712518317 0.03893225270820188 2.4037217179574 
0.881432204073948 0.7358866789252748 0.03750357586625339 2.402695503984185 
0.8785799731966996 0.7367541445774192 0.001165766550482563 2.394576931482207 
0.9013347669745833 0.718679743439959 -0.005970489562218537 2.447981137500062 
0.975541010443062 0.6191439078872158 0.1217562345265229 2.61888240579862 
0.9775725585735108 0.6190766840080794 0.09153120939241191 2.622051148160981 
0.9903411644196525 0.5969096988506891 0.1162856804925549 2.652680298662646 
0.9750523685865816 0.6199692362665243 0.1238781868778245 2.617827088309593 
0.9911405972335985 0.5936340419551588 0.1156337124109155 2.653308311284392 
0.9938189155189626 0.5813780318241708 0.1502702045546825 2.659535529067205 
0.9491077796545641 0.6454245033818869 0.1648768035807384 2.55715450190496 
0.9343580379453674 0.6762484647760932 0.1118158064375702 2.524354526392499 
0.9537810327338622 0.6492218857404742 0.1238274181443827 2.56837101993261 
0.9520296054910726 0.6528636879972414 0.1231377942050247 2.565266252840869 
0.9355846693719047 0.673108142577568 0.1097388521312012 2.526104598794431 
0.9456527759845879 0.6657521333892499 0.07823965712513263 2.549222918909539 
1.001532722300768 0.5882291099816854 0.0001428942959539584 2.678108026685256 
1.001313935915999 0.589183833886723 0.000890964075962044 2.677941308859488 
1.001207296347564 0.5894219307642674 -6.382369321723115e-05 2.677725650019414 
1.003722902529621 0.583323733035623 0.0002689660310402878 2.682539811077927 
1.003618640439025 0.5837231677775062 0.003219173789159249 2.682432620495154 
1.00241474940954 0.5873819724280542 -0.0003877629563690584 2.680538223221451 
1.010787741092214 0.5581848388127217 0.1263464637308464 2.699764832279336 
1.003530052770465 0.5734697550235855 0.09553725743696201 2.680693762702935 
1.019939385454267 0.5421536564173244 0.1020990298072025 2.718901652250986 
1.00417997890306 0.5835094774707029 -0.0004083665937127457 2.684158849974875 
1.006039727745978 0.5786445112756425 0.0008753459248725061 2.687569481680158 
1.005598521439022 0.5802330275089809 0.005937057791748493 2.687032854780952 
1.022056393767158 0.5452053439629395 0.02214880709304212 2.723050524960279 
1.025326429495133 0.5389333135950246 0.04185111544715411 2.731453698026316 
1.014017309663933 0.5634182606211178 0.03415454258554491 2.706240556955841 
1.000171387618626 0.587013966157816 -7.245929626269763e-06 2.673189492064467 
0.9997477775845253 0.5878871949233554 0.0001339738750357521 2.672293890401972 
1.000203713615189 0.5895195780410132 -0.0008057566390781701 2.67432901114159 
1.002523367340923 0.5825247134939181 -0.0001793790627063034 2.678481119623616 
1.000615191088219 0.5853174637995042 0.0006463376905982743 2.673751937389842 
1.002111262926223 0.5862778642510607 -0.003553409531330329 2.678730103960143 
1.021242745256056 0.544285436178274 -0.02263449324700692 2.720657252482006 
1.016107937622295 0.5537836576552962 -0.006850199210302037 2.708230569482964 
1.01321708529691 0.5639074019941642 -0.03143035963505483 2.703461536149316 
0.868125296653892 0.7383958327484322 -0.08690186492545872 2.369390931735066 
0.8857214409324843 0.7338258179697513 -0.03795758620581346 2.413740448255736 
0.8561420999242887 0.751645120509006 -0.04126016335798932 2.342017470151009 
0.9211441841965596 0.6790608881517215 -0.1499037407654253 2.490671239896423 
0.9436686241784279 0.6496952782163357 -0.1646654354789664 2.543087186704825 
0.9387527778522814 0.674112644362769 -0.1007670376025773 2.535244563657868 
0.9245556386730758 0.67995070568404 0.1565744082338104 2.50240513135931 
0.8975086257200676 0.7089392937589083 0.1351219950021212 2.438850293376609 
0.9092008370292654 0.6970074540926541 0.1139893590310085 2.462480610660993 
0.8713189354323265 0.7366169561333757 0.0973647800099679 2.377673125309566 
0.8548976583407945 0.7506449796951952 0.05727541373106921 2.338720940438253 
0.8776376257785984 0.7341428103035749 0.0381511768067341 2.390151427591867 
0.9743792711137117 0.6133186382741311 0.162227881016252 2.617268848121889 
0.9735397664393043 0.6187647449075594 0.1218464236320826 2.61198992770015 
0.9945550252058768 0.581505553728495 0.1508849399877602 2.661669209049725 
0.9724401150242955 0.6145793809946433 0.16462742992715 2.61142882851934 
0.9519481877131809 0.6445228613225715 0.16356909208174 2.56566637777494 
0.9506807527091106 0.6506161562447427 0.1230514572319103 2.559541490664004 
1.001168241869002 0.5892779573692213 4.596989398932875e-05 2.677511437527861 
1.001135819142601 0.5895982560227039 0.0001986718276777286 2.677592143370908 
1.001180422962882 0.589514934123272 -2.508044783796385e-05 2.677691475273758 
1.002214533574348 0.5867244401212173 7.615395562840079e-05 2.679495932458826 
1.002189401001186 0.5869955118118338 0.001278843368120404 2.679573109501577 
1.001693801573757 0.5883603565577725 -0.0001116672920077965 2.678719606502708 
1.013079303176717 0.5676401722192269 0.01889994606292549 2.70510558733231 
1.011066839648609 0.5690816006104125 0.002124788413212718 2.698892725051352 
1.015227450395138 0.5590025869016504 0.009088205694252022 2.707362916572691 
1.015725924341434 0.5621744969730557 0.03439495110036341 2.711362824413044 
1.01633666476975 0.5580901976880868 0.007809201568024136 2.710456147273807 
1.020951490130153 0.5465560000422973 0.02268005876594703 2.720111124627369 
1.020524352781455 0.5432730809196376 0.0998810512566459 2.721512198899515 
1.010922261021952 0.5618333363023821 0.0782934164538783 2.697450532768616 
1.025166849585469 0.5355062765434805 0.07559888621073226 2.730914343681801 
1.006597541431341 0.5789667219168089 -0.0004804335073349479 2.68956872740321 
1.010157073863771 0.5697384854776844 0.003536548476687676 2.696280813774146 
1.008653550898581 0.5748868443161388 0.01240067663297784 2.694245005321805 
1.025626971845174 0.5362664857295381 0.04382816226815368 2.731047354861574 
1.025314309847655 0.537114092431874 0.07266446107517179 2.732174639593326 
1.012847855394334 0.563089655630851 0.05215445376180104 2.702822182867176 
0.999828638362358 0.5879311923018633 1.385104583848111e-05 2.672576688784353 
0.9998525570009167 0.5883360011812515 1.173886315211721e-05 2.67289547204497 
0.9999222548414559 0.5900622014650821 -0.0003015933431236728 2.673736616977725 
1.00078624393429 0.5854906343588544 0.0001060902513867325 2.674405865581148 
1.000045286947442 0.5868205192010655 0.0002018406625302593 2.67271894226044 
1.00087368726669 0.5882979366229939 -0.001546883282193044 2.675822524486748 
1.0074276271907 0.5767067189703721 -0.008269433722387261 2.690866885589869 
1.010421415124176 0.5670984771759395 -0.002657979604273219 2.696392912462333 
1.004427635925483 0.5762404988468784 0.001114567731828596 2.681525487004405 
1.004055844032683 0.5826059770433355 -0.00332477362053127 2.683024441283326 
1.004774036530014 0.5771632477164147 -0.0002445025204934028 2.683185598901177 
1.002051882860578 0.5816424627871273 0.0002570582776642598 2.676689638276743 
1.015335337736574 0.5562196949131725 -0.008399090658706107 2.706971578889468 
1.010620379139934 0.5645177911577222 -0.001315249740332893 2.695682843136271 
1.011441138888129 0.5689398806607979 -0.01784835604681652 2.700039039161072 
1.011744987895073 0.5651863576904057 -0.04324377950092344 2.699604577541147 
1.025329659453951 0.5313146573792177 -0.06149348019067052 2.729100162897805 
1.025503754972217 0.5348093538049634 -0.04080648207137866 2.730609628630116 
1.011857106988709 0.5654109815701706 -0.03066983337765681 2.699706592280222 
1.024462638270662 0.5358661075336998 -0.03889325594809572 2.727515391557666 
1.022058189483259 0.5428543078133117 -0.02368928367992647 2.722694667169031 
0.9727453837596827 0.6181962227975748 -0.125540740627387 2.60944142929268 
0.9685765038686859 0.6154240948793079 -0.1642364501422783 2.600152448850654 
0.9955823883063417 0.5777723080416679 -0.1524385511720258 2.664076462107326 
0.9919250986271166 0.5878439048343557 -0.1166192467424753 2.652653213116665 
0.9956478097537952 0.5752632140000499 -0.148367444649793 2.662359705570523 
1.013473102111532 0.5499535039351062 -0.1239403803798575 2.704482178263612 
0.8545480483180606 0.7522325929217532 -0.03965868605792554 2.338077073814752 
0.8826981798591695 0.737351397868597 0.001127615735259405 2.406748937204622 
0.8503381439463175 0.7562519513868052 0.009493555581317077 2.3282608751618 
1.002205694041675 0.5777198953258484 -0.09010012955806776 2.677831488533728 
1.012399918768678 0.5480510260845424 -0.1203542778756427 2.69941439944437 
1.023154744969135 0.5342112411242783 -0.0933850998244678 2.72555888698085 
1.009646634786918 0.5651648497125837 -0.07192645029145746 2.694219391941233 
1.022082866146415 0.5344756304262089 -0.09046682711762061 2.721908260863818 
1.026232633534919 0.5310771884381843 -0.06433670732514295 2.732311627311134 
0.9461311399778882 0.6465411861409019 -0.1623733426028009 2.54842026603446 
0.9664729516083599 0.6186689961560379 -0.1668861317967064 2.595961268423861 
0.9525410209604477 0.6529170921242743 -0.1128532155985156 2.565426510112485 
0.896418516305307 0.710870825742526 0.1341746525043117 2.4362970755753 
0.8717928398685226 0.734191093019663 0.1002155679831154 2.377908211076728 
0.8910466728267368 0.7188955582605999 0.08414731759133987 2.421060912179287 
0.9021942092851464 0.716361728179513 -0.07372583108977544 2.451521462291934 
0.8708819296328871 0.7367831337728343 -0.08714981512571372 2.375577683032029 
0.8911138581414401 0.7137087586180151 -0.1264013823907987 2.42227951608414 
0.9161831563523515 0.6972203751790145 -0.1027526814995134 2.482320666957543 
0.8941966664048354 0.7112903568883548 -0.1262204604361297 2.429279956129734 
0.9181977745176212 0.6826395055789171 -0.1534121730924597 2.485267026654398 
0.8543819975482773 0.7528085595172511 0.05492035482307858 2.338313067005712 
0.8494380708791643 0.7566339540755712 0.009826107784125796 2.326316032685407 
0.879450795011566 0.7365957882517953 -0.0009665287900135894 2.396623450225289 
0.9959174478574745 0.58108478342238 0.1481525944210104 2.666193994903239 
0.9895838829311983 0.5946826630110164 0.1151231185053527 2.648909662425317 
1.009866949378873 0.5574248271874388 0.1292899447552023 2.696174577514015 
0.9501059720192468 0.6462067253543662 0.1656781201113825 2.560436235033397 
0.9258704056641024 0.6775354606432694 0.1542901596475124 2.505145501392192 
0.9327903559203363 0.6746307910754658 0.1102764520226789 2.518248891684692 
