0.9999705257521974 0.5917070336315415 0.004251853863664354 2.674968381350813 
1.001064994784281 0.5895967801606252 0.002001025799787252 2.677355149110198 
1.001017622587684 0.5902033979571916 0.005242008560702736 2.67756980318663 
0.9999751360408178 0.5914843628838498 0.004477729577804462 2.674849127891263 
0.9992124179474876 0.5931900194888562 0.006454510318970197 2.673340285706401 
0.9977139680906262 0.595663609551212 0.00404127498950232 2.669823102222069 
1.004025216532781 0.5845531569107421 -0.0004585735666521708 2.684258077033492 
1.005447815136725 0.5813024519077736 0.005816890227599971 2.687144069222999 
1.003631496199671 0.5849538854597763 0.003178655669703028 2.683188070501712 
0.9974295049756211 0.5961080844323935 0.009632361075327342 2.66917817839066 
1.000473634951176 0.5903817939854402 0.009566771240790278 2.675887445584687 
0.9997736922396984 0.5920702988495886 0.01367115003682091 2.67461118106943 
1.008058129967842 0.5750578689268148 0.03747417639417233 2.692973891144726 
1.005530496473251 0.5816149240022297 0.02412253359232596 2.687813974019761 
1.012956534323163 0.5663882785934764 0.02007251022477054 2.703955725760554 
0.9696783097798346 0.6389114035218825 0.04466723141437531 2.605986498173418 
0.9808015962227076 0.6209229979110171 0.05232754172510046 2.630804502372908 
0.9715174848589347 0.6349741920670353 0.06594226577365253 2.610627238208946 
1.002173605224357 0.5830402046145313 0.07463776721761137 2.679992652820041 
1.006412502197362 0.5764403342725648 0.05243181939169047 2.688808861613722 
1.011839230636333 0.5651540469074464 0.07909817407488424 2.702356136280267 
0.9900134330922452 0.6060303912939283 0.05218425952438319 2.652000498854366 
1.000454398009953 0.5888455945555054 0.04935799322097793 2.675941100878142 
0.9949783920985359 0.59904219444202 0.06234174888270601 2.664692591845641 
0.9464065998902567 0.6651976921229835 0.08116798907425481 2.551690733420767 
0.9605164758914305 0.6503139485913287 0.05711118799079204 2.584523104746241 
0.9622403985667405 0.6445037934842508 0.09277170960118392 2.588981096872427 
0.9954745101981461 0.5982773373553305 0.02644653643075276 2.664295134370773 
1.000062102341416 0.5913801899771393 0.03420490129492756 2.675624601267417 
0.9939554515955367 0.600447765651015 0.03686311138447647 2.66091965375115 
0.9836728747720693 0.6182950134929066 0.02541431623371584 2.637672775176282 
0.9902884769885761 0.6074614077233624 0.02887112201891394 2.652738543426402 
0.9855315773335284 0.6154688148435515 0.03644059330032489 2.642363841214164 
0.9825951191936982 0.6209401701182869 -0.007273309602681916 2.635514813817519 
0.983057886798031 0.6200610493864368 0.0002821080107828565 2.636442319262759 
0.978604181860978 0.6270021285430905 -0.0029964422430024 2.626272132822449 
0.9912164119168307 0.6067812145737977 0.01140170751494039 2.655095213689118 
0.9948936885916538 0.6004364562596277 0.01148011145102579 2.66337490096985 
0.9925871572134797 0.6045372831045929 0.01780754202320163 2.658349013043539 
0.9732355706700847 0.6334676343754616 0.008613302176212929 2.613022911006129 
0.9809835200060013 0.6238678011248362 0.006099796523703658 2.63204646690682 
0.977298748392107 0.6284263001939847 0.01920721414976411 2.623125145020992 
0.9973752910069595 0.5961829828223121 0.009241876288010639 2.669035731748368 
0.9995935317178419 0.5921356642048906 0.01407769520324184 2.674053952497489 
0.9970114609560258 0.5963120310860471 0.01576119525748404 2.667998062387488 
0.9957975398365939 0.598132935675322 0.02727800758333281 2.665311546268523 
1.001181468920393 0.5892502212384243 0.0237923493198831 2.677780045973822 
1.000288978092032 0.5911764443010618 0.03321838490169362 2.67624112402762 
0.9999412030188393 0.5916434819736631 0.004051050558985942 2.674832823598188 
0.9999201506897117 0.5919142610512308 0.001731489631719185 2.674915536861477 
1.000946078161542 0.5898202892002573 0.002342066512763771 2.677093626227652 
0.9976288627859929 0.5959940482829752 0.009681830119466769 2.669771253076225 
0.9990207712118945 0.5930624220370413 0.006750032983369415 2.672622150178861 
1.000278992661145 0.5906857493032674 0.009859663868469301 2.67542807882552 
0.9992633020951619 0.5928582778000644 -9.855122760856206e-05 2.673291617866588 
0.9996755497260583 0.5921153330612204 0.0006947351048507054 2.674221364218791 
0.9991719428409338 0.5931782047149651 0.00152472416006531 2.673179376341468 
0.9786128857317664 0.6204529397701986 0.09504671989061263 2.62665033671479 
0.9925977236663349 0.5972390647587221 0.08612101549218051 2.657301062588897 
0.9907668671726277 0.597177808807275 0.11596781140007 2.654395328533703 
0.9999287054506889 0.5915276759804707 -0.00141051550629371 2.67471668680728 
0.9998205904868454 0.5919362576604137 -0.0004296231695189945 2.674595279943164 
0.999547533094994 0.5925456034870714 -0.0008306013456632653 2.674047614417908 
0.9999746581085157 0.591559521011216 -0.001345523216970169 2.674895560180556 
1.000211241040207 0.5913767745325605 -0.0003910212337859944 2.675566200645474 
0.9997954723584507 0.5917525721848883 -0.0006356514066917813 2.674407384324163 
0.9999562955886443 0.5914350451756966 -0.001489175818199189 2.674753413724289 
0.9990777005856761 0.5932902743932695 -0.001880033765068333 2.672928958332552 
0.9999702188023476 0.5915464694616578 -0.002842050107037719 2.674869010254123 
1.000523515325056 0.5906299937568373 -0.005429716118059945 2.676189529516543 
1.001241563393746 0.5895130556581053 -0.001838979542686591 2.677910782886537 
1.00003285891032 0.5914759396705982 -0.003061432677959022 2.675041701356903 
0.9965529452974698 0.5975193534254259 -0.01162261140031649 2.667127413663914 
0.9992433294625845 0.5935262296319442 -0.00954185502532638 2.673653623807775 
0.9966900640827704 0.5972360887471542 -0.003808310240687592 2.667364859545514 
1.000324055704614 0.5906484953120449 -0.005890271788510659 2.675526664754845 
1.001616211504577 0.5883429967157855 -0.008060425433539516 2.678511775230252 
1.002257129378907 0.5876617897361388 -0.004159316317352368 2.680237016532201 
1.004298721370666 0.5845905367837143 -0.01045248870384949 2.685285526004848 
1.005906802905294 0.5812441603192514 -0.01774775928438371 2.68879931671867 
1.007648277948977 0.5781484606927362 -0.009672861656573585 2.692701715742598 
0.9891120148302635 0.6100564348981404 -0.01044664519036138 2.650164067942483 
0.9858171526223808 0.6150016960077332 -0.01008784200948977 2.642372930727388 
0.9866655204190271 0.6134999835931028 -0.01542144087781886 2.644299459486481 
0.9927198081393876 0.6042544127241143 7.504000940274199e-05 2.658452846666943 
0.9913834475707002 0.6065384437020422 -0.004730501660164617 2.655434371890033 
0.9938094287495569 0.6023983671075051 -0.006186971715152922 2.660940007633397 
1.000534655237102 0.5907437952675947 -0.005202405845431845 2.676285937526646 
0.9991596669739198 0.5923055611274686 -0.00904293006296988 2.672661295284123 
1.001700429141527 0.5890416825764268 -0.00773600598580015 2.679177765360506 
0.9960135127042133 0.5982957919749741 -0.01214007225520433 2.665798595289709 
0.9987015304611174 0.5934498983857485 -0.02033954164903477 2.671989422241281 
1.000059842563164 0.5912351680161783 -0.01457177706238809 2.675093641569699 
0.9921862283515051 0.6040125279297585 -0.03300201561157567 2.65705272573395 
0.9940895188311076 0.5995494128837713 -0.04639634190522035 2.661184143612697 
0.999262984716263 0.5918010515017958 -0.03619323453837983 2.673302099853995 
0.988856535491775 0.6105119389132012 -0.01047304971625657 2.649595935272261 
0.9895022515566869 0.6093415909233698 -0.01885584216210346 2.65109790162471 
0.9928032400174431 0.6035081183602611 -0.01300661095666268 2.658356775057639 
0.9787068139552617 0.6252514975435214 -0.05249111504941628 2.626889545779288 
0.9687133156867099 0.6383030420868446 -0.06281447195046902 2.603401693017197 
0.9769793085962407 0.6248942394412265 -0.07192699749589775 2.622307355110173 
0.9988281728397193 0.5890474267009806 -0.06712342025894577 2.671829958165869 
0.9872706734174584 0.6109484779009043 -0.06590265642939885 2.646683845264535 
0.9910572054399968 0.600144621310688 -0.0828454409512378 2.653892938209081 
0.982873663209239 0.6212012622261883 -0.02420899913437201 2.636890093888237 
0.9759621521854839 0.6303468535222017 -0.02499174800317166 2.620104006530943 
0.9799124860443036 0.622619153009788 -0.0353154825793959 2.628396974836764 
0.989132555875024 0.610238234747425 -0.00984553498194754 2.650339881348831 
0.9869347923216522 0.6134587446530033 -0.01553642827044936 2.645146105009394 
0.9893863483985306 0.6094237207960901 -0.01896521246255267 2.65077302273043 
0.982896286850133 0.6206849911189205 -0.007103726092474304 2.636322471153295 
0.9780779735644861 0.6274770802753017 -0.002875162178482772 2.624844222744794 
0.9772720045925276 0.6279903504290238 -0.01062580639132207 2.622617898670546 
0.9925443363161338 0.60328996633423 -0.03249929110603587 2.657816564589378 
0.9868681997778391 0.6136797982526453 -0.03086728662073199 2.645428391064526 
0.987588662406747 0.6106720701077967 -0.04216172199392824 2.646340684741976 
0.983034956764916 0.61926716380476 -0.006742024731061891 2.635896294615236 
0.9860532783719013 0.6153506372367662 -0.009851693130152229 2.643383792233306 
0.9868879456043537 0.6145162087076529 -0.002484156772843843 2.645546429846228 
0.9676420110496172 0.6439818536111888 -0.01940038956928833 2.601918910980662 
0.9580840443243243 0.655722201934925 -0.02165488562748463 2.579093938787945 
0.9594128475891853 0.6523320812587119 -0.03781725590054143 2.581562494381878 
0.9828790151441883 0.6207439849984264 -0.006641862327804692 2.636297808902457 
0.9776226466559694 0.627719419025638 -0.01141329078031111 2.623593456186907 
0.9819776794048926 0.6220408596752046 -0.01438709729435761 2.634267520937018 
0.9737161460169866 0.6344782141638855 0.008437726937290543 2.615205243367222 
0.9666910869774152 0.6437914865205527 0.009788883934388391 2.598586634952896 
0.9689070958807985 0.6414840127107027 -0.003283094477124713 2.604210520348883 
0.8971223535416663 0.7214077155105797 -0.002159276643504101 2.43763954159208 
0.9163470684870254 0.7047568318287933 0.01661799367106601 2.482918284674717 
0.8983893160225324 0.7210069741009664 0.03664070430882366 2.441692934486761 
0.9432956201815405 0.6740665810787206 -0.0247725299666085 2.544763350319698 
0.9341744873436705 0.685039309930053 -0.002674132657355165 2.523679581298549 
0.9256013287622453 0.6941801267124968 -0.01793098834024005 2.504044414217234 
0.977625564569518 0.6249023537463129 -0.05419982581108788 2.623243121266341 
0.969893227345057 0.6403149136253875 -0.0383777892365439 2.607249228607198 
0.9682426744288368 0.6379853923720443 -0.06299995731337137 2.601749369972226 
0.9562472757876689 0.6595942901327274 0.01420743195182683 2.575674676660447 
0.9454539115516327 0.6711274203585013 0.01843707892799416 2.549581091236244 
0.9481382241630676 0.6692942922451365 -0.001354225924645406 2.556640584085511 
1.006757451845047 0.5798798164155848 -0.02974604159179974 2.691069675887208 
1.005134932641357 0.5806046099283613 -0.04677773231706018 2.686674205551335 
1.013056629183044 0.5651473199686005 -0.04349355124391682 2.704390627230572 
0.9963139927897762 0.5983909708871655 -0.01141479243852328 2.666843459365533 
0.9956554846644037 0.599553025338029 -0.01924796465368941 2.66548908900063 
0.9986370020594975 0.5934100817114608 -0.02053965692283382 2.67175805154725 
0.9780805335626218 0.6191161258695158 -0.09847053273292351 2.624259875051536 
0.9925152210995927 0.5941688664155897 -0.1153201514025506 2.658333392201006 
0.9918525014674149 0.6010651938885395 -0.08179885428989639 2.65692274139038 
0.9927734116204567 0.6041366842223032 -0.03144772812984935 2.659032232203382 
0.9878305987954409 0.6109776786624768 -0.0422396798266524 2.647278368512478 
0.9938734919753033 0.5997418736458948 -0.0461798791789361 2.66059312761141 
0.951603130019362 0.6608111605315373 -0.07146705574428634 2.564008549458054 
0.9528510919315385 0.6539629832722026 -0.1130009262825291 2.567662046656202 
0.9637086939854643 0.6404892737702662 -0.0897607960915394 2.590872232307711 
0.918345600777716 0.7005037178544956 -0.06277656383474829 2.487931874861665 
0.9137311350003438 0.6986192403478408 -0.1014120917477967 2.475841500607995 
0.9387673466082375 0.6778908674177874 -0.07027716496046864 2.535498415929198 
0.9844554889859611 0.6178858168520965 0.004414892526011479 2.63968059202222 
0.9828449408536112 0.6198627562019332 0.000602785485921559 2.635632484220474 
0.9865884233074014 0.614140934679125 -0.0007991636099536741 2.644322312806285 
0.9910100649398734 0.6068926966302777 0.011219396320661 2.654480516644735 
0.9874831105340824 0.6123279973715738 0.009993257994904543 2.646204180506166 
0.9897525681742017 0.6091794259003365 0.004422514885506974 2.651676680495499 
0.9913515496113439 0.6063647697742237 0.01131180043355549 2.655265115944591 
0.9887282751372066 0.6107067091337088 0.01658872742647989 2.649386491859888 
0.9874494570372315 0.6130504973244969 0.009962371775390328 2.646530203015078 
0.9957334912155691 0.5990667808200962 -0.0001982905776847429 2.665282890525843 
0.9959516716619921 0.5986370807284068 0.004680984997496312 2.665763269994316 
0.9939016015030731 0.6020261680029958 0.004439378371924198 2.661021047923224 
0.9553548922247203 0.6600186707826114 0.01356755694977547 2.573107431803671 
0.948327081565308 0.6692371448741261 -0.001404210214355366 2.557112598210431 
0.9596638995593264 0.6522948574759326 -0.008190490113873886 2.581650611445494 
0.9432730440723961 0.6747857892605627 -0.02334140604521702 2.545150935540982 
0.9327461242277668 0.6859961454925764 -0.03973059681517921 2.521021280796619 
0.9446339437027673 0.6714170197134453 -0.04885881821128239 2.548273437395411 
0.9443464574225742 0.6742469240037197 -0.02328463199848229 2.548194340312973 
0.9254687765268328 0.694110285212283 -0.01827346764394292 2.503497410285677 
0.9320644005533921 0.6860665792062262 -0.03844875096694004 2.518913402394913 
0.9183098255448414 0.6986115985338567 -0.06366550576592138 2.486449394972118 
0.9055732429784291 0.7149565274793138 -0.03654579947184619 2.458279756925632 
0.8969400054156302 0.7178901654164737 -0.07343691207306108 2.437243810102021 
0.9455790910404319 0.6673564290505827 0.07990180814074084 2.550359004150633 
0.9342971682775794 0.6809543501546913 0.05660759478155614 2.52307094028601 
0.9468379701974133 0.6697004786170921 0.03902609490461479 2.553349975784115 
0.973028837307039 0.635120296083851 0.007815932832203519 2.613409512005544 
0.9780399033096105 0.6271102180881352 0.01964472308786493 2.624653837980231 
0.9704046549507898 0.6390534824607292 0.02154368638178075 2.607671809526813 
0.9791433396925247 0.6187907568271243 0.09383957493120984 2.627036042327929 
0.9750107175841062 0.6203778728339533 0.1228121191704824 2.617976939434938 
0.9630546249118463 0.6437117204507118 0.09369323004827444 2.591160843085992 
0.9693446277373599 0.6394838428445049 0.043930517060707 2.605249380299612 
0.9610031315514903 0.6504608001324523 0.03258500727504585 2.5852790582414 
0.9695188596147873 0.6398991092623336 0.02148922854960825 2.605306899821094 
0.9896140932813321 0.6079224614302523 0.0517748118133545 2.651733783844393 
0.9803518835358335 0.6218082613645065 0.05234562216241267 2.63009837336756 
0.9849041116584775 0.6156315423065568 0.03640725816184502 2.640340317226231 
0.9464671005111264 0.666018800672381 0.07905039231435136 2.552310448979521 
0.9471028684202614 0.6705820162407788 0.04061962995740625 2.554896888305421 
0.9620505281761008 0.6488178449109054 0.05919138349940855 2.588318618468842 
0.9099455332770583 0.7062817175668551 0.07422702582898451 2.467491263578472 
0.893346093885524 0.7211063888239941 0.08414319572317899 2.429710086364484 
0.8969223067714118 0.7210640822127181 0.03722786281163339 2.437373949440482 
0.946906337144543 0.6664533935498251 0.08101932231854603 2.553653467900475 
0.9311457012716288 0.6862718922214284 0.07961451974120953 2.518635259396296 
0.9345379953757635 0.6814331108301938 0.05625872995043209 2.523970255080071 
0.9474274381530973 0.6658772407710587 0.08062737159120566 2.555021814041825 
0.9357698589942943 0.6739543401105871 0.1109364170541133 2.527380480519498 
0.930375074805464 0.6849593199768075 0.08167978589227592 2.515490641186679 
0.9911300452606256 0.6067328250703011 0.01096343864919355 2.65477056168402 
0.9922489133123744 0.6048742850949979 0.01835278351588042 2.657439603699815 
0.9886428398327866 0.6104065269427785 0.01715051298854844 2.648926977597753 
1.001376635023392 0.585114159964921 0.07394117658915397 2.678379497030388 
0.9924210856220073 0.5991174110935431 0.08607403599044516 2.658060908284538 
0.9942088889891121 0.5977042834905695 0.0617456422510556 2.661279141967664 
1.000043404709619 0.5915335204300962 0.0006646501711961769 2.675100533217046 
0.9998736684517663 0.5918225559081478 0.0002151444914579488 2.674706886172014 
1.00019211446004 0.5912747848355721 0.0002073790504557471 2.675441725201588 
0.9994164167717874 0.5928484571926184 0.0001139879232249718 2.67379486238412 
0.9997835569681781 0.5919144340791874 -6.480407152490293e-05 2.674461355222426 
0.9996139913255072 0.5921851601504703 0.0007651276574318441 2.67405865941603 
1.008394628954937 0.5761132490766002 0.03885087833758779 2.694752023515951 
1.013072584042274 0.5651217600104181 0.0189702995805972 2.703564905830532 
1.015101987722073 0.562089425130107 0.03429131835465545 2.709183224263558 
0.9888304391277802 0.6105614811503585 -0.000137274436748233 2.649486781818206 
0.9925121783210403 0.604607057645086 -4.748585578757181e-05 2.657965652126002 
0.9899738152318336 0.6088998616864078 0.004669466186972598 2.652246260545032 
0.9993061830155201 0.5927731662947654 -6.909511539957382e-05 2.673382295833577 
0.9990383365714929 0.593047375109653 0.001754398114426854 2.672657802780384 
0.9983800029540894 0.5948109217982164 0.0002646209136857031 2.671518266936713 
0.9999373697070888 0.5917174065706148 -0.0001344652249637783 2.674854018056552 
0.9999734215308129 0.5916675282141939 -6.367509434519713e-05 2.674944467125619 
0.9997790323154371 0.5919487793858236 -0.0001091122528746781 2.674464661592098 
0.9999485679770311 0.591684273988521 -0.0001765597171137574 2.674871051113668 
0.9999980097084874 0.5916070984510913 -0.0003030001355528861 2.674995117380623 
0.9999652566205307 0.5916567626796156 -0.0001163847872160517 2.674909864217205 
0.9978782489692706 0.5952427133074173 -0.0002149677948275878 2.670105924686265 
0.9990343000223504 0.593282168397312 -0.001808903849798101 2.672781757485763 
0.9990389293269715 0.5935724281896575 0.00017249527725215 2.672967444711777 
0.9927080945502186 0.6042970700969428 4.649899792281522e-05 2.658433384192803 
0.9937014570546621 0.6022107559214389 -0.005883818566205914 2.66046589216268 
0.996024924237922 0.5989000044145595 0.0003121255357532536 2.666148584388262 
0.9927260882169284 0.604198917378112 8.929589826805572e-06 2.658439960559594 
0.9899394840009221 0.6089705199694813 0.0001201999759266044 2.652155533457798 
0.9912364529917619 0.6065590524455603 -0.00474934814505278 2.65497002692702 
1.004265565238319 0.584554386014661 -0.01048982307922946 2.68518171756266 
1.007217546635318 0.5789338109969089 -0.008381547122276661 2.691682650722572 
1.003983434548416 0.5840270636119245 -0.003244121033861623 2.683767326876332 
1.006233354571108 0.5791666495048534 -0.031169692763548 2.688989042210363 
1.013146993635924 0.565403422018288 -0.04309717743591906 2.704795620930428 
1.01335224097571 0.5663271075159141 -0.03117445199091936 2.705565378083034 
0.9889548048745367 0.6106401742113179 6.693342574932102e-05 2.649944453825889 
0.9878454946059194 0.6125764369310531 0.002796006263114916 2.647500626879603 
0.9869280303287986 0.6133344420496598 -0.0004681485604296894 2.644945329218188 
0.9777523117927186 0.6189958261618709 -0.09815001280925936 2.623291597017021 
0.974599453705928 0.6224547245520973 -0.1274927599534892 2.618318815959401 
0.9936729920400451 0.5953454241344703 -0.1187941576765151 2.663126182530044 
0.9984331355125537 0.5897166039437133 -0.06734878041037985 2.670847263985676 
1.003798523311065 0.5778916964073721 -0.09002058683028223 2.683627900265618 
1.01146280903378 0.5674621745445451 -0.07249306465033825 2.7019144306373 
0.9193226165943535 0.699072743560315 -0.06144218080767541 2.489799461619347 
0.8985450987596871 0.717042878453988 -0.07451740991385418 2.441253423736216 
0.9134586537850693 0.6997858496533159 -0.1036652409903759 2.476410100462303 
1.001111064045896 0.5897003174273344 0.002235048015254446 2.677571954594249 
1.000964051108648 0.5898418729814234 -0.000169708285435745 2.677162871844947 
1.001739784367632 0.5885930776839806 0.00136284034700612 2.679012469315584 
1.000854443120583 0.5898920805262414 0.002023876831164979 2.676828452827213 
1.001831114738558 0.5882220061853034 0.001719051272685967 2.679097677930162 
1.001068650169859 0.5897820038888432 0.005179122454111134 2.677489122845665 
1.001085715023939 0.5899261393579766 0.005552708806219398 2.677631899886627 
1.001912349677154 0.5879960913659299 0.001309130578141283 2.679232161174187 
1.002607713828729 0.5874535534551116 0.005642605855095559 2.681250415267224 
0.9991903572822456 0.5929200263487988 0.006905839051233716 2.67310042553055 
0.9975581151589167 0.5960922410253021 0.009239309196075787 2.669599460047742 
0.995965197143917 0.5985858855380667 0.004851382223804231 2.665774841850892 
0.9990546082828003 0.5931050387980474 0.007046498293546538 2.672765388232053 
0.9960827650278657 0.5985748043373651 0.004986955062337725 2.666157367937948 
0.9975703008015392 0.5957543922889597 0.003972495971656584 2.66939829383466 
0.9977069090547371 0.5955556595970732 0.004001050490680209 2.669731140471343 
0.9961319638738386 0.598515142376762 0.004470720266343555 2.666288972432572 
0.9956800635197374 0.5991206541057894 0.0001136534896464434 2.665141448437605 
1.005759900761698 0.5808480451097447 0.006280615208527201 2.687918472599705 
1.004502113043742 0.5834841627568799 0.01633647223691304 2.685360924397887 
1.00322442543352 0.5862433314794394 0.009621107257363188 2.682615190270803 
1.005368915059924 0.5810435375023483 0.006400574935695611 2.686732201762417 
1.003610418707591 0.5859711537210988 0.01007368423162271 2.683755931277317 
1.003683287328463 0.5845548268534319 0.003164335044394373 2.68312042535853 
1.003728503920336 0.5845702226956201 0.003238931077871447 2.683286046077479 
1.003539454680179 0.5855114880537572 0.009533318029375589 2.683248262091345 
1.002417283653491 0.5877884681286779 0.005742758313884724 2.680808821283392 
1.000370482398934 0.5911312675257864 0.009893803998726726 2.675992691805473 
1.002713177150999 0.5867040077995633 0.006052225680634998 2.681159411082098 
1.003487132689642 0.5855378478969916 0.009784018089459459 2.683089476779619 
1.000041614340681 0.5914553248892617 0.009549835356154682 2.675082538658344 
1.003510088115723 0.5852818919736634 0.01048534632607068 2.683022420321175 
0.9998129180858619 0.5916805606283271 0.01408030011360267 2.674509661277662 
0.9997332959245301 0.5919572699317948 0.01445319497060054 2.674412218112138 
1.003734761008858 0.5848016009418341 0.009922116141351812 2.683476365898514 
1.004176171377764 0.5844915803328036 0.01638480153554569 2.684860479893372 
1.006144016640868 0.5798556044736747 0.0241492645624151 2.6889105392219 
1.003965185499561 0.5847022964607986 0.0164667081649345 2.684261357526013 
1.008388118876474 0.5757902541520176 0.01280361846709234 2.69385892760145 
1.006315832501686 0.5810653077991705 0.02566740132666255 2.690190349178702 
1.008429968206935 0.5755618724802193 0.01247429438684032 2.693835667528683 
1.012398465792934 0.5667282691398384 0.01971064639194733 2.702291193876871 
1.012802801657084 0.5675642863451976 0.01816567010855435 2.70411801743087 
1.008172594664408 0.5764219777088909 0.01212121134000988 2.693482397990639 
1.011698634267114 0.5700615059940151 0.002446432985755701 2.70160729230841 
0.9803330002562438 0.6225095759283924 0.05281508866886352 2.630486513693697 
0.990473536452364 0.6049497928665688 0.05155942709583163 2.652690771199762 
0.985965092731953 0.6122267785505097 0.06835733417799406 2.64343189024452 
0.9799643781998704 0.6221518588730544 0.05122395480657638 2.628935974118689 
0.9856512108346153 0.613067073703338 0.06978309982458096 2.642891176871858 
0.9715116154756107 0.633737517234071 0.06769631442186744 2.609884439083149 
0.9712483312239962 0.6357072152342931 0.06823571754147767 2.610262611100253 
0.9867445138764073 0.6098232988986433 0.06895644211986852 2.64422256947319 
0.9784215068033707 0.6206522012148971 0.09271739591790405 2.626024530962874 
1.0065887438379 0.5769910038230304 0.05396006179041991 2.689920086599205 
1.007616591376298 0.5763685736582804 0.037175093146131 2.692173620869875 
1.01384845590682 0.5627531430450569 0.05297882932269431 2.706130247356293 
1.006006580234897 0.5768780170376501 0.05221496604007072 2.68775585392859 
1.014525772984229 0.5621858546839138 0.05190254991630512 2.707915189736273 
1.012639774652459 0.5652480489876931 0.07796568328306797 2.705014101206408 
1.012648241408303 0.56251809229679 0.0796945849139087 2.703744361132544 
1.014049337882194 0.5640937458192059 0.05152395576903569 2.707287474882293 
1.024667210091922 0.5371962451254269 0.0754929209382891 2.730221088195185 
1.000520547836587 0.5895138026419624 0.0498989373203414 2.676737090063618 
1.008059871725799 0.575135441172529 0.03787106564851638 2.692894550195057 
1.00681964187932 0.5776745246180481 0.0533930423580762 2.690999908769042 
0.9998432701494654 0.5899458598455466 0.04895650721898537 2.674668350882421 
1.0064487856025 0.5779018488257841 0.05507420025078302 2.689923268782106 
0.9949558338220228 0.5968672560704972 0.06334783283085842 2.663368850991953 
0.9947887187308211 0.5978199777089657 0.06382210661979115 2.663432481061567 
1.006813723835796 0.5754714139986529 0.05360972646915313 2.689514635716295 
1.002318881182676 0.5843679861770892 0.07342145790361339 2.681115417235631 
0.9606520069851644 0.6496396483541391 0.05899248464673509 2.584833452089583 
0.9696109008867441 0.6383035830376362 0.04330925546839805 2.605279437762827 
0.9705622379580059 0.6361175066126638 0.06687094905752709 2.608268302669884 
0.9606499747618826 0.651159546816506 0.05908758371267862 2.585701400887865 
0.9721372040249351 0.6336085749890895 0.0666271382996495 2.611513557996796 
0.9627436282820888 0.643262660945783 0.09110094183084352 2.589799642008846 
0.9632247011504835 0.6423901444188929 0.09236633240833098 2.590883646085447 
0.97053333991142 0.6349148403966184 0.06559522647509997 2.60721763841852 
0.9777256134371025 0.6217934619427199 0.09389964863225914 2.624432882357643 
0.9997658188678242 0.5914237278866438 0.03319675810661944 2.674615034314733 
1.007580619211044 0.5766501323349777 0.03854496481855045 2.692245118802225 
1.000262800427365 0.58839691382021 0.04878126704464726 2.675177924208995 
1.000712090295155 0.5903080359657048 0.03360159154133094 2.677085043707915 
1.000013198309498 0.5898042871757625 0.04810472951096556 2.675115288284266 
0.9939422029383117 0.6021280448858944 0.03778876515990536 2.661883596313885 
0.993614534650737 0.6022437127838118 0.03634662899269884 2.660792920230159 
0.9997124487441289 0.5901019328176192 0.04959035575907007 2.674316398794762 
0.9900488185610546 0.6055588082901628 0.05195955917611775 2.65180072903391 
0.9901297324459081 0.6083242340885142 0.02926964425564712 2.652816247487623 
0.9959939573312843 0.5976500982802281 0.02679994869279448 2.665612802450352 
0.9940350755060324 0.6007237899690245 0.03648906710365594 2.661328598655753 
0.9898093460195646 0.6082611101868191 0.02830705381191705 2.651681183504448 
0.9938604897246273 0.6011767296187072 0.03761031068497928 2.661026171655348 
0.9854334890120473 0.6142626361711351 0.0377284955346114 2.641333714637799 
0.9853251687762963 0.6160763064803124 0.03824324480037252 2.642092852073956 
0.9944669843224384 0.6005540694870459 0.03731687624602648 2.662549839388733 
0.9901092825144571 0.6071065781768781 0.05064076473135693 2.652862688449996 
0.9829090475533977 0.6204562227160044 7.32377653653477e-05 2.636216013289518 
0.9849665213695591 0.6169748719353778 0.005182545206220266 2.640776035675859 
0.9809500113154321 0.6231608097895952 0.006098968064745791 2.631524616421864 
0.9830501295380419 0.620124334575851 1.473728980092737e-05 2.636462462287195 
0.9805528865260525 0.6240177158462477 0.006742317141979112 2.630746192479629 
0.9780974015567853 0.6270548323678885 -0.001979521057200491 2.624648687116619 
0.9782612235171289 0.628215600238555 -0.003006259913022885 2.625953233306954 
0.9811291443828181 0.6236155895084406 0.006874418769356512 2.632349051268648 
0.9737782555338576 0.6335464381650265 0.006954632486632882 2.614834767723476 
0.9948615181998826 0.6010831823753958 0.0117855488048312 2.66368295681336 
0.9975896143234331 0.5957695548308977 0.009480686466000816 2.669495869571207 
0.9970033423101149 0.5964767735556709 0.01565271117856801 2.668062848364935 
0.9946140703450721 0.6011155530553177 0.01107449174811301 2.662869382851496 
0.9969586750061583 0.5966069970323971 0.01622215911850325 2.667989787063226 
0.9926245979054901 0.6037451153980742 0.01842761098154753 2.658000936800991 
0.992607133094258 0.6048722386100175 0.01890945289060661 2.658620639506634 
0.9973504071937664 0.5961552950274557 0.01593739698170125 2.668979213257075 
0.9957207905647534 0.5984047051648773 0.02602029616282934 2.66518475935167 
0.9806581259207428 0.6231505037350428 0.006872427911531955 2.630565369216311 
0.9847874221031467 0.6171459277570519 0.00487723338561759 2.640300051441179 
0.9832282881573619 0.6198549403529694 0.01235437413201812 2.636950954303828 
0.9807414541393937 0.6241120856730636 0.006211544306058601 2.631418063935712 
0.9839654418867634 0.6188110445436684 0.01242205113090894 2.638657956621056 
0.9778652609301273 0.6275666786123634 0.018483774004711 2.624436926698201 
0.9777335188379148 0.6271501963226055 0.01985799336829918 2.623754767275606 
0.9833371419272623 0.6194007062326959 0.01180191748497708 2.636981837734051 
0.9833754586021821 0.6190367890651789 0.02481016589577327 2.63714680513437 
0.9994723119757032 0.5922262266438473 0.01343249281309795 2.673677198614032 
1.004037947829374 0.5845123005188558 0.0169975619575105 2.684416860005515 
1.000785157789125 0.5891855531491056 0.02310460516239955 2.676454464738372 
0.9999794197858444 0.5915838408464705 0.01358268610887483 2.674983381627079 
1.00061337466399 0.5898469915942502 0.02286121965941788 2.676254684080715 
0.9970483502897473 0.5970360773142526 0.01637320430979707 2.668546281878343 
0.9968486106275612 0.5972635303233403 0.01538776052030794 2.667990427288718 
1.000476312333177 0.5898323502671806 0.02382360759786561 2.675802305696864 
0.9957390780517941 0.5974933708143899 0.02667161798603008 2.664723063613023 
1.001100369183672 0.5903326186869957 0.0244268657781262 2.678197817303349 
1.004461666824543 0.5838749143106183 0.01675315570847158 2.685435801744442 
1.005932735409015 0.5804425833179438 0.0244697577577046 2.688529433325019 
1.000564942974946 0.5906859412763555 0.02335364409196432 2.676586981490166 
1.006048297449617 0.5803618358651083 0.02528849040993642 2.688873452889672 
1.000386072889244 0.5898158625528496 0.0337038643039059 2.675792451871192 
1.000440769576272 0.5911119539425539 0.03491679724681283 2.676755966586591 
1.006422671075539 0.5796405052498256 0.02467819099476511 2.689647847800476 
1.007636166687419 0.5765357544982166 0.03754892490269705 2.692360955114617 
1.000032957911834 0.5915676069403447 0.001706716648248562 2.675087010181959 
0.9999998862438361 0.5917387750354077 0.0007392404816978483 2.675076981708597 
1.0004519759618 0.5907309163567491 0.0009193468955773984 2.675985033120433 
1.000042601409457 0.591706297723422 0.001979312714091632 2.675201318203177 
1.000511520818726 0.5906074574710942 0.0007605762583262249 2.676109549229321 
1.000918613198387 0.5899573070501944 0.002111262644414131 2.677082615485977 
1.000985406903858 0.5896755816912866 0.001967172840615155 2.677138898148995 
1.000394001987664 0.5910239049800982 0.0007670826795464665 2.675964176456287 
1.001004165525234 0.5898532950757222 -7.479753634916069e-05 2.677303775901167 
0.9992103935919966 0.5929336024866337 0.00660772406288354 2.673179256693905 
0.9997520756507029 0.5917868818960038 0.004322530847052935 2.674287823823571 
1.000770694692978 0.5900917232123813 0.005762243550874429 2.676684573804161 
0.9991168939777406 0.5930413545062238 0.006699445387705617 2.672932714926256 
1.000900906870018 0.5898489674717065 0.005425532301464155 2.676969889317958 
1.000466486440722 0.5909857461938822 0.0091205830974992 2.676225831577598 
1.000459332362055 0.5907342557365873 0.009311386692424305 2.676050291127833 
1.000682929970325 0.5902471238228084 0.005454232249790288 2.676477224240784 
1.002492934151238 0.5870827747413896 0.006433596637492334 2.680653998368348 
0.999638053826554 0.592271197227524 0.0007851364370899882 2.674189530148088 
1.000081772384694 0.5913531717588723 0.0007312114859471721 2.675121207194136 
1.000007864006553 0.5915995259622485 0.001685592949250235 2.67502247280228 
0.9996111585258775 0.5923389228228039 0.0007024363240554887 2.674139781687982 
0.9999777711122889 0.5914515173985467 0.001969236229556264 2.674835086639114 
0.9991953514657943 0.5931093681173171 0.001689011676218523 2.673216218577099 
0.9991113965352116 0.593159097852043 0.001679190128886788 2.672966460501561 
1.000109225291423 0.5912635623374244 0.001723857964882402 2.675159359592496 
0.9998330153296436 0.5920400213628696 0.00397526622680492 2.674707932226847 
0.9922814076378716 0.5990619368891661 0.08723492414987051 2.657629417333032 
1.00188603042464 0.5824824496039437 0.07353817801160428 2.678516139112747 
1.004635883348573 0.5757771413620726 0.09724583583320419 2.68582828882353 
0.9915354859224921 0.5986309872394038 0.08483313914167365 2.654686415766367 
1.005001335354148 0.5756260970880501 0.09738794891737684 2.686761567149245 
0.9918792211326499 0.5965901895675172 0.1156174950581219 2.657719813641313 
0.9916085689442632 0.5958593010137943 0.1174293526644607 2.656481832060991 
1.005284149347754 0.5731619434894837 0.09659767162527658 2.686294796301595 
1.009719784156698 0.5586167899926936 0.1291434049464948 2.696644314338146 
0.9998468866471745 0.5919933954982919 -0.0004369787842372094 2.674716098419985 
0.999908125832162 0.5917310987413154 -0.0001092998740249876 2.674764850026336 
0.9997657065167118 0.5919580204895738 -0.0001048022576953924 2.674425874952732 
0.9998809579869413 0.5919720740152387 -0.0005358228571272038 2.674816783012946 
0.9997761034581107 0.5919525062544339 -7.441189458383784e-05 2.674457169157157 
0.9995626183865253 0.5923473307779396 -0.0007625776689203646 2.673981021989426 
0.9995275424837133 0.592359127679328 -0.0007705022181039299 2.673871815038728 
0.9997893944219657 0.5919901042511601 -5.217368927041642e-05 2.674523428873429 
0.9994684207494233 0.5926604026546665 -1.280320215599465e-05 2.673853669545961 
1.000165265413103 0.5914654470410489 -0.0003261290747606765 2.67541144887615 
0.9999492084414744 0.5912274941257245 -7.925055215316481e-05 2.674823272687048 
1.000024884633367 0.5916969653567348 -0.0002665895628654551 2.67505011234891 
1.000143341679058 0.5914149179640187 -0.0003651337553490523 2.6753629748455 
1.000033708032057 0.5915725737874493 -0.0002089110539074361 2.67509215343429 
0.9998715205399765 0.5916997411760569 -0.0005421734157110224 2.674628944174349 
0.9998530080028114 0.5917885460441152 -0.0005297843980138476 2.674617977043344 
1.000056115308969 0.5915683910874399 -0.0002946600817664915 2.675165678685119 
0.999911185581688 0.5917074052475202 -0.0001791026438408111 2.67476035115422 
0.9990585483734593 0.5932430007399757 -0.001811408756452843 2.672838428950961 
0.9977731954422212 0.5954351173912312 -0.0002140887395988436 2.66987275182554 
0.9982998521245017 0.5947978439336979 -0.003452697219301479 2.671247054660699 
0.9990971991458705 0.5933043073533765 -0.001736997687147664 2.673001852503585 
0.99855649713395 0.5938870082163588 -0.003665660407554453 2.671556421507463 
1.000125461182969 0.591408802601456 -0.003088158573183318 2.675304222973321 
1.000055425609091 0.5913317659575853 -0.002817506312301649 2.675024988816304 
0.998406195730652 0.59405925460477 -0.003807599070242184 2.671160129919166 
1.000200426164965 0.5915490035805585 -0.005512314747459494 2.67564659822613 
1.001069780896208 0.5901218299982331 -0.001547389839744046 2.677578435348215 
1.000556235768926 0.5898934462945034 -2.658146533249851e-05 2.676167167741629 
1.000451119417552 0.5909283416961801 -0.001023439269700036 2.675982481945856 
1.001013472857426 0.5896522547662256 -0.001732405252685984 2.677233503233129 
1.000463767026951 0.5906627274373272 -0.0008588562758885203 2.675998041636462 
1.000186897590859 0.5913966315604611 -0.002894206550200834 2.675507003357602 
1.000142737808843 0.5913511029692747 -0.002784407848281013 2.675331548662127 
1.000536847914299 0.5908384526520974 -0.001102909977183638 2.676346991416417 
0.9999401117747969 0.5915948266712376 -0.001579799996399273 2.674795246606069 
0.9991784217668122 0.5931715176863989 -0.009049422736973877 2.673227107618618 
1.000487343658564 0.5912769056164821 -0.006067031627319392 2.676441673192631 
0.9981695740555051 0.5942602019075948 -0.003474905852872897 2.670492486073557 
0.998965482223757 0.5936482606969564 -0.008922711392088842 2.672800437588112 
0.9982762595174879 0.5942818791581722 -0.003083632560962817 2.670862837141984 
0.9966525255249608 0.5972755129961012 -0.004066412271334276 2.667263748058736 
0.996927311628605 0.5969023660603233 -0.003920716352111791 2.667947719856963 
0.9984429262390094 0.5946622494747162 -0.003728690900868479 2.6716423513313 
0.9977785176130919 0.5954975815914589 0.0001501346572251158 2.669927524606091 
1.001502940192706 0.5877703862066241 -0.008421240816672322 2.677824834817059 
1.004091779392107 0.5839774893122915 -0.01029022385155842 2.684254760632922 
1.00433955888235 0.5844915142362614 -0.004048876280592481 2.685269205521622 
1.001738839372864 0.5876152868364594 -0.007986811691404989 2.678517364171786 
1.004177976688709 0.5845915161258912 -0.004109648009356089 2.684788188179724 
1.002194609129056 0.587776370139948 -0.003655177550166987 2.680074971853208 
1.002163948700848 0.5880821714244143 -0.004034819891580628 2.679965726200935 
1.004160167230971 0.5851441615118473 -0.003604538961737615 2.68495008865157 
1.002844172714591 0.5854367798575751 -0.0003322573791873674 2.681250381977777 
1.005961429167395 0.5820709626974131 -0.01784541482824474 2.689457210385121 
1.007067919080512 0.5777288643991101 -0.03079881731261146 2.690939445963941 
1.011620369995115 0.5701495031273259 -0.01846527160484725 2.701561835089262 
1.005694985163128 0.5819942055418923 -0.01852277162914898 2.688541664138622 
1.011077543493343 0.5710536927942891 -0.01708945727777701 2.700218641617912 
1.00727941788617 0.5774114768705205 -0.008347696270238564 2.691029298894098 
1.007330816745242 0.5791431564706171 -0.008776990241064837 2.691942612779914 
1.011781150392129 0.5708083687370467 -0.01691774381377255 2.702229958110743 
1.011358689760261 0.5691235818128876 -0.003506835793839199 2.700697975274819 
0.9860195684803036 0.6142998591498537 -0.01022844184958781 2.642604371973028 
0.9823883644052077 0.6207969031875924 -0.006756862992491232 2.634722210234699 
0.981770349833831 0.6220048905175809 -0.01387478105431346 2.633542226127951 
0.986147686252477 0.6144043787055383 -0.009679177413643231 2.643085480223597 
0.9819822202501467 0.6216819527066275 -0.01447961934136747 2.634029180465604 
0.9868776731028124 0.6141452547785833 -0.01629063944560324 2.645418180618368 
0.9868832172641278 0.613787443944201 -0.01623022027088809 2.645179689762453 
0.9815464279465435 0.6221138314999499 -0.01436668164643371 2.632844455306092 
0.9823819886430685 0.6200558154002712 -0.02361245245948426 2.63451789952718 
0.9913220107460247 0.6066773699002465 -0.004190373014039921 2.655312340405301 
0.9892497154341046 0.6101234673087691 -0.01032097358089161 2.650652568229964 
0.9926928714572973 0.6041897489296758 -0.01296346140913215 2.658416663297253 
0.991105116742833 0.6069305153702808 -0.004601435328565378 2.654747598647742 
0.9926801436892875 0.6040671791454746 -0.01249918846158509 2.658296670355699 
0.9937872859924228 0.6019454449044223 -0.006044400882187954 2.660597930680392 
0.9938135191083741 0.6020990066306711 -0.005827790451466865 2.660780878046284 
0.9930109200577725 0.6037861907986593 -0.01271144232175821 2.659206081817611 
0.9963903010548514 0.5983130504403447 -0.01254103221670751 2.667078443829312 
0.9992240950830814 0.5928118199858476 -0.008769355031107111 2.673170289985259 
0.9963437242613775 0.5981259777945651 -0.0122667244060831 2.666787940933869 
0.9998348554497477 0.5912383127728318 -0.01400742222264979 2.674343982325897 
0.9989716778010518 0.5925143852604664 -0.009423337674482425 2.672163665517473 
1.000141587033537 0.5910260887002734 -0.01399377065303606 2.675217492517111 
1.001982177979571 0.5889154105250642 -0.007946909696885647 2.680042198922837 
1.001870227811823 0.5884957275612743 -0.007382572667491791 2.679432948995432 
1.000351369163111 0.5912625640138602 -0.0143944031595722 2.676040261659463 
1.004014509687242 0.5831605858218682 -0.01078010156306454 2.683522824043537 
0.9983180608314284 0.5932911668942071 -0.02136816801836099 2.670595680051592 
1.005844008662237 0.5806391016018135 -0.03106341966778068 2.688544989527328 
1.005559598509132 0.5808119319493482 -0.01864214311778679 2.687419171031857 
0.9992868885594764 0.5924069882283836 -0.02089671472222827 2.673285134901567 
1.005219484233052 0.5811334762177109 -0.01883068048905872 2.686477019185906 
1.000112207511853 0.5919655474613994 -0.01378957521615965 2.675650157331512 
0.9998364722376587 0.5917036584310705 -0.01488852016837338 2.674594800002499 
1.005126898163674 0.5815210889517374 -0.01803807540344646 2.686377126456966 
1.004117126725808 0.5830821611445759 -0.0107265499613257 2.683817607694954 
0.9935688927023792 0.6007113931722969 -0.04738444160577721 2.660159309313701 
0.9986937462094362 0.5899675104539985 -0.06649444262898312 2.671856793162233 
1.00517787266177 0.5802632264869318 -0.0478311868490005 2.686759131545393 
0.9943626886099051 0.5997131270504765 -0.04695475223028166 2.662132829606455 
1.004455469417579 0.5805547601360357 -0.04727760802730954 2.684534006577519 
0.9996000762494832 0.5928653224081548 -0.03488107112594389 2.674972619243575 
0.9989265234335724 0.5925712234330563 -0.03719159627386072 2.672622317468396 
1.004533481596422 0.5807206750524034 -0.04662959751921703 2.68484809127567 
1.006453997094928 0.5783060082760586 -0.03096536131586215 2.689285972749249 
0.9890737023772722 0.6100284272654333 -0.01966626763795227 2.650107539991796 
0.9922335691225743 0.6043202127191226 -0.0312645484796955 2.657393243167713 
0.9952665488334593 0.5987180918981898 -0.01993382542232296 2.663727961911047 
0.989671912877603 0.6088442675250224 -0.01946598382001325 2.651340703487759 
0.9952576020367536 0.5996777419077467 -0.02029246498975588 2.664274387250799 
0.9930196534082745 0.6041210691033133 -0.0121586109157305 2.659418550948619 
0.9926575542723175 0.604460840036333 -0.01286345403759251 2.658427596826563 
0.9950992938762412 0.5996082494463879 -0.01930668798000917 2.663692819282077 
0.9963502337452802 0.5974640342726564 -0.01209209599412403 2.666430811759539 
0.9693199648222829 0.6398501536863779 -0.06185019674696374 2.606451678486615 
0.9528846078865388 0.6591278419086096 -0.07170068108661985 2.566984757026042 
0.9639785146981904 0.6407042143887898 -0.0886750796371215 2.591708986686894 
0.9679542974878163 0.6406677709955576 -0.06315941986615001 2.602611541713475 
0.9648393533200441 0.6402941578983818 -0.08850726572867125 2.59415339717307 
0.9773650339561336 0.6243835002614461 -0.07286664611187657 2.623288270526053 
0.9778516190514005 0.6254854329024357 -0.07109974542831345 2.625407728928992 
0.9651709380063533 0.6400521498972433 -0.08901860449813652 2.594952401991637 
0.977968628069677 0.6196643713459846 -0.09770040703047492 2.624354965687594 
0.9874215880178885 0.6096150678092465 -0.06520637619722779 2.646414725471775 
0.9778912105191466 0.6255159374384441 -0.0539925162853556 2.624436000914467 
0.9773295463709185 0.6246392740173523 -0.07263017568082605 2.623293744311689 
0.9880584534188681 0.610757867436287 -0.06365121299247946 2.64908408772422 
0.9773067121815784 0.6251674441626278 -0.07308678202453991 2.623370159432755 
0.9907349697408934 0.6002936673424252 -0.08292753655718878 2.652953459838801 
0.9914831043943276 0.6003265101529743 -0.08395275634674612 2.655452887089711 
0.9766695928707677 0.6259295409121503 -0.0731113442919918 2.621874596313631 
0.9782871889420356 0.6194734935175635 -0.09823849797245712 2.625251809424414 
0.9765148842997705 0.6305222713618088 -0.02476152303157162 2.622037041732649 
0.9668639392754358 0.6433456529714074 -0.01993113545103939 2.598902488231044 
0.9696310012853491 0.637231446194097 -0.03740817127311691 2.604441644959926 
0.9758865172743532 0.6308694250574369 -0.02505394971517197 2.620208561800399 
0.9707381138382746 0.6366890420797402 -0.03853166690984994 2.607690994636331 
0.980412460133713 0.6230705152164684 -0.03656208887448926 2.630365675144971 
0.9808473444952657 0.6238357180682562 -0.03502368119847056 2.632200917674371 
0.9704874633030003 0.6382078054670676 -0.03834490455201365 2.607754567067991 
0.9773926677795279 0.6251416036396952 -0.05287889057595645 2.622557316153486 
0.9868307904168246 0.6143291099689493 -0.01506614087581569 2.645311877659563 
0.9828806901160884 0.6197081466747455 -0.02406454310491467 2.635934827266381 
0.9869462319871547 0.6130238140255444 -0.03000003176767747 2.645286612842707 
0.9863303253126285 0.6147651272769872 -0.01559290740762133 2.643939914011165 
0.9870934973905695 0.6127993607658464 -0.02945642358067738 2.645619884551697 
0.9892430691432764 0.6091786346435256 -0.01923356404390819 2.650164819187159 
0.9893657466328831 0.6096185959943936 -0.0183585587854641 2.650817021137193 
0.9875538348256536 0.6122964420831776 -0.03008408226877081 2.646821566245581 
0.9923021970920075 0.6044981389179735 -0.0325901873454125 2.657765238718176 
0.9785507099799428 0.6270020619406996 -0.003704854922379882 2.626098039394416 
0.9729364015556853 0.634932234816891 0.007596406410403346 2.612969346588365 
0.9690133960291406 0.6402546434523121 -0.002417232962474662 2.603713818635812 
0.978911061156033 0.6267954601476926 -0.002839881174763475 2.627129354069988 
0.9694213704916568 0.6400854666921411 -0.003936786444334431 2.604926091866384 
0.9777718054697293 0.6290962835753733 -0.01213596702661381 2.625009177506158 
0.9780325533112173 0.6285947899641254 -0.01189291874445073 2.625506849762284 
0.9685061494485916 0.6411078344454408 -0.003621030851068801 2.602577349826829 
0.9671363844703189 0.6420103083145525 -0.01848540284105674 2.598940493652211 
0.9871634781472864 0.6127429474022676 -0.03086655480887929 2.645843510007413 
0.9823908285217009 0.6214905401565418 -0.02498512738505727 2.63549650715617 
0.9804255771403818 0.6223625635889988 -0.03586583314960002 2.629915506564758 
0.9875157918032024 0.6132833138786097 -0.02981214924317628 2.647299357921558 
0.980384866191376 0.622761652188482 -0.0360584999936711 2.629986936559948 
0.9872606307909478 0.610848487666848 -0.04229312888708331 2.645387284448562 
0.9877340219514612 0.610636633263048 -0.04310481524563944 2.646837203086874 
0.9798872976623832 0.6244086974079904 -0.0363392395339758 2.629441892857113 
0.9783476752105207 0.624659857785872 -0.05319029203416377 2.625347777471593 
0.9862920204423951 0.6150331879922408 -0.009922111469712553 2.643966116205187 
0.9891132648663761 0.6106797534969921 -0.01031489020145002 2.650557581848862 
0.9883094393692 0.6112976557873578 -0.003286887583674898 2.648221404420129 
0.9860772229254031 0.6152340246716088 -0.009518936460534514 2.643385702633565 
0.988286002914709 0.6112369384528665 -0.003654725705299417 2.648110105919012 
0.9864006213945709 0.614800438005354 -0.002551594974534413 2.64411905424605 
0.9867834231195493 0.6135556529055749 -0.002942189063268837 2.644607622906492 
0.9883524140172367 0.6114354932290321 -0.003539369753376917 2.648460373031113 
0.9879359547992063 0.6123842705744431 0.0001905125340856325 2.647673139408618 
0.9587391030671016 0.6563005586160919 -0.0212392848074358 2.581534250328355 
0.9435575329147614 0.6742186315242279 -0.02293038739768538 2.545652495007793 
0.9449104470567723 0.6705179107389954 -0.04654549338840879 2.548229522524091 
0.9576862899224792 0.6569633341940571 -0.02147686577867366 2.57860921140777 
0.945731472646004 0.6702017487930815 -0.04687247409449661 2.550618502693023 
0.9593713178809802 0.6528827939552355 -0.03996042465512984 2.581937711550382 
0.9602938089209609 0.6537651212438773 -0.03695193011581874 2.585254566186516 
0.9457524446836247 0.670178089211058 -0.04767984876577857 2.550656532889593 
0.9521332802676917 0.6592952497124821 -0.07082309993629662 2.564920960139488 
0.9778035982123878 0.6288197339457877 -0.01094184026697818 2.624887721217285 
0.9680055504744718 0.6414196149965807 -0.01987903689601956 2.601377978070427 
0.9763206452816333 0.6309022704174506 -0.02536167830028776 2.62171236936875 
0.9769173063060546 0.6291387458579215 -0.01096412103060537 2.622187621849793 
0.9759571380471173 0.6302473037965172 -0.02388495040971066 2.620057707112453 
0.9820253233047292 0.6213594089802008 -0.01411994774582423 2.633943799254337 
0.9818581369021392 0.6214918975779445 -0.01374004213380558 2.633472536846833 
0.9765315482268685 0.6298703434362051 -0.02460850992083948 2.621691593484684 
0.9826701648258557 0.6208107753041671 -0.02499068100432944 2.635994572170063 
0.966956627562134 0.6450702352719876 0.01097786843305522 2.600209115361813 
0.9560230860713549 0.6577557977222398 0.01294004374447039 2.573800292723601 
0.9597363175205341 0.654569768471939 -0.006778543789524035 2.583478666271056 
0.9661863672381537 0.6457609224027473 0.01076901365536486 2.598183515684584 
0.9599292275071168 0.6538242248744786 -0.006182003001340045 2.583545231851874 
0.9688697978621811 0.6404757006883071 -0.00392490713548991 2.603355403528862 
0.9692228035389308 0.6402981033729672 -0.002859845487948199 2.604351093640647 
0.9606386001054233 0.653505307056043 -0.007489103609018091 2.585599415437078 
0.9669697942358244 0.6445752690921688 -0.02067736519846319 2.600215700973412 
0.9149920764174845 0.7053101586892511 0.01633290184144341 2.479542825178731 
0.930621359795018 0.6879130920276946 0.02728894397971951 2.51514200204562 
0.9195529220109989 0.7013510703057015 0.0460444609691514 2.491450908913377 
0.9148775766875725 0.7045555146999641 0.01464370791821173 2.478301223947687 
0.9198834926365856 0.6996020851468117 0.04652977028102073 2.490827904350138 
0.8995288179864459 0.720171634094846 0.03615401878422369 2.444656808845501 
0.8976723494293971 0.7198871202605129 0.03838018966712516 2.438843644433083 
0.9201691654649974 0.6988156287743 0.047015805908151 2.491280304571855 
0.9089572898012642 0.7092144502481361 0.07426241364718944 2.46687455367826 
0.9341510935074222 0.6831413152632705 -0.003552810530658701 2.522330397227436 
0.9299832081802513 0.6886733715041922 0.02625841591500517 2.513659228142279 
0.9162533795945486 0.7051279484624605 0.01474047575912262 2.483179532356663 
0.9355811451665672 0.6831260704258338 -0.001650348201531483 2.52677671927016 
0.9156286393544648 0.7053102415832743 0.01424068899071394 2.481261968940817 
0.9247165061363857 0.6953227993765421 -0.01764954654720095 2.502247396557415 
0.924766652383764 0.6938620338229116 -0.01972755263791606 2.500897442610411 
0.9151848613882495 0.7062929746969694 0.01517650415383606 2.480429186478251 
0.8990795654240408 0.7215007135064734 -0.003953283626714732 2.443312122831804 
0.9699601308466204 0.6383818524071075 -0.03930931985870582 2.606360340803143 
0.9668961776151742 0.6444763870059722 -0.0197835482007161 2.599820316800134 
0.9600629294399748 0.652215223289903 -0.03884917994567953 2.58359192599322 
0.9708988693816346 0.6393962632772735 -0.03677071936571373 2.609892065779388 
0.9596672926690211 0.6535076414902404 -0.03872568663598921 2.583020020497075 
0.9672779540214209 0.6385022411902066 -0.06301713622260798 2.598980787400858 
0.9677727156587864 0.638561545428873 -0.06474749842008004 2.600753308993268 
0.9590269050911289 0.6547709342827679 -0.03833975416396741 2.581850260989599 
0.9528560599350473 0.6590596234343806 -0.07128509588243903 2.567051641010463 
0.9460910016539563 0.6729089553834458 0.01935014220570742 2.552496225857015 
0.9307131770655998 0.6874987870265372 0.02598874033501032 2.515268860933113 
0.9342217664608126 0.685919767309685 -0.001474293550397528 2.524696446694302 
0.9450233317218292 0.6733717687003712 0.01939010113227294 2.549514441346221 
0.9346306145264428 0.6855933675119126 -0.001266124901408091 2.525579312129015 
0.948057234307992 0.667989570679254 -0.002293305886577861 2.555333269958299 
0.94868096095251 0.6678005417898317 -0.000834445670859821 2.557131056329455 
0.935217952497415 0.6853035649543296 -0.002578302201576243 2.527175523745186 
0.9431273151331057 0.675783576817688 -0.02352795110950178 2.545621558068365 
1.00529669347707 0.5820226032404853 -0.04586464308938691 2.687995360015963 
0.9990295024611971 0.5891611570698895 -0.06672871538151343 2.672397176134349 
1.010645777417928 0.5670107259727202 -0.0698662832903038 2.698774814649899 
1.004354729685052 0.5815522678865057 -0.04776625125737531 2.684663150770339 
1.01127953301984 0.5666472033278058 -0.06968470564707073 2.700619523475221 
1.013985742735401 0.5645846631005402 -0.04401044936444656 2.707237685251981 
1.013785236015804 0.5684920365116 -0.04192202926440091 2.708245156812821 
1.011814370456497 0.5659648523541596 -0.07054945535153336 2.701831897469364 
1.025312918378205 0.5348009587796159 -0.06224059891270558 2.730967733059013 
0.9952521257622159 0.60057176661637 -0.01817481624164449 2.664744102673799 
0.9929096403347234 0.6032400606895866 -0.03184600005391364 2.658949843970434 
0.9988658725275257 0.5921717195838589 -0.03530826588566483 2.672164040550705 
0.9945576818103113 0.6007227197038878 -0.01944465204518957 2.662556556850639 
0.999068649519347 0.5922548647660624 -0.03435814016774111 2.672857595635623 
0.9985679152780429 0.5925530271116504 -0.0202997119053175 2.671026273832318 
0.9987800478831763 0.5938653397754714 -0.01918430719614524 2.672423003212504 
0.9998523753044496 0.5910675347020369 -0.03527234624558064 2.674758480999142 
1.006092180244131 0.5799510454591611 -0.03233737765985356 2.689014386394231 
0.9933954018230826 0.5901196007680788 -0.1169804787813007 2.658722005736475 
1.012440580284986 0.5518139675514767 -0.1208436875457393 2.701727740105878 
1.004380385080113 0.5806454963680233 -0.08905494830824208 2.686839311099545 
0.9935296749807129 0.5934328834337363 -0.1157047618897024 2.66119243572147 
1.004289048680287 0.5783421241702227 -0.09148625578123903 2.685704135910366 
0.9907704880794396 0.6012471132704957 -0.08319460041904647 2.653522846677391 
0.9913361819643782 0.6006190534981954 -0.0829595596155563 2.654931673954999 
1.003335023295403 0.578300159574572 -0.08976605594305584 2.682362980707215 
0.9992686866655873 0.5901933445442327 -0.06542772385366767 2.673774115256991 
0.9881234201444092 0.6119377761692147 -0.04130918846059578 2.648819278997161 
0.9783997691163521 0.6246206505365648 -0.05355670869911189 2.625431315980537 
0.9869872530835047 0.6091283623461664 -0.06346561233219569 2.644581132120655 
0.9871597509991519 0.6122981227011924 -0.04261892543852477 2.645906096824589 
0.9876271828287766 0.6088056309364234 -0.0633444340842272 2.646451981160114 
0.9943827664328122 0.5991015182103657 -0.04683705103675986 2.661939825999111 
0.9947060209237754 0.6007635030838427 -0.04489290192385863 2.663880023211387 
0.9879818821031596 0.608539133336112 -0.06412837482826116 2.647404084776333 
0.9984834218595972 0.5899888184020501 -0.06676300743106116 2.671223945536362 
0.9522826051784945 0.6563294161043793 -0.1159552687838107 2.566908168207354 
0.9662561802368713 0.6202995169708632 -0.1643632686235293 2.59613671984303 
0.973200998376341 0.6204895311064798 -0.125800173377019 2.612663567607769 
0.9545864856302845 0.6525613431658609 -0.1149888082118899 2.572109295859768 
0.9733494909377204 0.6249415598778467 -0.1279270347526611 2.616020223785405 
0.9642695147906926 0.6416205049585308 -0.08764425029472182 2.5931879762277 
0.9637082049848102 0.6426469954466235 -0.08931775769491068 2.59204817880033 
0.972749550017961 0.6245322997492252 -0.1257030587745638 2.6136186669504 
0.977674462994618 0.6188878615160327 -0.09784837398078372 2.62302636180127 
0.9132827225192364 0.6997240416743765 -0.1031294000541581 2.474990250592534 
0.9183777978517633 0.6829131810133958 -0.1499470345477757 2.485222545650673 
0.9397764823234835 0.6740093039158087 -0.1018386933816697 2.538630127051456 
0.9154058425841246 0.6978040746934102 -0.102939380369094 2.480389523354833 
0.9391943152775606 0.6730261162847998 -0.1049416167959063 2.536965303067116 
0.9383843778338792 0.6781521475385348 -0.06962877072408334 2.53443830776129 
0.9373582452007905 0.6782817307970133 -0.06995950034324996 2.531227823051523 
0.9382911263571145 0.6723761897452956 -0.1015709416044488 2.53316132549127 
0.9528680949568167 0.6593654282455323 -0.07084277920727011 2.56710264644026 
0.9826906772625541 0.6203150927648492 -8.544692660704182e-05 2.635402574028229 
0.982632161371144 0.6196409400866453 -0.00600794576688216 2.634808455893082 
0.9870061466280489 0.6142943370071812 -0.003249622761291966 2.645802181760645 
0.9830554700329197 0.6198143435612197 -0.0002835700846972995 2.636292221841269 
0.9868265950860778 0.6143369457359024 -0.003510431797025301 2.645238152898236 
0.986876217429609 0.6139528285116754 -0.0003539363097004288 2.645149192031163 
0.9863847899966143 0.6146752350792976 -0.0005466449611382475 2.643992756361613 
0.9865873769660378 0.6137319798084739 -0.002620476559588292 2.644072755098926 
0.9878902993003964 0.6123275745663038 -0.0002227779034054321 2.647489245514457 
0.9872831393549535 0.6130792033450434 0.009687693396506504 2.646006247764634 
0.9845769912635883 0.6168237142068119 0.005445883197314354 2.639422308878957 
0.9876768352592766 0.6127925135823701 0.003037343147735573 2.647067593131708 
0.9875765476202039 0.6126499646091864 0.009248934662576959 2.646707460782788 
0.987539933792818 0.6128516196901533 0.002970199017129646 2.646655205517238 
0.9899642935247747 0.6088974666628604 0.004705514565808365 2.652196154707777 
0.9897240706916149 0.609132022428941 0.004779108277862022 2.651563189212712 
0.9875624647595818 0.6123535781153604 0.003285917698882984 2.646431609205665 
0.9890189241996283 0.610548442713992 9.927148242114115e-05 2.650100881803912 
0.9890089605983096 0.6103618322549745 0.01740319267257166 2.650031901621646 
0.9839915060873614 0.6181061128310016 0.02402757580912814 2.638590591534811 
0.9833035574172102 0.6200697670893989 0.01286574621110128 2.637315584993269 
0.9884766367425843 0.6113315285659531 0.01747002101421763 2.648940017886694 
0.9833989254698823 0.6186878437650806 0.01307066795711521 2.636789190294214 
0.9874388547974016 0.6128714483974054 0.009595652413793464 2.64637696726991 
0.9876161341479105 0.6126050371783609 0.009840612157412405 2.64678310912884 
0.983707501585923 0.6192191589298793 0.01188636192414299 2.638127747580949 
0.9844970289547914 0.6174303784527763 0.004998463756997871 2.639525271335418 
0.9959913240932452 0.5985237555157265 0.004235869249846974 2.665816280878335 
0.9973259170783536 0.5962565193881205 0.009585498370919918 2.668926510974888 
0.9947649062903385 0.6004035321307596 0.01131296508188441 2.662952754393173 
0.9962065004649552 0.5981700073645208 0.004420112529830476 2.66631224499872 
0.9946714565997115 0.6007333909842435 0.01106232228272441 2.662839681741713 
0.9939562638246782 0.6023326659573451 0.00461388282101966 2.661381402332939 
0.993895839869317 0.602339758790145 0.004227321566454088 2.661177547595649 
0.9944921266687652 0.6008793186933155 0.01155637695477382 2.662333944491444 
0.9912524016621933 0.6061411125448353 0.01125848414049617 2.654825304243008 
0.9478442655666721 0.6698004995891319 -0.002102272461617851 2.555815356631165 
0.9431547996937865 0.674467333864642 -0.02263460108105072 2.54463365954393 
0.9576949550489753 0.6556663266315629 -0.02384304362001482 2.577878501128447 
0.9484416974429194 0.6689952602855248 -0.002527648722014397 2.557259704008826 
0.9575893575774925 0.6570299468868043 -0.02297024418934595 2.578534007132701 
0.9607310046974677 0.6520781057640193 -0.006645225680505746 2.584902195079994 
0.9598668728040859 0.6538896803409224 -0.007525064204747802 2.583330181580972 
0.9575443400525172 0.6555954009064451 -0.02193240490909153 2.577338746477257 
0.9670861508647869 0.6436556741799299 -0.02117489436720777 2.599957269973793 
0.9318108293349786 0.6858322075604647 -0.03866214429240009 2.517450444344553 
0.9196786701349572 0.6995971826809432 -0.06376085926121502 2.491826064324108 
0.9373992969695059 0.6774617169155589 -0.07171210232545752 2.53119180111408 
0.9319714496601808 0.6867428159356203 -0.0395859504258725 2.518757177959203 
0.9368392969477497 0.6760604366303185 -0.06992049926194849 2.528172877080577 
0.9455094694897087 0.6718086460550082 -0.04759990956821723 2.55130859565799 
0.945075095632632 0.6722485072646815 -0.04868981348115698 2.550232003365902 
0.9378908777638718 0.6758122968709662 -0.07117160057607853 2.531353217698297 
0.9519406397759491 0.659273948858619 -0.07305543119829415 2.564513277910243 
0.9265206189596569 0.6940512754127293 -0.01764245237064457 2.506461150062183 
0.8986755700458396 0.7218066686541864 -0.003914900365271892 2.442136363242779 
0.9052638988747286 0.713848110055443 -0.03535084347748647 2.456962684174493 
0.9249149839334849 0.6949718980179362 -0.01792154157317983 2.502151893865599 
0.9071450159078588 0.7136256596027897 -0.03668846480490686 2.462468768692241 
0.9324781053338778 0.6845651248394101 -0.04036177136034374 2.518700623287543 
0.9334903731041573 0.6849936164026008 -0.03849830240705042 2.522153361190773 
0.9066708829098949 0.7136259984567779 -0.03731467679718241 2.460853857187206 
0.9186652232929302 0.6997077360671193 -0.06220116534659442 2.488749238029099 
0.9047666615389836 0.7132541118962288 -0.03764875900882408 2.454744307395198 
0.8979831532691366 0.7231674658589475 -0.002581531715969861 2.441106783540667 
0.8792745514600716 0.7351010126457854 -0.03784720451527279 2.396003383104801 
0.9066866039787186 0.7131995021031208 -0.03542417646451472 2.460426543861805 
0.880043937115112 0.7346136757556266 -0.03904182631461815 2.397667253152539 
0.8967558050004678 0.7187804136858172 -0.07457296183155168 2.437580613053062 
0.8971720419377792 0.7172648502932639 -0.07577573489667486 2.437175112972051 
0.8785919559246801 0.7378660120106775 -0.03816074270070244 2.395528258746888 
0.8655348688054199 0.7399279499832696 -0.08718093360070299 2.362982667812496 
0.9343418555683294 0.6829738619335919 0.05471114539013777 2.524376591653777 
0.9295019460777192 0.688061592449019 0.0271557113034757 2.511957004365682 
0.945120654218139 0.6732045009688413 0.0174680966747244 2.549677999592555 
0.9349062325271638 0.681940312140186 0.05385802332426788 2.525464527802276 
0.9447752694602835 0.673657997692648 0.01780230028148332 2.548924238731037 
0.9490524404579185 0.6685242425487247 0.03994439569160275 2.559538044444341 
0.9476396949034726 0.6687038767580817 0.03934618994842472 2.555321099692235 
0.9443664985135779 0.6716554753349323 0.01917375697025157 2.546540073949333 
0.9554159684377972 0.6599120326328338 0.01305165782783272 2.573259197243547 
0.9776903648352319 0.6281698319211335 0.01977875012618788 2.624248033568322 
0.9841521362343714 0.617369827138429 0.02530114260432937 2.638602708106499 
0.978804679325754 0.6256485956885532 0.03237808017057227 2.626631736671532 
0.9776286941350717 0.6276577573829688 0.01898112624230304 2.623699258976576 
0.9783865545236197 0.6267752514906491 0.03363868293227946 2.625952264862063 
0.9698715924860575 0.6385597170226999 0.02329139607659722 2.60563976800738 
0.9696562888119402 0.6408759516564054 0.02293082483987091 2.606437031978254 
0.9792706830456186 0.6251836613696045 0.03365697553209133 2.627688455315733 
0.9701041720803817 0.6381503238845018 0.04304273412762223 2.606866115761985 
0.9765567534170705 0.6176413662760046 0.123909611835423 2.620983430792154 
0.9719543142018398 0.6150497304994148 0.1642006494717961 2.610555333632679 
0.9528094300905741 0.6526812339677968 0.1257914911976366 2.56793013128112 
0.9751843591233395 0.6212879006542189 0.1244461369793423 2.618949354734719 
0.953507174574199 0.6512937855213434 0.1237171065645535 2.569219761994013 
0.9623247161189421 0.6425742314511897 0.09062709812932997 2.587756519930816 
0.964387484215259 0.6407799914496949 0.09248318752621368 2.59309046641265 
0.9526222815291701 0.6523860969758559 0.1224795798289835 2.566952946553797 
0.9460824708696715 0.6675075457493785 0.08177825836030525 2.552129565100287 
0.9607406021487871 0.6520076675034787 0.031863551277236 2.585394840805104 
0.9552215461229031 0.65812100211685 0.01433995069264804 2.571515040388464 
0.9664503094611957 0.645312117019363 0.009393888494689983 2.598768185538597 
0.9612597988433877 0.650818830236203 0.03089339526967722 2.586302059504772 
0.9662186968910838 0.6457551774348602 0.009737219307739161 2.598321031262834 
0.9706645599347024 0.6391048965511074 0.02229596158949272 2.60847053380447 
0.9696896942135775 0.6400790907905802 0.02208905723530137 2.606011038571807 
0.966153080314894 0.6440511687820064 0.01058008075928058 2.59703468324479 
0.9733065167300436 0.6346887000743305 0.007557687855424228 2.614025714353392 
0.9796670245118476 0.6235189547740284 0.05251661950457071 2.628897021899826 
0.969848131195216 0.6374902725114848 0.04476799020523813 2.605655501559368 
0.9785964838355806 0.626240878858025 0.03220161025167338 2.626223422349155 
0.9801926321276687 0.6226136851510313 0.05120508882470103 2.630035575398975 
0.9786122133188975 0.6266281548106938 0.03324662058887411 2.626589526660022 
0.9858426191106615 0.614671318903331 0.03705178175369787 2.642792230697299 
0.9849318812884018 0.6162180866612507 0.03728652377468018 2.640870138975241 
0.9786562166151539 0.6253250933135167 0.03326737298967835 2.625962150030583 
0.9836719562347125 0.6179808702820095 0.02461368956808383 2.637438489846339 
0.9485290026640661 0.6676282721557129 0.03876256364106552 2.557430423275192 
0.9551008281066651 0.6603438238839232 0.01336447834869546 2.572564807810746 
0.9619586540034192 0.6504342472356304 0.03221899108243814 2.588127870366857 
0.9475633419505626 0.6672460638546293 0.04101297723168362 2.554152164419165 
0.9610549262388931 0.6512335031784475 0.03128236936739127 2.585832292166895 
0.9601960052475282 0.6517266631758707 0.05926459617774648 2.584644971675319 
0.9607535692796068 0.6501445782003993 0.05756102139928889 2.585430121441142 
0.9610350219980932 0.6519878054472341 0.03241694251222062 2.586330684029935 
0.9705942613512292 0.6374233577206294 0.04431445416616098 2.607829812348912 
0.8941480901639712 0.7190355911378138 0.08597877564985214 2.43016743371899 
0.8718992033978465 0.7359467272555 0.09793785675831632 2.379369553776276 
0.8766139948473962 0.7370091249634698 0.03972845790901386 2.38947536256055 
0.8928692582678677 0.7233131545072045 0.08589495386896975 2.429793376400315 
0.8768019881417037 0.7355458393764053 0.04075054025899843 2.389189095220118 
0.8969431655117229 0.7203145851928695 0.03636492228210426 2.436793357955528 
0.8989577310720969 0.7197278632181316 0.03670545532073016 2.44226094383923 
0.8801323426532127 0.735421099164409 0.03787341296747575 2.398766728520378 
0.8967337018861017 0.7220320072174035 -0.003822697766355602 2.436665466348085 
0.9303618503159093 0.6847670353854446 0.08081898306540815 2.514547779601202 
0.9104110700193073 0.7078950785372988 0.07315247337344112 2.470422981168921 
0.9186526965295165 0.698923396155085 0.04573291967229921 2.486754308365867 
0.929924866257544 0.6873670818241727 0.08093020779616669 2.515562098842221 
0.9189337310963975 0.6997266791447291 0.04712749124586982 2.488486232223912 
0.9355196847085695 0.6812918173707377 0.05712030441184811 2.526884705395622 
0.9353339882610315 0.682831999792185 0.05613440760429974 2.52724731219883 
0.920269445967541 0.7005388162896216 0.04514816245065132 2.493126824970463 
0.929194700993055 0.6880329525007792 0.02593491359846343 2.510809481902008 
0.9367638047752583 0.6738985727364933 0.1121631259383502 2.530142895658895 
0.9232544981700832 0.6796459458681945 0.1552945206385727 2.498550324057416 
0.9113876343680559 0.699038936666572 0.1167826724006109 2.471025962757749 
0.9360437984388155 0.6745389360112225 0.1118940290580864 2.528315775841253 
0.9129597134729391 0.7000592603587332 0.1142176585859168 2.476167499575459 
0.9298109020853615 0.6838823328460626 0.07887566645297078 2.512476902122879 
0.9315682672568831 0.6832011350032087 0.08038559964170038 2.517355919210454 
0.911632862866803 0.7006108693494668 0.1141012655120671 2.472438506043575 
0.9093130394768485 0.7075259742618935 0.07527474979544864 2.466923108887126 
0.9922667911216329 0.6048035225469163 0.01771887886919421 2.657421621378819 
0.9954405148373692 0.5987831615923312 0.02685311486786129 2.66448798965467 
0.9900709178585156 0.6072239338379644 0.02871215416015373 2.651945589587474 
0.992812887304911 0.6041336104838095 0.01809167641060417 2.658809502720562 
0.9899920780103574 0.6079798470834146 0.02786590742205956 2.652124019482055 
0.9886464086343185 0.6112803003175107 0.01719176825533848 2.649453980902528 
0.988653218124976 0.6111326874052263 0.01654687113448238 2.649360561071736 
0.9895955888142821 0.6084580212157952 0.02883479652480777 2.651118192128208 
0.9838084715835719 0.6173283655096793 0.02543268063367511 2.637525547164053 
0.9915820116700037 0.6001813470017502 0.08680750837911393 2.655886862491695 
0.9788278301927447 0.619489873323416 0.09389895970474778 2.626715068784964 
0.985820709694524 0.6116272132105774 0.06711068908374346 2.642417565956998 
0.9919467768753611 0.5996747629640131 0.08580676327978297 2.656820401281275 
0.9862370859103058 0.6118452973187224 0.06918086305580402 2.644118174290177 
0.9949480444147047 0.596682330468654 0.06236331386875527 2.663065849968881 
0.9941817925734225 0.5997011635201116 0.06299816474396512 2.662451615772776 
0.9862404261173155 0.6118772135063704 0.06870816876978746 2.644139134270186 
0.9898373418517207 0.6058177848908439 0.05076169821560505 2.651189602215121 
0.9998983207409524 0.5917546631151173 0.0001704337993863433 2.674748744648933 
0.9998722074184454 0.5918343398055053 -3.579857434105944e-05 2.674709045893632 
1.000015230648257 0.5915812359358438 2.549687427554852e-05 2.675034808029858 
0.9999001683322036 0.5918070796833255 0.0002455330568507723 2.674785879019711 
1.000028794206421 0.5915564289078246 3.130509001045634e-05 2.675065211044377 
1.000165409451488 0.5912908373797366 0.0002444697765928392 2.675362458812472 
1.000168142638437 0.5913427368361487 0.0001697745595082572 2.675402260714626 
1.000043469480313 0.5915311283733232 2.734076071081239e-05 2.675099063286655 
1.000189937881858 0.5912702849672363 -3.698883171071521e-05 2.675431868900864 
1.00040739315871 0.5908121850944484 0.0008135501714062355 2.67588465044893 
1.000085643427641 0.5916328437352643 0.0008352981650409899 2.675299794830767 
1.00016940037063 0.5912362551619448 0.000128953677470949 2.675343244777531 
1.000429625503373 0.5907658668619974 0.0007507426572543335 2.675931299737588 
1.000143151830027 0.5914272174313221 0.0001318452374025874 2.675368883837408 
1.000316334025943 0.5910688878126704 -0.0001220458334876909 2.675733097280845 
0.9998289850512595 0.592024446471767 4.866205829724739e-05 2.674677895979241 
0.999892017080196 0.5917910233479768 -2.836634098338897e-05 2.674749248859618 
0.9998873265183321 0.591730876272848 0.0001956937300791677 2.674698112428741 
0.9997629059336852 0.5920061507296491 -0.0001012923732715594 2.674447316589999 
0.9999143658172281 0.5917005460819477 0.0001534778969768515 2.674769917686451 
0.999672744138173 0.5922335983621585 0.0006785110489237908 2.674282621226175 
0.9996892337091753 0.5922240828641648 0.0007459233194122216 2.674331750344011 
0.9998927625233849 0.5918510211929723 0.000154787659310759 2.674787083585251 
1.000000025667063 0.5914448618008298 0.0008246412933642325 2.674903913379991 
1.003328137655573 0.584729908860612 0.003537724186363473 2.682047500207733 
1.002637750842478 0.5876686613323036 0.005832662761839635 2.681477054131334 
1.001699514070038 0.5882076860625001 0.001226080112882375 2.678642887031029 
1.003360110137613 0.5853028488736467 0.003276839085298074 2.682487847102974 
1.001738729980123 0.5884773185610509 0.001272967870077122 2.678938348022017 
1.001894057049406 0.5883045816157022 -0.0005890343039272949 2.67935207274111 
1.012346792151757 0.5692464984361544 0.01841952432769573 2.703494800290542 
1.016994481416801 0.5593735229107787 0.008100721124697622 2.713464229992242 
1.015703847068706 0.5613801628868249 0.03371921756495408 2.710811059488594 
1.005330642479377 0.5760291228650722 0.09602857361924041 2.688225303384345 
1.001258807328837 0.5831675838869937 0.07299048861681483 2.676879610006546 
1.012328772855113 0.5648546089317827 0.07918623188897357 2.70375214778246 
1.005146621716827 0.574560574117842 0.09736225962911606 2.686871595961293 
1.012309220781559 0.5621788649782905 0.07855477336077689 2.702239431325791 
1.020050803056014 0.5434286978608697 0.1022560257261381 2.720175219909934 
0.9926898528986032 0.604638441196345 0.0001437567046118175 2.658586124886452 
0.9958183983915986 0.5988587392161797 -0.0001343657649333932 2.665427848188016 
0.9938605913583455 0.6020227541605487 0.0044812460241117 2.660884702719333 
0.992483453893731 0.6046748665653685 -7.325105972142441e-05 2.657924574923534 
0.9938749992498572 0.6021232346374317 0.004736702126265741 2.660981572878647 
0.9898941228297508 0.6086674662344282 0.004902009800821454 2.651837932393017 
0.9898499581153382 0.6093527408495739 0.004898175051757904 2.652108446457667 
0.9940562263070468 0.6018827492957133 0.004645590583713011 2.661414035323761 
0.991269477305438 0.6064958358462332 0.01080358990518209 2.655097927558527 
0.9990968259254623 0.5932592060032003 0.001510473211213482 2.672974627425755 
0.9997204601094308 0.5917606711781555 0.004614051259530069 2.674169435959951 
0.9978841932323391 0.5954910341799516 0.003970909167155133 2.670284374286831 
0.9992248443768909 0.5928095508952596 0.001549720434419188 2.673132178302099 
0.9978162782404765 0.5958207556120081 0.003634077401827182 2.670256206087049 
0.9981250611755862 0.5947305964680348 -0.0002298087461178437 2.670622551266831 
0.9982429151891142 0.5945215056336512 -0.0001665353925562689 2.670882936048983 
0.9974816289038742 0.5957345825396376 0.004013669785263821 2.66909443999531 
0.9960721627068574 0.5989911898797297 0.0004065106182281054 2.666362804006772 
1.006773872417778 0.579701284452508 -0.000490506906692679 2.690612665657924 
1.008465765759685 0.5753318385831511 0.0119630479792657 2.693859934445777 
1.005456765447129 0.5815780637635437 0.005714278103601164 2.687320847512477 
1.005746143367501 0.5804521616903608 0.005843614374529594 2.687625925999457 
1.008093049287581 0.5759624809223804 0.01281513988213454 2.692980050519747 
1.004610939653884 0.5842782660906788 0.01724785049341111 2.686195367981836 
1.025404152338968 0.5383638882860317 0.04456548140798483 2.731547190338742 
1.014418120752327 0.5637175551575139 0.0533270361379768 2.708565200819002 
1.014468491130325 0.5647940166402204 0.03379424484116189 2.708426706739347 
1.01495579041769 0.5620345536557874 0.03354121006711214 2.708589673867365 
1.014396455124964 0.5630836546225197 0.0518024535299934 2.708096725881483 
1.007310985603062 0.576404395957229 0.03746945662437723 2.691217249405591 
0.999974982488415 0.5916790283929926 -7.409171652941426e-05 2.674956432901364 
1.000021584748207 0.59177340737357 2.674060642110044e-07 2.675167138076488 
0.9998202649870203 0.5921076019947308 -1.734516482549991e-06 2.67469559134842 
0.9999747460667052 0.5916596684145425 -6.466365505831136e-05 2.674944166364436 
0.9998206661684886 0.5921302438186034 -1.294601732692634e-05 2.674710368367921 
0.99977909670404 0.5920180214566511 -0.0001076125719991114 2.674505783884728 
0.9997993137605019 0.5920270760228975 -7.984389781050532e-05 2.674578353979559 
0.9998666321503719 0.5921019049319336 6.173415380262755e-06 2.674846455392656 
0.9995130289355142 0.5925569258376104 -8.806736255180986e-06 2.673940555443841 
1.000051396937448 0.591669365898435 -0.0002672505701709071 2.675133597860941 
0.9999444921469314 0.5912642665631367 -9.084389200662432e-05 2.674805401979354 
1.000022784387254 0.5917248851697768 -0.0002754218811680361 2.675066506457603 
0.9999919896920438 0.5916113229596516 -0.0002976641660042756 2.674977598399759 
1.000002034043817 0.5915914677401147 -0.0002781610798303728 2.674998488276935 
0.9999683375602916 0.5916552780214998 -0.000112705804559287 2.674919228539509 
0.9999651969271754 0.5916575942556555 -0.0001081383124016806 2.674910296878576 
1.000004633659515 0.591576231669255 -0.0002838014489584883 2.674997813214037 
0.9999977232547695 0.5916525540957075 -6.978725942963323e-05 2.675015236995129 
0.9991300654200704 0.5931407505734729 -0.001731936500049343 2.673013880423363 
1.000001171435706 0.5914825671208074 -0.00160969454882627 2.674931097080817 
0.9996080122627556 0.5925110735661219 -0.0008018262448586815 2.674228191916608 
0.9990064039139805 0.593333855385802 -0.001690489915989261 2.672719353197159 
0.9995930352499892 0.5923080762988832 -0.0009131623286240198 2.674059131370472 
0.998883605493795 0.5935748834956377 -0.000128697898593382 2.672453107432224 
0.9989418573710079 0.5934624205795677 -0.0001265587486578659 2.67257963810456 
0.9995562735372822 0.5923404604407217 -0.0008971940048157734 2.673956323737571 
0.9995427513618325 0.5926192643455285 0.0001010835629759567 2.674076371285118 
1.000109502809148 0.5907099020418175 5.076045665893475e-05 2.675150752758865 
1.000128156006947 0.5914833088708671 -0.0003940544732967513 2.675259878829044 
1.00049545625301 0.5909953022053951 -0.0008495724013906248 2.676176360744094 
1.000435362454545 0.5909224794239759 -0.0009212758942450051 2.676052013398245 
1.000170513414792 0.5913030054072476 -0.0002483835667027237 2.675378740237563 
1.000009046840893 0.5915690318237676 -0.001379592200647017 2.67502093597571 
1.001321720856875 0.5884088675417513 0.0001660776896663538 2.677903166469262 
1.000989464788151 0.5900771906379714 -0.001879463107058002 2.677255554717537 
1.002226443895371 0.5882403375491716 -0.003531017065800954 2.680273242709098 
1.002056515265381 0.5878659021074377 -0.003716339632422116 2.679678024034047 
1.001100716677315 0.5893353199292173 -0.001450548569384736 2.677330894674788 
1.000577261325765 0.5905404020463313 -0.005496708225909467 2.676319782172261 
0.9937618291081669 0.6022138050314286 -0.006068885051306877 2.660672039644576 
0.996204647300925 0.5980193296023711 -0.01134573411677525 2.666279928551629 
0.9969415153946277 0.5970202509912531 -0.003751185009882485 2.668068070578181 
0.9939533551218031 0.6018946204821167 -0.006023456749528556 2.661102520273908 
0.9970447221545498 0.5971954689228534 -0.004251089964591524 2.668513924679631 
0.9958025154844335 0.5988712017519485 2.468413082047116e-05 2.66539706022197 
0.995882663208732 0.5988303151309197 2.283057696856972e-06 2.665635791659665 
0.99666789399384 0.5971480350868132 -0.00386565863802387 2.66723452200802 
0.9980325746484431 0.5954450181512356 0.0003656359713823972 2.670740159860351 
0.9897709774569462 0.6087651263534399 -0.0003026465935635348 2.651481553583463 
0.9877377028412071 0.6126254954888277 0.0001757038938427011 2.647165571202206 
0.988414825796499 0.6115192482985315 -0.003660670962020439 2.648717311798841 
0.9900500244805233 0.6088129499647367 0.0001430923196134408 2.65243015885412 
0.9883021114940524 0.6115047841238228 -0.003852938813466908 2.648330106391693 
0.9911949700330004 0.6066914565951175 -0.004819900503737803 2.654914287965167 
0.9911888079100769 0.6062158001361544 -0.004928706998355554 2.654593679848033 
0.9881091289042601 0.6116764994161066 -0.003711145992722518 2.647790058735124 
0.9890702316467552 0.6104797829535378 -0.009897413197185125 2.650287752076494 
1.007551534978298 0.5791689120096069 -0.008088505576221124 2.692700911123878 
1.005503579751157 0.579856368701108 -0.0002751530262070801 2.687177598370878 
1.003932820076165 0.5851727221892947 -0.003721731505835184 2.684108311763695 
1.016667338395854 0.5584746607819361 -0.008866430182943062 2.712726863995295 
1.011648302609491 0.5715517366547205 -0.01779758799401831 2.702202291141631 
1.014175140285544 0.5650371939172821 -0.03029844144170104 2.707273864772592 
1.013009286575434 0.5668143281966652 -0.02999718087958448 2.704637509018379 
1.011591887138366 0.5695918806215526 -0.01747980895243766 2.701124194865681 
1.006792867888564 0.5786246541692274 -0.0319838528334263 2.690582452072952 
1.013592209211844 0.5667962514140018 -0.04306654917801488 2.706727359573522 
1.024436267656179 0.5390120488437738 -0.03956649179089786 2.729149641421184 
1.013080527048742 0.5691466993167964 -0.02972177110951497 2.705859348986 
0.9876784269525845 0.6127353874646408 0.003190735076652017 2.647033954534459 
0.9849129403517478 0.6172240737314414 0.004053248466718487 2.640773911613201 
0.9862060342412146 0.6146760460716016 -0.0005650881682179342 2.643398854540658 
0.9874886876278893 0.6130499896758553 0.003062216551544566 2.646619215643217 
0.9861595584079105 0.6142552925901882 5.992876486361556e-05 2.642994948077743 
0.9873352112366814 0.6134324072584971 0.0001451657789374436 2.64634681278154 
0.987158914159342 0.6136199962983883 0.0001166265018927101 2.645883001661681 
0.9867695903254791 0.6143467389664251 -0.0005962258589550811 2.645057584507279 
0.987404768894147 0.6124755789210665 -0.0005441740922330248 2.64598163730537 
0.9734653863474326 0.6212732944035453 -0.1276260724025891 2.613592946552502 
0.9943912744518775 0.579504958210606 -0.1488844481796404 2.660915172347352 
0.9937548026068264 0.5905156673293287 -0.1158917179284071 2.660393140811184 
0.8783258279461658 0.7354005447284411 -0.03761391614101214 2.39337447877591 
0.8991386519629423 0.7214050491570433 -0.001489192082890488 2.443394310953082 
0.8763619204818457 0.7383487746734138 0.002150115554340373 2.389114177161715 
0.8780332356510711 0.7353533265112184 -0.03959815502291866 2.392287376430294 
0.8756603955101481 0.7407685169314295 0.002755612997494996 2.388448225159527 
0.8500503479699232 0.7542495403559993 -0.04092772413255135 2.327031606385608 
1.003955662838791 0.5794859818706779 -0.09075444723937683 2.684667143883573 
1.021865774752134 0.5378105806909661 -0.09146263266494953 2.723050170067661 
1.011547545686276 0.5688850347719105 -0.07048286348880012 2.702661241349464 
0.9438745030126116 0.6505616915879017 -0.1624978788398338 2.544222662152648 
0.9529368586812229 0.6541798942549572 -0.1135926294090174 2.567847692350804 
0.9368809188337307 0.6777975487543901 -0.1027089893580254 2.531918462154053 
0.939939991243805 0.6713705316787593 -0.1026820406400594 2.53763055055026 
0.9530590409602054 0.654321472883491 -0.1144101583098482 2.568701018866997 
0.9520249735461734 0.6599717573794622 -0.06999586761191584 2.56478819324454 
0.8966514764676877 0.7105220670944808 0.1342291343223504 2.437304249847329 
0.8917737356500997 0.7206733517464795 0.08547889537530601 2.424758548692774 
0.9126780882686591 0.6967807792468113 0.1154301573266999 2.472720716107399 
0.9116876655026117 0.7020803473682957 0.1157736600313801 2.473599476283526 
0.8920794508561294 0.7209524361032466 0.08606019788922159 2.425995126310652 
0.9079593927676529 0.706970264055009 0.07318219574412618 2.462155163454851 
0.8967331450855153 0.720367480550467 -0.07433623602984941 2.437884845608256 
0.8906832872007104 0.7146399458677332 -0.1261292886617817 2.421768444279792 
0.9137024191285268 0.6982544353140185 -0.1044337939110713 2.475722099189317 
0.853149628823591 0.7523999622382533 0.05527649691320344 2.334927772121916 
0.8745146270640172 0.7398367298238274 2.604719716138563e-06 2.38455862061559 
0.8807421624135039 0.7342977852697911 0.0402692748645738 2.399362558633103 
0.879429299217572 0.737239393665288 0.03894110716685387 2.39795155635113 
0.8740599323072887 0.7389427832862552 0.002096670101447037 2.383002082181813 
0.8971504452366834 0.7212177671043329 -0.004301764318432756 2.437312559173374 
0.9757867107446052 0.6200207552499936 0.1225103434330647 2.620334082842998 
0.9777602612832031 0.6199940634548367 0.09268599852533475 2.623356440313791 
0.9907719363458123 0.5977000960986338 0.116939052483358 2.654649277033295 
0.9753019018085465 0.6208007340522053 0.1246052524303926 2.619260159608259 
0.9915615916946111 0.594404828831825 0.1162751198122006 2.655236084496114 
0.9942635658756727 0.5821703186529834 0.150472957590906 2.661502581066566 
0.9492582471541338 0.6463225079825083 0.1650929804751029 2.558289669544953 
0.9343976637597905 0.677119172482416 0.112687188535371 2.525217113639142 
0.9538887280585072 0.650066255998679 0.1246387910085463 2.569397482222038 
0.952144239142503 0.6537468731511479 0.1239713112669858 2.566348068619519 
0.9356234889911651 0.674008340938534 0.1106631696930637 2.526985898353459 
0.9454851780286562 0.6667394846703585 0.07980130739376219 2.549523552154457 
1.000787344856044 0.5898955123748687 0.0001435083754411928 2.676607484015263 
1.000507929954673 0.5908752501115346 0.0009048073853668465 2.676256385684981 
1.000291327530034 0.591186535626699 -6.617181476210266e-05 2.675718877072887 
1.003504742230874 0.5847234997429074 0.000274931243218003 2.682626526147962 
1.003407410148838 0.5850785111109548 0.003263714692407198 2.682517730285486 
1.001903788096822 0.5889721321651873 -0.0003972596597492859 2.679767998250091 
1.011354061114955 0.5589363527148881 0.1265433535742662 2.702107146994363 
1.004096757037501 0.5742143507160787 0.09607257192264348 2.683063642006427 
1.020590942932941 0.5428986859550957 0.1022418735187176 2.721514544849697 
1.00397103397234 0.5849068096061408 -0.0004138077281137461 2.684273263982317 
1.006074762398526 0.5798725736713634 0.0008849642845942446 2.688393632411687 
1.005638047363964 0.5814367279333237 0.006026218540847041 2.687860811663759 
1.022638094873072 0.546087866091187 0.02218651910817649 2.725493078316822 
1.025991591055852 0.5397427435591606 0.04193764843898756 2.734142385180704 
1.01459471062382 0.5642380838477498 0.03439055460752685 2.708646990580186 
1.000533894658631 0.5899128064082786 -1.158131742923482e-05 2.676104167028299 
1.000022044967154 0.5906791294786846 0.0001587283002708792 2.67485371724252 
1.000575338619338 0.5909350255957186 -0.0008804216933353684 2.67639951305938 
1.002874928948881 0.5855159342744862 -0.0001860175696423196 2.681397958106166 
1.000981784066715 0.5882711612768292 0.0006460047478012486 2.676705883390787 
1.002464510077922 0.588142040200439 -0.003684954754952158 2.681000508187626 
1.02165957396122 0.5476614751983799 -0.02277795882169609 2.723888054950049 
1.016462991451578 0.5570981843605889 -0.006908722887823695 2.711248496618535 
1.013557341510617 0.5664795559631631 -0.03139751925846658 2.706037838355188 
0.8643248540369657 0.7405459013441016 -0.0873785055008737 2.360126392634067 
0.8807552785413935 0.7360998982225362 -0.03772151132749224 2.400806745966831 
0.8505884396812509 0.7537590870397513 -0.04143885714690098 2.327780485895206 
0.9208015911974992 0.6811221992585536 -0.1503807333992112 2.491197615744612 
0.9438650363398912 0.6518898844943142 -0.1652005159473963 2.545311684821022 
0.9384457771971956 0.6760009027273677 -0.1013064252929346 2.535697736725659 
0.9246317580793284 0.6808768274362333 0.1567808928365158 2.50337408422011 
0.8977599604489066 0.709867709274341 0.1353211577012337 2.440382063586936 
0.9094571025137546 0.6978611217221024 0.1145592724236055 2.463991177216944 
0.8717020749697795 0.7375498351666843 0.09755290377522738 2.379624342463254 
0.8537324693514912 0.7517532803949977 0.05744090542668993 2.336344774122725 
0.8762008921793359 0.7353947118613396 0.03936759059208358 2.386992308796168 
0.9746491450420108 0.6141549714706303 0.1624831889613109 2.618719779260682 
0.9737939480058665 0.6196046341837583 0.1225772016987639 2.613445446077462 
0.9949956695147165 0.5823008693754803 0.151089427392742 2.663620745822233 
0.9727179468059008 0.6154141115055328 0.1648596884692857 2.612897805017437 
0.9520921984168722 0.6454160977083484 0.1638095325693649 2.566777675020267 
0.9507893479902089 0.6514620552520231 0.1238662306274853 2.560575247750309 
1.0002450430296 0.5910382255657105 4.747166763863655e-05 2.675477973264168 
1.00017874971337 0.5913764291796813 0.0002036705843003737 2.675457450815367 
1.000167526444697 0.5913191543839701 -2.571914322870669e-05 2.675386203099459 
1.001691444718988 0.5883118620385072 8.136743726897879e-05 2.678684396390206 
1.001671365382091 0.5885248686433403 0.001274349586742582 2.678744990322864 
1.000954523169829 0.5900484060549068 -0.0001229040787978936 2.677251573769035 
1.013530070954143 0.5685479443702975 0.01903803387304043 2.707132328829827 
1.011339321365183 0.570141657417181 0.002117155749358359 2.700402771381179 
1.015667928566505 0.5599660980594351 0.0091107761702536 2.709378499893321 
1.016304381712565 0.5629826624648292 0.03462380480467445 2.713766648258754 
1.016786727668314 0.5590654692209218 0.0078065476610077 2.7125076183472 
1.021531186056791 0.5474421402234718 0.02272483131182538 2.722549827184166 
1.021181175744117 0.5440126193919923 0.1000341855035566 2.724144734030469 
1.011572033320681 0.5625466258012877 0.07872262756808511 2.700063401793573 
1.025857371332167 0.536251116972135 0.07570993607214119 2.733656762807688 
1.00663728466467 0.5801976257340679 -0.0004882683456522309 2.690407869505063 
1.010429100203791 0.570793049162696 0.003549852456006023 2.697788717560469 
1.008923517602034 0.5759328547613071 0.01254811095334716 2.695747730474581 
1.026286249923539 0.537090370065235 0.04389412435485555 2.733721760689393 
1.026011765323397 0.5378534957194088 0.07279475178076333 2.73494113204603 
1.013483879168831 0.5638417772152849 0.05251740866543362 2.705397893038336 
1.000079270527161 0.5907133525207401 2.627034499305209e-05 2.675052218858185 
0.9998886973239495 0.5910512963093513 2.950264980654515e-05 2.674618118961106 
1.000209533255935 0.5914658524423295 -0.0003439465609503548 2.675520175182674 
1.001156427026358 0.5884572210639256 9.681555865012327e-05 2.677381040960979 
1.000407304104741 0.5897087219702755 0.0002101219463951727 2.675624682512123 
1.001247014694989 0.5900832059819318 -0.001649065829004375 2.678116080603803 
1.007736261909356 0.5791612977652191 -0.008288457293149587 2.693309194819651 
1.010730550255629 0.5702602971518459 -0.002655808411226121 2.699212174685266 
1.004736043374316 0.5793301577392357 0.001104246908545333 2.68433217400938 
1.004375307208174 0.5850504991424529 -0.003389446775833214 2.685514291679886 
1.005083183975872 0.580229095449139 -0.0002398769159729076 2.685983972601682 
1.002400772821245 0.5846443614904835 0.0002533475201616816 2.679598933155289 
1.015683876961605 0.5595154166974632 -0.008439595521498254 2.709964681809575 
1.010939329841944 0.5677309070472718 -0.001333508825673091 2.698557048237613 
1.011761844848989 0.5714745821467591 -0.01781040611210098 2.702542930336742 
1.012114537274796 0.5677772376524776 -0.04328731600506062 2.702300254816112 
1.025872886598304 0.5346369499125767 -0.06186755636713615 2.732702400101534 
1.025997268501188 0.5381726106779783 -0.0410644276110196 2.7340672980257 
1.01218339441018 0.5680005621195841 -0.030630009708992 2.702251476031807 
1.024950582513928 0.5392345411287894 -0.03913013198938305 2.730959306664166 
1.022481786229039 0.5462195418109806 -0.02384152178590521 2.725937697534687 
0.9730953669333584 0.6205533704098565 -0.1261360732007399 2.61216215770221 
0.9688967962202897 0.6178897503547612 -0.1648911663893384 2.602860172959044 
0.996059528121515 0.5804985914167187 -0.1531531034925946 2.667344364142872 
0.9923440536775824 0.590447600239593 -0.1171955509036621 2.655656899772166 
0.9961222336377593 0.578004863949493 -0.1490820121687658 2.665616277571873 
1.014009876687564 0.5529356553738383 -0.1246171467881489 2.707987266760908 
0.8482815114263444 0.7544862483877475 -0.03989474970412066 2.321944891768214 
0.8780974416714744 0.7394909221242074 0.002226620415593013 2.394817348515689 
0.8454516965318447 0.7581047400537209 0.009542075465792174 2.315870085235917 
1.002615791159269 0.580344786871784 -0.09051142373648254 2.68075992621841 
1.012944597309382 0.551059465090298 -0.1210406701255867 2.702953491945948 
1.023712136299235 0.5373989605149466 -0.09395597949587588 2.72917152752094 
1.01004898411305 0.5678631908250439 -0.07219270039218485 2.697105029501677 
1.022649855191261 0.5376869375249029 -0.09103495946696064 2.725564718693548 
1.026768784397474 0.5344030034774454 -0.0647429173071051 2.735894322656992 
0.9462487173078996 0.6487813145111697 -0.1629271948561698 2.5504139014152 
0.9668218915355345 0.6211148746124533 -0.1675137297784878 2.598759659391704 
0.9526857594043757 0.6549571963221569 -0.1134124356473232 2.567362100070064 
0.8967426694124624 0.7118408654344862 0.1343340614006454 2.438087210301807 
0.8721216966771826 0.7351148669026885 0.1004029254845823 2.379684948157821 
0.8913514791180461 0.7197189610368927 0.08489427699031268 2.422714828353452 
0.8992764377269451 0.7183996456357031 -0.07402702618396076 2.444307810089373 
0.8674588990052087 0.738844222591995 -0.08748999179198859 2.367239516077634 
0.8896936578784114 0.7156641391605726 -0.1268350337861485 2.419649675058295 
0.914995132635762 0.6991228112603084 -0.103254079917527 2.480156716997711 
0.892779456147518 0.7132627890471032 -0.1266119719465185 2.426613821959795 
0.9179782964614068 0.6846536237302917 -0.1538754253205802 2.486172155782492 
0.8530486612656201 0.7538454343294709 0.05502867218108051 2.335447200621123 
0.8447528597813483 0.7584541177091104 0.009805285553257806 2.314480783082137 
0.8746511766858214 0.7387966641021333 0.000138269629650899 2.384234771753483 
0.9963611902901255 0.5818708391062206 0.1483676520917829 2.668158056800505 
0.9900210362876762 0.5954457625988718 0.1157607938704984 2.650887001113662 
1.010434742744073 0.5581741572902252 0.1294732809131376 2.6985132190742 
0.9502403408151704 0.6471168672219834 0.1658953439899046 2.561528867737833 
0.9259588147087368 0.678464156882627 0.1545303414003543 2.50614817779817 
0.9328540844846722 0.6754899734628729 0.1111426348391854 2.519176086747119 
