1.000092968006656 0.5914278836748437 0.004205569981224156 2.675210178253045 
1.001127690229518 0.589437355200928 0.001949186330371456 2.677469946029454 
1.001223019813434 0.5898781443832019 0.005208965557774836 2.678061365030086 
1.00009638763217 0.5912145101383366 0.004427285105422489 2.675092840890465 
0.999437591847342 0.5927921779665795 0.006425848098307051 2.673852185916036 
0.9978728814740003 0.595310446415118 0.004022275229749892 2.670139611081239 
1.004349535456227 0.5841755060715575 -0.0004533827932895135 2.685120371893573 
1.005921704840537 0.5808250051980974 0.0058149561356373 2.688451322964267 
1.003952009773925 0.5846093327396559 0.003167651269063593 2.684056163800506 
0.9977349717684592 0.5955827436968506 0.009626487455102433 2.669877778925516 
1.000807700133397 0.5899130399474516 0.00954991718524976 2.676722489498332 
1.000191920544433 0.5914998244945159 0.01367614971208247 2.675664027570351 
1.008696060520254 0.5743659208723677 0.03748351766704893 2.694716003883704 
1.00612976243905 0.5809915518750834 0.0241382619965963 2.689455548916895 
1.013589313559953 0.5657307620919275 0.02005832212018888 2.705715689160475 
0.9703311632983337 0.6379428583095714 0.04474256574258746 2.607468448076613 
0.9813862240655593 0.6200924282062604 0.05232188872483639 2.632195878681581 
0.9722750768543134 0.6340694114483587 0.06583486401004975 2.612488330285681 
1.002806899682388 0.5823220978646664 0.07456241832770011 2.681679212717328 
1.007044832317062 0.5756951220197828 0.052391044296708 2.690495090048242 
1.012473436162267 0.5644597301917993 0.07901920042854928 2.704092435086136 
0.9905819924689285 0.6052784891555603 0.05220526917089131 2.653416880179452 
1.00105579025587 0.588134450776403 0.04937499875774437 2.677525170775018 
0.9955913699462792 0.5982845677141752 0.06230521788137528 2.666264046248538 
0.9476771704689868 0.6642944472576958 0.08095578527434692 2.5550746410739 
0.9614728997616331 0.6492678751822547 0.05704255887149663 2.586888073489602 
0.9631846939230373 0.6437597154758001 0.09255234967911774 2.591508196234836 
0.9959545021182253 0.5975790822899101 0.02651430390993705 2.665468153887088 
1.00063341151993 0.5906683503832734 0.03425032609680039 2.677105090080015 
0.9944840125769301 0.5997039751517118 0.03691833002504435 2.662221938642891 
0.9840196043224709 0.6175078712776603 0.02558677765391792 2.638320112543588 
0.9907144659757315 0.6067164321288385 0.02897115609746866 2.653690278531615 
0.9860065954606305 0.6146566040917135 0.03654524211463876 2.643421095802919 
0.9825919258620222 0.6201587564765435 -0.007142764175729952 2.635009911650988 
0.983073236056199 0.6193098240074815 0.0004318691648940412 2.636019065345832 
0.9786342330915219 0.6262621326322899 -0.002754304979302136 2.625896243736217 
0.9914816039745975 0.6061316444455145 0.01149707122449677 2.655574053314405 
0.9952093815531978 0.5998245444968844 0.01151938556583856 2.66405153713874 
0.9929520867707285 0.6038334626241274 0.0179073976160644 2.659128300843147 
0.9734008216147123 0.632671611646213 0.008949866323324984 2.613045226293284 
0.9810540297674821 0.6231336806830337 0.006327942073289652 2.63181285840728 
0.977574653439282 0.6276046869341769 0.01946047475809172 2.623501867584263 
0.9976757067844082 0.5956594431315311 0.009235236001424946 2.669719549496891 
1.000008419641093 0.5915696296685249 0.01408401137819288 2.675098214979531 
0.9974204009096153 0.5956847567314186 0.01578331580392682 2.66898027649898 
0.9962813219482521 0.5974347458408314 0.02734377845517751 2.666497540768664 
1.001707880152103 0.5885884816448883 0.02382435378181387 2.679143927817952 
1.000863079330476 0.5904602189220105 0.03326655447684093 2.677728902118426 
1.000058027217988 0.5913674412697991 0.004000233961154185 2.675057882152813 
0.999925946265164 0.5917675078377864 0.001697139680893859 2.674847798392933 
1.001006873607602 0.5896603416164159 0.002287718411577304 2.677201629940493 
0.9979396569965165 0.5954679909924385 0.009677620629654007 2.670488588112563 
0.9992474219538821 0.5926614290685964 0.006722197409038904 2.67313723271445 
1.000609537883056 0.5902199652301037 0.009844808504506709 2.676252660629137 
0.9992498300062547 0.5927156262144491 -9.326044742188712e-05 2.673162227925077 
0.9996400809316238 0.5920335542054354 0.0006798997106168822 2.67405510658082 
0.9992034975104188 0.5929927152931326 0.001502183214612308 2.673174102019599 
0.9793437875766047 0.6197650484935545 0.09487874826878109 2.628585040669952 
0.9932504923573865 0.5965306253186238 0.08599872677997876 2.659022733609287 
0.9914484577468202 0.596568576724982 0.1158305888741444 2.656261922811119 
0.9996497774371432 0.5907689716545594 -0.001237179120941009 2.673340446269799 
0.9996289959017349 0.5910871963487664 -0.0002496448474565038 2.673455848727282 
0.9992803486856435 0.5916654619772863 -0.0007116713623054956 2.672637991503928 
0.9996935144755495 0.5908179440263127 -0.001170391031649445 2.673522070540327 
1.000057874180359 0.5904307371762935 -0.0002728611701542658 2.674497021593038 
0.9996099670912806 0.590946968566364 -0.000421447261721474 2.673314033626328 
0.9996704055687042 0.5906962008254738 -0.00132015016017055 2.67336578320664 
0.998771817435919 0.5923869746288674 -0.001777936107811583 2.671376475720063 
0.9996378806302096 0.5908563466951381 -0.002680098737767758 2.673355484281339 
1.000153391997997 0.5900340531879269 -0.005227453212547092 2.674605647690236 
1.000856539181885 0.5887388185921452 -0.00173294426827275 2.676173517733067 
0.9996883302316756 0.5908339792922657 -0.002884784958055369 2.673515999575979 
0.9963693505123301 0.5966226096462399 -0.01147225524984222 2.665980035724501 
0.9989466492839408 0.5927601903245586 -0.009341090832795832 2.672211520948047 
0.9964561640060965 0.596267673946778 -0.003778137317049787 2.666009852285267 
0.9999601380917634 0.5900513919251604 -0.005650710469803969 2.673962586134323 
1.001238893951381 0.5878281847231648 -0.007830550175943637 2.676951629156506 
1.001821217715706 0.5870186569148265 -0.004061761895205447 2.678407709623087 
1.003900792356558 0.5841557196527877 -0.01025114801045188 2.683702921570926 
1.00557341824323 0.5808726614929896 -0.01748603587012674 2.687467094809201 
1.007223590895535 0.5773962430743158 -0.009582281259258358 2.690847666192546 
0.989116488246737 0.6091455156909918 -0.0103960265617518 2.649616986897776 
0.9858387014751443 0.6141468964297278 -0.01001467781498799 2.641910051817778 
0.9867156187746494 0.6125570149410109 -0.0152992916047334 2.643876613858622 
0.9926261447680842 0.6033499501069187 6.67383502224388e-05 2.657593202414652 
0.991334273614376 0.6056181887592681 -0.004713202361864221 2.654709705160335 
0.9936935054155126 0.6014210816704049 -0.00613511083826909 2.659964571232328 
1.000158504227654 0.5901001526499865 -0.005014232951747623 2.67465383939239 
0.9988625768856696 0.5915982777525686 -0.008832632063795193 2.671253156135101 
1.001315398398908 0.5884881631334662 -0.007528912984113604 2.677569327937088 
0.9958389715607386 0.5973659363828752 -0.01197148606599969 2.664660914223812 
0.9985151336793577 0.5927892837121276 -0.02004191063777877 2.670972091214803 
0.9997813871229593 0.5906089649171455 -0.01429626636237163 2.67379412750899 
0.9922121909335555 0.6032491876630094 -0.03267664818748193 2.656663666941188 
0.9941366602640003 0.5988982853723307 -0.04596903842263404 2.660928868585112 
0.9991798445262206 0.5912204035016513 -0.03578813663641629 2.672668714680865 
0.9888608101050796 0.609593885693729 -0.0104279685070573 2.6490432689322 
0.9895302148882842 0.6083281215952525 -0.01871289992729765 2.650564301758029 
0.9927516474142368 0.6025442926798259 -0.01290098143323822 2.657599563623797 
0.9789153272083163 0.62454977138241 -0.05210776070754959 2.627102310429179 
0.9689284247756461 0.6376969883744774 -0.06242122827200582 2.603673219718024 
0.977241842578759 0.6243010555781934 -0.07149537209852982 2.622752224008466 
0.9988817140160194 0.5885342675058918 -0.06664719767094979 2.671673828837395 
0.9874435377772529 0.6103892624073838 -0.06544972062984258 2.64687611189261 
0.9912309809690181 0.5995725913715596 -0.08237315186596665 2.65408161345403 
0.9829835427421864 0.6202888799045371 -0.02401223264228802 2.636668860807281 
0.9760656378668997 0.6295092590103434 -0.02472197295208315 2.619893220950361 
0.9800718626410231 0.6217861079630744 -0.03500418578860011 2.628378235134574 
0.9891322227009973 0.6093257012739265 -0.009804623985542426 2.649775902706302 
0.9869798507869699 0.6125035057297109 -0.01543095104951242 2.644699679889242 
0.9894249574930508 0.608402914959593 -0.01882375185903664 2.650269704429985 
0.9828938327080425 0.6199024983318587 -0.006971774098946916 2.635820325734803 
0.9781073774147108 0.6267393735984622 -0.0026295179180152 2.624466738250875 
0.9773079931468309 0.6271960477072658 -0.01038862346755121 2.622222688643887 
0.9925797347809588 0.6025259095879892 -0.03217787668025294 2.657458778218673 
0.9869721804611644 0.6128147030657052 -0.03060822453150141 2.645225253549604 
0.9877164818976605 0.6099041720584052 -0.04178075654964182 2.646270650920342 
0.983040567857459 0.6184806580244048 -0.006621863338161923 2.63541864679966 
0.9860668546794155 0.614500219965552 -0.009776906521814895 2.642897230617032 
0.9868760581926025 0.6137827667809492 -0.002453579289234419 2.645051027492673 
0.9677106008048411 0.6432407634245205 -0.01900004949035567 2.60163994555211 
0.9581454684838649 0.6550693617735034 -0.02109869597298679 2.57883018027811 
0.9594657720611959 0.6517060079009999 -0.03735603197810862 2.581287352007279 
0.9828824478182108 0.6199568902773034 -0.006507640400003978 2.63581208336198 
0.9776624987926718 0.6269236270392095 -0.01117862248199826 2.62320995313167 
0.9820247261763478 0.6211774287254808 -0.01423189203845489 2.633872708152203 
0.9738657075007415 0.6336325445581363 0.008799226296855494 2.615143971736592 
0.9669649691556156 0.6429183063509148 0.01023140119709538 2.598895581631945 
0.9690044316085644 0.6406629092053701 -0.002866840602440103 2.603980610688129 
0.8985412019482175 0.7207816416805404 -0.001060416261961614 2.441422753850119 
0.9179105587049958 0.703797151188262 0.01739431036344992 2.48702652280402 
0.9010426352933818 0.7198989735194922 0.0371352233224468 2.448893096280547 
0.9432680680243399 0.6735849339930458 -0.02392452164031739 2.544314105577299 
0.9347954179738877 0.6842552555621855 -0.001708944251062824 2.525056143622301 
0.9259424913714218 0.693684056232953 -0.01694343782058355 2.504718945847026 
0.9778405737892022 0.6241903845277135 -0.05382173371892943 2.623468486089439 
0.970026756430292 0.6395851445196054 -0.03802269082881347 2.607185402884839 
0.9684445815772819 0.6373859065898679 -0.0626085563714973 2.601982686544916 
0.9567545876556299 0.6585885544116549 0.01478875713256376 2.576617340156311 
0.9463082307435303 0.6700532398152209 0.01905458235876696 2.551540433368077 
0.9485402868426103 0.6684087884015989 -0.0005855853707582754 2.557290731243482 
1.006524383873337 0.5795055634958578 -0.02937645904641038 2.690062387669073 
1.005037314841339 0.5801849044526614 -0.04635803816670244 2.686085664888663 
1.01288646645019 0.5645247116040611 -0.04314209828979072 2.703455664033062 
0.9961352367722336 0.597459300721638 -0.0112589948050944 2.665690751630299 
0.9955574845428128 0.5986982669838532 -0.01901582829058204 2.664646420378533 
0.9984517823174641 0.5927499271989899 -0.02023950783978964 2.670744875116478 
0.9783591664402003 0.6185906791150693 -0.09805823039276253 2.624797448229769 
0.992727409814419 0.5937215064681931 -0.1150021954845123 2.658730170374798 
0.9920259084343666 0.600490692120439 -0.08134104866881733 2.657109058903778 
0.9927982626032722 0.6033692945210373 -0.03113147112383769 2.658637511369821 
0.9879568418844795 0.6101988743744992 -0.04186352149719066 2.647197809017858 
0.9939279853118005 0.5990886467134053 -0.04574672954649572 2.660360211789748 
0.9516964730880114 0.66034184847529 -0.07113286738242097 2.563954136577099 
0.9531342671051681 0.6535770770495549 -0.1127511893518063 2.568268097997966 
0.963998704851335 0.6399425365546793 -0.08940073348461181 2.591410653096121 
0.9178279098401549 0.7004671097517358 -0.0623194033878192 2.486260615348812 
0.9132811251926096 0.6985950536662674 -0.1012943487608028 2.474421829697556 
0.938593094197999 0.6776559915278803 -0.06987066405531647 2.534738384949454 
0.9845152213663561 0.6172252351639785 0.00454902817346924 2.639462589122402 
0.9828551597485844 0.6191459280467649 0.0007359038541605622 2.63521419160253 
0.9865783294474486 0.6135069938691505 -0.0007556570119004184 2.643894894330341 
0.9912689898523195 0.6062534817068018 0.0113136289485237 2.65494447042276 
0.9876595184734515 0.611664072202327 0.01011168555081587 2.646374325183807 
0.9899138021911184 0.6086089712517346 0.004484966927168908 2.651857643920991 
0.9916102050574911 0.6057149061745477 0.01140559391468375 2.655722733770096 
0.9890127273996445 0.6099746026085408 0.01671838896702963 2.649873572063342 
0.9876262296118332 0.612364128465265 0.01008851953498394 2.646687023215601 
0.9959176713765202 0.5986616077477837 -0.0002022544964415898 2.665649615697854 
0.9961689949448339 0.5981861453342413 0.00468281129034919 2.666212600834422 
0.9941378611607214 0.6014976245335875 0.004458365379842216 2.661482859986607 
0.9558815195276136 0.6590158414055706 0.01414702518007435 2.574110464162473 
0.9487372197029714 0.6683648259831271 -0.000680105158617383 2.557802818697889 
0.9597941415484842 0.6515295784676051 -0.007594525857712859 2.581544841614996 
0.9433338116448403 0.6742702502576957 -0.02249835018266868 2.54495219899027 
0.9325914264375678 0.685717875169887 -0.03899268347885463 2.520299259960676 
0.9444762730524106 0.6710732416269087 -0.04830482266945323 2.547501745301334 
0.944366189969824 0.6737518880899381 -0.0224141703290304 2.547880597973572 
0.9257487228238973 0.6936579872905488 -0.01726896332338536 2.504014946789054 
0.9318340454230866 0.6858179705669621 -0.03766235103007606 2.517974312310928 
0.9176992121176978 0.6985962557806127 -0.06318842070030423 2.484507984923578 
0.9053517864546577 0.7148719018593018 -0.03570842811200991 2.457497846715909 
0.896061966941472 0.7180262206465646 -0.07317640880384338 2.434676478326655 
0.946907428835417 0.6664410849716467 0.07965556812839676 2.553916315865806 
0.9359924898321857 0.679783474068955 0.05666208435070792 2.527549397479085 
0.9480717948743275 0.6684713436466948 0.03929777032060768 2.556414051782791 
0.9731895376140434 0.6342831918061347 0.008183511251406024 2.613388943855723 
0.9783155451167468 0.6262326600564437 0.01989645562896003 2.624996434039707 
0.970793164339056 0.6381473643401848 0.02188878810067153 2.60834304496696 
0.9798843846530354 0.6180889117971956 0.09366639623914468 2.62899942486137 
0.9758011808325264 0.6197921588111879 0.1226280151346297 2.620156443206449 
0.9639756659639385 0.6429868759610226 0.09347648512167919 2.593623368596156 
0.9700040940088128 0.6385201523401901 0.04402617290948482 2.606755906117698 
0.9617065704788599 0.6494051278251362 0.03283960601033655 2.586837488703352 
0.969933377492422 0.6389817539284072 0.0218370341450553 2.606054492954148 
0.9901865254294296 0.6071737970458813 0.05179618252650781 2.653162657835738 
0.9809417494599575 0.6209880509604203 0.05235192408416767 2.63150856213725 
0.9853870818157726 0.6148251824566439 0.03650740773806369 2.641426858516863 
0.9477854938236491 0.6651177561037356 0.07880695467087179 2.555846536939931 
0.9483114839394309 0.6693447072871107 0.04085148856892454 2.557871433071857 
0.9629496401245106 0.6478041494252252 0.05909395502796867 2.590534569738865 
0.9124773998377362 0.7053073800043048 0.07405493656231994 2.474512644105216 
0.8963393557734927 0.7202939983867916 0.08394046034659434 2.438082322598047 
0.8998381605738961 0.7198922627066346 0.03762333103954699 2.445295695622491 
0.9481908843631385 0.6655806578062806 0.08076393292511209 2.55711293624713 
0.9329382450435548 0.6853629028066723 0.07940418638925273 2.523554979221006 
0.936239953748662 0.6802518417542457 0.05629360232661802 2.528461540485705 
0.948739375567614 0.6649863023263218 0.0803745237729505 2.558547014587902 
0.9372332583472832 0.6732625854934877 0.1106459443841889 2.531452800743836 
0.9321941419963927 0.6840392307584935 0.08143374164898352 2.520485429216993 
0.9913850879193933 0.6060859889739237 0.0110559319099817 2.655217615521147 
0.9926121620559296 0.6041733596691943 0.01844687485144136 2.658214257694554 
0.9889341799682025 0.6096749393422798 0.01727150786931936 2.649437406281529 
1.002007097116497 0.584392861855437 0.07386870454847022 2.680051980621259 
0.9930697934928973 0.5984034569657342 0.0859567834028654 2.659763311336093 
0.9948276902957683 0.5969255378817483 0.06168895269935267 2.662856310512752 
0.9999830775581577 0.59147905131721 0.0006497849850396376 2.674867712229128 
0.9998390876173342 0.5917786771799691 0.0002125971673442633 2.674565958885065 
1.000153515945397 0.5912446385152879 0.000197935969261176 2.675295536550427 
0.9993878710127048 0.5927130990130802 0.0001116772775919832 2.673619711566523 
0.9997348123201534 0.591861504457617 -6.171412055114334e-05 2.67426801337228 
0.999573150674675 0.5921039157828114 0.0007419623203744647 2.673874773241677 
1.009030796442498 0.5754169153087059 0.03885191283544649 2.6964844694945 
1.013703023884685 0.5644609420121988 0.018953451125825 2.705316819428137 
1.015754112682234 0.5613761830547828 0.03426226176407743 2.710983936735619 
0.988952419149186 0.6100389617090133 -0.0001268724724767768 2.649566068014154 
0.9927180052500867 0.6041004573722367 -5.313884208439643e-05 2.65833714480224 
0.9901383874410465 0.6083271054194075 0.00473607332768524 2.652436959074748 
0.9992934004612103 0.5926342153238195 -6.680900030755646e-05 2.67325756915951 
0.9990757342019152 0.5928566766469022 0.001727960875213152 2.672668883119601 
0.9984634468521226 0.5945415907324847 0.0002661362154511283 2.671634962195534 
0.9998454166436511 0.5909238241941377 -2.980184453209692e-05 2.674078957460382 
0.9999327500913251 0.5910135868750711 -4.67561863580423e-05 2.674422581142851 
0.9995721920110339 0.5911077211694806 7.303275887964068e-06 2.673279302468769 
0.9998243489306786 0.5909190151996334 -2.847857170995171e-05 2.674005459572157 
0.9999276021454936 0.5906387091740045 -5.822308030154447e-05 2.674188500922343 
0.9999196232948713 0.5909537021853049 -6.652223662635456e-05 2.674342429679464 
0.9975947902529422 0.5942784252061341 -0.0002226080411736708 2.668590411090324 
0.9987347667130881 0.5923693534339719 -0.001726141536124893 2.671244776109618 
0.9987432779491405 0.592623788957544 0.0001704018241361465 2.671422046801594 
0.992612539047743 0.6033866846756223 4.139222770000284e-05 2.657563987841503 
0.9935810218852841 0.6012402100922521 -0.005831586519895918 2.659479866327569 
0.9958280024142371 0.5979697507292239 0.0003107063804670728 2.664937215544204 
0.9926423995144779 0.6032963015429896 1.197359925306429e-05 2.657614435870093 
0.9899099115233858 0.6081484629108954 0.0001178869801113807 2.651552621663029 
0.9911875443156054 0.6056468378835633 -0.004723446862248542 2.6542508803347 
1.003869275813527 0.5841027412401304 -0.01031634854708581 2.683595580215336 
1.006796166806813 0.5781793397397533 -0.008293336409093906 2.689838130994938 
1.003517945671158 0.5831788837311154 -0.003183580901536911 2.6817206014305 
1.006000640199223 0.5788037346133169 -0.03078471016197441 2.687989491417662 
1.012978150148986 0.5647736793262911 -0.04275405910151703 2.7038612591761 
1.013079248330818 0.5656632024609192 -0.03090803952913231 2.704267372458203 
0.9890630464630745 0.610124087068345 6.861461227870459e-05 2.649982510855891 
0.9879205559086516 0.611977392691181 0.002849307057394114 2.647376411155048 
0.9869405475465199 0.6127773650768855 -0.0004673993673229448 2.644640457203672 
0.9780313126879093 0.6184759558774867 -0.09774066727959647 2.623832396611324 
0.9749167459795455 0.6220603102363792 -0.1272234459932247 2.619063799689551 
0.9938904982328376 0.5949038792850964 -0.1185006926347227 2.663547050729044 
0.9984771068327682 0.5892006860561829 -0.06684734698398266 2.670654748913231 
1.003880673376927 0.5773472189206702 -0.08963330100668923 2.683554592758274 
1.011421291675063 0.5668853833345724 -0.07212866961078895 2.701425965673201 
0.9188154013025438 0.6989875320298082 -0.06095776953236105 2.488127296046785 
0.8977719288361621 0.7171477955581639 -0.0742450399731642 2.438966888067191 
0.9129725180888028 0.6998110413289451 -0.1035694453252355 2.474924617456366 
1.001170995181779 0.5895487698732879 0.002189663684568926 2.677682052890417 
1.000951441760288 0.5897550643999012 -0.0001784892202450132 2.677069709200822 
1.001856465844063 0.5883950333148826 0.001339958623237267 2.679284606918234 
1.00091448387352 0.5897405295715629 0.001974469334863987 2.676938727537035 
1.001961494151182 0.5880291061811148 0.001683818377333242 2.679418695000915 
1.00127874838126 0.5894570189352624 0.005142759114099173 2.677996834597874 
1.00129931507334 0.5895992925475521 0.005519191154956581 2.67814998413888 
1.002043483669471 0.5878045465203505 0.001277982538983824 2.679556575341877 
1.002910957146117 0.5870790915034708 0.005615357593938434 2.68204129300748 
0.9994216255101787 0.5925192668973704 0.006878391857270296 2.673631396119911 
0.9978646447851178 0.5955725125917607 0.009234914181544327 2.670306118187121 
0.9961886801276675 0.5981219610159833 0.004854829064153598 2.666236732824484 
0.9992806057133254 0.5927066711267689 0.007019478380187947 2.67327983724276 
0.9963112425082018 0.5981090159252086 0.004988727925794988 2.66663494965503 
0.9977258126523741 0.5954056399600476 0.003953892097395948 2.669706146113868 
0.9978649018991721 0.5952081685553745 0.00397951819015722 2.670048342801097 
0.9963549219666744 0.5980588779881041 0.004469921002868285 2.666753893646847 
0.9958630047564434 0.598715575606473 0.000116315511617589 2.665503946204636 
1.006231046264871 0.5803905522250769 0.006280404465618366 2.689229141951516 
1.005042792436023 0.5828959138147832 0.01633650519564894 2.686824320511251 
1.003660215254794 0.5857552146888685 0.009596623847529136 2.683782497117084 
1.005839863445795 0.5805812075139801 0.006403779263268321 2.688038841508086 
1.004054646465784 0.585478283030736 0.01005093511194825 2.684949500224198 
1.004008168104981 0.584212259274279 0.00315645111229087 2.6840047126857 
1.004053106698448 0.5842314345473721 0.003232141665346827 2.684171902440053 
1.00398360874625 0.5850144393234137 0.009508824638160043 2.684439505605245 
1.002721742875629 0.5874119547923563 0.005708237777005316 2.681602030088045 
1.000707339604885 0.5906629204421815 0.009873890827568638 2.676836172240487 
1.003023447099858 0.5863268750007768 0.00602074466889367 2.681972858052143 
1.003925907472926 0.5850369733943652 0.009765377593806886 2.684260344036411 
1.000371795365643 0.5909907585738152 0.009530792371709632 2.675905379221727 
1.003948597609528 0.5847844616857563 0.01046799288321431 2.684194899544695 
1.000237994225643 0.5911056619696682 0.01408301605688074 2.675583182249119 
1.000154839239397 0.5913833115679377 0.01445434310767484 2.675473855359743 
1.004174616350214 0.5843010004579988 0.009901715992088566 2.68465214241649 
1.004709380309384 0.5838922749518947 0.01639158402987376 2.686291001191454 
1.006748673563386 0.5792170045691483 0.02416372280206038 2.690564440879705 
1.004495385322859 0.5841264904549656 0.0164693474274065 2.685694807716688 
1.008963829266509 0.575228385870891 0.0128123408184449 2.695466882797265 
1.006919426290167 0.580439092367701 0.02568492736661524 2.691846584714238 
1.009003508350914 0.5749931134797771 0.01247851288855971 2.695432243238908 
1.013035260075134 0.5660667462149361 0.01970094941619014 2.704061295427126 
1.013443085698313 0.5668926825686522 0.01815152218134415 2.705893903995412 
1.008747492182572 0.5758486345516675 0.01212083781255215 2.695079248009019 
1.012276059749181 0.5694229914628384 0.002441292038542243 2.703187331106697 
0.9809266154674265 0.6216681042577635 0.05281027659909776 2.631893861962531 
0.9910363527071896 0.6041998340656176 0.05157771510736649 2.654093021440763 
0.9866016734009159 0.6114347687498921 0.06826049233338798 2.645026186085394 
0.9805652580511782 0.6213054362974123 0.05123038000251159 2.630365420566102 
0.9862877781644147 0.6122724221480249 0.06968457656012284 2.644483709528809 
0.972257764996375 0.6328340023251485 0.06758761769271614 2.611711257409304 
0.9720056213442009 0.6347936129157083 0.06811564252941896 2.612114005962086 
0.9873735461723534 0.6090098044143709 0.06885107754040017 2.645784663631138 
0.9791626775398149 0.6199604279091376 0.0925312337711349 2.627989268568391 
1.007226702461884 0.5762582844752929 0.05392748886493548 2.691631739968357 
1.008248040344986 0.5756663895535724 0.03717939228700125 2.693885986986352 
1.014497591838553 0.5620227176067658 0.05292069736438857 2.707906297798562 
1.006642605741651 0.5761396601215887 0.05216841429405258 2.689456842590362 
1.015164962669322 0.5614599976585055 0.05184463350210184 2.709662141819286 
1.013269726290886 0.5645497199729331 0.07788877498175267 2.706735215990185 
1.01327967389232 0.5618343391413001 0.07961178452377528 2.705480142895735 
1.014691580312127 0.5633681961463625 0.05146404657077089 2.709042175592945 
1.025277802644595 0.5365600445365912 0.07541102835361518 2.731956348278389 
1.001125503729218 0.5888000086366517 0.04991231517912571 2.678330072585235 
1.008688562554298 0.5744469651116841 0.03787814118796402 2.694607855393059 
1.007455212834151 0.57693887051427 0.05336278933245255 2.69270171900907 
1.000447660286617 0.5892298301346566 0.04897249116553018 2.676257237903692 
1.007080264769586 0.5771717725776618 0.05504206514840185 2.69161370540983 
0.995569160122911 0.5961091690546474 0.06330840016099576 2.664943366895855 
0.9954029270201299 0.5970482853621097 0.06377198630716939 2.664999552357812 
1.007441887438246 0.5747324807306378 0.05357158328033922 2.691192345892386 
1.002950874760991 0.5836447674755976 0.07334694834811152 2.682793768208195 
0.9615687015289588 0.6486028238111632 0.05892381916577229 2.587077947775667 
0.9702698092414448 0.6373315772258306 0.04339803727309077 2.606781292207187 
0.9713354729891415 0.6352025562543105 0.06676304255527468 2.61017117600373 
0.9615923515986055 0.650112180071695 0.05899462591255514 2.588015958736117 
0.972895669780068 0.6326833096478589 0.0665055052566885 2.613368535555095 
0.9636905908517382 0.6425186005566861 0.09087150791046163 2.592332945245593 
0.9641415738345845 0.6416394306961952 0.09216185281168036 2.593318717792681 
0.9713115850731824 0.6339869751356684 0.06547376615909774 2.609127278872417 
0.9784635244476504 0.6211085572265529 0.09373123169253925 2.626393031424345 
1.000337665851418 0.5907253215535088 0.03323900249604339 2.676104787078215 
1.008212583179118 0.5759738190182369 0.03856033439257875 2.693974068087653 
1.000870097875049 0.5876834502339287 0.04879970256369156 2.676780034581469 
1.001280575634895 0.5896027086562077 0.03364867150065844 2.678562270106421 
1.000619888730962 0.589094465718192 0.04812674989661563 2.676715617786149 
0.9944690862678196 0.6013805627582334 0.03784095667358238 2.663175967345234 
0.994139113283249 0.601495979082166 0.03640231164567974 2.662077235755954 
1.000319263110782 0.5893936927516188 0.04961170724417603 2.675917335188968 
0.990618039975744 0.6048106771562741 0.0519853935961393 2.65322251099123 
0.9905631321251123 0.6075730742801871 0.02936672625196465 2.653787106073211 
0.9964718466455083 0.5969534933601818 0.02686886846319216 2.666781311080265 
0.9945596918064092 0.5999800070202032 0.03654822926731804 2.662617599846495 
0.9902391959756985 0.6075093312794376 0.02840880038540082 2.652639974432272 
0.9943848699568162 0.6004348849018835 0.03766167837320079 2.662314641506268 
0.9859125611767983 0.6134628923200008 0.03781925204506803 2.64241313382849 
0.9858062490013442 0.6152689681991013 0.03832974860975181 2.64317171602602 
0.9949863187781942 0.5998124711975339 0.03736978749628395 2.663823811856439 
0.9906790431857502 0.6063606835999814 0.05066781930781972 2.654285950743651 
0.9829161062588513 0.6197235601137899 0.0002264754307043852 2.635776860183487 
0.9850285198062887 0.6162789823774241 0.005329628639137221 2.640544568274864 
0.9810351364922278 0.6224200203801431 0.006320850992646396 2.631334481539728 
0.983055817221328 0.6193812334039658 0.0001593839149248964 2.636012601405284 
0.9806390372845875 0.6232808390832246 0.006969894934558404 2.630561230606471 
0.9781254478811526 0.6263155914994842 -0.00173482727719103 2.624266773819834 
0.9782770193235792 0.6274807636141218 -0.002745174960274462 2.625532431755861 
0.9812184879685187 0.6228689094975154 0.007105063918173538 2.632169439794372 
0.9739296502915676 0.6327543697761399 0.007304874281125992 2.614814232693405 
0.9951833484880239 0.6004728392170987 0.01182308606201634 2.664380144937451 
0.9978946716049735 0.5952449420351184 0.00947411626889897 2.670195206464598 
0.9974061521502692 0.5958446677334096 0.01568213734378591 2.669021653485349 
0.9949263526188209 0.6005085572075357 0.01110940325859851 2.663536737249049 
0.9973622212687866 0.5959778900407686 0.01624486579723479 2.668952610731115 
0.9929986376842576 0.6030470973885297 0.01851782574442846 2.658814744695493 
0.9929790777316837 0.6041739632815218 0.01900175194053393 2.659426062147312 
0.9977544731327807 0.5955238138369174 0.01596010228945502 2.669943043206335 
0.9962005592737955 0.5977153417380024 0.02609649025021084 2.666362572651911 
0.9807447306234989 0.6224091493329449 0.007092893142232073 2.630379801964528 
0.9848422710542685 0.6164564504456663 0.00502031385140693 2.640048854522061 
0.9834021042652609 0.6191193023231811 0.01255952874761096 2.637059819032534 
0.9808182751366465 0.6233833505151243 0.006450958357861569 2.631208168139793 
0.9841351186126681 0.6180850077002139 0.01263317249080404 2.638761664930942 
0.9781318536848757 0.626752307103894 0.01874162493113311 2.62478922632341 
0.9780120993217615 0.6263379441332791 0.02009427107725658 2.624148219981266 
0.9835060102195271 0.6186735014901892 0.01201694845441076 2.637081008755086 
0.983721438632537 0.6182577456738905 0.02499009529478607 2.637795340625471 
0.9998876903740532 0.5916547050182591 0.01343379464074669 2.674719084076631 
1.004567645672995 0.583917436146056 0.01700363813033707 2.685838217997337 
1.001321290896285 0.5885254291315904 0.02313633324024559 2.677851316188926 
1.000396437392038 0.5910101939108974 0.01358572610874596 2.676030899683137 
1.001143960926593 0.5891882127754672 0.0228982453274162 2.67763283138355 
0.9974545231290131 0.5964081851273575 0.01639615537810413 2.669517903473187 
0.9972494825913271 0.596637045572797 0.01540883233143004 2.668944796977584 
1.001004400996412 0.5891781320590367 0.02386042993706537 2.677174754110882 
0.9962243807677659 0.5968013135164811 0.02674252151673698 2.665918671439879 
1.001633625105117 0.5896651508827152 0.02445147339745836 2.679579642484487 
1.004989754827615 0.5832852964136865 0.0167618515614423 2.686855939142032 
1.006533316815796 0.5798009203236287 0.02449316955676641 2.690167178259602 
1.001093117639428 0.5900199857247942 0.02338223173766486 2.67795173568028 
1.006647760338125 0.5797238834770312 0.02530927752813703 2.690509949839144 
1.000964372034719 0.5891086069633782 0.03374591068617054 2.677301146128419 
1.001016325827441 0.5904114504520231 0.03495915241242604 2.678258063108548 
1.007020663998736 0.5790044637315929 0.02469956723571761 2.69128169975075 
1.008270297177307 0.5758571268795395 0.03756381263922965 2.69409593642908 
1.000030985886343 0.5914265785346645 0.001674151471347126 2.674997015987689 
0.9999491162880123 0.5916781774967677 0.0007224176691924076 2.674872291549103 
1.000417916596969 0.5906646602832915 0.0008904577962288909 2.675832599515603 
1.000049371761192 0.5915579764969866 0.001948336733765498 2.675136015430101 
1.000476705396109 0.5905471497248029 0.0007424456199355352 2.675958132874577 
1.000967655834452 0.5897999668544326 0.002064042590025727 2.677152948595066 
1.001034986252878 0.5895291861431122 0.00191782977661925 2.677217590623922 
1.000361677082946 0.5909584384495413 0.0007496133409765237 2.675817879803107 
1.00099443212371 0.5897636290727796 -8.723333058863668e-05 2.677218588790687 
0.9994396538133345 0.5925294289320158 0.006575766086181461 2.673701302150774 
0.9998700580693057 0.5915148782528161 0.004273900464114269 2.674518946912202 
1.000979605288364 0.5897652167976865 0.00572822610464386 2.677187125160372 
0.9993465274141136 0.5926364470265014 0.006669855758896546 2.673455304881792 
1.001112386776555 0.5895209934280893 0.005390413877953482 2.677480453927236 
1.000799511616773 0.5905188864216205 0.009101337265623635 2.677057752297417 
1.000797143004806 0.5902639788703288 0.009288578639588586 2.676896434797222 
1.000890666620935 0.5899255023656973 0.005421137059610954 2.67697841008565 
1.002801290514405 0.5867091622645565 0.006404623467806307 2.68146272629857 
0.9996026483318744 0.5921770829996155 0.0007771982489566307 2.674016093052812 
1.000030773618596 0.5912977471217782 0.0007156021605321184 2.674918866278104 
1.000003909072829 0.5914623244912608 0.001653172711591362 2.674928089711113 
0.9995746289600272 0.592249363112356 0.0006899074367598058 2.673965324883892 
0.9999821067629098 0.5913107303348553 0.001931469393173723 2.674766189103469 
0.9992284577732449 0.5929159781882704 0.001664972061251648 2.673211465929071 
0.9991515180008056 0.5929613551020171 0.001659335298997554 2.672982350846312 
1.000116308823903 0.5911223374255709 0.00168970899170994 2.675099514325336 
0.9999459276498285 0.5917710847587456 0.003925103404974098 2.674923881158097 
0.9929325837216821 0.598362510560466 0.08711792345170687 2.659348541770266 
1.002516456004811 0.5817574814988327 0.0734601983442254 2.680189522505112 
1.005270262809094 0.5751228967616608 0.09714329734776848 2.687561783708609 
0.9921925908592452 0.5979263531327949 0.08470975939765284 2.656420846584608 
1.005630505321188 0.5749739456993701 0.09728819122685235 2.688480550641097 
0.9925511821396706 0.5959778606821379 0.1154872258825432 2.659555364593432 
0.9922803817071941 0.5952424625537793 0.117296248976942 2.658314570119813 
1.005913046371526 0.5725145638392262 0.09649722486378386 2.688018268199321 
1.010340511177098 0.5580077642232411 0.1290131905844132 2.698372800962076 
0.9996551276186775 0.5911457689309172 -0.0002360640160366784 2.673576897822997 
0.9998079605712958 0.5909091305876666 2.093811332900181e-05 2.67394568366269 
0.9995665668157445 0.5911041817515005 1.05086907370491e-05 2.673258572855966 
0.9996869859461319 0.5911272002296512 -0.0003504310619712434 2.673671868194787 
0.9995765352825552 0.5910989105715845 1.973958518536643e-05 2.673288606813542 
0.9992954800923438 0.5914649674319481 -0.0006458208718870467 2.672570356089985 
0.9992643293713304 0.5914735218920306 -0.0006557031719438445 2.672472289449222 
0.9995854153045961 0.5911326672867296 3.741878375510547e-05 2.673337918662567 
0.9992000812633903 0.5917445289451023 -7.618005770287116e-06 2.672419160348185 
1.00002341186454 0.5905275266440345 -0.0001966554881181422 2.674385428946419 
0.9999480416639183 0.5892714142679139 -0.0001480813421380873 2.673664248265666 
0.999995598047873 0.5909132802347034 3.124889420386748e-05 2.6744890516561 
0.999994608282477 0.5904617441451767 -0.0002391970709707938 2.67430492768894 
0.999967350059889 0.590607895728038 -1.519263456747273e-06 2.674301193124712 
0.9996784384000533 0.5909022498842383 -0.0003549348859189439 2.673515279610467 
0.9996697271917652 0.5909527942886793 -0.0003295242429189149 2.673514176369172 
0.9999869059597233 0.5906192335160255 -7.951208686903884e-05 2.67437446986614 
0.9998009923961174 0.5909287988642486 -1.904209017549812e-05 2.673933481680275 
0.9987498867657369 0.5923266951508596 -0.001728395303319197 2.671269146040349 
0.9975010130396549 0.5944764728424849 -0.0002277162305980768 2.668397824871604 
0.9980065537781411 0.5938651423318344 -0.00336344757960995 2.669717862823942 
0.9987899007080679 0.5924000917583409 -0.001645900427668532 2.67144421095672 
0.9982527416290341 0.5930027231999152 -0.003565467170643111 2.670021706020319 
0.9997835334663483 0.5907286930825708 -0.002916411316539822 2.673764730125787 
0.9997096283409379 0.590657129701199 -0.002655534601798808 2.673476002660574 
0.9981103040268021 0.593173702293407 -0.00370795711024302 2.669650677169148 
0.9998448037616173 0.5909008402688507 -0.005321008252506531 2.674079955597798 
1.000696046922937 0.5893759443824904 -0.001439527601120975 2.675895886276081 
1.000267351472463 0.5882142470400042 -4.349889944672155e-05 2.674215337782177 
1.000161288238916 0.590195727725232 -0.0008812086001193637 2.674586285474051 
1.000643255966944 0.588865487066348 -0.001631561343373594 2.675538151372306 
1.000166658726947 0.5898062363620618 -0.000754639431598483 2.67450426873701 
0.9998416813314722 0.5907556487064823 -0.002717687972594866 2.673979627023931 
0.999797168111874 0.5907108393826258 -0.002612033842035584 2.6738035159136 
1.000241748656499 0.5899850939863726 -0.0009986744421194833 2.674861553593339 
0.9996604327137706 0.5908868215837145 -0.001401464046529762 2.67344637927074 
0.9988797575384282 0.5924311055911125 -0.008844386395648463 2.671793667320845 
1.000120484926573 0.5906381291571101 -0.005862365542357717 2.674843198303416 
0.9978761590571934 0.5933731832283045 -0.003391257849721886 2.668990404562305 
0.9986726763091487 0.5928849711991147 -0.008732028497995592 2.671372766131551 
0.9979814117621169 0.5933957244777129 -0.003006934012795678 2.669356391729426 
0.9964256815120757 0.5962960111180449 -0.00402474833706456 2.665925566959758 
0.9966876545602834 0.5959393074159832 -0.003872158579874224 2.666576890530438 
0.9981472147203836 0.5937335869144896 -0.003637087569124634 2.670107648137392 
0.9975050338319535 0.5945431596431907 0.000135997480048528 2.668450718735814 
1.001119934864054 0.5872966181038645 -0.008162027827471434 2.676269511298718 
1.003703765278587 0.5835080132330448 -0.01010064999328552 2.682685773298779 
1.003884590166446 0.5837195551942795 -0.004025994182936908 2.683302032906642 
1.001350231276519 0.5871443211173271 -0.007757989784428756 2.676945308999394 
1.00372370269566 0.583818255081061 -0.004051198176740428 2.682822342891272 
1.001736397410329 0.5870891526848442 -0.003546515864527287 2.678145583360897 
1.001728543322014 0.5875045396329007 -0.003862333016709333 2.678176355797232 
1.003721875414387 0.5843179606722451 -0.003556397905895067 2.683006294443157 
1.002394342245894 0.5840218638665411 -0.000387729299392694 2.678923127113096 
1.005624422648725 0.5817043955204082 -0.01758399861762335 2.688114472639558 
1.006834175772727 0.5773789479882153 -0.03042797383576972 2.689946373844114 
1.011254929597164 0.5694249625787986 -0.01828063685193866 2.699921664509603 
1.005362241453828 0.5816234656811682 -0.01825841693188394 2.687211402977892 
1.010718073170646 0.5703243029051797 -0.01691074351027363 2.698595591138685 
1.006853628249933 0.5766518578531652 -0.008251461601691884 2.689168151280024 
1.006906445514807 0.5783876542720898 -0.008674037568596938 2.690085489200534 
1.011416636445649 0.5700463072517028 -0.01674204601119704 2.700573391456069 
1.010919430828233 0.5677966015455762 -0.003494243437593111 2.69847574147179 
0.9860378318836048 0.6134422221968003 -0.01015118825260489 2.642129875019221 
0.9823938572999742 0.6200146829733819 -0.006630638661604332 2.634245527926946 
0.9818174670205554 0.6211369507487414 -0.01371697739632797 2.63314513970041 
0.9861659548360044 0.6135456762817088 -0.009601574831932736 2.642610357301962 
0.9820327548098338 0.6208105525379949 -0.01432861159656793 2.633641381337681 
0.9869360882643362 0.613198732052938 -0.01617086395081187 2.645019751786554 
0.9869410089802055 0.6128162780011108 -0.01611628461712193 2.644764881481813 
0.9815967697649762 0.6212230832883319 -0.01422325016353703 2.632442955244141 
0.9824878129427974 0.6191405428163799 -0.02341390119757497 2.634282224325017 
0.9912726338903433 0.6057558716259656 -0.004181390975055433 2.654586106103668 
0.9892503019139097 0.6092084771033177 -0.01027742646694338 2.65009025430525 
0.9926415346910066 0.6032314811205914 -0.01286727748667979 2.657663023350439 
0.9910593514073714 0.606001732367165 -0.004587564710061294 2.654028570215849 
0.9926199245429866 0.6031176181654849 -0.01240408636311971 2.657519100923603 
0.993672597339913 0.6009818170110321 -0.005990880080247295 2.659635127371275 
0.9936915530620518 0.6011279567266126 -0.005797812909963841 2.659789731251156 
0.9929437817218947 0.6028254503616705 -0.01262740135439573 2.658399814601702 
0.9962194046623467 0.5973939268121874 -0.01237931536886382 2.665958664056048 
0.9989272504770325 0.5920681155801983 -0.008575432584051296 2.671741080921823 
0.9961668133865331 0.5971939123032454 -0.01209292306914528 2.665641501411637 
0.9995604554022843 0.5906107417170464 -0.01373837666976342 2.673057112975993 
0.9986776677911323 0.5917997952598691 -0.009198496346639731 2.670761163726134 
0.9998604438993178 0.5904178176707107 -0.01371552428920065 2.673919928148728 
1.001587905169214 0.5883723694037104 -0.007743689973198435 2.678409201065797 
1.001469168019636 0.5879406753837459 -0.007185245650718168 2.677770128870616 
1.000065954958194 0.5906671432043606 -0.01411052641198346 2.674736170492138 
1.003622558353931 0.5827096961302902 -0.01056817499329082 2.681951079483824 
0.998124019832536 0.592670852659679 -0.02104665375980098 2.669577391124722 
1.005619961527868 0.5802445820568187 -0.03069607392640851 2.687558130991263 
1.005232391510479 0.5804179755317771 -0.01836894415758373 2.68609425148721 
0.9990892427018396 0.5917939236638827 -0.02058530417069989 2.672259876025257 
1.004895969383783 0.5807317267713659 -0.01854978348645674 2.685159425887561 
0.9998229319906262 0.5913572065176054 -0.01351933898750482 2.674325567903869 
0.9995529216515222 0.591102082595811 -0.0145926852531524 2.673292938552324 
1.004802689570456 0.5811141255886875 -0.01777184392311473 2.68505444100185 
1.00372367410131 0.5826366091544888 -0.01052085764823573 2.682244092827153 
0.9936123063042641 0.6001164822659291 -0.04695329006236379 2.659925286228909 
0.9987452230653936 0.5895013244329445 -0.06603557246483083 2.671721640922854 
1.005084283982534 0.5798449155918295 -0.04741546514020671 2.68618586920024 
0.9944062627783185 0.5991147897045572 -0.04652477897896989 2.661899299866144 
1.004365099303449 0.5801378219390814 -0.04686033641628753 2.683971380032709 
0.9995085376402099 0.5922998884217298 -0.03447977925814162 2.674320534300213 
0.9988360360679505 0.5920087840416047 -0.03678027162682695 2.671975096895626 
1.004441286377218 0.5803051768094815 -0.04621343214321853 2.684280388220521 
1.006227340696692 0.5779153521330198 -0.0305950983668451 2.688292653524527 
0.9891115533138842 0.6090018133544857 -0.01952826556500731 2.649598934746341 
0.9922617452470256 0.6035502339575898 -0.03094631035350516 2.657007541939169 
0.9951809095313502 0.5978792546397519 -0.01970432008905777 2.662935532993437 
0.989700129351652 0.607825062323095 -0.01932782036056669 2.650806116482983 
0.9951738408396165 0.598789211788944 -0.02005113424341596 2.663457476149675 
0.9929539623427548 0.6031226177621338 -0.01208543398847978 2.658594144531118 
0.9925964207323638 0.6034518222548365 -0.01277206117164894 2.657611478265227 
0.9950083414451175 0.5987287800732165 -0.01907968867568352 2.662857822698665 
0.9961824165668786 0.5965577532746013 -0.0119250366310775 2.665329464891506 
0.9695375328492208 0.6392443966286898 -0.06144690734398128 2.606730194836376 
0.9529970085918821 0.6586531648037037 -0.07135802913180248 2.566986103139639 
0.9642658774816564 0.6401427754506364 -0.08830811317733815 2.592229906579137 
0.9681576991762202 0.6400728704267133 -0.0627661619823118 2.602849361656206 
0.9651122864909578 0.639740515401086 -0.08812726109671445 2.594632841029637 
0.9776289206500471 0.6237626541992054 -0.0724280626835907 2.623719071284033 
0.9781026043268639 0.6248672994303963 -0.07066271115892282 2.625799108870653 
0.9654496184547321 0.6394938734573614 -0.0886431446526465 2.595447929532489 
0.978262339184178 0.6191012019911188 -0.09729161790236569 2.624916792929067 
0.9876085804211017 0.6090386061448978 -0.06475240519995103 2.646644368412013 
0.9780969088300004 0.6248171943281644 -0.05361109826714003 2.624640819134194 
0.9775787887086657 0.6240563249584268 -0.07219139241659701 2.623701482547316 
0.9882328082528521 0.6101931436399493 -0.06320273584789046 2.649278980347995 
0.977559980939733 0.6245591062584107 -0.0726519386453239 2.623775961796541 
0.9909237327071237 0.5997155184918367 -0.08245142586011765 2.653186776951009 
0.9916739110614307 0.5997578095523708 -0.08349009479878507 2.655700715636685 
0.9769189907079674 0.6253187208097457 -0.07267093569977216 2.622263481631669 
0.978565512134301 0.6189183455425368 -0.09782813106530329 2.625768929269491 
0.9766149458206492 0.6296942670567429 -0.02448249569710031 2.621822252677412 
0.9669292889694657 0.6426028208819248 -0.01954021291380516 2.598611002200037 
0.9697618045599238 0.6364756555972009 -0.03704385030512263 2.60435521234268 
0.9759859718948812 0.6300405149514664 -0.02478455226700175 2.619990602521857 
0.9708791344158942 0.6359290140087388 -0.03817287512412278 2.607635698628076 
0.9805775371139839 0.6222290109863886 -0.03625522618427907 2.630359331544814 
0.9810091711782035 0.6229854754764694 -0.03471252217697506 2.632178888082152 
0.9706301183529726 0.6374548949249116 -0.03798749475090385 2.607707276458951 
0.9776034046190305 0.6244165814263676 -0.05248667314266298 2.622760332643261 
0.9868797316923674 0.6133412842713374 -0.01497372417732974 2.644857838788911 
0.9829827440417305 0.6187957693271903 -0.02386877345781952 2.635689418107273 
0.9870565399709159 0.6121209148102983 -0.02974322127959145 2.645081118889899 
0.9863817932243292 0.6137688547587474 -0.01549137790987974 2.643487930753504 
0.9871977794364458 0.6119074072611653 -0.02920782361602174 2.645401874169826 
0.9892904296560097 0.6081770471371755 -0.01908449486013214 2.649701981752664 
0.9893996910855148 0.6086017971078487 -0.01823367969003149 2.650301540536659 
0.9876503813881211 0.6114173904813074 -0.02983043342565601 2.646587019635001 
0.992336042156681 0.6037193713860486 -0.03226562692149736 2.657392578770218 
0.9785615364585081 0.6262640436849701 -0.003454526399230076 2.62566015732197 
0.9730907991215402 0.6341249919930424 0.007940989138889179 2.612947044396515 
0.9691204193534424 0.6394357860085746 -0.002032649359239385 2.603519223769516 
0.9789413756297305 0.6260446395360477 -0.002584045853750431 2.626747362652517 
0.9695188674485167 0.6392723186179413 -0.003552829680396184 2.604703971518946 
0.9777958976888701 0.6283017465063234 -0.01188592720258013 2.6245731124079 
0.9780559548670811 0.6277689958011695 -0.01166790193208334 2.625049304049602 
0.9686014299177511 0.6403042472636107 -0.003222146058982793 2.602352486889956 
0.9672020408035586 0.6412602549987241 -0.01808344532684185 2.598648202571556 
0.9872800941944933 0.6118658784757171 -0.0306097615015575 2.645674821290721 
0.9824963431946102 0.6205779894949615 -0.02478635839977504 2.635260172709565 
0.9805810431988324 0.6215348101345813 -0.03555216418011889 2.629887584435899 
0.9876225078307852 0.6124165788005325 -0.02955643935696262 2.647104940827349 
0.9805444356435083 0.6219179141873935 -0.03575383376331963 2.629962779320572 
0.9874023370662222 0.6100721027337617 -0.04191442343743152 2.645357258678337 
0.9878773677922469 0.6098550255368416 -0.04272663077615529 2.646809628824389 
0.9800420747983932 0.6235633887958676 -0.03603195754049152 2.629398554802396 
0.9785518654296183 0.6239395407618482 -0.05279569557814204 2.625533512420265 
0.9863076159519752 0.6141889453180025 -0.009853788925378 2.643490466664202 
0.9891163651282036 0.6097646239268772 -0.01026570094856927 2.650002600411134 
0.9882947816571236 0.6104772999472535 -0.003277806394197483 2.647666300975273 
0.9860902381726387 0.6143888195821505 -0.009451487503282681 2.642900794988769 
0.9882739590972771 0.6104188682399814 -0.003642715721140125 2.647565057107 
0.9863886576633243 0.6140672155916702 -0.002520294996737466 2.643622924103444 
0.9867703850269763 0.6128237776031213 -0.002914138573379838 2.644109971563402 
0.9883370866403193 0.6106167229360279 -0.003528062968157757 2.647903759492838 
0.9879196291649949 0.6117014744799588 0.0001873484226462594 2.647196410522582 
0.9588049952858391 0.6556064712635685 -0.02063106468184953 2.581252524465367 
0.9436085891975982 0.6737616496546518 -0.02211745251556176 2.545467628117421 
0.9447916637899678 0.6701974951077811 -0.0459546150126514 2.547595996152656 
0.9577507455287924 0.6562683371582817 -0.02088407531273935 2.57832201673566 
0.9456594270198165 0.6698656726680725 -0.04628711605706901 2.550122213054098 
0.9594185496911457 0.6522830793401183 -0.03953146471238007 2.58166224132451 
0.9603742223465166 0.653190575994591 -0.03645074349930381 2.585101171155054 
0.945679104999066 0.6698272825126502 -0.04712305121362956 2.550143544426688 
0.9522059571229683 0.6588524053028021 -0.07049061069788105 2.564820973011484 
0.9778465560154619 0.6279785802875221 -0.01070748345380814 2.624483909116003 
0.9680790996948953 0.640667533799916 -0.01948652900379044 2.601110113843081 
0.9764191559204748 0.6300766145941249 -0.02508875643339884 2.621492861652294 
0.9769533132380265 0.6283170632584352 -0.01073561899474533 2.621772781247909 
0.9760566709605821 0.6294080263360629 -0.02360990069754515 2.619833247560728 
0.9820741305382741 0.6204731995886329 -0.01397724575744701 2.633541497442779 
0.9819089312589234 0.6205995128043018 -0.01359805857846625 2.633072676121426 
0.9766321832973949 0.6290336539165023 -0.02433686401143423 2.621472764241632 
0.9827810455780909 0.6199003257855835 -0.02479553453378303 2.635777610890976 
0.9672397046487432 0.6441645096370164 0.01141319601540929 2.600526236331164 
0.9565242179672701 0.6568059525876017 0.0135337007402547 2.574760379289091 
0.9598954773755094 0.6538019122955578 -0.006167447258762075 2.583461145792427 
0.9664746956677436 0.6448578704594489 0.01120063495128538 2.598517430923877 
0.9601121326084895 0.6530763894069465 -0.005613220022422211 2.583620359092816 
0.9689571030975258 0.6396467131131175 -0.00352595166078357 2.603089293131701 
0.9693353796017596 0.6394526346589321 -0.00243528272250855 2.604156020090609 
0.9607920344135009 0.6527697071823692 -0.00691416823304036 2.585587912307369 
0.9670162934896279 0.643864273938153 -0.02027171433106204 2.599883606781177 
0.916719033381191 0.7042840994267636 0.01715595326348953 2.484090197467496 
0.9320948633199303 0.6867661865981785 0.02784456111640479 2.518930878055981 
0.9217226587917857 0.7001151574991382 0.04633578994048144 2.497248818171478 
0.9165904176197204 0.703555658577079 0.01551255401755201 2.48284077290807 
0.9220593365277758 0.6983803485967365 0.04679455861559811 2.496662915135684 
0.9021668634856232 0.7190762772675224 0.03670744395101581 2.45181960762239 
0.9004992982240322 0.7187708239131133 0.03881239943316225 2.446546728454393 
0.9223467278474327 0.6976351780819711 0.04720150131296713 2.497153685383129 
0.9115353157877182 0.7081440637687502 0.07409443017109106 2.473936982338947 
0.9347714214977327 0.6823715680297705 -0.00254262836498631 2.523721429982179 
0.931487281051756 0.6874959816353996 0.026880692729353 2.517515319107691 
0.917849970695358 0.7041164233042856 0.01561750393855114 2.487354487470003 
0.9361491524813201 0.682375157031496 -0.0006716396809741463 2.52801492805786 
0.9171736736306222 0.7043341076026305 0.01514377308837796 2.485309536452929 
0.9249968443896726 0.69483742350141 -0.01658943472134305 2.502728168674318 
0.9249773425668217 0.693381516553245 -0.01867731370694419 2.501183813012506 
0.9168046664184656 0.7052512760248631 0.01603155744495721 2.48464403579576 
0.900331774136277 0.7209437120492969 -0.002872208229160749 2.446673629307848 
0.9700935630995102 0.6376440175390238 -0.03896627225402555 2.606292793868098 
0.9669647218321702 0.6437301678995608 -0.01938949535076612 2.599536666873068 
0.9601402391411561 0.6515861111378219 -0.03840840719213948 2.583393455441372 
0.9710430418198699 0.638658792648668 -0.03639914559526934 2.609859148807594 
0.9597435137800229 0.6529132537491729 -0.03827457280085399 2.582838850927697 
0.9674712312688523 0.6379056699789212 -0.0626371702098522 2.599188029467028 
0.9679732787013032 0.6379418008116017 -0.06438059414877592 2.600967717552762 
0.9590849809700825 0.6542161314731437 -0.03788233931904112 2.5816381808986 
0.9529467712908236 0.6586080544770029 -0.0709361981001264 2.567001434474727 
0.9469486774718435 0.6717736886737181 0.0199347194847069 2.554428324067454 
0.93215707387845 0.6864046282497752 0.02662841780567434 2.518999757490766 
0.9349110927948781 0.6851052563620131 -0.0004719911083618432 2.526257772353604 
0.9459164800547599 0.6722172021827757 0.01996974293104717 2.55153935057514 
0.9353287536045213 0.6848069534266082 -0.0003129636175946174 2.527196826855191 
0.9484288979758487 0.6670990904546127 -0.001542725742270267 2.555886546902466 
0.9490769237747515 0.6669041729527427 -4.0599488824673e-05 2.557756038957534 
0.9358132266825505 0.6845572758361784 -0.001583581144958212 2.528500614180428 
0.9431605481826056 0.6753076143130623 -0.02265635662405439 2.545364101648047 
1.005195694344418 0.5815791774590311 -0.04545960000706447 2.687381643191856 
0.9990729390031086 0.5886648683693262 -0.06625895775589632 2.67221812968247 
1.010599842034676 0.5664144838903168 -0.0694710397773855 2.698258784179173 
1.004261756675953 0.5811218294315003 -0.04733771872034931 2.684082212338279 
1.011230388056156 0.5660352536677119 -0.0693138833929185 2.700085850128986 
1.013821243973231 0.5639681562090954 -0.04367809070784068 2.706326897798959 
1.013618517715498 0.5678319364015495 -0.04158760595702619 2.707297995679232 
1.011753468018955 0.5653963194370147 -0.07018449139747361 2.701284475701457 
1.025171594346984 0.5339706164153658 -0.06210172901153473 2.730047895377274 
0.9951560782887844 0.5997360858022295 -0.0179535126583507 2.66391884893627 
0.9929333891759738 0.6024757884587815 -0.03152918091868619 2.658554769000393 
0.9987855597635128 0.5916049946563432 -0.03491488876914089 2.671548304755258 
0.9944689833089151 0.5998829925449085 -0.01921440023980931 2.661752876236932 
0.9989801289297062 0.5916941523397792 -0.0339688204591478 2.672218426696828 
0.9983747951918639 0.5919117310593657 -0.02001507894001454 2.669998384789507 
0.9985794518867012 0.5932376779077847 -0.01889351290148949 2.671379081517074 
0.9997613440164113 0.5905123781659832 -0.03487742946474189 2.674115392514881 
1.005869328483264 0.5795588798615092 -0.03195833285098806 2.688032553686279 
0.9935952924110744 0.5896589052750915 -0.1166828067732576 2.659077386437001 
1.012523321269257 0.5512261167556008 -0.1207041676389646 2.70166830646926 
1.004459887408983 0.5801347738292263 -0.088698074634179 2.686777187667887 
0.9937371432845945 0.5929822435276556 -0.1153974779262574 2.66157361492323 
1.004374391467571 0.5778289973532449 -0.09112147766740228 2.685661787932544 
0.9909412479734441 0.6006849977707703 -0.08272237975439393 2.653706318886521 
0.9915026489668616 0.6000605283098404 -0.0824882810219086 2.65510517036428 
1.003418710803166 0.5777643925009396 -0.08936567235517139 2.682298311079755 
0.9993108880732957 0.5896589796669787 -0.0649505581956535 2.673566649184598 
0.9882530919271855 0.6111483779340502 -0.04093650108244359 2.648742611734603 
0.9786085287700064 0.623902552364801 -0.0531646503845036 2.625634955960332 
0.9871714893805469 0.6085522060121352 -0.06300806619631007 2.644802960396813 
0.9872862805320994 0.6115112938388269 -0.04223908937900473 2.645819697374526 
0.9877991794059482 0.6082383573029789 -0.06288641245135819 2.646639755199006 
0.9944340637462075 0.598473195015548 -0.04641753063358377 2.661712239736705 
0.9947484851932864 0.6001677578455008 -0.04446825928782713 2.66364270849718 
0.9881558663000573 0.6079725102074489 -0.06367140863111315 2.647599840466139 
0.9985418404460114 0.5895151580304414 -0.06630710647065539 2.67110714213192 
0.9525875495530487 0.6559957449300049 -0.1157184999588865 2.567621306565753 
0.9666177929393642 0.6198591186542067 -0.1642166640577473 2.596994414232162 
0.9735391428363032 0.6200686060116323 -0.125537239452777 2.613462990310996 
0.9548803572529166 0.6521864841933449 -0.1147362740790289 2.572758075775099 
0.9736994938186246 0.6245355374429679 -0.127654882115789 2.616861002580213 
0.9645419707790592 0.6410833061945035 -0.08728121085355109 2.593675300027177 
0.9639859292133108 0.6421092384204827 -0.08895698703092179 2.592551040905818 
0.9730843624764941 0.624133080785633 -0.125419282802819 2.614412892351109 
0.9779663362018299 0.618346648411599 -0.09744921681379241 2.623596158040534 
0.9129364848017898 0.6996867473205335 -0.1029990743905499 2.473863690280762 
0.9184932731835006 0.682666775075414 -0.1499148503341948 2.48538941517821 
0.9398503349493815 0.6737712184420671 -0.101605942482679 2.538667419513608 
0.9150346410509925 0.697761990736867 -0.1028108268371532 2.479190206585149 
0.939242605732763 0.6727304428203917 -0.1047787813218164 2.536887685220662 
0.9382133564636755 0.6779037082117563 -0.0692413076834875 2.533683018473335 
0.937196684811328 0.6780277188766872 -0.06958390031522987 2.530499269132131 
0.938327638093771 0.6720837646997695 -0.1013681409931808 2.533040900385341 
0.9529752542568246 0.6589015135327527 -0.07047414313545261 2.567095152232841 
0.9827010076109681 0.6196009810246861 4.982393781257638e-05 2.634985602460832 
0.9826330298473303 0.6188557316757008 -0.0058849571316965 2.634315801060644 
0.9869893716694689 0.6135670930483383 -0.003220809775461456 2.645294715776818 
0.9830651948335953 0.619098989636773 -0.0001530003255229079 2.635873155265498 
0.9868078282451398 0.6136153038221532 -0.00347910562701343 2.644727343637633 
0.9868766720168863 0.6133113277894841 -0.0003082688367997281 2.644752043704792 
0.9863812536478144 0.6140416912228555 -0.0005116383139527522 2.643586514958192 
0.9865701257510096 0.6130015792523563 -0.002590618741480936 2.643562005306919 
0.9878712121422191 0.61164855049481 -0.0002278821548065943 2.647005828830671 
0.9874525900001526 0.6124205504612547 0.009810411903516196 2.646155739730553 
0.9846412346947838 0.6161599238794371 0.005585618797793197 2.639218150108201 
0.9877492489384807 0.6121899643630332 0.003095848184550423 2.646932538720149 
0.9877443366830529 0.6119893221247467 0.009370298420876949 2.646850894016202 
0.9876153486188584 0.6122544516636462 0.003038308264487026 2.646533192000751 
0.9901308348662365 0.6083233770963314 0.004769229065120207 2.652392680789764 
0.9898898699353795 0.6085595246845542 0.004842762444254095 2.651757649462241 
0.9876399546088445 0.6117524238543279 0.003345877581308575 2.646314202453501 
0.9891237449137167 0.6100320153046594 0.0001029363874574119 2.650127564602487 
0.9892946922987524 0.6096260509825188 0.01752527298544949 2.650521655953816 
0.9843273522357427 0.6173389009768024 0.02422037864613976 2.639215145835914 
0.9834830102036836 0.6193341091021077 0.01307375758258575 2.637443260558467 
0.9887648650871997 0.6105967495928259 0.01759194437179233 2.649436790949811 
0.9835808991526488 0.6179497269585694 0.01326711699599357 2.636924489798492 
0.9876078502449428 0.6121810295174946 0.009710553312578453 2.646505768587619 
0.987790525823014 0.6119066114587721 0.009960556638319167 2.646924877581897 
0.9838802769771723 0.6184808339912582 0.01209134945417042 2.638232350192562 
0.9845581190895062 0.6167460660181059 0.005148546855178674 2.63929751606041 
0.9962078093245702 0.5980629727666258 0.004236881353465963 2.666257017257847 
0.9976290570884782 0.5957414615766198 0.009578782409339444 2.669624481917799 
0.9950867412698726 0.5998028151256962 0.01134876154917849 2.663656469429645 
0.9964299320816584 0.5977056936526802 0.004422082411376488 2.666774499726154 
0.9949836098915794 0.6001322430536496 0.01110263936785164 2.663510582380012 
0.9941894827305839 0.6018021503332448 0.00464087768087768 2.661831720848766 
0.9941209821051693 0.601812343433448 0.004244139846590155 2.661603007114695 
0.9948025053359068 0.6002824286004336 0.01159713588005646 2.663001227865621 
0.9915174262549259 0.6055037470341621 0.01134877569409375 2.655311753033156 
0.9482187974521186 0.6689424133195786 -0.001335199290593504 2.556399023580125 
0.9432439068352124 0.6739925592167001 -0.02183343739855619 2.5445585077123 
0.9576759441203997 0.6549725286406951 -0.02329978876828128 2.577326944278531 
0.9488016314483441 0.6681515014208017 -0.001763039015198225 2.557809581548774 
0.9575889576778183 0.6563811068508475 -0.02238836941373661 2.578073153668014 
0.9608809524638079 0.6513032425639668 -0.006037773225052607 2.584853804645462 
0.9600157220494488 0.6531491969803902 -0.006954126602766074 2.583299397763536 
0.9576073424774013 0.6549350130920175 -0.02140292950586074 2.57707682114726 
0.9671229517160738 0.6429323116155112 -0.0207844051378503 2.599586283318239 
0.931616193167236 0.6855552179186495 -0.03789151935857813 2.516602542358348 
0.9192115803608444 0.6995891126767795 -0.06330013973380649 2.490333526967361 
0.9371414408721399 0.677232043838801 -0.07137563369739215 2.530188709104101 
0.9317723222860055 0.6865004357573311 -0.03883481387721707 2.51791758315361 
0.9365852538782209 0.6757956613781225 -0.06955403653257801 2.527156638802254 
0.9453998623027385 0.6714636387397259 -0.04700413991681836 2.550683283256653 
0.9449721809859447 0.6719018890390003 -0.04815035354234246 2.549627342619079 
0.937720160948961 0.67552006907895 -0.070827283586869 2.530579897803903 
0.9520109965047396 0.6587959417382556 -0.07274406083851252 2.564382306126907 
0.9267627835139864 0.6935770852474977 -0.01657412572997297 2.506833274710533 
0.8997646253666224 0.7213137996821322 -0.002869815444642055 2.445062318568011 
0.9050629502512179 0.7137954257334498 -0.03447458247034601 2.456261562865329 
0.9252392190061841 0.6944673252937145 -0.01690133653724335 2.502755153673413 
0.9070220485605474 0.7135420898110739 -0.03584046567849435 2.461989629612481 
0.9321935867646596 0.6843072843365897 -0.03960574154248496 2.517589661980419 
0.9332927804235818 0.6847242143881298 -0.037682248367736 2.521298196566704 
0.9064699694205876 0.7135676212240604 -0.03648799756901112 2.460156842051346 
0.9180837327349844 0.6997371054092246 -0.06168520271790792 2.48693105021761 
0.9044862413546224 0.7131455231588739 -0.03683330788104736 2.453775702232551 
0.8991424657791087 0.7225852662623975 -0.001531827582400261 2.444138674788865 
0.8791472640907343 0.735057433389175 -0.0372173460101695 2.395558086698329 
0.906511998979501 0.7130635785578205 -0.0345493114117997 2.459744301840554 
0.8797972024529619 0.7345900553663868 -0.03843026826254652 2.396889275048488 
0.8957548147792949 0.7189619184452709 -0.07426750547271749 2.434666011039547 
0.8961730698945183 0.7174888694598052 -0.07544963541186916 2.434287268406857 
0.8783005301456172 0.7379317904925321 -0.03753987832072958 2.394678317613965 
0.864304194509477 0.7400727145712224 -0.08725723137152439 2.359511539301183 
0.9360851847705279 0.6817590153698325 0.05479694569525066 2.528977602936641 
0.9310599198608055 0.6869138930927574 0.02772920655882159 2.515996474863888 
0.9460374438650669 0.6720386739316452 0.01807991158235893 2.55177523261603 
0.9366098525173063 0.680758452351147 0.053961433578127 2.529966187035652 
0.9457376464089809 0.672478661326893 0.01842702081720853 2.551154579827299 
0.9501648449148913 0.6673390598365261 0.04021585725446217 2.562259460324772 
0.9487918592180573 0.6674871097701213 0.03964775163686009 2.558141527200599 
0.9453132349745381 0.6705343708407095 0.01975187478832341 2.548754964243167 
0.955943305617539 0.6588991749915608 0.01364391795950355 2.574260263607723 
0.9779719297236014 0.6273087199639147 0.02002716929771191 2.624618945366822 
0.9844866608710925 0.6165856312309689 0.02547588967563142 2.639214271355641 
0.9792418142322832 0.6247809193698539 0.0325247375010403 2.627509938513649 
0.9779025229032285 0.6267877839030601 0.01922168957478799 2.624039545719865 
0.9788359749475204 0.62589200235452 0.03376538938760804 2.626858915136765 
0.9702836952115239 0.6376543744978774 0.02360241428423816 2.606388149554876 
0.9700776469208788 0.6399421755647785 0.02325529030001057 2.60719380541827 
0.9797011249708816 0.6243297424512155 0.0337864730138386 2.628557772635231 
0.970739455122687 0.6372182691107828 0.04315816187587336 2.608317813471737 
0.9773415234854633 0.6170383314828505 0.1237357096605963 2.623143373817503 
0.9727552561607469 0.6144608503386051 0.1640417626256824 2.612756752579538 
0.9538207305549342 0.6520936739500689 0.1255528231881521 2.570726534919641 
0.9759606273970887 0.6207126016615573 0.1242790252140743 2.621095901433229 
0.9545253444371463 0.6506974979240603 0.1234796104558043 2.572034423188918 
0.9632663673154873 0.6418368418774103 0.09040293760245749 2.590275968716178 
0.9653211330209568 0.640037038876304 0.09225330329791059 2.595593268083024 
0.9536774964739634 0.6517993063604839 0.1222006528693968 2.569886588071482 
0.9473702561441272 0.6666400068060695 0.08152579639889554 2.555582663145117 
0.9614435493275825 0.6509222515392072 0.03214332248010433 2.586929811558462 
0.9557847310414942 0.6571422621384326 0.01488791091577883 2.57265265474993 
0.9667094956033129 0.6444187662047753 0.009829713240650097 2.599015974433786 
0.9619393421651103 0.6497619918945782 0.03119656107525659 2.58778299906281 
0.9664989340573116 0.6448723999193031 0.01019508956821162 2.598643651824879 
0.9710523159541452 0.6382035510573856 0.02263644960961883 2.609145062608121 
0.9700938571800077 0.6391612616097246 0.02242694803539338 2.60672350456096 
0.9664458159967113 0.6431681936980755 0.01099814917609311 2.597397527901311 
0.9734465444375638 0.6338506131078872 0.007913599172099764 2.613937781366727 
0.9802725402846599 0.6226874535561867 0.05251363692631637 2.630347953924261 
0.9704877811054847 0.6365659200985995 0.04485179864849943 2.607126410337124 
0.9790408003073018 0.6253691559707616 0.03235259776367552 2.627123293426499 
0.980787838350919 0.6217923488013057 0.05121653952820166 2.631461236359402 
0.9790598558037015 0.625754765834721 0.03338406182481733 2.627497488578701 
0.9863121349568459 0.6138728284640944 0.03715000975698512 2.643842480590085 
0.985413878214871 0.6154014565063862 0.03738157457903219 2.641945591701416 
0.9790977523299869 0.6244561831829836 0.03340174265557068 2.626854229256833 
0.984012388292564 0.6171934612575751 0.02479060892540474 2.638065794914194 
0.9496344085509845 0.6664483840240031 0.03908470990681313 2.560131343831859 
0.9556715805075356 0.6593208967710469 0.01397026233444819 2.573696285865177 
0.9626341863198582 0.6493537610705853 0.0324910231114189 2.589586114996485 
0.9487110213182715 0.6660665193259279 0.04126695662677062 2.556984539118389 
0.9617665149014784 0.6501335159295237 0.03155451896887155 2.587388385669664 
0.9611430008953979 0.650657758639924 0.05917254581445827 2.586962943928104 
0.961680810884567 0.6491096526598661 0.05750191506727316 2.587709615546895 
0.9617557508579971 0.6508842927043327 0.0326760347756104 2.587910210760473 
0.9712221168428689 0.6364663434821974 0.0443949771028264 2.609246413925971 
0.8971049437992993 0.7182060247855899 0.08576195375529047 2.438442158344317 
0.8752002625299793 0.7353753620269641 0.09778429965348144 2.388631693015981 
0.8801256507066209 0.7360495914072941 0.03995993538637733 2.399116262537307 
0.8958770274463305 0.722466659665125 0.08567852511366411 2.438181105836281 
0.8802240210345771 0.7346189422326341 0.04107459549476072 2.398603178730051 
0.8998275624997925 0.7191567036035842 0.03674489263049577 2.444634854971813 
0.9016236115744404 0.7186344680257121 0.03719266279552019 2.449507307461195 
0.8833017655208156 0.734547361562345 0.038257319017793 2.40751996133354 
0.8981256715346063 0.7213241872399012 -0.002720216227271135 2.440332744277076 
0.9321711116525296 0.683842879906967 0.08057300205832178 2.519532948049358 
0.9129142890860715 0.7068754884204719 0.07305053300192656 2.477305590473083 
0.9209172626146422 0.6977318453223584 0.04596520936019242 2.49287445635162 
0.9317653441910354 0.6864356431183771 0.08067892415149824 2.520610284621085 
0.9211689152969675 0.6985524097534629 0.04735158278569327 2.49452649177188 
0.9372058039516076 0.6800994773080263 0.05712958569150185 2.531326804444848 
0.9370317909786491 0.681613874107352 0.05617394461101365 2.531708808133991 
0.9224026673788188 0.6993240312459362 0.04548594296127063 2.498830304569851 
0.9307771501555085 0.6868603404869246 0.02654794681174834 2.514914590065712 
0.9382281188091368 0.6732191183927211 0.1118730087361973 2.5342355326937 
0.9246516156425443 0.6790928281610119 0.1551562269687822 2.502459098811082 
0.9133795584398007 0.6983582564992051 0.1165031722027247 2.476596393728843 
0.9374697404812929 0.6738686194159283 0.1116160415639502 2.532299180042244 
0.9149761620978164 0.699381821670094 0.1139365822194592 2.481816391921916 
0.9316727109655243 0.6829411084479625 0.07861869426093543 2.517590169673134 
0.9333996520901043 0.6822559773304711 0.0801288457722366 2.522392288398172 
0.9137114390657816 0.6999191937396994 0.1138008912057934 2.47825913745053 
0.9118777398392396 0.7065398031226319 0.0750809525016686 2.474010993959873 
0.9926286030002858 0.6041083223107888 0.01781131798265872 2.658195172974094 
0.9959210928021089 0.5980958976639688 0.02692450736936068 2.665668893245214 
0.9905041696285399 0.6064907691589134 0.02881475129169207 2.652928399007242 
0.9931746087997274 0.6034356976930997 0.01818655393890424 2.659582418814009 
0.9904194046203755 0.6072465905445955 0.02797718873225194 2.653086267654624 
0.9889359305266257 0.6105447246772724 0.01732072873864357 2.649955225408385 
0.9889349221233585 0.6103976361460693 0.01667286037757222 2.649836577307771 
0.9900270240418166 0.607724274841408 0.02893883276842101 2.652092452233985 
0.9841525777588362 0.6165673675598784 0.02560496511332676 2.638181771830285 
0.992234969294465 0.5994794530799387 0.08668951762673388 2.657609039665472 
0.979554923646563 0.6187830987282391 0.09373275359189497 2.628627193462009 
0.9864617501527326 0.6108140295901188 0.06700592484868435 2.644013042580188 
0.9926023106334216 0.5989709406604234 0.08568034979140526 2.658549533528457 
0.9868737608590823 0.6110396251021158 0.06908289220573478 2.645704514538816 
0.9955598535307815 0.5958972802050294 0.06231420228627904 2.664619285468181 
0.9947959731118379 0.5989421963921838 0.06295935915453389 2.664024277387405 
0.986872534994563 0.6110788625078293 0.06861568921978396 2.645716125920397 
0.9904070412281609 0.6050637350919673 0.05078485195633943 2.652609141567114 
0.9998544536944776 0.5917233895527818 0.0001663273582572649 2.674584388856676 
0.9999053167144066 0.5917751259680948 -3.681122553910488e-05 2.674784079923424 
1.00004454289163 0.5915290492357211 2.630690967236449e-05 2.675101396312637 
0.9998606533349149 0.591766577190927 0.0002414663648007694 2.674630539997873 
1.000055996142572 0.5915058181576669 3.062739442443607e-05 2.67512572373532 
1.000121618239894 0.5912636894260688 0.0002359464328642426 2.675200778074352 
1.000120658893096 0.5913215970424734 0.0001642741502747396 2.675231858665035 
1.000072067049826 0.5914797458189458 2.495645519511038e-05 2.675163769987396 
1.000213351043065 0.5912285432566248 -3.478165532681502e-05 2.675485053650419 
1.00035724621615 0.5907500128523003 0.0007975836328795654 2.675681113461037 
1.000032209218242 0.5915730167227166 0.0008227313139168793 2.67508672114224 
1.000126121600955 0.5912138929078413 0.0001258484719611604 2.675186099061549 
1.000378357965102 0.5907124694669174 0.0007378231790563926 2.675729237569067 
1.000100770055512 0.591408425663333 0.000126224452519899 2.675216831544078 
1.000264370347947 0.5910291324455811 -0.000130569114338867 2.675536793595953 
0.9997694263426004 0.5919684107708247 4.825567149045304e-05 2.674446717193768 
0.9999214852290358 0.5917339005342639 -3.157858495675821e-05 2.674813408369784 
0.999849769712161 0.5917020801828263 0.0001851930796476413 2.674556203183323 
0.9997169416424938 0.5919437329953917 -9.174532484278842e-05 2.674257556740313 
0.9998763045147292 0.5916723301120929 0.0001494386881068062 2.674626687065043 
0.9996210123811875 0.592157016584183 0.0006626067089719416 2.674065289298768 
0.9996394870038756 0.5921374749134181 0.0007308405426773399 2.674115098295571 
0.999853476966443 0.5918136437404468 0.0001494525885716642 2.674634367363227 
0.9999463172869557 0.5913894619735848 0.0008030363132146815 2.67469254515549 
1.003644710826465 0.5843925003310193 0.00352854378170624 2.682906945992515 
1.002941562377599 0.5872922817012716 0.005803053499424979 2.68226867798998 
1.001828058080005 0.5880236928176306 0.001199156174327406 2.678962465935339 
1.003676786613024 0.584951676671953 0.003264697208984489 2.683338914829234 
1.001867030758571 0.5882711056370489 0.001246860528673997 2.679244180770092 
1.002020425125786 0.5881072502509519 -0.0005882632966517976 2.679656942064843 
1.012980590234936 0.5685689222779399 0.01839726453286051 2.705242791652391 
1.017622833339797 0.5586914521139794 0.00808605698704621 2.715209527732399 
1.016360864856881 0.5606626351797469 0.03368535614169024 2.71262728758547 
1.005960826241727 0.575370818824033 0.09592866120178183 2.68994342623409 
1.001893274303421 0.5824471858714356 0.07290826159634883 2.67856701053688 
1.012956656993962 0.5641632589566907 0.07910757723763179 2.705469975966777 
1.00577792791074 0.5739069066698541 0.0972601070738477 2.688596963594757 
1.012937245653655 0.561499349514135 0.0784757465207544 2.703966832733716 
1.020653989725725 0.5428110365229207 0.1021476935849342 2.721876556947496 
0.9929078864541013 0.6041394043043735 0.0001540885297352627 2.659002918385311 
0.996012936277713 0.5984478850163059 -0.0001350389067831551 2.66582592741416 
0.9940865891536489 0.6014904027420911 0.004503027931917539 2.661310057728365 
0.9926811950820674 0.6041789957416843 -8.465573120754016e-05 2.658276055735052 
0.9941093528822503 0.6015895625711966 0.004754686652992808 2.661433572789076 
0.9900730842220324 0.6080908863033037 0.004965496625100754 2.652073898460223 
0.9900278651123762 0.6087785993070732 0.00497041084942491 2.652341994307424 
0.9942923889904284 0.6013480515765233 0.004664523573439177 2.661871994645879 
0.9915249860484127 0.6058577348488956 0.01090271670690532 2.655552055204477 
0.9991361161905424 0.5930651329416472 0.001488611452078918 2.672990063929141 
0.9998377514112216 0.5914910418154463 0.004560352627107213 2.674399694748137 
0.9980418687610019 0.5951392924857796 0.003949620459170106 2.67059794361309 
0.999266403801209 0.5926182610083105 0.001525858256028291 2.673157146763038 
0.9979702097895464 0.5954806025149332 0.003612440826974552 2.670564010965506 
0.9982119025901778 0.5944598372748591 -0.0002252106625758862 2.670749621749845 
0.9983340961690272 0.5942541613225342 -0.00016095711164535 2.67102696968109 
0.9976316186976718 0.595390578760457 0.003991230043387806 2.669386764481301 
0.9962618947182513 0.5985837777193816 0.0004104125323730854 2.666746801550858 
1.007249206844605 0.5791750377835124 -0.0004872340304060411 2.691899594276137 
1.009047790164446 0.5747524385273751 0.01196653728092496 2.695479105680155 
1.005923641564235 0.5811135578259226 0.005708912117485531 2.688611554780869 
1.006216675771117 0.5799904064577845 0.005841670704580105 2.688932161501466 
1.008671048545351 0.5753976680238597 0.01282695239652075 2.694593414641761 
1.005150631242471 0.5836965482313664 0.01724996875262056 2.687658491368465 
1.026031395924664 0.5377029733482399 0.04451272998325876 2.733330743476052 
1.015065835850881 0.5629906078614462 0.05326569432510384 2.710337704625871 
1.015117839875506 0.5640655030975641 0.03375170556364572 2.710205611384289 
1.01560132491806 0.5613244809728353 0.03350769405276335 2.710369822579797 
1.015044295955381 0.5623463079066617 0.05174750250911084 2.709865241712524 
1.007946777281914 0.575708270970164 0.03746746087487567 2.692946639754673 
0.9999378246608585 0.5910308816871588 -5.367203965560607e-05 2.674449661555375 
1.000030640997017 0.5912165422695884 -3.397067338980476e-06 2.674867914099226 
0.9996526130835455 0.5915106829522223 4.978432730074745e-06 2.673784877700337 
0.9999337169837282 0.5910169917722475 -4.332557902644142e-05 2.674427735403039 
0.9996547599294004 0.5914837165743376 9.188125739960904e-06 2.673776151159168 
0.9995725535214466 0.591184871567967 5.005818585667506e-06 2.673326080493198 
0.9995942153277212 0.5911779187168512 8.501188212988991e-06 2.673393997842862 
0.9996889613627843 0.5914526812953873 4.73123393922352e-06 2.673871570216257 
0.9992410942954322 0.5916448289475551 -6.965562512408981e-06 2.672496417067234 
1.000018165724025 0.590865949584946 3.940866674728108e-05 2.674547809366218 
0.9999409767015114 0.5893396765350364 -0.0001453253272836964 2.673657098542912 
1.000029849690902 0.5909967057958153 3.989446015208784e-05 2.674659104042869 
0.9999265414298619 0.5906375830765158 -5.32399952243586e-05 2.67418430674189 
1.000008060581172 0.5906610850630829 -0.0001073657498584695 2.674468560388472 
0.9999199320377318 0.5909560416114438 -5.762349519230566e-05 2.674344837252749 
0.9999164135677685 0.5909691166821113 -6.423393857991838e-05 2.674341011383341 
1.000004195547221 0.5906332705482555 -0.0001041326291786624 2.67443896492441 
0.9999991027327444 0.5910465134296121 -8.612372336188808e-05 2.674661520753882 
0.9988206133193893 0.5922460179190026 -0.001638699922127798 2.671454695840584 
0.9997156127203761 0.5907329512064526 -0.00142751000194197 2.67353816207453 
0.9993353186873266 0.591633240007523 -0.0006836688323262227 2.672801692999484 
0.9987053245937978 0.5924198664526823 -0.00160330586923937 2.671176482566306 
0.99931704770977 0.5914311143313453 -0.0007970637895598438 2.67262233649581 
0.9985906808880995 0.592619677407727 -0.0001363248885946098 2.670912874108868 
0.9986436317593851 0.5925021015980405 -0.0001304073969330622 2.67101885822587 
0.9992858096292752 0.5914604941237461 -0.0007795449660174038 2.672536062501422 
0.9992783767870873 0.5917041215566827 0.0001076853181351883 2.672655513470666 
0.9999677357242486 0.5887985098318692 5.801621485254385e-05 2.673550661130932 
0.9999756691216753 0.5905695063001458 -0.0002685719760409537 2.674212933352452 
1.000207266747041 0.5902711165317132 -0.0007280147497603161 2.674790607718514 
1.000150544932361 0.5900637827762198 -0.000808519527576935 2.674597594227681 
1.000012006402433 0.5903365311425484 -0.0001261636612615585 2.674280432675629 
0.9997285736518523 0.5908530354127353 -0.001218777118843591 2.673664787109078 
1.000928325386386 0.5868645605143189 0.000158991793379038 2.675684347150357 
1.000611198569633 0.5893468102007597 -0.001775147990376102 2.675566909159066 
1.001800099105004 0.5876438176831406 -0.003410630881402661 2.678504000016561 
1.001633765839237 0.5872146858074204 -0.003606388445432252 2.677887896330166 
1.000714755583478 0.5885706116109579 -0.001356834084595288 2.675596468151349 
1.000203245110843 0.5899423542296528 -0.005284347113805229 2.674721588984356 
0.9936436746514578 0.6012281026476702 -0.006026810128460963 2.659684870322806 
0.9960300269744996 0.5971151467014527 -0.01120138477854896 2.665157061635379 
0.9967073535164533 0.5960730718750782 -0.00369886835469967 2.666724789432869 
0.9938277756548293 0.6009222340527062 -0.005974579881042191 2.660098995942993 
0.9968111170368512 0.5962307406651753 -0.004195562000908832 2.667161732019929 
0.9956050205567814 0.5979387174744393 1.807234733345294e-05 2.664182321926859 
0.9956814768410075 0.5978906424686017 -5.454975300418218e-06 2.664404646335446 
0.9964392498685654 0.5961881189948809 -0.003810980160844538 2.665901675035113 
0.9977528446252669 0.5945044467253313 0.000360778583260659 2.66925091728543 
0.9897450628293857 0.6079527969021815 -0.0003015716072198151 2.650896833166615 
0.987721463857708 0.611940642506268 0.0001758490430441801 2.646687414648972 
0.9883991202251483 0.6107025072902165 -0.003652101180327305 2.648160726883836 
0.9900184040982224 0.6079972052411472 0.0001357260725528975 2.651824582683027 
0.9882902242000084 0.6106864083278363 -0.003845705918902231 2.647785002709468 
0.9911538495798592 0.6057750287503345 -0.004796966877521606 2.654218074221017 
0.9911486581110884 0.6053016618951158 -0.004903117297194705 2.653902607448117 
0.9880982865109297 0.6108530233013819 -0.003701745895809695 2.647245018227055 
0.9890691366814248 0.6095682287836064 -0.009847840395685091 2.649721405148735 
1.007128257315259 0.5784122406015689 -0.008000243711344831 2.690849080657486 
1.005038758923051 0.5784354123116305 -0.0002828507515969872 2.68480363669509 
1.003474731908149 0.5843289363266441 -0.003651777543419837 2.682086812481213 
1.016279397498919 0.5572551475190677 -0.008844006231802428 2.710748994328557 
1.011283950905468 0.5707799748395093 -0.0176066339050898 2.700538301988045 
1.013894070722447 0.5643431133897256 -0.03004333737942824 2.705934729680303 
1.012735769223749 0.5661475445213527 -0.02974101698693683 2.703336279480749 
1.011226961629827 0.5688631691727458 -0.01729674270619938 2.699484930683099 
1.006557453526848 0.5782660804338173 -0.0315961899155796 2.689577037474904 
1.013414557207823 0.5661672650938058 -0.04272950452188128 2.705762626816986 
1.024215563552617 0.5380262909956131 -0.0394741118887806 2.72787915449218 
1.01280227533912 0.5684361798367389 -0.02945047111195584 2.704514267234791 
0.9877591742296822 0.6121246708709018 0.003251183433325095 2.64692125714095 
0.9849749891695865 0.616563741121078 0.00418823987844666 2.640564374918199 
0.9861935355359724 0.6140476751587569 -0.0005175802015416498 2.642966448091791 
0.9875644894347427 0.6124569292426181 0.003122904924244318 2.646500678157688 
0.9861509944320135 0.6136099775194972 0.0001037996911659302 2.642565110313734 
0.987350164178469 0.6128703536425051 0.0001459087967343927 2.646046988676375 
0.9871763966676989 0.6130548999140123 0.0001148477628091765 2.645589405050115 
0.9867698120265622 0.6137047120838034 -0.0005658697935133458 2.644658820724449 
0.9873799954007908 0.6118078544711713 -0.0005478905396396828 2.645486214803391 
0.9737840537294411 0.6208702425361955 -0.1273598362581462 2.614340502485931 
0.9946216808574514 0.5789936976952281 -0.1487433686091697 2.661356139820743 
0.9939640969964402 0.5900415458050885 -0.1156012952132808 2.660771962126593 
0.8781502453557122 0.7353640919726866 -0.03695402710356576 2.392767544241951 
0.900306925573284 0.7208181511602786 -0.0004114066013158679 2.446453061084331 
0.8780105002015167 0.7378682358381987 0.00281093349418317 2.393614882133034 
0.8777629232607362 0.7353456131777656 -0.03898073738393836 2.39144853861677 
0.8773813104582229 0.7402959840254058 0.00336233767557685 2.393104180961348 
0.8500164917692274 0.75430909476546 -0.04083908765230647 2.326991863675298 
1.004029682988561 0.5789853082900771 -0.09038795623799561 2.684593191673487 
1.021827310833625 0.5371240491052665 -0.09133658600419883 2.722548391296657 
1.011498123529283 0.568295440039904 -0.070125447630768 2.702138257206364 
0.9442332852805975 0.6501875377657322 -0.1623885735379752 2.545080048773125 
0.9532409023268313 0.6538295223169625 -0.1133527103808741 2.568550706085848 
0.9369575245309801 0.6775627644761735 -0.1024970286302412 2.531960996696543 
0.9400114433628367 0.671073180873305 -0.1024713643958893 2.537614039399575 
0.9533582398248697 0.6539294420059437 -0.1141781908180504 2.569355825781999 
0.9521079719256411 0.6595020405030926 -0.06964909713341166 2.56470238891496 
0.8988238228660339 0.7099880749562443 0.1340930941864046 2.44343937620138 
0.894753142784052 0.7198307905456617 0.08529439514029856 2.433051620293848 
0.9147077358571732 0.6960617562577822 0.1151260765418112 2.478403393777756 
0.9137267216833886 0.7014013881878955 0.1154793125648425 2.479319511324889 
0.8950292055195583 0.7200990770829865 0.08591964343929313 2.434192770879168 
0.9105733712249866 0.705974337814862 0.07300726355801422 2.46938443401946 
0.8959064275938556 0.7205437892368733 -0.07404946520880021 2.435481910287502 
0.890071819122337 0.7145841129087023 -0.1261907870386689 2.419898382997285 
0.913255478466601 0.6982874620206586 -0.1042922484296514 2.474344869259455 
0.8570084425562541 0.7518327874761933 0.05519998740605016 2.345641463465342 
0.8765915916693378 0.7391916115996269 0.0006549329776986559 2.390192037204345 
0.883931807214611 0.7334139265228673 0.04046842739223622 2.408146619198038 
0.8826340833114026 0.7362768151451459 0.03925567319246825 2.406734609708873 
0.8760363846074383 0.7383746639960641 0.002798531724124073 2.388380636379717 
0.8984301997357186 0.7205435949215194 -0.003258988179093841 2.440658818029285 
0.9765636580960944 0.6194314624615221 0.1223420850490591 2.622469570411627 
0.9785042307760393 0.6192978827698344 0.09251209647926108 2.625326921374862 
0.991447344445476 0.5970954069266304 0.1168102278741701 2.656500165699802 
0.9760766578806622 0.6202103280714579 0.1244354122869223 2.621386934780815 
0.9922386648860049 0.5937902289180641 0.1161424107900221 2.657090194014089 
0.9949403458588013 0.5815663096997508 0.1503274449206509 2.663367020809232 
0.9502621117949923 0.6457635455825362 0.1649518269047979 2.561079802737074 
0.9358105743158481 0.6764844508260468 0.1124021575635132 2.529162009864856 
0.9549387757754874 0.64945207131546 0.1243896775276168 2.572307208094608 
0.9531813194571507 0.6531796112836085 0.1237215084573602 2.569243378927336 
0.9370445349837504 0.6733335155113713 0.1103922946897791 2.530936920917997 
0.9468120973116285 0.6658524120763879 0.07954521710816326 2.553085339070698 
1.000765096813603 0.5898089507227952 0.0001412976926215224 2.676482456158326 
1.000468536864613 0.5908127090429318 0.0008946537894179136 2.676088406381107 
1.000236076468647 0.5911542451469931 -6.567380634855442e-05 2.675516008000586 
1.003822804052571 0.5843497598672137 0.000279382519798668 2.683469868744432 
1.003729045515589 0.5847322167566654 0.003254584503404941 2.683388636282289 
1.00202725081718 0.5887758184766045 -0.0003974136801330292 2.680062731363389 
1.011967329267102 0.5583326816080306 0.1264114318687237 2.703815770404388 
1.004734684550369 0.5735644488514463 0.09597060640240389 2.684812528328329 
1.021188057073433 0.5422797889065573 0.1021321041864399 2.723196045007789 
1.004293006696325 0.5845262480867128 -0.0004079156673824439 2.685125164087504 
1.006548773775061 0.5793457453568955 0.0008911706161130112 2.689675022049713 
1.006114510205165 0.5809655341809641 0.00602212914939157 2.689180469630459 
1.023271157240778 0.5454060039906087 0.02215961629412946 2.727275781687748 
1.026614804263342 0.5390729758971534 0.04189328209374808 2.735907578867685 
1.015249883974952 0.563515903312623 0.03433786066004757 2.71044907516538 
1.000254457366379 0.588228806852403 -1.959705495858503e-05 2.674180924816538 
0.9998821309615104 0.5887761925040881 0.000158336143279938 2.673264693058627 
1.000280665060283 0.5902038303733229 -0.0007452278993102421 2.674988114714787 
1.002435071561327 0.5841127743800308 -0.000218404452838158 2.679110442217477 
1.000593614388387 0.5867340447799239 0.0006270537772989053 2.674509283109255 
1.002015539345989 0.5875428553476078 -0.003537259102006339 2.679153920916604 
1.021345891932903 0.5465694170857011 -0.02272856088239381 2.722240204134909 
1.016078234130799 0.555889609553785 -0.006902236255495763 2.709290216879695 
1.013274802010532 0.5657807394125922 -0.03113403790673001 2.704689053296564 
0.8629887935560178 0.7407560034451109 -0.08745747875279011 2.356393860879733 
0.8805439974510678 0.7361087551414778 -0.03706889962773512 2.400133649790487 
0.8503440552642757 0.7538141985590585 -0.04135541935452239 2.327144259070253 
0.9209268102165415 0.6808817906781884 -0.1503568113594271 2.491397345678245 
0.9442614447177609 0.6515083804205712 -0.1651141077105138 2.546282750031341 
0.9384820996567578 0.6757733491346278 -0.1010743052053083 2.535622362502467 
0.9259978961708146 0.6803366132117622 0.1566449430486986 2.507217364534409 
0.8998537822365007 0.7093311853266826 0.1352288799043136 2.446284747913928 
0.9114748195277401 0.6971658945418296 0.1142714028312715 2.4696202606086 
0.8750056959306752 0.7370143011865323 0.09745586068281271 2.388932625465679 
0.8574753180870466 0.7511582810048048 0.05749449245493313 2.346684604593967 
0.8797096286613564 0.734445042485306 0.03953789257394356 2.396630827624913 
0.9754416323687199 0.6135706716668244 0.1623210331865166 2.62090108264678 
0.9745821701527325 0.6190104983133499 0.122402039568799 2.615611385238893 
0.9956617173310179 0.5816943860507999 0.1509418117985171 2.665451560812074 
0.9735049883544027 0.6148286895326209 0.1646984989425188 2.615062178741804 
0.9530881157125031 0.6448600451427304 0.1636587790495114 2.569548335702146 
0.9518216362079386 0.6508631899340738 0.1236252164954118 2.563425867659151 
1.000179902341565 0.5910053482142401 4.540465948844328e-05 2.675241912830958 
1.000138289600389 0.5913571311409174 0.0002046536406121338 2.675311496451392 
1.000187310321388 0.5912774141120444 -2.046330908360998e-05 2.675427324197983 
1.001806607293732 0.5881241228234317 8.552592022819333e-05 2.678957711242758 
1.001788556598867 0.5883241182982688 0.00125040526145711 2.679017324063922 
1.000941900654929 0.5899724705726691 -0.000128347820030695 2.677164506061013 
1.014168427295815 0.5678699762066138 0.01901098262914448 2.708897810270489 
1.011914491296118 0.569505595572997 0.00211527819913436 2.701975875885759 
1.016297944109384 0.5592780469221058 0.009103856236153954 2.711123681880245 
1.016958441325001 0.5622580969342619 0.03457736060369623 2.715567587596049 
1.017414790654456 0.5583859769044802 0.007796735084169913 2.714253727785065 
1.022170467503242 0.5467574125111183 0.02269888834643879 2.724348932664621 
1.021779620996319 0.5433958506037307 0.09992580593734567 2.72583193707196 
1.012207674020651 0.5618661198804852 0.07863954723404795 2.701813966155771 
1.026458649757156 0.5356168718434998 0.07562483750530156 2.735363759110531 
1.007110214668973 0.5796693554553167 -0.0004824024659974582 2.691684359521063 
1.011010290283243 0.5701516121848665 0.003550689482813312 2.699377328196068 
1.009506226287247 0.575354773717622 0.01254390323718752 2.69736986512643 
1.026903570675609 0.5364354030198594 0.04384041022809834 2.735477399487614 
1.026615593884846 0.5372164460909689 0.07271688924764877 2.736654911002283 
1.014133383896813 0.5631171397744514 0.05245230548372951 2.707176438383312 
0.9999398577337593 0.5887933211276659 3.030178850557555e-05 2.673454912061691 
0.9998733691098523 0.588949589782466 2.95543709683674e-05 2.673326068798814 
1.00006607685672 0.5905551906746206 -0.0002265238495727683 2.674505080673184 
1.000778926088149 0.5869047711538911 9.229331905251168e-05 2.675210185893599 
1.000115589583467 0.5880100405489106 0.0002040234667757303 2.673651881044221 
1.000869529970144 0.5893469063619948 -0.001543744631448772 2.67642676863596 
1.00731023931847 0.5783994925711743 -0.008189751955372375 2.691444443197774 
1.010297863391167 0.5689237932955457 -0.002644958601749627 2.697004838904991 
1.004275832228901 0.5779097936102392 0.001090964664797851 2.681975800275418 
1.003919984043566 0.5841930979004258 -0.003325215985295041 2.683495012505754 
1.004623782768544 0.5788066413549346 -0.0002403472685421322 2.683626523324675 
1.001939473204288 0.5831507486884425 0.0002418726238345833 2.677188631926489 
1.015302804529979 0.5582879387072834 -0.008416399247368873 2.708004108729268 
1.010501209786464 0.5664168489115843 -0.001336784287563213 2.696348863896747 
1.011396895710262 0.5707023729005868 -0.01762144693170337 2.700877907838051 
1.0119572544975 0.5671345362270342 -0.04294742572780406 2.701395003608694 
1.025728128174208 0.5337912726983336 -0.06173074356173467 2.731762950059621 
1.025773606056652 0.5371917697521787 -0.04098449927486787 2.73279129009159 
1.011910471135969 0.567297309838421 -0.03035831760248944 2.700930068266266 
1.024725162923056 0.5382417604317331 -0.03903931931339862 2.729668757944967 
1.022167344984631 0.5451324896805317 -0.02379499569183757 2.724291629444004 
0.9734184865576372 0.6201501590278699 -0.1258796669797143 2.612924537253678 
0.9692248028049542 0.6174558932412414 -0.1647653953951889 2.603621432342508 
0.99629452097842 0.5799809978837343 -0.1530100828259316 2.667796738673447 
0.9925504595243294 0.5899834939236472 -0.116905350575545 2.656031607398138 
0.9963381530592077 0.5774998316580411 -0.1489476264719137 2.666016419478033 
1.014088796962577 0.5523480125437473 -0.1244754515905191 2.707914547830226 
0.8481490234774075 0.7545473589727933 -0.0397274338388001 2.321584448351043 
0.8799145816567959 0.7390402425449192 0.002753520274448233 2.399792671486417 
0.8477758078030564 0.7578028085313312 0.009562485273394076 2.322325308385625 
1.002698976097306 0.5798405512402762 -0.09015438616639869 2.680713739368211 
1.013022654379655 0.5504719875994389 -0.1209018699243553 2.702879341120117 
1.023668547232703 0.5367142925266792 -0.0938290562597517 2.72865435335017 
1.010004738095516 0.5672863844992448 -0.07183017438466455 2.696607024722856 
1.022607303247118 0.5369991578016897 -0.09090841508051137 2.725048488844728 
1.026618363609088 0.5335898949229682 -0.0646260908593924 2.734954703869465 
0.9465842489680585 0.6484138981139539 -0.1628244498157609 2.551205858336318 
0.9671981737722898 0.6206674290602181 -0.1673684620510284 2.599659192498615 
0.9529820104224505 0.6546244368721712 -0.1131779721708138 2.568051158339881 
0.8988902609889737 0.7113224341870531 0.1342226068323231 2.444183230067874 
0.87533087142177 0.7345016464454618 0.1003456221838327 2.388646029938916 
0.894365583203411 0.7188667260790492 0.084700492578313 2.431104149822315 
0.8984195090471567 0.7185375831254047 -0.07367026602627738 2.441778316403046 
0.8664654977278293 0.7389345782105499 -0.08749899355880075 2.364396533838559 
0.8890615915027613 0.7156556301166929 -0.1269338887224217 2.41776035834393 
0.91459031374277 0.6991056783606842 -0.1031171664828648 2.478872542030418 
0.8923507332753365 0.7131785615453393 -0.1266416993703793 2.425252998177323 
0.9181175599515897 0.6843866418305472 -0.1538516414968726 2.486400625541018 
0.8569192748186878 0.7532924500795166 0.05497493967557469 2.346209717678073 
0.847240005876649 0.7581487274376554 0.009863840293355877 2.321362679889126 
0.8766547724713226 0.7381671382323367 0.0006986906860675776 2.389644068132585 
0.9970297811072923 0.581273270152645 0.1482172161590107 2.670002004914192 
0.9907046435310453 0.5948305186236376 0.1156290755592177 2.652757953818304 
1.011047681466386 0.5575627717996162 0.1293400245562818 2.700216336858536 
0.9512212728983874 0.6465601010661496 0.1657529872118248 2.56425874040354 
0.9273460134943343 0.67791461671838 0.1543815871971631 2.510035937192719 
0.9342946955248349 0.6748363130399334 0.1108472994077633 2.523188066486203 
