0.9999931634200461 0.5916113480427055 0.004306606912513439 2.674987246401084 
1.001111538380864 0.5894773164150442 0.002029405579857673 2.677439694652871 
1.001046058359759 0.5900920377580806 0.005300114115529165 2.677599104663311 
0.9999976325924079 0.5913892824595643 0.004536111551917863 2.674867824440185 
0.9992127798175797 0.5931146115069449 0.006525259601781956 2.67329718408561 
0.9977028087494733 0.5956181689363278 0.004090413110806428 2.669759107362315 
1.004068295828218 0.5844016809099055 -0.0004593958696585489 2.684313574879976 
1.00546141508831 0.5811516656115837 0.005854673929296873 2.687102569480693 
1.003669755352607 0.5848050338829639 0.003207349606543386 2.683229034976809 
0.9973980277386386 0.5960573085003694 0.00971636753143602 2.66904414808643 
1.000469346176239 0.5902808831874244 0.009653266762793402 2.675814310937391 
0.999741829077025 0.5919840136219208 0.01376615371711644 2.674455439891773 
1.007935781631825 0.5749605388334321 0.03755254200040783 2.692511663991523 
1.005452748076269 0.5815030568877079 0.02420507123671036 2.687491719509865 
1.012882866720527 0.5662580108176688 0.02012046972834481 2.703635821764764 
0.9696646606655923 0.6388007929186709 0.04472042537026741 2.605872170234008 
0.9807082368514413 0.6208506101261881 0.05238575021316444 2.63045815514396 
0.9714533371573287 0.6348486963809021 0.06597510410219005 2.610339286049852 
1.001982346461545 0.5829526901078576 0.07468038419575226 2.679307731799129 
1.006247713717542 0.5763442898155067 0.05249375967343155 2.68820643688786 
1.011640643655033 0.565060548284923 0.07911350888707483 2.701638555516454 
0.989872407066816 0.6059715482766745 0.05225710887721566 2.651503426660916 
1.000303626061692 0.588776400411932 0.04944435124381486 2.675403156130356 
0.9948109505941127 0.598975044826108 0.06240316977821626 2.664101841144157 
0.9464812262148874 0.6650024845982558 0.08119665465228833 2.551793122824996 
0.9605400132704849 0.6501445545841611 0.05716851362347479 2.584488315496713 
0.9622011634560947 0.6443565529548435 0.09277844829340277 2.588758650040379 
0.9953831116508528 0.5982253802630561 0.02654847940988442 2.663963937300976 
0.9999513905044159 0.5913032621199207 0.03430322584832545 2.675214260403005 
0.9938345396856175 0.600392787963525 0.03695504337623209 2.660489828847653 
0.9836254568135445 0.6182520258396947 0.0254633487727487 2.637491545302828 
0.9902000088073362 0.6074277373237532 0.02894784373083096 2.652428749176445 
0.9854423768732292 0.6154139744275763 0.0365034121553947 2.642039032754727 
0.9827333192060286 0.6208258450397058 -0.007206060000685225 2.635894781523204 
0.9831606639722901 0.6199648757121845 0.000318877989818208 2.636718743192989 
0.9787320807315092 0.6268811788238029 -0.0029239096591907 2.626611990654094 
0.9911702516228411 0.6067674160759231 0.01144601433218664 2.654934916924043 
0.9948447833343417 0.6004122223425195 0.0115505835458395 2.663199163090365 
0.9925214212088473 0.604506596936603 0.01787720882052194 2.658114383813902 
0.9733293006768335 0.6333541320859257 0.008675944626854844 2.613254428242356 
0.9810562101815724 0.6237744649421729 0.006145352853083214 2.6322253030815 
0.9773218065794094 0.6283466959758168 0.01926024911093108 2.623150287558264 
0.9973454147459992 0.5961310755595386 0.009325389008705819 2.668906300604695 
0.9995603723448995 0.5920500765851272 0.0141747370668344 2.673894328187646 
0.9969555748990808 0.5962550108025678 0.01585603774478949 2.667780099884817 
0.995703339841706 0.598082795532375 0.02737920237306427 2.664972147891638 
1.00110794797778 0.5891667713256928 0.02389668166435556 2.677488503998442 
1.000179416866472 0.5910990565916941 0.03331452134534116 2.675834220696569 
0.9999643565206711 0.5915469982413929 0.004103891631124568 2.674852915190171 
0.9999537415021843 0.5918190165032529 0.001755545670723576 2.674970848558313 
1.000991041180038 0.5897026914066257 0.00237339574182141 2.677174018904945 
0.997598455277643 0.5959425968767743 0.009764864175696941 2.669640298109263 
0.9990191580185356 0.5929828604404233 0.006823920880911397 2.672569939890777 
1.000274981965601 0.5905852001252754 0.009948248731440243 2.67535617808076 
0.9992867884671958 0.5927781863321662 -9.919459825276742e-05 2.673322139724159 
0.999708864635295 0.5920258837295865 0.0007049779877867208 2.674279120749659 
0.9991897156857961 0.5931030085783137 0.001545713239712803 2.673193822006887 
0.9784764650463063 0.6203480123477239 0.09505607346505157 2.626139766671821 
0.9924177299399 0.5971470676060238 0.08615084511927572 2.656653985019271 
0.9905797831343068 0.5970906830582965 0.1159691116443657 2.65372622340463 
0.9999258748152022 0.5915189442841838 -0.001375965552272374 2.67470201744535 
0.9998285989187311 0.5918865935928378 -0.0003897703446904637 2.674592452735121 
0.9995491962449873 0.5924881607497972 -0.000807439163424734 2.674019072675596 
0.9999752788383134 0.591575502058582 -0.001301185857798433 2.674906958947869 
1.000219597207231 0.5912497294823138 -0.0003967930087474763 2.675519039019552 
0.9998064181970266 0.5917465063001638 -0.0005703548897277807 2.67444003037558 
0.9999536373592239 0.591428817342004 -0.001455414501113783 2.674740788372326 
0.999070903011923 0.5932343153206231 -0.001869381378759836 2.672873163263831 
0.9999542426889361 0.5915611186034611 -0.002816846777750856 2.674824441728309 
1.0004872377066 0.590703154280658 -0.005390732385676548 2.676111852741307 
1.001214627182584 0.589445166167562 -0.001838668858263729 2.677781347385369 
1.000014853607258 0.5915286539674074 -0.003024582341832907 2.675012830444218 
0.9965339849427723 0.5975064132361205 -0.01158804801448048 2.667056492257276 
0.9992005439861832 0.5935417678943968 -0.009514658980489508 2.673520574654666 
0.9966882588710723 0.5971811935186173 -0.003812876282549032 2.667326171662621 
1.00028677724197 0.5907138856948588 -0.005844495334918241 2.67544104300281 
1.001557688374817 0.5884241489145069 -0.008010586322043108 2.678364282330064 
1.00219906699198 0.5876629246887998 -0.004145855844009287 2.680044308412378 
1.004197405664256 0.5846846480589352 -0.0104004161484549 2.685001576321832 
1.005785753789962 0.5813630298713746 -0.01767149792081568 2.688462279673359 
1.007520954425424 0.5780961919476728 -0.00964728611836136 2.692245336756471 
0.9891978761881511 0.6099666748452448 -0.01037891927593478 2.65039092826546 
0.9859377586220138 0.6148943575240847 -0.01001006110827599 2.642701699486192 
0.9867678363179192 0.6134119932550465 -0.01532032451393551 2.6445796849697 
0.9927674084057724 0.6041848998141665 7.396876027936097e-05 2.658567893422638 
0.9914499199757403 0.6064703070704092 -0.00470672734943399 2.655612136592797 
0.9938343112857108 0.6023435648768406 -0.006162958424636034 2.660989047226448 
1.000493280257794 0.5907804993998573 -0.005182463674399645 2.676169877287254 
0.9991186593424242 0.5923326461588099 -0.009016663107961813 2.67254077143793 
1.001633654857212 0.5891010955214304 -0.007701531918409326 2.678990333089712 
0.995998570221762 0.5982810775885847 -0.01210117553840711 2.66574011074335 
0.9986380380793879 0.5934872638022796 -0.02026682486519067 2.671799303275936 
0.9999910638704449 0.5912814431624772 -0.01451941451122995 2.674891600936967 
0.9921779289881961 0.6039805273111923 -0.03286325022370728 2.657001789522556 
0.9940582031604582 0.5995676289806556 -0.04625949857745588 2.661085280027701 
0.9991862436100261 0.5918449343244236 -0.03607099769003585 2.673069061553023 
0.9889418869135703 0.6104192450013871 -0.01040403632702892 2.649819423610214 
0.9895552390820156 0.6092872548134596 -0.01875488724502186 2.651237335183051 
0.9928299338479861 0.6034607448201523 -0.01295204186242314 2.658415610851995 
0.9788156254152607 0.6251726767984933 -0.05233792949891662 2.627185995502366 
0.9688784143066793 0.6381923643161547 -0.06268235128457054 2.603855764672989 
0.9770853355368799 0.6248282792120557 -0.07178545860712995 2.622600566724315 
0.9987670731403882 0.5890905323732624 -0.06698636225174553 2.671643785713852 
0.9872951108603256 0.6109289359541601 -0.06574768400533296 2.646742752652984 
0.9910618554471815 0.6001496471386136 -0.08272030562386395 2.653901125704572 
0.9829942536259008 0.6210875911318292 -0.02407758957809148 2.637209936110622 
0.9761200171242861 0.6302051835739664 -0.02486343839963556 2.620524041333064 
0.9800334867697278 0.6225045536073918 -0.0351697956922938 2.628714700593313 
0.9892166750150275 0.6101478258857387 -0.009780281636985726 2.650560671427538 
0.9870341298511366 0.6133733750378172 -0.01543533243552761 2.645418373737931 
0.9894407537667598 0.6093673142497459 -0.01886032096152112 2.650915722086874 
0.9830320133818354 0.6205725245350358 -0.007036766926953133 2.63669584354884 
0.9782077005710006 0.6273540571942294 -0.002802957072477835 2.625188578527841 
0.9774291762363351 0.627855903064786 -0.01052137435153414 2.623043160771859 
0.9925353032219436 0.60326218192875 -0.03236249065569998 2.657765552478738 
0.986927316108514 0.6135960035671113 -0.03072855972458429 2.645566750375044 
0.9876272723705318 0.6106236969550377 -0.04201321463281287 2.646431764209207 
0.9831677024192091 0.6191529278350567 -0.006672907679565001 2.636259062184362 
0.9861784616775504 0.6152415231176405 -0.009774694135738893 2.643726256941883 
0.9869994535116678 0.6144187823079649 -0.00245480177902298 2.645852438532633 
0.9678159568462824 0.6438446986484228 -0.01929324239872767 2.602387950775563 
0.9582490644973418 0.6555912302582784 -0.02154892358387705 2.579530880810961 
0.9595972867724446 0.6522006244651013 -0.03770951533524936 2.582060974773626 
0.9830125016764614 0.6206323602661803 -0.006575998625956314 2.636664437390889 
0.977777057859281 0.6275871301777605 -0.01130819359960103 2.624011193266831 
0.9821240478824153 0.6219220206480482 -0.01428131816377115 2.634669893735988 
0.9738111899461476 0.6343689199330234 0.008499814859998397 2.61544388038652 
0.9667953557293231 0.6436631109592035 0.009879730137096879 2.598838866157789 
0.9690535421862567 0.6413538324926904 -0.003191243417080558 2.604598122238843 
0.8970102859234096 0.7213462918127884 -0.002000030443438554 2.43724827748369 
0.916367429167718 0.7046515311138638 0.01682049968288832 2.482902938463907 
0.8984788442249869 0.7208575906530004 0.0368296842490495 2.441852660701984 
0.943403228764046 0.6739670127035142 -0.02467838612983484 2.545029494971709 
0.9342313370645178 0.6849444210622306 -0.002522757216481902 2.523786894935671 
0.9256164498102585 0.6941129218899378 -0.01781896722640056 2.504037907560824 
0.9777419344061749 0.6248218040142083 -0.05404319719514432 2.623562844660887 
0.9700601441229524 0.6401901731030045 -0.03825274232096283 2.607703036273105 
0.9684064276019025 0.6378786114089685 -0.06286471088275952 2.602200327911694 
0.9563532476856663 0.6594573083258655 0.01433048942836893 2.575921498667976 
0.9455532422721198 0.6709761754327433 0.01859295050624539 2.549791277962088 
0.9482484633134391 0.6691737674217861 -0.001218918482018077 2.556905553996143 
1.006625838187584 0.5799908858529763 -0.02964089016522443 2.690689750573433 
1.00502906556484 0.5806948563505634 -0.04666031151330512 2.686366968809013 
1.012917300528077 0.565184645051099 -0.04340750433085988 2.703939528820643 
0.996296925996362 0.5983789081021551 -0.01137637722248465 2.666779471848716 
0.9956349668465585 0.5995509774054422 -0.01917974384843343 2.665418822289848 
0.9985728233613049 0.5934468562734626 -0.0204680116372283 2.671565315419612 
0.9781669284458072 0.6190717919848893 -0.09835564574400787 2.624503853386682 
0.9925285859851098 0.5941527433755918 -0.1152436745019114 2.658358358869149 
0.9918543497127066 0.6010725324728907 -0.08167610494344892 2.656922755367181 
0.9927626708075514 0.6041056268864241 -0.03131186163954118 2.658973699719262 
0.9878673059360978 0.6109337889927963 -0.04209174380686673 2.647366532319339 
0.9938423058316882 0.5997606181982558 -0.04604257198342503 2.660494962939754 
0.9518140524550095 0.6606781139816406 -0.07138406500665956 2.564583093808376 
0.9530712808000285 0.6538309652058761 -0.1129189710345154 2.568263783628147 
0.9638924556629402 0.6403830047613548 -0.08964922455801154 2.59138397871022 
0.9184388407205496 0.7003870872935894 -0.06276384824168105 2.488128928862514 
0.9139465024864032 0.6984566967038494 -0.1013984546774101 2.476378711194541 
0.9389695210747809 0.6777482444483888 -0.07023158727795374 2.536029237765057 
0.9845112349430478 0.6178140487517474 0.00443129253183999 2.639818569705128 
0.9829489356667398 0.6197617795862964 0.0006417849106792032 2.635909658927216 
0.9866805375695163 0.6140599054023229 -0.0007878374902858869 2.644574736964035 
0.9909674530353395 0.6068796284306931 0.01126290503590775 2.654332547151943 
0.9874732924882179 0.6122956472852411 0.01002355734016046 2.646152181561692 
0.9897384354350353 0.6091661417285297 0.004440743390476697 2.651621956642023 
0.9913088389456666 0.6063498595052276 0.01135546144234385 2.655115661434561 
0.9886846288933586 0.6106732030115011 0.01663866845471408 2.649222936033052 
0.9874387153975145 0.6130185955755282 0.009990301909822927 2.646475308245173 
0.9957061178096366 0.5990564115733752 -0.0001948983980622623 2.665185877000801 
0.9959226284237989 0.5986141126695095 0.004727482671295785 2.66565344254456 
0.9938642676921133 0.6020212858684725 0.004472966446811093 2.660894770566731 
0.9554603489455047 0.6598841944446578 0.01368851130016271 2.573353489969158 
0.9484429190932663 0.6691210035554499 -0.00127533916761064 2.557398385578791 
0.9598056866736643 0.6521606483416561 -0.008087129371297136 2.582013770801976 
0.9433850365675849 0.67468715280791 -0.02324378585433003 2.545431837614151 
0.932834426595595 0.6859138342938381 -0.03966494250851319 2.521234511614669 
0.9447976487127272 0.6713066871351508 -0.04879599616208947 2.548710383491358 
0.9444634273909935 0.6741458287084853 -0.02318175202241606 2.548489448767864 
0.9254846829668646 0.6940433796230904 -0.0181591743436598 2.503492697965466 
0.9321422965606297 0.685986844225959 -0.03837770858148098 2.519095950883839 
0.9183999871043648 0.6985035230408424 -0.06364717172710033 2.48664360841008 
0.9054973471413277 0.7148967022646812 -0.03649570836672909 2.457996651265227 
0.8969578735891939 0.7177715013185999 -0.07344543233097425 2.437203158489638 
0.9456628221455722 0.6671533541268324 0.07993418201902876 2.550485073063465 
0.9344539714938236 0.6807413581004087 0.05672144336865118 2.523414634552683 
0.9469425432878148 0.6695000023220516 0.03914610315456923 2.553545960512443 
0.9731230820490094 0.6350133083878046 0.007876723638873186 2.613646334805913 
0.9780599221990499 0.6270391269517842 0.01969642422141034 2.624675450356855 
0.9704504215297871 0.6389376243736514 0.02160835036039103 2.607745185937878 
0.979013142876952 0.6186825824475418 0.09384835726705612 2.626544356216019 
0.9748799718743725 0.6202774305954116 0.1228044138408132 2.617487196892602 
0.9630064717227139 0.6435744533385784 0.09369903016309801 2.590915350717241 
0.9693356241069312 0.6393655501232474 0.04398619955973522 2.605145178411134 
0.9610647690591435 0.650325371824742 0.03267579408284447 2.58538864144694 
0.9695654389494394 0.6397797971942422 0.02155651870367011 2.605380688012601 
0.9894797976318161 0.6078581834549571 0.05184557631121576 2.651255811032899 
0.9802561380412901 0.6217300168669487 0.05240258300252566 2.629738714153679 
0.9848151892694166 0.6155707137911769 0.03647618767128447 2.640013033648277 
0.9465448313387186 0.6658212140184853 0.07908545695015527 2.552421100393211 
0.947210838159754 0.6703780998474117 0.04073564732621279 2.55510098132011 
0.9620651134621779 0.6486541899191517 0.05924331110866175 2.588261343628532 
0.9101865974552329 0.7060684331110052 0.07432381393126472 2.468072603296144 
0.893632069185765 0.7208890867999123 0.08419267800138848 2.43040336556841 
0.8970541344633735 0.720890700965413 0.03740109043059454 2.437642780274972 
0.9469830929244337 0.6662569495244731 0.08104795098856547 2.553764417014586 
0.9313155640879711 0.6860578649991761 0.07968360936176415 2.519014520866568 
0.9346948500468429 0.6812211644986446 0.05637628476870854 2.524315592907754 
0.9475026093358787 0.6656860694779259 0.08065296064900024 2.555129939938142 
0.9358794567614067 0.6737726746616396 0.110932742225531 2.527594293218191 
0.9305561189588887 0.684748381423953 0.08173403587878428 2.515906587124519 
0.9910881039100168 0.6067167504999922 0.01100954160673514 2.654622810254402 
0.9921825848273716 0.6048441371453306 0.01842479522115417 2.657203499193012 
0.9885950057392262 0.6103734883406791 0.01720357726515825 2.648750011966966 
1.001186691821617 0.5850249180082745 0.07398382448593707 2.677698378125111 
0.9922365901459028 0.5990280541171433 0.08610357815975703 2.657400113859444 
0.9940429702096508 0.5976285766285467 0.06181128097040922 2.660688932550815 
1.000085620899829 0.5914348674589527 0.0006737790490238666 2.675182569058766 
0.9999201700974384 0.5917263583802119 0.0002181872302955768 2.674804558056131 
1.000244261009727 0.5911712154230487 0.0002097597966367103 2.675553921155268 
0.9994421452501403 0.5927681155630607 0.0001159521434213728 2.673832708491141 
0.9998252112072346 0.5918193517130255 -6.56036643876515e-05 2.674543530594453 
0.999645794278933 0.5920968481016268 0.0007760962761751947 2.674112068268836 
1.008271262656048 0.5760169109985382 0.03893041051501723 2.694287211449759 
1.012999071017933 0.5649901596553487 0.01901653312960174 2.703244691068726 
1.014978827237604 0.561970714777185 0.03432639685726446 2.708703750409169 
0.988833059060841 0.6105596789261521 -0.0001412791566173581 2.649494293285532 
0.9924817005825597 0.6046274117992809 -4.487729801035013e-05 2.657877578813958 
0.9899596404326289 0.6088892051580274 0.00468191701812126 2.65219302566508 
0.9993305537969172 0.5926923524681597 -6.955685450921318e-05 2.673415298972567 
0.9990541580175604 0.5929704093942529 0.00177790783658019 2.672664713815236 
0.9983828735668667 0.5947565427354177 0.0002681315711672914 2.671495384750484 
0.9999448235821042 0.5916590252715822 -9.575300383853949e-05 2.674844198438139 
0.9999824021390792 0.5916421076553114 -4.812605291952435e-05 2.674959244164666 
0.9997860732358139 0.5918606384982131 -8.250749489651114e-05 2.674435850652404 
0.9999506298616547 0.5916569556445056 -0.000114852651913697 2.674861657727113 
1.000012552847934 0.5915047456837217 -0.0002635921469480739 2.674982924202522 
0.9999641566077511 0.5916423951012247 -6.87558438619115e-05 2.674897626330334 
0.9978719886144 0.5951539017652027 -0.0002184064854760531 2.670032195732623 
0.9990292978611465 0.5932203410320783 -0.00180122906116769 2.672728447494269 
0.9990366599362891 0.5934700134594749 0.0001717980023434846 2.672899059819904 
0.992753418887245 0.6042269146098392 4.449071857330237e-05 2.658540598649544 
0.9937298908881752 0.6021601669745172 -0.005863771738339926 2.660529254390836 
0.9960292685421137 0.5988342480047576 0.0003055107387404206 2.666123497595494 
0.9927741490830504 0.6041289201803713 7.398000239232543e-06 2.658556268087655 
0.9900290910452948 0.6088888572018134 0.0001184103830415709 2.652400905367263 
0.9913055456938651 0.6064895767852467 -0.004724591729642753 2.655155455569917 
1.004166088583136 0.5846461630815146 -0.01044512986268141 2.684902862410409 
1.007092796693686 0.5788764357964407 -0.008362532672581019 2.691232152593992 
1.003892780741107 0.5839060313496941 -0.003248275913491271 2.683394510926083 
1.006103837329992 0.5792822658116665 -0.03105484833130141 2.688618510920793 
1.013009139800124 0.5654390708586039 -0.04301271776312179 2.704348587898568 
1.013195697248439 0.5663539318331794 -0.0311053324048799 2.70505209440289 
0.9889671856762242 0.6106341437126319 6.658026673948172e-05 2.649981645498455 
0.9878793583345306 0.612536701148108 0.002805371056462033 2.647587463055989 
0.9869997396609332 0.6132885555479499 -0.0004681556751852877 2.645152646876844 
0.9778399377835917 0.6189490001922788 -0.09803102162566885 2.623536214520662 
0.9747112824769056 0.6223883835690416 -0.12741598827181 2.61863072794082 
0.993684910302453 0.5953301495114368 -0.1187186632540718 2.663147653276406 
0.9983721447853058 0.5897660950778779 -0.06720355176037852 2.670664263457627 
1.003743371645439 0.5779144112754865 -0.08993455665020969 2.683449129278336 
1.011353529731071 0.56750458626019 -0.07240836889553266 2.701565660000842 
0.9194103721889821 0.6989551763838792 -0.061433837906344 2.489981457005746 
0.8985895244075852 0.7169181262600426 -0.07452198424305045 2.441286320097107 
0.9136838622399659 0.6996224200982075 -0.1036538375955878 2.476976807597166 
1.001158244617116 0.5895803304082142 0.002263714253107036 2.677658365080815 
1.001016933991544 0.5897213220984213 -0.0001705497609276466 2.67726780950303 
1.001791485216886 0.5884612085595332 0.001379714916447297 2.679107184480909 
1.000899219855776 0.5897740967166503 0.00205219504252948 2.676907937128958 
1.001882188747546 0.5880879871954802 0.001740265584549288 2.679189093471529 
1.001097166874798 0.5896675886651095 0.005236356177895723 2.677516889685751 
1.001112767235847 0.5898130099988985 0.005611576114565408 2.677655562742497 
1.001964343996091 0.5878604899034838 0.001327028447443497 2.679325704727948 
1.002639729536143 0.5873227896360024 0.005696826324426443 2.681280820678392 
0.9991883763625494 0.592844286674184 0.006980976453960369 2.673049246295349 
0.997528941922352 0.5960429366148046 0.009319344511587228 2.669473986617096 
0.9959323382109895 0.598564163598641 0.004899644494532511 2.665653053855786 
0.9990525059923852 0.5930290986355621 0.007122238041723303 2.672713770263416 
0.996050163829643 0.5985539818686729 0.005036045322285182 2.66603693976703 
0.9975594648163864 0.5957091437863119 0.004021469192416621 2.669335448177668 
0.9976962563268107 0.5955104333131394 0.004049254483904669 2.669668883436219 
0.9961024763048151 0.5984926997921601 0.004515526891987131 2.666177989540193 
0.9956501935914489 0.5991112657959478 0.0001169517707865497 2.665036779713293 
1.005770560609035 0.5806993440762679 0.006319773638801089 2.687868333075344 
1.004466211586318 0.5833601856283247 0.01642153976066615 2.685170377085549 
1.003224501160895 0.5861141962583666 0.009692332879895557 2.682540671120242 
1.005380948671359 0.5808933241069099 0.006440857806129224 2.68668580569577 
1.003612569315523 0.5858412393547172 0.01014408777179846 2.683687929115474 
1.003722233130763 0.5844036225470809 0.003193361004886135 2.683162308591039 
1.003767510313287 0.5844198689805173 0.003268757315100952 2.683328619203934 
1.003542810921055 0.5853807668823677 0.009603956664900612 2.683183843068351 
1.002445593395284 0.587659910741794 0.005799421013338263 2.680828096109044 
1.000365408289018 0.5910339768405303 0.009980157115973342 2.675919124714202 
1.002742144246454 0.5865712007108331 0.006110771608674772 2.681178522430826 
1.003490286359512 0.585410814330654 0.009856483713381648 2.683026568776145 
1.000036338462334 0.5913580413622302 0.009635942678159681 2.675008237673159 
1.003511280646081 0.5851551877795829 0.01056119856226269 2.682953220464603 
0.9997784913306522 0.5915945175557897 0.01417738634417897 2.674345503827618 
0.9996978393042227 0.5918724954509396 0.01455212462267329 2.674245533483944 
1.003735468632864 0.584674052401112 0.009994737328763451 2.683404946424473 
1.004140922757767 0.5843770135221024 0.01647063362657307 2.684677587157444 
1.006067882195394 0.5797417914993087 0.02423124530563153 2.688592449909667 
1.00392744424954 0.584579279831312 0.01655261844313187 2.684065289559034 
1.00835752250931 0.5756501708636763 0.01285584724850552 2.69367697278419 
1.006238025627805 0.5809536147382717 0.02575068471788895 2.689867923241001 
1.008399664120092 0.5754199126646985 0.01252446719171882 2.693653707427535 
1.01232668387165 0.5665969857779898 0.01975768746995056 2.701977284687634 
1.012731814810246 0.5674317521903426 0.01821230886400773 2.703806160297663 
1.008141537985943 0.5762825511482818 0.01217027834886136 2.693299433308641 
1.011676991806331 0.5699048773028235 0.002449389837836242 2.701446136020515 
0.9802365241685063 0.6224338723164997 0.05287075746404259 2.630126309171937 
0.9903373908555873 0.6048918189528505 0.05163228681439946 2.652210723602408 
0.9858233324975081 0.612146304578562 0.06840554141707526 2.642919582794719 
0.9798735067555912 0.6220752447322621 0.0512876262298048 2.628594151874812 
0.9855093494342213 0.6129845743472739 0.06983025949789431 2.642378209229025 
0.9714422677283221 0.633616593528222 0.06772623879781056 2.609582836638864 
0.9711800440174031 0.6355774763537927 0.06826314074372437 2.609958593065242 
0.9866000098526535 0.6097368439010267 0.06900211200224547 2.643699008111795 
0.9782921367653994 0.6205430307283611 0.0927219185887144 2.625533702869237 
1.006423730324821 0.5768998092317578 0.05402324296056115 2.689319511148413 
1.007494662973854 0.5762702019115646 0.03725521027698222 2.691712905736488 
1.013683923825184 0.5626471283300088 0.0530045842922106 2.705519207241356 
1.005841352129522 0.5767838814517242 0.05227605963125578 2.687153083712272 
1.01436099701015 0.5620795268184137 0.05192854326536032 2.707302956069511 
1.012439761455027 0.5651549511206063 0.07798163266762102 2.704291895680587 
1.012448404789688 0.5624319075153731 0.07971214069064296 2.703026149199258 
1.01388400610941 0.5639852260356321 0.05155031377115057 2.70667297018918 
1.024474615886553 0.5371193082118194 0.07547931032891625 2.729526146910953 
1.000367433111076 0.589445093312724 0.04998651838021419 2.676191747773534 
1.007938012141891 0.5750367659912256 0.03795060994217223 2.692432891720174 
1.006655774705404 0.5775856137508623 0.05345488564613692 2.690404341905352 
0.9996935116136577 0.5898749728352536 0.04904504262910947 2.67413310014003 
1.006283633099093 0.577811741136554 0.05513847301154508 2.689322895776251 
0.9947836539759383 0.5967984081414995 0.0634116075605797 2.6627615273775 
0.9946172135283302 0.5977488660092762 0.06388646907275551 2.662826344052276 
1.006647786856623 0.5753792187465142 0.05367111522654762 2.688910010333298 
1.002129186307298 0.5842786422133189 0.07346191969616062 2.680434522672406 
0.9606718060041014 0.6494779293736023 0.05904545210346128 2.584791110262346 
0.9696000384448712 0.6381932684902825 0.04336854970965672 2.605174862102166 
0.970502028528646 0.635988402800379 0.06690299265671047 2.607991295325988 
0.9606719642008892 0.6509889582630488 0.05913707271996126 2.585659884526143 
0.9720718849627388 0.6334775749985636 0.06665822094542109 2.61121971027176 
0.9627034650059235 0.6431180099475033 0.09110983574069906 2.589574688187392 
0.9631768075239273 0.6422477412912662 0.09237591492648564 2.590635313820577 
0.9704716011464236 0.6347823026829094 0.06562842337748041 2.606933333537163 
0.9775961811820089 0.6216848168925526 0.09390723055778087 2.623943803864992 
0.9996537712428681 0.5913427941236427 0.03329502962311085 2.674198166642572 
1.007458474555487 0.5765520693584369 0.03862542623121531 2.691783001246796 
1.000111115392062 0.5883260930936747 0.04886764431654077 2.674635901435588 
1.000600635393104 0.5902286222121521 0.03369760760859361 2.676670581206371 
0.9998651907247262 0.5897311985594539 0.04818907702890438 2.674584141210623 
0.9938202489687263 0.6020709015992376 0.03787961702393413 2.661449173135146 
0.9934968502527666 0.6021833530935156 0.03643998684341143 2.66037073689801 
0.9995627692091352 0.5900296278483476 0.04967632068597316 2.673780449378377 
0.9899085903141314 0.6054970775834265 0.05203025810136133 2.65130425647293 
0.9900370418709492 0.6082897491479911 0.02934726967165828 2.65249180764074 
0.9959027417990197 0.5976001105518601 0.02689828083767076 2.665283179631414 
0.9939181958793246 0.6006683245134621 0.03657834700008109 2.66091169797496 
0.9897217841691803 0.6082242516042129 0.02838829336807133 2.651372309389435 
0.9937420567253586 0.6011215452127482 0.03770141247819681 2.660604615009272 
0.9853384220415295 0.6142090455823586 0.03779285283597855 2.640990625385795 
0.9852299543230408 0.6160184335212092 0.03830676981834557 2.641746604258893 
0.9943473781457544 0.6004970449085669 0.03740660168842078 2.662123234329139 
0.9899750949991846 0.6070418248351472 0.05070913352156552 2.652384132503357 
0.9830144310625825 0.6203580652605198 0.0001094273438147111 2.63649933285592 
0.9850194751437918 0.6169072868044724 0.005196294997636282 2.640907819672474 
0.9810216699883398 0.6230677509047505 0.006143127945291695 2.631700166569285 
0.983155052038663 0.6200267803874572 5.226683279096292e-05 2.636744928922846 
0.9806258761592224 0.6239236560858454 0.006786210344521899 2.630925452136175 
0.9782269126175668 0.6269324503321876 -0.001909523153021483 2.624992899961959 
0.978392649643244 0.6280910710424021 -0.002937272831762167 2.626301893096233 
0.9811990116702973 0.62352417738319 0.00691825650577926 2.632520272877843 
0.9738726652844713 0.6334329522538844 0.007018938629498305 2.615068326567805 
0.9948102050140822 0.6010596183218126 0.01185700892410745 2.663499706272198 
0.9975602024238794 0.5957180563135256 0.00956295247093676 2.669368177579444 
0.9969493354486426 0.596420494423482 0.01574544835545281 2.667851446056211 
0.9945657023690446 0.6010903674826042 0.01114700841608186 2.662694889692772 
0.9969020955501453 0.5965522177809356 0.01631733459282055 2.667770783419601 
0.9925546208307923 0.6037140035673276 0.01850000345145989 2.657752124408676 
0.9925358072427667 0.6048409184575959 0.01898103681888624 2.658367197713609 
0.9972945635471031 0.596096797178296 0.01603013163534022 2.668760245707967 
0.9956325131332222 0.5983531604186928 0.02611641417105093 2.664863830715295 
0.9807288825050637 0.6230572253452158 0.006915292013086498 2.630737893407195 
0.9848415746486583 0.6170776443547948 0.004892574344942871 2.640435134151339 
0.9832416834697001 0.6197900015834377 0.01238616732116681 2.636954356804963 
0.9808134047438407 0.6240180532387124 0.006253514185655698 2.631593700768331 
0.9839763948042413 0.6187458840547322 0.01245428883681416 2.638653597250363 
0.9778875671753092 0.6274879027769634 0.0185371709076372 2.624460105734332 
0.9777518146539276 0.6270730655939506 0.01991009598729811 2.623766115112278 
0.9833498927441329 0.6193343232256561 0.01183586037432363 2.63698220909887 
0.9833343835870368 0.6189867684291476 0.02485828149938905 2.636982200603034 
0.99943822249662 0.5921405776021593 0.01352888787178526 2.673514442435992 
1.004000745176459 0.5843987467283427 0.01708678017611213 2.684228036179547 
1.000712563537113 0.5891016166934054 0.02320911989930341 2.67616592747274 
0.9999466180039649 0.5914972486699641 0.01367751987126176 2.674824242224263 
1.000542755861732 0.5897630926231527 0.02296557000954335 2.675972639739398 
0.9969906606903524 0.5969794408621418 0.01646756263102802 2.66832257184488 
0.9967933188554026 0.5972050721871006 0.01548148870683855 2.66777348257361 
1.000403342098736 0.5897495713781552 0.02393048595503209 2.675513169561724 
0.9956471250064729 0.5974405233100302 0.02677130863580199 2.664389317545651 
1.001025500029991 0.5902512386142997 0.02453234362919038 2.677903317739059 
1.004424928167145 0.583755801211241 0.01683833281406804 2.685245217816874 
1.005857535857297 0.580326153538821 0.02455126161405194 2.688212798110664 
1.000491058989432 0.590603507369437 0.02345869775555353 2.67629513424068 
1.005970842867024 0.5802467625030032 0.02537199749765772 2.688550012667521 
1.000273251119117 0.5897382207373845 0.0338014815178884 2.675374664185006 
1.000326515139192 0.5910329278475185 0.03501461286972354 2.676332812945071 
1.006345450008372 0.5795256806580499 0.02476036008294068 2.689325214848025 
1.00751534204092 0.5764367225560425 0.0376268420733314 2.691902726271522 
1.000068105983554 0.591468672913241 0.001730289675737214 2.675145400092382 
1.000041971855225 0.5916421229161669 0.0007496588487613424 2.675159731356177 
1.000498720661315 0.5906224771245171 0.0009314210210769272 2.676076506999864 
1.000077663405082 0.5916086955408622 0.002005855427959072 2.675260202196791 
1.000559181831898 0.5904975216103334 0.0007708237197456821 2.676203197064459 
1.000963671256794 0.5898408141503684 0.002139634124195305 2.677163947595408 
1.001031603046458 0.5895555033896461 0.00199373455162023 2.677221956047254 
1.000440001475238 0.5909189127439408 0.0007774597934867515 2.676055139694722 
1.001057043074375 0.589733076639499 -7.479245651177017e-05 2.677408905477747 
0.999210073069528 0.592853281945327 0.006679796076019477 2.673130929734792 
0.999772903620338 0.591691777053404 0.004379145785980892 2.674300962361945 
1.000795442756309 0.5899792219148571 0.005826145536227202 2.676700957164279 
0.9991150586916101 0.5929621646708426 0.006772390982653434 2.672880043908269 
1.0009261333135 0.589735358697955 0.005486762978328927 2.676987156760115 
1.000464777324937 0.5908875748323121 0.009203618393100082 2.676162951794814 
1.000456356050243 0.5906347774675264 0.009395815880447531 2.675982357601288 
1.00070723023805 0.5901349736899724 0.005514987042505724 2.676492204779988 
1.002521251030795 0.5869513667084767 0.006494382381544119 2.680671771874278 
0.999670632866385 0.5921828464921152 0.0007967477673679628 2.674245489641641 
1.000125013260379 0.5912518180865429 0.0007416108923599649 2.675205070831795 
1.000042340872965 0.5915020253603348 0.001708777665096682 2.675079471862334 
0.9996435033678018 0.5922515467144246 0.0007129535231521754 2.67419551631975 
1.00001170376252 0.591352310693121 0.001996053571577129 2.674889283939947 
0.9992135146867215 0.5930322773149156 0.001712283692288647 2.673230842561053 
0.9991283570674655 0.5930823657003307 0.001702138633040987 2.672977285524474 
1.000145065509076 0.5911621851825043 0.001747679905196894 2.675218606019421 
0.9998548760545892 0.5919499380086675 0.004027115764059792 2.674727466311955 
0.9920964170567335 0.5989741062410985 0.08726641314128113 2.656968212059244 
1.001696110649035 0.5823928642560726 0.07358064038939638 2.677834654779774 
1.004428317456588 0.5756937375712591 0.09725941622338982 2.685089263601568 
0.9913537943136946 0.59854036131564 0.08486531992040137 2.654034547334953 
1.004793080235363 0.5755438302471986 0.09740437546922656 2.686021390002399 
0.9916882057737673 0.596505087431124 0.115620501733008 2.657038613642603 
0.9914155197012491 0.5957750502592249 0.1174347537223557 2.655794956360285 
1.005076419275521 0.573080795505482 0.09661525678853761 2.685556632296419 
1.009507442374927 0.558554830112352 0.1291290790517038 2.695896644041519 
0.9998545665634853 0.591941064018717 -0.0003938511622871731 2.674710601472384 
0.9999170220391799 0.5916679207457786 -6.80392440190781e-05 2.674756989351208 
0.9997715340735741 0.5918778334692045 -8.180751703251481e-05 2.674397739332994 
0.9998883916238583 0.591920935660929 -0.0004930052390510349 2.674811176523891 
0.9997834422199174 0.5918704917867248 -5.238418953171812e-05 2.67443297665591 
0.9995646251675048 0.5922829161237805 -0.0007375706985485548 2.673949499389152 
0.9995299819712229 0.5922936629432298 -0.0007459492074552266 2.673841109365088 
0.9997963665502587 0.5919051562239106 -3.219988464342317e-05 2.674496274214359 
0.9994705380045525 0.5925557897831396 -1.299938454938659e-05 2.673798667999538 
1.000172890598707 0.5912880074512071 -0.0003347569723079537 2.675332073253707 
0.9999563876376063 0.5910148735121751 -6.356676020510443e-05 2.674721437185582 
1.000028827050349 0.5915579745870477 -0.0002585210567977509 2.674981112076171 
1.000151955825968 0.5912846101920954 -0.0003595050184205274 2.675314723491495 
1.000039843192343 0.5914612145536626 -0.0001806962554310532 2.675046732457596 
0.9998791948136572 0.5916993548837237 -0.0004865937136588256 2.674654094188123 
0.9998639437202401 0.5917681718805823 -0.0004711546476809303 2.674642169712062 
1.000066689341635 0.5914736882204521 -0.0002676325718087115 2.675144827642244 
0.9999197678062043 0.5916766309691329 -0.0001155909964340974 2.674770588169566 
0.9990511628537261 0.5931798902546365 -0.001804651548129971 2.672776462781676 
0.9977704151192061 0.5953478346067158 -0.0002191702414954173 2.669811465114982 
0.998287104809376 0.5947516851421827 -0.003449411309357953 2.671177292194188 
0.9990910037355282 0.5932477243573664 -0.001727580967044754 2.67294770980739 
0.9985414633871882 0.593848631326666 -0.003661581203597086 2.67148366088937 
1.000107036126063 0.5914250609568935 -0.003061905345218287 2.675252454093352 
1.000036561757998 0.5913477822542346 -0.002792162413849123 2.674971629791107 
0.9983923610842848 0.594020789759673 -0.003804349504247094 2.671091310796402 
1.000166171117751 0.5915812658632467 -0.005487106738476683 2.675551653507416 
1.001047128694283 0.5899893445730178 -0.001562195331706206 2.67742521800718 
1.000553610084521 0.5897112823646865 -3.276759223148327e-05 2.676050709224743 
1.000448388434355 0.5907828893114749 -0.001031267960674701 2.675887814735669 
1.000992046219921 0.5895798111104363 -0.001732919760755807 2.677119731757216 
1.00045964022433 0.5905678887813708 -0.0008512743764408548 2.675928544324293 
1.000167838935079 0.5914529943694269 -0.002858317922414075 2.675476786781419 
1.000126157860448 0.5914042723271804 -0.002749372971662324 2.675307706670383 
1.000531560531092 0.5907492257287617 -0.001096521026528615 2.676276925584697 
0.9999382724971017 0.59162373859263 -0.001536268139837287 2.674806068479369 
0.9991387688603931 0.5931911852522254 -0.009023063620043199 2.673106790209408 
1.000448141573161 0.5913116046713555 -0.0060417030784341 2.676331695789032 
0.9981594707574521 0.594220318739452 -0.003472179833704307 2.670435250860151 
0.9989276180161423 0.5936630843896066 -0.008898960400954696 2.672683287820419 
0.9982642552151886 0.5942421384460498 -0.003084499009701578 2.670799327040307 
0.9966499466476779 0.5972190907278063 -0.004069520347092263 2.667221605999971 
0.9969217542370622 0.5968541258191858 -0.003922358951009614 2.66790048257035 
0.9984288633066752 0.5946171297263165 -0.003724966772954255 2.671568863807749 
0.9977758310116378 0.5954112882824889 0.0001461053325114744 2.669867124121006 
1.001439267316569 0.5878717852654703 -0.008356707834853282 2.677671720310747 
1.0039958475513 0.5840596925862548 -0.01023963513503326 2.683982114315833 
1.004252527486851 0.5844049512964793 -0.004065979840539889 2.684928494284364 
1.001672116004766 0.5877208073685339 -0.007937517876395413 2.678356605746683 
1.004092086245366 0.584503034898835 -0.004120544061664171 2.68445012468313 
1.002133668501487 0.5877450923750428 -0.003637094233282962 2.679853732880938 
1.00210896854237 0.5880244504848889 -0.004036047683162747 2.679748823564709 
1.004074241945708 0.5850301014484489 -0.003621447753346922 2.684596846119677 
1.002785377453674 0.5852444353115602 -0.000334606553661729 2.680941673591069 
1.005837503107706 0.5821859023884393 -0.01777123446131941 2.689108039831932 
1.00694101579822 0.5778516741241764 -0.03068790824776937 2.690581907371057 
1.011466551216489 0.5701350834554627 -0.01841434823941468 2.701036176550412 
1.005573132138193 0.5821104895255028 -0.0184436655404159 2.688200313630872 
1.010928636546863 0.5710334791358612 -0.01704336872190245 2.69970655665885 
1.007152935405481 0.5773606019686313 -0.008324079122868536 2.690576784344085 
1.007205845968776 0.5790695014763092 -0.008752251027249939 2.691481706776341 
1.011630019703677 0.5707695577799929 -0.01687617286702751 2.70170029759549 
1.011214851695449 0.5689836547065921 -0.003513713188393655 2.700136073269272 
0.9861426684867491 0.6141941362638161 -0.01015110737103672 2.642942436619758 
0.9825245498967285 0.6206813979370194 -0.006686964690323014 2.635095054141498 
0.9819145183398034 0.6218902706592161 -0.01377024495219011 2.633940139515707 
0.9862665655840889 0.6142999410682705 -0.009604166770400276 2.643410569223612 
0.9821241134629112 0.621570269877658 -0.01437381711530524 2.634421677865464 
0.9869809613771073 0.6140561967424807 -0.0161886894472115 2.645700702086249 
0.9869840127449122 0.6137044283611934 -0.01612866082784605 2.645457997971862 
0.9816903167023099 0.621996250396492 -0.01426159418721542 2.633239782692572 
0.982505181378967 0.619947525489646 -0.02347871143681483 2.634849960127446 
0.9913898901809345 0.6066095983603276 -0.004168967817678043 2.655494975269376 
0.9893322161830754 0.6100419324636888 -0.01025546764458543 2.650873605620613 
0.9927217936749577 0.6041353170594168 -0.01290526612154221 2.6584783909111 
0.9911742332040534 0.6068606439596831 -0.004579037892837081 2.654933074527831 
0.9927095555273011 0.6040147750568606 -0.01244546956357512 2.658361280575802 
0.9938121822178516 0.6018940691005474 -0.006025217585868639 2.660649108435162 
0.9938394318360824 0.6020438050797245 -0.005810665719723668 2.660833146789108 
0.9930354021779206 0.6037364245630089 -0.01265905266223355 2.659256256713408 
0.9963704906428513 0.5982914563120962 -0.01249764513234035 2.666999419396904 
0.999180879305661 0.5928320908475136 -0.008747431433354226 2.673038492197807 
0.9963265373288872 0.598111343630459 -0.01222944431148907 2.666722116029568 
0.9997694522841329 0.591284630072652 -0.01395789922848057 2.674153215466687 
0.9989323931064078 0.5925388841259732 -0.009392391097842867 2.672047357041889 
1.000075715523026 0.5910774398482029 -0.01393953543858801 2.675028148186367 
1.001911119773206 0.588978168719052 -0.007915361148228769 2.679842425546756 
1.001798686587546 0.5885552484831305 -0.007351031508476452 2.679229514646598 
1.000283151065407 0.5913142601156868 -0.0143376853338961 2.675843368938608 
1.003914162481874 0.5832432844686986 -0.01072772320604108 2.683235463610662 
0.9982510499245584 0.5933263654217981 -0.0212840568465736 2.670392769114271 
1.005721504602419 0.5807370460714719 -0.03095543334942137 2.68818919741282 
1.005436432925478 0.5809142699306918 -0.01856967566103162 2.687065609671012 
0.9992185716253359 0.5924467442873207 -0.02081868682957657 2.673080441521311 
1.005098900360535 0.5812311710149375 -0.01875333222265865 2.686129385909604 
1.000043096953745 0.592013416003934 -0.01373687701868118 2.675448353796734 
0.9997694135333817 0.591752497279284 -0.01482823185415153 2.674400190977583 
1.005009379683331 0.5816161017499166 -0.0179634157328283 2.686038374060732 
1.004015422315162 0.5831668099767906 -0.01067645898379913 2.683526802705849 
0.993536065335618 0.6007345856594418 -0.04724578106194894 2.660058970482877 
0.9986359074731173 0.5900144766236772 -0.06636087014393091 2.671683524136744 
1.005068339760573 0.5803511226252764 -0.04771717752244286 2.686438958778327 
0.9943292275854215 0.5997374103025853 -0.04681841848229319 2.662031439270253 
1.004349081279347 0.5806424959386187 -0.04716470161679865 2.684224033082866 
0.9995223075997715 0.5929166862026894 -0.0347587511351151 2.674740710797598 
0.9988511218914448 0.5926202171918186 -0.03706754531025071 2.672396984762241 
1.004429041801464 0.5808083207105313 -0.04651436567148783 2.684544490861555 
1.006324033368604 0.5784119616976038 -0.03086390725647811 2.688909183528166 
0.989126002336549 0.6099703402315424 -0.01956460985658173 2.650242667012631 
0.9922282555746403 0.6042905920272763 -0.03113091305111119 2.657353463943322 
0.9952440224152865 0.5987196448873884 -0.01986200086929657 2.663652951453521 
0.9897211434849373 0.6087920015423729 -0.01936623778559349 2.651469490464187 
0.9952376417283656 0.5996777728368217 -0.02021859552195013 2.664206909520723 
0.9930455170443682 0.604072261365281 -0.01210642877254875 2.659473945496234 
0.9926841921628685 0.6044093410563673 -0.01281170759140332 2.658484046745766 
0.9950827071668829 0.5996083578124265 -0.0192366121437074 2.663636619130799 
0.9963296111791531 0.5974524383337382 -0.01205368873685147 2.666355093617718 
0.9694859559050549 0.6397408252194529 -0.06172203844105786 2.606908936720051 
0.9530952263022267 0.658999560354981 -0.07161462631698365 2.567563387693581 
0.9641612930303594 0.6406022347240293 -0.08856750976035094 2.592220835927623 
0.9681186808454857 0.6405593568860204 -0.06302988673220868 2.603063650627572 
0.9650126057862088 0.6401972345638388 -0.08839758950427513 2.594638657301736 
0.9774698053223639 0.6243194479533729 -0.07272430553442388 2.623579211699371 
0.9779514258341417 0.6254241438166663 -0.07096034333551067 2.625684353418316 
0.9653444817151309 0.6399537060425577 -0.08890923781355561 2.595439237064369 
0.9780601764909841 0.6196186460641249 -0.09758697260661248 2.624613122888276 
0.9874486614425662 0.6095961663669762 -0.06505225191750477 2.646482472801105 
0.9779992160816431 0.6254377446465201 -0.05383711271149696 2.624730282337121 
0.9774306610959717 0.624575986465487 -0.07248903331803233 2.62357307103445 
0.9880821896498264 0.6107388962253104 -0.06349904734912597 2.649140714825962 
0.9774071228899068 0.6251047288545786 -0.07294672182583413 2.623649587730885 
0.9907409424951545 0.6002983447696734 -0.08280164577115409 2.652965604959485 
0.9914870817115929 0.6003319299197079 -0.08382772187277353 2.655459674923605 
0.9767709671344526 0.625867229268006 -0.07297048175498655 2.622156159472122 
0.9783750542031678 0.6194299229812542 -0.09812454350849176 2.625499843606651 
0.976675704282467 0.6303809688706936 -0.0246366067788328 2.622466707748587 
0.9670378982869123 0.643203130246676 -0.01982207265931965 2.599368058776528 
0.969802543334824 0.6371043069163044 -0.03728020620734723 2.604909151622925 
0.9760435364046655 0.6307298699559623 -0.02492759453709751 2.620626725120811 
0.970904598872199 0.636565518059378 -0.0384018070964144 2.608145028523161 
0.9805336439875081 0.6229609343726702 -0.03641793569826801 2.630687241042389 
0.9809631213055663 0.6237261823308916 -0.03488370994754554 2.63250510719266 
0.9706561457693186 0.6380799214649274 -0.0382180743139643 2.608213427954265 
0.9775090082749562 0.6250680935026429 -0.05272785892899909 2.622881432825973 
0.9869303009556722 0.6142468193897976 -0.01496611219603378 2.64558647514645 
0.982999878145469 0.619601158634513 -0.02393291669072276 2.636254984936992 
0.9870117902409319 0.6129474394113402 -0.02986086672593154 2.645450474973326 
0.9864326119142236 0.6146800224990752 -0.01549287305353853 2.644221833627527 
0.9871566618092643 0.6127257658684804 -0.02931680685475547 2.645777687190283 
0.9892951634948445 0.6091234756211935 -0.01913017334680461 2.650300603659177 
0.9894172486301945 0.609563502633786 -0.01825672330538106 2.650951059480117 
0.9876119702194933 0.6122234649725663 -0.02994707757933445 2.64696364447556 
0.9922964831126745 0.6044668543477903 -0.03245273261723879 2.657722862843962 
0.9786810126726951 0.6268779608002636 -0.003634469859728002 2.626443840789589 
0.9730324635030123 0.6348189437833962 0.00766174699743217 2.613208136767819 
0.9691598150466264 0.6401223651403787 -0.002322148375163448 2.604100348576756 
0.9790383035862206 0.6266728595358029 -0.00276901565464699 2.627466490663714 
0.9695667312832167 0.6399544365666024 -0.003843045968195503 2.605309944848305 
0.9779316794120362 0.6289607628652543 -0.01203408292861546 2.625442144985973 
0.9781898832064255 0.6284603307043873 -0.01179013106295915 2.625932611577264 
0.9686511703096551 0.6409760678038759 -0.003528165910221391 2.602959150104665 
0.9673109297451622 0.6418660433844029 -0.01837343984646189 2.599407116987627 
0.9872257648420129 0.6126652360471786 -0.03072741931964575 2.6459959400707 
0.982510894200642 0.621377105468109 -0.02485096641931942 2.635814612567694 
0.9805405168214042 0.6222511740215677 -0.03571913492650345 2.630215745872828 
0.9875741056884273 0.6132007275273937 -0.02967747222557062 2.647435853238889 
0.9804993657336317 0.6226490832863441 -0.0359141558543641 2.630285771557863 
0.987302061446375 0.6107987348493573 -0.04214336870395081 2.645486574326063 
0.9877727437486707 0.6105946813005092 -0.04295632103812567 2.64693270482102 
0.9800031544010758 0.6242985272640612 -0.03619647103869233 2.629745853533948 
0.9784556991700135 0.6245913759881758 -0.05303699114650562 2.625648452110321 
0.9864100003486894 0.6149289865157822 -0.009843741808815558 2.644288157595038 
0.9892019770443516 0.6105934939989198 -0.01024437934001791 2.650795799625266 
0.9884159507315871 0.6112054999440041 -0.003260617323285075 2.648515154271458 
0.9861987691687512 0.6151271137461837 -0.00944166818640947 2.643717658962164 
0.9883943362296576 0.6111439298141177 -0.003627128893735472 2.648409296110726 
0.9865161024441761 0.6147008048850977 -0.002521927462448425 2.64443656350755 
0.9868952470999327 0.613461800086288 -0.002911713619469985 2.644916911326406 
0.9884622997956074 0.6113407979199106 -0.003512105613730995 2.648763486338339 
0.9880414164622552 0.6123058869601418 0.0001841782172511613 2.647971678556308 
0.9589051666500781 0.6561696194576141 -0.02113193290756349 2.581974461361484 
0.9436738918223614 0.6741152862966371 -0.02283029596047754 2.545943623083662 
0.9450718047121067 0.6704048863074652 -0.04647238092758999 2.54865704101393 
0.9578457744923957 0.6568354667076861 -0.02137034368318341 2.579029968941676 
0.9458966897637477 0.6700880415455645 -0.04679752385756452 2.551057968804813 
0.9595571989025556 0.652750405721564 -0.03985826096998495 2.582439908283355 
0.9604758465789284 0.6536335849477302 -0.03684575465673868 2.585745357675286 
0.9459249048602739 0.6700621672754928 -0.04760829887705618 2.551117642945129 
0.9523422338759927 0.6591736212804412 -0.07074493252391564 2.565497936089292 
0.9779570840314764 0.6286868627875927 -0.01083850544310879 2.6253019261105 
0.9681786077424318 0.641276757338323 -0.01976836054367384 2.601841153294147 
0.9764856488656424 0.630763577814011 -0.02523448223848173 2.622156961126023 
0.9770728497278269 0.6290045492745207 -0.01086043480877336 2.622607350421597 
0.976118819019307 0.6301080139477583 -0.02375237828067868 2.620491270521502 
0.9821685558946414 0.6212410947972309 -0.01401379931376724 2.634336645012449 
0.9819995966062747 0.6213744407070463 -0.01363437077901861 2.633860073304571 
0.9766893050486432 0.6297334032717842 -0.02447559702460734 2.622114232978376 
0.9827945878689476 0.6206996662921156 -0.02485602956893358 2.636328496915775 
0.9670607802150518 0.6449407775470338 0.01107201784234873 2.600460726788122 
0.9561287902106431 0.6576203763806121 0.01306006636862122 2.574046848146927 
0.9598812235511089 0.6544365784582916 -0.006669669177115954 2.583852385998999 
0.9662902301041293 0.6456338449932885 0.01086187783444554 2.598435206917733 
0.9600760227770984 0.6536897602085863 -0.006072543798361346 2.583924404748036 
0.9690143354332875 0.6403438275708853 -0.003836173894214282 2.603735957804307 
0.9693665951402441 0.6401659370033658 -0.002768350488280156 2.604729404356585 
0.9607840165700078 0.6533724621936219 -0.007383366504529911 2.58597534182825 
0.9671465800790129 0.6444364994416905 -0.02057285806376653 2.600692195229756 
0.9150314757765143 0.7051893003354734 0.01653134824769602 2.479573673386767 
0.9307143943616574 0.6877644646333791 0.02747206945957717 2.515328204581299 
0.9197039623691775 0.7011558393298489 0.04621770271593979 2.491778377636569 
0.9149061661237495 0.7044437903612343 0.0148467386921591 2.478308278021644 
0.9200428640769177 0.6994046366097754 0.04669652519715875 2.491178435574017 
0.899635458442864 0.7200120374885755 0.03633784517267414 2.44486026085534 
0.897805238960767 0.7197202068576483 0.03855491203575311 2.439118815004185 
0.9203195252215045 0.6986318663951608 0.04717152841114942 2.49161514290583 
0.9091988702919318 0.7089876062357862 0.07435642039476056 2.467445974915257 
0.9341983337665704 0.6830443072057483 -0.003394955506451478 2.522406637602112 
0.9300823884304624 0.6885168763420961 0.02644612295832629 2.513857521627672 
0.9162907255091174 0.7050153778080097 0.01492941983690831 2.483211000020881 
0.9356360817752526 0.6830282487575946 -0.001486084527479181 2.526876274429616 
0.9156497051092894 0.7052052501663479 0.01443300393740495 2.481248308537725 
0.9247040590359836 0.6952607940543584 -0.01752482794144986 2.502159420753411 
0.9247484257892173 0.6937990670605652 -0.01961018049999614 2.500789617144084 
0.9152096221130706 0.7061873871252157 0.01536881415087033 2.480425772208879 
0.8989884679302619 0.7214419740391956 -0.003815619681910552 2.442987396353304 
0.9701335383102244 0.6382554028069037 -0.03918373008117057 2.606833955424286 
0.9670681707613284 0.6443401452456899 -0.01967694222917056 2.600283255574309 
0.9602456365914304 0.6520855727356319 -0.0387402179162931 2.584086246240015 
0.9710669210526821 0.6392707905611364 -0.03664592480098072 2.610349376675023 
0.9598521473738841 0.6533733976271966 -0.0386236940056905 2.583518499493852 
0.9674504204213972 0.638391445136018 -0.0628877230409292 2.599456971973234 
0.9679471130730245 0.6384470783289076 -0.06461660533643251 2.601233536257678 
0.9592063393974687 0.6546424188839213 -0.03823778808874424 2.582334237589266 
0.9530587537499152 0.6589403088502362 -0.07119821881435873 2.567610187749811 
0.9461918405274616 0.6727505075188407 0.01951283683170681 2.552706717909088 
0.9308054513318849 0.6873467220724994 0.02617954323376344 2.515449426661821 
0.9342803579286328 0.6858162220800317 -0.001311811974347594 2.524803686541486 
0.9451238384874899 0.6732187222227154 0.01954765700259199 2.549726795921944 
0.934699734896834 0.6854893549109403 -0.001110922329014074 2.525719843041349 
0.9481624079709233 0.6678649125740188 -0.002167276108806156 2.555578899567705 
0.9487940664802972 0.6676716126048866 -0.0006990959204789647 2.557399023729646 
0.9352807130535536 0.6852015957019282 -0.002426876949348105 2.527297198637885 
0.9432345578369509 0.6756869331043482 -0.02343022798226963 2.545889203070252 
1.005186850372882 0.5821067608074623 -0.04574883841174245 2.687671476880036 
0.9989686992693194 0.589214411470351 -0.06659280945800408 2.672217898874212 
1.010537575474231 0.5670481017409544 -0.06977535338265294 2.698426435534205 
1.004248248296964 0.5816390411355929 -0.04764206580408447 2.68435171826235 
1.011172631393241 0.5666811600427916 -0.0695982427753504 2.700273703722454 
1.013846451771394 0.5646276237137187 -0.0439329078195328 2.706790091001536 
1.013644657457076 0.5685348748347234 -0.04184085881874989 2.707792930678511 
1.01170463081583 0.566008621378021 -0.07046372003043437 2.701482418738173 
1.025179161365749 0.534735922719218 -0.06222708989080683 2.73047690013738 
0.9952304696673573 0.6005642470351731 -0.01810507834482389 2.664666835427714 
0.9928999086100482 0.6032120905086632 -0.03171401985851941 2.658896960158428 
0.9987908610226626 0.5922067816574637 -0.03518030676223748 2.67193143555631 
0.9945398309421768 0.6007125208976384 -0.01937132657439552 2.662490315689532 
0.9989938251437046 0.5922900219408858 -0.03423318628647511 2.672625782356541 
0.9985006936254487 0.5925903091950169 -0.02022680489972045 2.670823508283618 
0.9987120888895908 0.5938994748892454 -0.01910724064941204 2.672216528949962 
0.999774654924563 0.5911115589606027 -0.0351469705210346 2.674522226608463 
1.00596654137586 0.5800513327054739 -0.03222773974305714 2.68864919611893 
0.9934052437050076 0.5901081260660831 -0.1169060366147948 2.658740443873748 
1.012388817687712 0.5517591671975886 -0.1208294617549085 2.701521063851303 
1.00432184119762 0.580677766620926 -0.08896976335516418 2.686654401934446 
0.9935423345474474 0.5934162719052224 -0.115630882180176 2.661215490112172 
1.004230508772944 0.5783678821363124 -0.09140245622503802 2.685516539565732 
0.9907743107980131 0.6012545488548888 -0.0830674553780494 2.65352942834453 
0.991338774451147 0.6006279625173812 -0.08283449533314871 2.654935953668866 
1.003278431934917 0.5783236545811016 -0.08967944227393308 2.682179827263955 
0.9992062344522986 0.5902414966591242 -0.06528852964104424 2.673585532148921 
0.9881590236937732 0.6118997051022612 -0.04116327626440187 2.648906837435583 
0.9785076448264706 0.6245473261927044 -0.05340558553691741 2.625729609168368 
0.9870160274923374 0.6091158521984474 -0.063316939897922 2.644658297991929 
0.9871983887676988 0.6122572395718741 -0.04247162770100258 2.646002060627258 
0.9876521404545833 0.6087962781433278 -0.06319497088365832 2.646518780948203 
0.9943469952754115 0.599123370186229 -0.04670064713031175 2.66182848592702 
0.9946699376620527 0.6007899741956312 -0.04475591432429102 2.66377043463955 
0.9880054823913434 0.6085273323497628 -0.06397972456244735 2.647466001872179 
0.9984255012669162 0.5900353429275521 -0.06662924977304402 2.671050026423125 
0.9525003018147615 0.6562120145814233 -0.1158739017073763 2.56751397387682 
0.9663955894855271 0.6201977724041737 -0.1643180020696071 2.596514637710284 
0.973318034817102 0.6204224787830012 -0.1257290895100215 2.612992300379288 
0.9547978628845907 0.6524368938250591 -0.114905680759209 2.57269087056556 
0.9734706243180778 0.6248700792340722 -0.1278465352706981 2.616356821291907 
0.9644451913221223 0.6415172871185635 -0.08753379509778571 2.593675706359437 
0.9638844639356521 0.6425420289735171 -0.08920638316384472 2.592537354384223 
0.9728693230713998 0.6244628546910334 -0.1256234810316656 2.613951987055981 
0.9777646007578434 0.6188371120259366 -0.09773340926336169 2.623276731965616 
0.9135142175492657 0.6995650228157554 -0.1031089542529829 2.475576389255969 
0.9186768121992874 0.6827586934930389 -0.1499041678648909 2.486027563596981 
0.9400332170730322 0.6738430635878178 -0.1017890403257371 2.539314164464204 
0.9156241020058805 0.6976414791033281 -0.1029247447238447 2.480936268101214 
0.9394540649784958 0.6728613716758008 -0.1048893825375512 2.537659447950611 
0.938573772361699 0.6780141233906458 -0.06958595903048935 2.5349323527647 
0.9375536463876124 0.6781395680757157 -0.06991331877061847 2.531736250176981 
0.9385407956109112 0.6722156500727516 -0.101515455575595 2.533826772575681 
0.9530830776409243 0.6592318403756375 -0.07076017333486267 2.567690454667151 
0.9827970965958607 0.6202129037256622 -4.515301082584605e-05 2.635686752751665 
0.9827677226569849 0.6195242433947024 -0.005940029386692481 2.635178765613742 
0.987120873087731 0.6141955146626087 -0.003218064187169647 2.64611789283107 
0.9831595799183579 0.6197140508288772 -0.0002426484049675607 2.636570160111104 
0.986944364756886 0.6142375394097666 -0.003478193006317251 2.645563332139254 
0.9869648248989639 0.61387386043822 -0.0003435450180342082 2.645391532064793 
0.9864761162857332 0.6145955507992763 -0.0005355217917902447 2.644243262919962 
0.9867020863822565 0.6136352882297444 -0.002591439887424565 2.64438970576384 
0.987997593833624 0.6122489490392105 -0.0002271289247589642 2.647793651040548 
0.9872773447260303 0.6130456942803082 0.009716328737044725 2.645966766196104 
0.984628822354997 0.6167539665480015 0.005461375823213952 2.639548913820151 
0.9877110492817934 0.6127511114690786 0.003048104379339216 2.647154513274666 
0.987571485578747 0.6126160702743686 0.009277063065420811 2.646670075192923 
0.9875713780538224 0.612810852497826 0.002978172471860244 2.646733304453313 
0.9899495224139195 0.6088850958234947 0.004722060641555029 2.652140034916726 
0.989708982307694 0.609123135181764 0.004794659215075257 2.651508140373922 
0.9875937090735648 0.6123148183543611 0.003296265121239299 2.646510436550766 
0.9890308205865309 0.6105425119344342 9.903120889657294e-05 2.650136432026567 
0.9889626676393525 0.6103263317513672 0.01745394401986264 2.649858721557017 
0.9839502460004887 0.6180552294442225 0.02407357958562883 2.638424487012875 
0.9833115720351611 0.6200049653097974 0.01289506999327517 2.637301299361557 
0.9884315037720365 0.6112986478295565 0.01752115697790082 2.648772191665422 
0.983406403114763 0.6186251509483285 0.01310112291002746 2.636774765471388 
0.987432660806811 0.6128381311574007 0.009627524988092736 2.646336271968137 
0.9876086736824681 0.6125737806029653 0.009869460556772973 2.64673977598746 
0.9837193226833463 0.6191548123714956 0.0119166633434752 2.638126348987149 
0.984549195317168 0.6173633046646749 0.005012714932530643 2.639654405675162 
0.9959624318629177 0.5984997269838598 0.004283636880128439 2.665706194568437 
0.9972951911727717 0.5962083331517848 0.009668517215248399 2.668796572910981 
0.9947155923307396 0.6003783209721816 0.01138536152376167 2.662775156408895 
0.996177868188131 0.5981465102147548 0.004466511653813897 2.666203310357274 
0.9946245879915787 0.6007078077651078 0.01113322552607665 2.662669893255528 
0.993918833259323 0.6023264062079839 0.00464599403061433 2.661253859579696 
0.9938616409868914 0.6023319197696144 0.004262257492308745 2.661059753449259 
0.9944439397048929 0.6008541259747368 0.01162800532054109 2.662160073738293 
0.9912080751292788 0.6061255434447358 0.01130413244996344 2.654670032969445 
0.9479522044149833 0.6696865109295288 -0.001974907493260644 2.556076383984615 
0.9432675172866088 0.6743653144962477 -0.02253477397582809 2.544914409242983 
0.9578567914795831 0.6555354480716922 -0.02374686927531851 2.578304873879513 
0.9485535123075779 0.6688806853238477 -0.002402005230608206 2.55753342322034 
0.9577502999758088 0.6569047420281698 -0.02286855282278777 2.57896146790556 
0.9608755159205569 0.651942827889138 -0.006536664255590221 2.585274023377638 
0.9600094633163783 0.653759292266739 -0.00741846455434738 2.583698202732581 
0.957707054423906 0.6554660070548471 -0.02182568524084538 2.577769194373095 
0.9672629002016224 0.643515552818772 -0.02107205713982633 2.600432991243812 
0.9318921848689394 0.6857481902526371 -0.03859739777034886 2.517638965756646 
0.9197677177487769 0.6994892006687865 -0.06374794029235281 2.492018187486743 
0.937594664706957 0.677315824691571 -0.07167714072239657 2.531697534977116 
0.9320595944217511 0.6866574965614458 -0.03952255364790636 2.51896557053111 
0.9370269553954056 0.6759187386461362 -0.06988206951807616 2.528657606242436 
0.9456802323592085 0.6717050708854205 -0.04752516535316058 2.551773188384207 
0.9452398437673449 0.6721503242107716 -0.04862396716962151 2.550681165335374 
0.9380784180641816 0.6756710678153898 -0.07112871378693514 2.531838120905846 
0.952156643525025 0.6591400631687929 -0.07297499630421403 2.565103446009948 
0.9265269364587445 0.6939825158901157 -0.01751056326915801 2.506424487445507 
0.8985696769472807 0.7217551927957372 -0.003776925357005762 2.441771186439352 
0.905169730828884 0.7138009896614698 -0.03529081482565676 2.456635176124832 
0.924923437714227 0.694906616233712 -0.01780178018045547 2.502124670355096 
0.9070779322975904 0.7135692922845434 -0.03663291551885856 2.462215734091607 
0.9325588543722049 0.6844782867043043 -0.04030035597673243 2.518884272610983 
0.9335817849301373 0.6849042105530646 -0.03842664346364155 2.522369834934674 
0.9066079497457705 0.7135660960790022 -0.03726256741439215 2.46060859598225 
0.9187487500479178 0.6995995940580368 -0.06218644743144619 2.488924942121718 
0.904668522251163 0.7132021371004613 -0.03759765800977603 2.454400745824949 
0.8978724833409725 0.7231067336785745 -0.002434507616955807 2.440720247773665 
0.8790643102679166 0.7350367644904057 -0.03782488674629204 2.395321557985213 
0.9066118558307048 0.7131329890101938 -0.03537153796220237 2.460144161039955 
0.8798628157786018 0.7345403628007557 -0.0390187034610634 2.397061093218749 
0.8967713887570721 0.7186656625684918 -0.07458381953271903 2.43753648617981 
0.8972009597966158 0.7171480914156776 -0.07577033670401317 2.437166409344525 
0.8783986665202967 0.7377929916045262 -0.03813582307661216 2.394888562092579 
0.8655068419517904 0.739836022983851 -0.08718879183781873 2.362823673092625 
0.934487454668902 0.6827585048267671 0.05484143360185015 2.524683908460191 
0.9296127331034528 0.6879018162204102 0.02733531407305185 2.512189549464312 
0.945209193945738 0.6730509098597157 0.01762564388859021 2.549853008612079 
0.9350479086430625 0.6817260464186048 0.05398890063562221 2.525760495008947 
0.9448724141741074 0.6735049411144978 0.0179666249596522 2.549127037702647 
0.9491446201753304 0.6683298257558776 0.04006725884041332 2.559700239680362 
0.947732486848838 0.6685174922239396 0.03947014373152486 2.555489361911253 
0.9444734825790184 0.6715006605250485 0.01932306411352441 2.546771760285842 
0.9555155017241487 0.6597781885826004 0.01317035797617218 2.573487155679069 
0.9777081368868876 0.6280980843806582 0.01982825975564832 2.624260963836987 
0.9841090728718797 0.6173268550880772 0.02534965681070386 2.638436298322255 
0.9787707248365525 0.625572681963409 0.03243633431294762 2.626474275301451 
0.9776495105574683 0.6275858055221142 0.01903469488576001 2.623722286408904 
0.978352816003364 0.6266972202569362 0.0336953948567744 2.625794652222857 
0.9699165975035645 0.6384437919464669 0.02335465771838032 2.605710982732746 
0.9697017877775831 0.6407563342155796 0.02299495094028832 2.606506982428928 
0.979234001956473 0.6251043499892238 0.03371390396520707 2.627521217018949 
0.9700925843104075 0.6380340480936282 0.04309850665272811 2.606754474467399 
0.9764248580461079 0.6175361471058385 0.1239069486919563 2.620488931799802 
0.9718183309531255 0.6149538886805482 0.1641701257085846 2.610048909805718 
0.9527752067943308 0.652543073485211 0.1257657389597271 2.567724540970803 
0.9750505934331454 0.6211896459524033 0.1244429906623158 2.618454256368572 
0.9534764472879231 0.6511543262120161 0.123694801158297 2.569023666273906 
0.962282204349735 0.6424365571765729 0.09063888168906274 2.587529210458176 
0.9643419103713963 0.6406438735526565 0.09249044142259269 2.592856581662741 
0.9526038802087236 0.6522446039304125 0.1224509096919258 2.566794507058228 
0.9461617200663077 0.6673142702206669 0.0817995434362102 2.552247143352757 
0.9608007598918542 0.6518723983752864 0.03195961371332338 2.585499496267024 
0.9553313151536444 0.6579835088140173 0.0144579881893402 2.571773243284421 
0.9665519703703672 0.6451841547622296 0.009483432916509835 2.599012164587292 
0.9613191274993439 0.6506836801448811 0.03098896963225233 2.586404168198059 
0.9663223457892159 0.6456279424365894 0.009828763530077706 2.598571659387935 
0.9707096782994172 0.6389862462786288 0.02236359802437915 2.608540791832949 
0.9697363877639807 0.63996396375161 0.02215578354996701 2.606087796754922 
0.9662584413435809 0.6439215289707987 0.01066970780473471 2.597289590226433 
0.973401273512245 0.6345800847423138 0.007617817217941517 2.614263412963182 
0.9795780731594069 0.6234358075467076 0.05257284729471453 2.628556954471688 
0.9698337805768324 0.6373761520179967 0.04482001190088649 2.605536540405369 
0.978562171866142 0.6261597241994419 0.03226221891574974 2.626061729736758 
0.9801028188395625 0.6225319017560094 0.05126260117295801 2.62969300429666 
0.9785746833494543 0.6265486460934346 0.03330286396865145 2.626418082362465 
0.9857525573471282 0.6146126281578795 0.03711715408321851 2.642462757952898 
0.9848443778152256 0.6161623272106129 0.03735130488033425 2.640550723945212 
0.9786187861121548 0.6252510894155672 0.03332522297635804 2.625794702191834 
0.9836291876137696 0.6179361122434405 0.02466659455010803 2.637271532556041 
0.9486196078923238 0.6674416165956084 0.03888551885988511 2.557591862436176 
0.9552064624399721 0.6602098832957179 0.01348772662163803 2.572812054354913 
0.9620184018554103 0.650294452249924 0.03231424539124346 2.588229928000394 
0.9476666498864568 0.6670563463731169 0.04112598614616753 2.554351994571219 
0.9611142708127084 0.6510956155705434 0.03137396672608115 2.585933387051897 
0.9602195259721317 0.651556024896482 0.05931585282803239 2.584608779887421 
0.9607740722809204 0.6499809515645683 0.05761993259466686 2.585388712336888 
0.9610963823198608 0.6518502555411962 0.03250892323335183 2.586438093599989 
0.9705806241517355 0.6373153516419059 0.04437075426924001 2.607718812056879 
0.8944366581220173 0.7188203291504509 0.08601527453510055 2.430868744781145 
0.872233742712504 0.7357685318915731 0.09791539177769439 2.380205223478592 
0.8767585798849654 0.7368293936610135 0.03984593022975635 2.389761606632022 
0.8931623108529496 0.723084272597182 0.08593245030618377 2.430496333566105 
0.8769410591842897 0.735382023766224 0.04087080824582305 2.389469391143423 
0.8970603127485421 0.7201435079640878 0.03653062927841404 2.437018782717895 
0.8990593431739556 0.7195578898694939 0.03689079909087092 2.442439089784088 
0.8802044833300868 0.7352671356395846 0.0380088358649251 2.398860232733058 
0.896597096676141 0.7219727465360578 -0.00365792764727158 2.436206978208636 
0.9305395275393779 0.6845523294219528 0.08088116064938312 2.514953687957267 
0.9106496940556135 0.7076701391485551 0.07325723639646708 2.470988533422927 
0.9188288019424293 0.698732204818169 0.04590245582028525 2.487163377329008 
0.9301020817183983 0.6871512985408665 0.08099237758962186 2.515962442275967 
0.9191133264659898 0.6995289625286893 0.04729254448914528 2.488899451355532 
0.9356616200082275 0.6810840965574728 0.05722926526376495 2.527186848197842 
0.935482303222563 0.6826069682450777 0.05625732590700198 2.527556428614844 
0.9204303193941138 0.7003393264533068 0.04532631567983929 2.493481888730308 
0.9293044972244588 0.6878769543962611 0.02612416437624535 2.511042797484859 
0.9368733867580175 0.673713913764258 0.1121566242940084 2.530356776537765 
0.9233470965031657 0.6794898955528027 0.155256856188707 2.498716990179757 
0.9116279014267288 0.6988336535446177 0.1167661510705443 2.471605624826359 
0.9361477180094485 0.6743570136316074 0.1118909061234302 2.528514787844642 
0.9131912161302085 0.6998468166860832 0.1142156665761738 2.47671679354463 
0.9299948721618704 0.6836721141113359 0.07893509059218219 2.512903724207537 
0.9317381923449746 0.6829951804053874 0.0804428674035062 2.517744725690113 
0.9118725513660046 0.700397520917625 0.1140928084491562 2.473010988277365 
0.9095723823123675 0.7073038024090198 0.07535952501789406 2.467552033291269 
0.9922002286400227 0.6047693167877622 0.01779249672465686 2.657182137011139 
0.9953493836278738 0.5987337002625767 0.0269516754066177 2.664159044534048 
0.9899803001984406 0.6071867737791526 0.02879061069637119 2.651626276681644 
0.9927459569078383 0.6041005886298872 0.01816292632997485 2.658569503860949 
0.9899068540466784 0.6079417062743849 0.02794162034488013 2.651821776601985 
0.9885981489143982 0.6112456449661328 0.01724221008112105 2.64927444179054 
0.9886095212796837 0.6110952519253205 0.01660054039770291 2.649194384632748 
0.9895090424200071 0.6084205623819237 0.0289112583736216 2.650812285959742 
0.9837617495698671 0.6172786175347662 0.02548056671287401 2.637342417283958 
0.9914017709717241 0.6000908116173914 0.08683782039984833 2.65524028710804 
0.9786926186218072 0.6193811476283797 0.09390692216753456 2.626205629432893 
0.9856784215708567 0.6115390212248706 0.06716026389359316 2.641899182305379 
0.991766159494489 0.5995846359506084 0.08583416414064485 2.656171876000527 
0.9860905868550949 0.6117606963853849 0.06922812569247673 2.64358791526856 
0.994781978075451 0.5966073657049288 0.06242691487464643 2.662475521919138 
0.9940169474772869 0.5996319532654589 0.06306206440324 2.661868786203572 
0.9860945220311659 0.611798892429637 0.06875740316114051 2.643614573885973 
0.989701695081422 0.6057567534362839 0.05083962762061617 2.65070919430494 
0.9999450011267643 0.5916582462962306 0.0001726226460356278 2.674846893183301 
0.999927999122361 0.5917352941995753 -3.662368657969715e-05 2.674835918092267 
1.000072726579821 0.5914792369938939 2.602234235179824e-05 2.675165655074986 
0.9999471434297309 0.5917107190317396 0.0002489300751004586 2.674885034358847 
1.000086524445873 0.5914538645004765 3.176282624282938e-05 2.675196508587116 
1.000216780162797 0.5911876228619944 0.0002475013373169477 2.675472280948064 
1.000219591187717 0.5912407079474417 0.0001717229402662266 2.675513037663272 
1.000101300823694 0.5914283281149205 2.742364657761445e-05 2.675230564725688 
1.000249416809035 0.5911646157919903 -3.72403621008877e-05 2.675567212440666 
1.000453097902372 0.5907046507865407 0.0008246220953862616 2.675973181763657 
1.000128853939325 0.5915349518562479 0.0008467105621792329 2.675385583536472 
1.00022103075255 0.5911324997828689 0.0001305662761415188 2.675453613015939 
1.00047579072203 0.5906578622854641 0.0007609530150652106 2.676021097178032 
1.000194375010128 0.5913264000700312 0.000133399178792035 2.675479609240378 
1.000367228210824 0.5909633803046752 -0.0001240640829726199 2.675840031264573 
0.9998708557715364 0.5919310221228533 4.950304790175648e-05 2.674761782027629 
0.9999480967447388 0.5916911585034232 -2.905468510520153e-05 2.674876600301721 
0.9999339320136719 0.5916344268082339 0.0001979472846131897 2.674795993745369 
0.9998041444311901 0.5919121481541511 -0.0001025477598165818 2.674528749388577 
0.9999614572365555 0.5916037330016806 0.000155319887701723 2.674869200347731 
0.9997053534040257 0.5921462588745449 0.000688435207611081 2.674339286448301 
0.9997223010819232 0.5921354839671785 0.0007569871758752925 2.674389195498 
0.9999393751309958 0.59175566479361 0.0001567644681314856 2.67488561643311 
1.000041648535204 0.5913449086237329 0.0008361378783806485 2.674983212351973 
1.003367751161287 0.5845777781434813 0.003569838193307503 2.682091028610813 
1.002669801694542 0.5875384418030207 0.00588748143172897 2.681507853789376 
1.001750003097325 0.5880717095772077 0.001242305598072769 2.678731116806548 
1.00340101561764 0.5851531323652616 0.00330663736583334 2.682537020424039 
1.001788884493961 0.5883452672228328 0.001289140732881281 2.67902780770523 
1.001947374099095 0.5881700344337636 -0.0005922861206224952 2.679450604909281 
1.012273404214935 0.5691151244794586 0.01846551756348313 2.703175571747357 
1.016926898255286 0.5592225226477452 0.00809826386378491 2.71315285365394 
1.015579898984346 0.5612625312749931 0.03375549203932954 2.710329699319281 
1.005120483216319 0.5759469045260334 0.09604362552277342 2.687478214632024 
1.001068352222409 0.5830787636124929 0.0730341432883858 2.676197003824804 
1.012130643325419 0.5647610995106157 0.07920266413995443 2.703035893893724 
1.004935559608938 0.5744817395249251 0.0973798004630778 2.686123442162509 
1.012110678351351 0.5620905535231813 0.07857296474059955 2.701524724042434 
1.019839459865505 0.543367042558397 0.1022426279386263 2.719426683831915 
0.9926552184022064 0.6046524115495713 0.0001425353228760851 2.658480120473619 
0.9957908355105516 0.5988510740974768 -0.0001337411983798791 2.665331785777997 
0.993825180099895 0.6020169353634034 0.004513704208977289 2.660764209246291 
0.9924546715630093 0.6046893119698201 -6.639824514312602e-05 2.657838297441081 
0.9938382951581732 0.6021179245380019 0.004771772665811878 2.660857173144144 
0.9898744211499312 0.6086576709918669 0.004918038656941278 2.651767075459347 
0.9898294356124385 0.6093414505163166 0.004912206897196835 2.652033840550448 
0.9940198137149076 0.6018759133365241 0.004679812890558332 2.66128959983777 
0.9912290311692568 0.6064809589637326 0.01084504301162855 2.654955833661075 
0.9991141833516475 0.5931831791429042 0.001531842792645109 2.672987105970657 
0.999740307576815 0.5916677803957978 0.004673497585115329 2.674180653679847 
0.9978755460593954 0.5954438205999444 0.004019329660564422 2.670227640042304 
0.9992432845922505 0.5927300499798825 0.001571479733887027 2.673146209928625 
0.9978077371405877 0.595776482145613 0.003678349054823067 2.670201577763517 
0.9981250233539747 0.5946754642629409 -0.0002315997076655202 2.670589528133794 
0.9982443717852539 0.5944642245364808 -0.0001686238827821723 2.670853464171144 
0.9974698765883991 0.5956896398871222 0.004060933855350563 2.669028758818389 
0.996044042130634 0.5989807301308648 0.0004106498231475201 2.666263258057356 
1.006789987082131 0.5795472767268554 -0.0004917161202042398 2.690577760938259 
1.008438368653346 0.57518766904013 0.01201226374876373 2.693686549766237 
1.005466924924832 0.5814304595781042 0.005751471229896327 2.687269672761959 
1.005756689574077 0.5803023035313919 0.005881093251235059 2.687574748224792 
1.008064367936842 0.5758209932308522 0.01286626232318273 2.692803784643707 
1.004573896713735 0.5841551867643274 0.01733333206118378 2.686001575996725 
1.025243192974687 0.5382638278770209 0.04455393554335371 2.73094726978419 
1.014252878701978 0.5636128687764549 0.05335405615083798 2.707952597434127 
1.014344078659602 0.5646699031821308 0.03382806035627732 2.707940992905376 
1.014831838625947 0.5619162660111101 0.03357562039995796 2.708107626660507 
1.014231580941363 0.5629776622044848 0.05182833192106245 2.707484608096628 
1.007188317150897 0.5763070033138298 0.0375497443257748 2.69075458841731 
0.9999839845095199 0.59165562065094 -5.809378005434921e-05 2.674972477959662 
1.000031352243384 0.5918026331253068 -5.793363037211294e-07 2.675216906892318 
0.9998284244982503 0.5920770422439944 -6.053646954188072e-07 2.674704591585519 
0.9999837722462763 0.59163629362071 -4.819450079815356e-05 2.67496031216501 
0.9998287453186899 0.5920919563915638 -9.91286009364904e-06 2.674714523908535 
0.9997862865020415 0.5919265251767376 -8.134381331602969e-05 2.674475466708536 
0.9998061115178024 0.5919359299969765 -5.687902343405242e-05 2.674546943323513 
0.9998755193515496 0.5920590015892011 6.018485656488467e-06 2.674850564277278 
0.9995149225142997 0.5924491091651044 -8.557312296289257e-06 2.673882926945661 
1.000059803377932 0.5915294182229365 -0.0002577962180878019 2.675078861969185 
0.9999461655382835 0.5910512149504352 -7.685891794844753e-05 2.674685028250868 
1.000022628013238 0.5915972692676963 -0.0002599419798915554 2.674990531822184 
1.000007148136155 0.5915068002639249 -0.0002579122838264108 2.674966167406008 
1.000006021849075 0.5914958536498165 -0.0002375722571347751 2.674955183194424 
0.999967067118415 0.5916437144578877 -6.495504338302019e-05 2.674908082363249 
0.9999674778005687 0.5916468839126192 -6.70997191893321e-05 2.674911468706045 
1.000003847377188 0.591474436265009 -0.0002300327636692155 2.67493496273821 
0.9999979368715944 0.591671667531851 -5.541141852404874e-05 2.675027204243921 
0.9991231416923491 0.5930858630042388 -0.001722124617696397 2.672958299800733 
0.9999975612812575 0.591474900409496 -0.001573359447153908 2.67491445594113 
0.9996095977737548 0.592452835166749 -0.0007793292046192331 2.674198934884329 
0.9990005192264839 0.593272460552683 -0.001681328019950878 2.672663352533319 
0.99959411918693 0.5922434820268453 -0.0008912664904125878 2.674024461753367 
0.9988815713388497 0.5934708514225385 -0.0001326549308089325 2.672384544737525 
0.9989382915880062 0.5933563241075419 -0.0001296630638400545 2.672504778896506 
0.9995584832459433 0.5922754531868761 -0.0008734632755045261 2.673925134896071 
0.9995465190110276 0.5925141427406025 0.0001029645276679639 2.674026557570147 
1.000118556551727 0.5905429611855761 4.240879777113208e-05 2.675082058051928 
1.000136538765921 0.591278922228569 -0.0003888152168402337 2.675167159941061 
1.000490445962025 0.5908312211664217 -0.0008531797374353754 2.676063075049269 
1.000430315601393 0.5908292904895127 -0.0009206410894554912 2.675980406462233 
1.000176977535299 0.5911441130429967 -0.0002447950380900859 2.675306533038386 
1.000008058258929 0.5916042688120462 -0.001341815792946485 2.675038352605119 
1.001296659349881 0.5882230725469568 0.000149872802068191 2.67771015101821 
1.000969028055321 0.5899513813674158 -0.001881996784276482 2.677113608708077 
1.002172294864913 0.5881619289616165 -0.00352961800583092 2.680047141352695 
1.002001962583237 0.5878621274584329 -0.003709939885230344 2.679494219127304 
1.001077158498272 0.5892672101909942 -0.001455675312373876 2.677212624200118 
1.000537498612553 0.5906124039629498 -0.005452359121335734 2.676229758426851 
0.9937858256455905 0.6021573308590327 -0.006052161018237174 2.660717313643522 
0.9961893239473489 0.5980013623961974 -0.01131349793542986 2.666217967240932 
0.9969353222349416 0.5969717884814766 -0.003753940495095693 2.668018618611022 
0.9939759637293785 0.6018468303093671 -0.006005367915039203 2.661148395074987 
0.9970371623368848 0.597147057168075 -0.0042480551417551 2.668459914673377 
0.9958123675735732 0.5988045279439879 2.257688884594304e-05 2.665389637303257 
0.995889419970302 0.5987626987717525 -7.233850734578807e-07 2.66561756323893 
0.9966668138164563 0.5971004481217445 -0.003864408447607228 2.667202461749603 
0.998025795127509 0.5953613846270549 0.0003622472850711876 2.670667755687821 
0.9898667516702064 0.6086842169417072 -0.0003006492129942724 2.651747587377009 
0.9878451053053251 0.6125434734529615 0.0001729160272745452 2.647468187817192 
0.9885222543732415 0.6114272198730976 -0.003634016536142784 2.649013988301573 
0.9901395631142637 0.6087331011791269 0.0001400722917404747 2.652676348770712 
0.9884090801454243 0.6114150132276285 -0.003825174530501115 2.648626742851725 
0.9912646600013608 0.6066185957337511 -0.004794359122147915 2.6550996037762 
0.9912577690794943 0.60614827164788 -0.004904490797264478 2.654780048095555 
0.9882182881501039 0.6115818487642892 -0.003682952925651961 2.648090988132068 
0.9891570394927048 0.6103968894099886 -0.009830698919399713 2.650521854686807 
1.007426111417788 0.5790788759576331 -0.008072220244886937 2.692229322184751 
1.005400953730909 0.5796994775423645 -0.0002846795854480097 2.686744107308714 
1.003845571510415 0.5850381466571347 -0.00372137572237635 2.683738383322886 
1.016502456029415 0.5583570566857682 -0.008875282940702453 2.712105756572721 
1.011495918676977 0.5715237036699551 -0.01774932018291331 2.70167419592574 
1.014019100833576 0.565046825187192 -0.03023300457040145 2.706753085554375 
1.012855024599463 0.5668385287340154 -0.02993142020145192 2.704130764712013 
1.011438235388241 0.5695831043501945 -0.01743519067414862 2.700602831160942 
1.006664247323602 0.5787419216043405 -0.03186534503560285 2.690215593981698 
1.013451673298311 0.5668399980248073 -0.04298258231025165 2.706276062624634 
1.02428159798612 0.5389289241138824 -0.03956376226928058 2.728579169530114 
1.012919598800512 0.5691722202779977 -0.02965060846635614 2.705330695258101 
0.9877112539396313 0.6126957177444511 0.003200034633546278 2.647117525361398 
0.9849671422763749 0.617153392286285 0.004069665556263354 2.640907601991981 
0.9862990582451234 0.6145940698428219 -0.0005551246571716757 2.643653407203604 
0.9875227391515804 0.6130102340058524 0.003070982868169763 2.646706619766956 
0.9862512043850696 0.6141763634668792 7.010321553886405e-05 2.643247015731454 
0.9874066863894413 0.6133861513577314 0.0001446529487505307 2.646553198530347 
0.987231451600231 0.6135744231547414 0.0001178843443535714 2.646093228128528 
0.9868587830691087 0.6142686731817808 -0.0005846237433846348 2.645302212511425 
0.9875164140975009 0.6123976007525777 -0.0005443927897094968 2.646300577783313 
0.9735758979375303 0.6212173122495105 -0.1275509366412154 2.613909818831925 
0.9944174796346544 0.5794329619383507 -0.1488635910793719 2.660956377228172 
0.9937650264099259 0.5904990891728237 -0.1158194539050004 2.660408789434261 
0.8780965057746926 0.7353461375522946 -0.03758752731979087 2.392642802166111 
0.8990285096630111 0.7213306596132368 -0.001326061949318907 2.442999049538734 
0.8761851019810828 0.7382747854093475 0.002245112306465351 2.388525807808799 
0.8778034955353357 0.735295581797226 -0.03956309792759408 2.391553829855146 
0.8754805264621077 0.7406849073041422 0.002856608995074551 2.387841506817498 
0.8497607909548338 0.7541940874514078 -0.04094603089431108 2.32614797702279 
1.003897498419743 0.5795210814127846 -0.09066913304450809 2.684486236008532 
1.021764485234512 0.537758440116996 -0.09145452743129187 2.722677247195075 
1.011436999776962 0.5689266846557298 -0.07039850904237815 2.702307580732771 
0.9441154556516764 0.6504279500422121 -0.1624453814190777 2.544885753980975 
0.9531612089966512 0.6540487899286598 -0.1135187419073499 2.568464236925466 
0.9371365955742073 0.6776398310202991 -0.1026545139237612 2.532602405426012 
0.9401849578681869 0.6712131144184037 -0.1026249150805611 2.538284862711618 
0.9532851636826066 0.6541854712656316 -0.1143278285543751 2.569318770849615 
0.9522326588390645 0.6598413928348202 -0.06991478023134616 2.565354476231019 
0.8969190465278749 0.7103441318801004 0.1341880791054802 2.437966879372716 
0.8920975462951102 0.720445997737639 0.08551486198979893 2.425555384282453 
0.9129110001802739 0.6965763932838447 0.1154149284877635 2.473282083843984 
0.911924837681919 0.7018618473393562 0.1157576502838357 2.474160401758418 
0.8923931245065115 0.720724146322388 0.08610560309512517 2.426760993741909 
0.9082213551447601 0.70674964936992 0.07327105047479031 2.462793186725983 
0.89677527717849 0.720245042874358 -0.07433565751246171 2.437910516638941 
0.8909170068333252 0.714496323025514 -0.1261028937260069 2.422356034979397 
0.913937059057678 0.6980944419535331 -0.1044125952703207 2.476317544045495 
0.8533145709580061 0.7522454620368768 0.0552733823558416 2.335273120375079 
0.8743189542889765 0.7397552728194501 0.0001140857292227846 2.383917520331847 
0.8808273864156253 0.7341338101452902 0.04038719508936421 2.399483034602194 
0.8794987689149908 0.7370849796349187 0.03906817815395588 2.398036540535214 
0.8738889473116039 0.7388658204918895 0.002182125408761442 2.382430227953552 
0.8970084358130109 0.721158027784098 -0.004138623601347689 2.436834522389442 
0.9756499010485908 0.6199221063872031 0.1225067883201174 2.619825471139661 
0.9776283381904493 0.6198868632104322 0.09269793326933355 2.622859187293535 
0.9905835919532519 0.5976144265822534 0.1169435043009125 2.653978185961516 
0.9751615234424168 0.6207010554174265 0.1246024991938623 2.618740412981597 
0.9913741519896632 0.5943183830359398 0.1162817577694046 2.65456692050726 
0.994072227217236 0.5820967110607388 0.1504549903112787 2.660823970997158 
0.9492102391165534 0.646206868048872 0.1650597636500386 2.558053701814219 
0.9345033091142451 0.6769373381876669 0.112675822355663 2.525417553769249 
0.9538671931418001 0.6499215706965691 0.124613985136767 2.569228969581718 
0.952124532109291 0.6536059612046685 0.1239457586378685 2.566188010111246 
0.9357263270605702 0.6738286140988432 0.110664944991205 2.527179810200165 
0.9455699496484821 0.6665456336784888 0.07982708482640719 2.549658184370988 
1.000836818002797 0.589776239060536 0.0001456251172098424 2.676701808924711 
1.000555609941606 0.5907683297289178 0.0009169224825549626 2.676351858957368 
1.000341739118038 0.5910828080915482 -6.702644833495176e-05 2.675825227784106 
1.003546773810065 0.5845717277643405 0.0002768673801218846 2.682678270319991 
1.003447743861924 0.5849284067330884 0.003292155277860969 2.682564815115429 
1.001957406535759 0.5888403795358284 -0.0003990368085885672 2.679869040920702 
1.01114077695563 0.5588772453109079 0.1265282974565133 2.70135724551403 
1.003886985785632 0.5741337056564606 0.09609247476501348 2.682319414199437 
1.020380583010323 0.5428370278257664 0.1022291095431123 2.720769127818155 
1.00401404611732 0.5847554921637487 -0.0004141311878024133 2.684328622353694 
1.00609061657707 0.5797181217383658 0.0008871932731710022 2.688357578014227 
1.005651143287471 0.5812873530904417 0.00606311993172113 2.6878184219098 
1.022519722812147 0.5459612527169549 0.02218047151982026 2.725023783234094 
1.02583068374511 0.5396415945916944 0.04192655904786701 2.733542293398738 
1.014469360833127 0.5641153802795116 0.03442451051623115 2.708158686545767 
1.000530045111938 0.5897391256695791 -1.752879503806573e-05 2.675988646828798 
1.000031057245686 0.5905016012126795 0.0001567534427931776 2.674778585751091 
1.000569847246185 0.5907790617437417 -0.0008887754422337544 2.67628944953795 
1.002815740619581 0.5853285328372316 -0.0001891491274079641 2.681090798342854 
1.000958506186864 0.5880735270126567 0.0006368504254367582 2.676511895527546 
1.002408809182622 0.5880718431336338 -0.003688752943645222 2.680774002392288 
1.021493111310111 0.5475684321788776 -0.02277848354191853 2.723273617341077 
1.016300012479314 0.5569793336475342 -0.006918500621154474 2.710633378375711 
1.013396079905411 0.5664909226013298 -0.0313284272771191 2.705500316500482 
0.8642968879939131 0.7404670054861339 -0.08739561029148406 2.359980674563773 
0.8805466823811184 0.7360180650218711 -0.03768112977833377 2.400116627619151 
0.8503539500473148 0.7536955502583774 -0.04144222515482723 2.327044246817269 
0.9210815740784001 0.6809714685089154 -0.1503413095293703 2.491950124486485 
0.9441094011665939 0.6517521706388748 -0.1651439864531075 2.545982273575009 
0.9387028701827727 0.6758443619645604 -0.1012565033797801 2.536388159315878 
0.924716441798105 0.6807229042848807 0.156741525162427 2.503522512540206 
0.8980179644309967 0.7096833800704493 0.1352903072892289 2.441011921857895 
0.9097013373399112 0.6976548860982626 0.1145415693356279 2.46458059914208 
0.8720415869820961 0.7373693779556801 0.0975340665150079 2.380471275644875 
0.8539176633603012 0.7516017162290765 0.05743411077250605 2.336747916758213 
0.8763320955487274 0.73522074411646 0.03947357473532807 2.387241767553527 
0.9745125611638926 0.6140604739070399 0.1624550516824529 2.618211135055572 
0.9736572585169042 0.6195028659423614 0.1225767064885642 2.612936502173023 
0.9948025622546712 0.5822268200347293 0.151070182504206 2.662937089132224 
0.9725787725980685 0.615320142618251 0.1648278918689525 2.612384445781665 
0.9520403363443316 0.645301209158255 0.1637812584394394 2.566529031901391 
0.9507609490671759 0.6513210704898681 0.1238433844577482 2.560385658382454 
1.000294526663619 0.5909323510852452 4.797712569043059e-05 2.675579994591841 
1.000230745127228 0.591274877580255 0.0002063619400870294 2.675570325770302 
1.000226656604232 0.5912138868864955 -2.569962251074797e-05 2.675520614524037 
1.001743585671901 0.5881761771634717 8.227887322555992e-05 2.678778335273896 
1.00172264623162 0.5883922444689416 0.001289931414042821 2.67883786314783 
1.001006907680552 0.5899290213567799 -0.000123629613535347 2.677355492381609 
1.013458759725712 0.5684159388147024 0.01908398454616084 2.706819559002254 
1.011316996555779 0.5699826846328371 0.002119354942011459 2.700238190640552 
1.01560212425279 0.5598138368158738 0.00910726541363617 2.709072483916485 
1.016179356690458 0.5628629727188565 0.0346587570398787 2.713280522522067 
1.016719493691171 0.5589142167620824 0.007804338437529264 2.712197529728166 
1.021413392497864 0.5473144421339331 0.02271815836291828 2.722082009767672 
1.020968933883644 0.5439522170361762 0.1000210733967006 2.723393703125717 
1.011372129223844 0.562458754559806 0.07874209213454936 2.69934473297261 
1.025666984706103 0.5361738482241822 0.07569747155497994 2.732968610292238 
1.006653149180121 0.5800441834750021 -0.0004892373202322851 2.690372489542349 
1.010405532110081 0.5706376886416761 0.003553487511187466 2.697621774460336 
1.008896078408793 0.5757912334000089 0.0125975639329761 2.695575599833088 
1.026126912395981 0.5369908638491832 0.04388394413563538 2.733127295875279 
1.025818808900024 0.5377766214187129 0.07278120109292567 2.734244916455874 
1.013317205526441 0.563734493658912 0.05254449017265644 2.704779673729118 
1.000087381139789 0.5905538433361711 1.985836240691903e-05 2.674984798163494 
0.999901032353091 0.5908725311758948 3.25854778175978e-05 2.674553368189454 
1.000213027713641 0.5912570293934025 -0.0003369857976790627 2.675408545384541 
1.001133097114729 0.5882798717234987 8.518116615406719e-05 2.677198738613302 
1.00040743103209 0.589527297584073 0.0002051050600770689 2.675517804522843 
1.001218636618276 0.589946854296163 -0.001657523474935328 2.677941526560193 
1.007607422132826 0.5790766895959922 -0.008272542367391554 2.692829102345823 
1.010590622729179 0.5701220160617698 -0.002657297838166948 2.698664535139522 
1.004634281191035 0.5791673689854338 0.001097087680496848 2.683898367136471 
1.004284627442356 0.584909379107217 -0.003391313735592731 2.685129096024817 
1.0049842903961 0.5800757004967266 -0.0002433309274602372 2.685565085294086 
1.002347418603806 0.5844714866494465 0.0002525005159976524 2.679320164577066 
1.015524978427621 0.5593985791262419 -0.008444673684989842 2.709364446085585 
1.010796523023004 0.5675914822808151 -0.001342391864258421 2.697999137925212 
1.011605678653951 0.5714381668540469 -0.01776603225914019 2.701997471486439 
1.011973536287266 0.5678206074931748 -0.04320277101171544 2.70184743097335 
1.025741430649839 0.5345689445001147 -0.0618540302001001 2.732217526926814 
1.025843780485132 0.5380894393934548 -0.04106451040925996 2.733500652056956 
1.012021314195977 0.5680219345039316 -0.03055777440182756 2.701716972993406 
1.024798025951922 0.5391522295048196 -0.03912685076816012 2.73039629705639 
1.022314810406941 0.5461240299056151 -0.02384442588852081 2.72531988138937 
0.9732120722780541 0.6204940290973738 -0.126061990989602 2.612495134455236 
0.9690206612583964 0.6177865199466985 -0.1648543459536738 2.603191258417718 
0.9960851400371789 0.5804269747974914 -0.1531331559656358 2.667385092782408 
0.9923568780288495 0.5904332329127635 -0.1171196682264118 2.655682842771875 
0.9961468457483525 0.5779321363032437 -0.1490609701378924 2.665652608049161 
1.013955057131998 0.5528825367805182 -0.1246035329304428 2.707771813066276 
0.847973486501104 0.7544409396155792 -0.03990820503463989 2.321015288942289 
0.8779132960800782 0.7394001371649067 0.00233960921746942 2.394191564059333 
0.8452722883157503 0.7580266851666732 0.009541550275229019 2.315286698765097 
1.002558159393222 0.580377548542542 -0.09042349627403125 2.680578962538498 
1.012894919452952 0.5510026957453731 -0.1210256348847154 2.702752636449703 
1.02360996245345 0.5373486177425797 -0.09394911788717256 2.728796971747557 
1.009939814805702 0.5679050788525075 -0.07210416142981711 2.696756588050524 
1.022551146479885 0.5376340016268957 -0.09102607611712478 2.725199733711097 
1.026632991873188 0.534342069097348 -0.06473481284618403 2.735398926091254 
0.9464666482320128 0.6486511480008282 -0.1628768335104934 2.551009562446459 
0.9669587876567615 0.6210129557521132 -0.1674637959719615 2.59912953515432 
0.9529134828473004 0.654837035199353 -0.113338319222579 2.567997293627728 
0.8970119678388433 0.7116640747989553 0.1342976684811962 2.438758336545217 
0.8724658086088444 0.7349301183047237 0.1003837167137032 2.380542279759003 
0.8916691490945358 0.7194936492649983 0.08492265049455404 2.423493659724225 
0.8993035571574669 0.718275490246631 -0.07401820940398764 2.444289948814326 
0.8674771563306656 0.7387471817850846 -0.08749075725522529 2.367207553282006 
0.8899385922843827 0.7155221897851997 -0.126816108845427 2.420272773137865 
0.9152195721911058 0.698968936238875 -0.103235165111292 2.480726197542347 
0.8930156091219296 0.713118728382792 -0.126590568216801 2.427210133738782 
0.9182889712026774 0.6844933438415249 -0.1538333546452284 2.487009242357596 
0.8532147088549308 0.7536864084843889 0.05501714235360092 2.335792314424091 
0.8445911406796744 0.7583730608059058 0.009798563761654836 2.31394478579358 
0.8744454206717455 0.7387175307311407 0.0002486180283038215 2.383560220368153 
0.9961690381680975 0.5818008180625168 0.1483486582168316 2.667477690637589 
0.989830459070945 0.5953604456736523 0.1157698040055848 2.650208384729546 
1.010222419131362 0.5581119008013025 0.1294583527045275 2.697765514929129 
0.9501874726508023 0.647001740192192 0.1658620899079276 2.561281810013013 
0.9260446944372018 0.6783104384043821 0.154498302475686 2.506296563768073 
0.9329660295108083 0.6753069905698443 0.1111318005670523 2.519394046857136 
