-1.07669 0.0203014
-1.05114 0.0203014
-1.01374 0.0203014
-0.976332 0.0203014
-0.950788 0.0203014
-0.724179 0.0379949
-0.710899 0.0379949
-0.691451 0.0379949
-0.672003 0.0379949
-0.658723 0.0379949
-0.215731 0.170139
-0.212648 0.170181
-0.208135 0.170258
-0.203622 0.170352
-0.200539 0.170425
-0.653316 0.0482143
-0.645407 0.0482143
-0.633826 0.0482143
-0.622244 0.0482143
-0.614335 0.0482142
-0.365015 0.201653
-0.360447 0.201648
-0.353759 0.201652
-0.347071 0.201671
-0.342503 0.201696
1.02808 0.00515586
1.05002 0.00515586
1.08217 0.00515586
1.11431 0.00515586
1.13626 0.00515586
0.711283 0.0241498
0.725756 0.0241498
0.746951 0.0241498
0.768146 0.0241498
0.782619 0.0241498
0.367258 0.160147
0.372649 0.160169
0.380543 0.160208
0.388438 0.160255
0.393829 0.160288
0.0293686 -1.0657
0.0313697 -1.0656
0.0343 -1.06537
0.0372303 -1.06505
0.0392314 -1.06478
0.0868761 -0.624186
0.0890084 -0.624078
0.092131 -0.623908
0.0952536 -0.623727
0.0973859 -0.623599
-0.0901034 -0.514288
-0.0880279 -0.514356
-0.0849885 -0.514438
-0.0819491 -0.514496
-0.0798736 -0.514519
-0.0449862 -0.927978
-0.0430707 -0.928102
-0.0402655 -0.928219
-0.0374603 -0.928257
-0.0355448 -0.928233
-0.153146 -0.0627497
-0.150334 -0.0627347
-0.146216 -0.0627193
-0.142098 -0.0627124
-0.139286 -0.0627127
-0.138006 -0.153884
-0.135803 -0.15389
-0.132576 -0.153906
-0.129349 -0.153931
-0.127146 -0.153954
-1.35455 0.01727
-1.32901 0.01727
-1.2916 0.01727
-1.2542 0.01727
-1.22865 0.01727
-0.868647 0.0267699
-0.855367 0.0267699
-0.835919 0.0267699
-0.816471 0.0267699
-0.803191 0.0267699
-0.249261 0.224968
-0.246178 0.224996
-0.241665 0.225056
-0.237151 0.225142
-0.234068 0.225214
-0.567282 0.0665057
-0.559373 0.0665051
-0.547792 0.0665043
-0.53621 0.0665033
-0.528301 0.0665026
-0.315331 0.231465
-0.310763 0.231471
-0.304075 0.231507
-0.297387 0.231583
-0.292819 0.231658
1.26684 0.000184506
1.28879 0.000184506
1.32093 0.000184506
1.35307 0.000184506
1.37502 0.000184506
0.868726 0.0101201
0.883199 0.0101201
0.904394 0.0101201
0.925589 0.0101201
0.940062 0.0101201
0.425904 0.120916
0.431295 0.120924
0.43919 0.120937
0.447085 0.12095
0.452476 0.120959
0.00759862 -1.14581
0.00959988 -1.14573
0.0125305 -1.1455
0.0154611 -1.14515
0.0174624 -1.14483
0.110072 -0.46207
0.112204 -0.462007
0.115327 -0.46192
0.11845 -0.461842
0.120582 -0.461795
-0.0675244 -0.7518
-0.0654489 -0.751887
-0.0624095 -0.751971
-0.0593701 -0.751999
-0.0572946 -0.751982
-0.0241472 -1.06953
-0.0222314 -1.06965
-0.019426 -1.06973
-0.0166206 -1.06971
-0.0147048 -1.06964
-0.183738 0.0768624
-0.180926 0.0769009
-0.176808 0.0769611
-0.17269 0.0770239
-0.169878 0.0770676
-0.114039 -0.314649
-0.111836 -0.314706
-0.108609 -0.314793
-0.105382 -0.314883
-0.103179 -0.314945
-1.21562 0.0183146
-1.19007 0.0183146
-1.15267 0.0183146
-1.11526 0.0183146
-1.08972 0.0183146
-0.796413 0.0313967
-0.783133 0.0313967
-0.763685 0.0313967
-0.744237 0.0313967
-0.730957 0.0313967
-0.232496 0.202398
-0.229413 0.202433
-0.2249 0.202504
-0.220386 0.202597
-0.217303 0.202672
-0.610299 0.0558739
-0.60239 0.0558739
-0.590809 0.0558737
-0.579227 0.0558734
-0.571318 0.0558731
-0.340173 0.219165
-0.335605 0.219164
-0.328917 0.21918
-0.322229 0.219224
-0.317661 0.219272
1.14746 0.00211982
1.16941 0.00211982
1.20155 0.00211982
1.23369 0.00211982
1.25564 0.00211982
0.790005 0.0155605
0.804478 0.0155605
0.825673 0.0155605
0.846867 0.0155605
0.86134 0.0155605
0.396581 0.141743
0.401972 0.141757
0.409867 0.14178
0.417761 0.141806
0.423152 0.141823
0.0184836 -1.11458
0.0204849 -1.11449
0.0234155 -1.11425
0.0263461 -1.1139
0.0283474 -1.11361
0.0984741 -0.545041
0.100606 -0.544951
0.103729 -0.544817
0.106852 -0.544683
0.108984 -0.544592
-0.0788144 -0.644463
-0.0767387 -0.644541
-0.073699 -0.644623
-0.0706593 -0.644664
-0.0685836 -0.644666
-0.0345672 -1.00338
-0.0326514 -1.0035
-0.029846 -1.00361
-0.0270406 -1.00362
-0.0251248 -1.00358
-0.168442 0.0135307
-0.16563 0.0135634
-0.161512 0.0136078
-0.157394 0.0136465
-0.154582 0.0136687
-0.126022 -0.228175
-0.123819 -0.22821
-0.120593 -0.228262
-0.117366 -0.228317
-0.115163 -0.228355
-1.49348 0.0167593
-1.46794 0.0167593
-1.43053 0.0167593
-1.39313 0.0167593
-1.36758 0.0167593
-0.940882 0.0235779
-0.927602 0.0235779
-0.908154 0.0235779
-0.888705 0.0235779
-0.875425 0.0235779
-0.481893 0.104651
-0.476511 0.104648
-0.46863 0.104643
-0.460749 0.104638
-0.455367 0.104636
-0.452621 0.122886
-0.447239 0.12288
-0.439359 0.122871
-0.431478 0.122862
-0.426096 0.122857
-0.42335 0.144107
-0.417968 0.144094
-0.410088 0.144077
-0.402207 0.144063
-0.396825 0.144056
-0.394079 0.167985
-0.388697 0.167962
-0.380816 0.167934
-0.372935 0.167914
-0.367553 0.167907
-0.266025 0.239816
-0.262942 0.239836
-0.258429 0.239886
-0.253916 0.23996
-0.250833 0.240025
-0.524265 0.0812758
-0.516356 0.0812742
-0.504775 0.0812713
-0.493193 0.0812679
-0.485284 0.0812654
-0.290489 0.236091
-0.285921 0.236109
-0.279233 0.236175
-0.272544 0.236291
-0.267976 0.2364
1.38622 -0.00135541
1.40817 -0.00135541
1.44031 -0.00135541
1.47245 -0.00135541
1.4944 -0.00135541
0.947448 0.00652241
0.961921 0.00652241
0.983116 0.00652241
1.00431 0.00652241
1.01878 0.00652241
0.485807 0.0815341
0.496122 0.0815363
0.511227 0.0815394
0.526331 0.0815421
0.536646 0.0815434
0.54191 0.0548557
0.552225 0.0548561
0.56733 0.0548567
0.582435 0.0548571
0.59275 0.0548573
0.598014 0.0367373
0.608329 0.0367374
0.623434 0.0367375
0.638539 0.0367376
0.648854 0.0367376
0.654118 0.025487
0.664433 0.0254871
0.679538 0.0254871
0.694643 0.0254871
0.704958 0.0254871
0.455228 0.100387
0.460619 0.100391
0.468514 0.100398
0.476408 0.100403
0.481799 0.100407
0.286375 0.17692
0.290073 0.176915
0.295488 0.176932
0.300903 0.176973
0.304601 0.177013
0.306488 0.179783
0.310185 0.179787
0.315601 0.179811
0.321016 0.179854
0.324713 0.179892
0.3266 0.177028
0.330298 0.177038
0.335713 0.177065
0.341128 0.177104
0.344826 0.177136
0.346713 0.16971
0.35041 0.169722
0.355826 0.169748
0.361241 0.169781
0.364938 0.169807
0.133604 -0.2927
0.137049 -0.292689
0.142095 -0.292683
0.14714 -0.292692
0.150585 -0.292706
0.152343 -0.169169
0.155788 -0.169184
0.160833 -0.16921
0.165878 -0.169238
0.169323 -0.169256
0.171081 -0.07117
0.174526 -0.0711952
0.179572 -0.071227
0.184617 -0.0712491
0.188062 -0.0712563
0.18982 0.00692877
0.193265 0.00690141
0.19831 0.00687588
0.203355 0.00687086
0.2068 0.00688119
-0.00328543 -1.15793
-0.00128435 -1.15786
0.001646 -1.15764
0.00457635 -1.1573
0.00657743 -1.157
0.208591 0.0694562
0.212165 0.0694305
0.217398 0.0694166
0.222631 0.0694325
0.226205 0.0694615
0.228029 0.111429
0.231603 0.111408
0.236836 0.111406
0.242069 0.111436
0.245643 0.111476
0.247467 0.143149
0.251041 0.14314
0.256274 0.143154
0.261507 0.1432
0.265081 0.143249
0.266905 0.163728
0.270479 0.163731
0.275713 0.163759
0.280946 0.163816
0.28452 0.16387
0.12167 -0.379283
0.123803 -0.379253
0.126926 -0.379211
0.130048 -0.379175
0.132181 -0.379153
-0.0562354 -0.849384
-0.0541597 -0.84948
-0.05112 -0.849561
-0.0480803 -0.849567
-0.0460046 -0.849523
0.0402884 -1.004
0.0424297 -1.00386
0.0455655 -1.00358
0.0487013 -1.00323
0.0508426 -1.00294
0.0519354 -0.919521
0.054077 -0.919396
0.057213 -0.919158
0.060349 -0.91886
0.0624906 -0.918628
0.0635834 -0.82732
0.065725 -0.827216
0.068861 -0.827023
0.071997 -0.826786
0.0741386 -0.826602
0.0752314 -0.732256
0.0773727 -0.732172
0.0805085 -0.732023
0.0836443 -0.731849
0.0857856 -0.731717
-0.0137272 -1.1223
-0.0118114 -1.12241
-0.009006 -1.12249
-0.00620057 -1.12244
-0.0042848 -1.12235
-0.199035 0.127577
-0.196223 0.127617
-0.192105 0.127683
-0.187986 0.127758
-0.185174 0.127812
-0.102055 -0.409941
-0.0998515 -0.410032
-0.096625 -0.410162
-0.0933985 -0.410283
-0.0911952 -0.410359
