1 0.4999999999999999 -9.743770380198147e-18 2.675 
1 0.5 2.375610723700513e-17 2.675 
1.000002338752296 0.4999999388967238 1.703592912972266e-06 2.675008026477981 
1 0.5 -6.773411491179629e-18 2.675 
1 0.5 -1.991972214191451e-17 2.675 
1 0.5 -7.714772828621373e-18 2.675 
1 0.4999999999999999 4.488840827928809e-17 2.675 
1 0.5 0 2.675 
1 0.4999999999999999 4.354120007665393e-18 2.675 
1 0.5 2.573699964115922e-17 2.675 
1 0.5 -2.268945220868674e-17 2.675 
1 0.5 3.650822940349079e-17 2.675 
1 0.4999999999999999 0 2.675 
1 0.4999999999999999 1.352862814746977e-17 2.675 
1 0.5 3.5611125925656e-17 2.675 
1 0.5000000000000001 4.091061150365598e-17 2.675 
1 0.5000000000000001 -5.041444471218479e-17 2.675 
1 0.4999999999999999 -2.636326316896856e-17 2.675 
1 0.5 -2.422778774556816e-17 2.675 
1 0.5 0 2.675 
1 0.4999999999999999 0 2.675 
1 0.4999999999999999 0 2.675 
1 0.5 0 2.675 
1 0.4999999999999999 0 2.675 
1 0.5000000000000001 -3.324401336137649e-17 2.675 
1 0.5 -2.492286742281282e-17 2.675 
1 0.4999999999999999 -5.059689459629047e-17 2.675 
1 0.5 2.833559646431114e-17 2.675 
1 0.4999999999999999 0 2.675 
1 0.5 2.553177773071771e-17 2.675 
1 0.4999999999999999 -1.912531672895752e-17 2.675 
1 0.4999999999999999 8.259861174595332e-18 2.675 
1 0.4999999999999999 0 2.675 
1 0.5 0 2.675 
1 0.5 0 2.675 
1 0.4999999999999999 0 2.675 
1 0.5000000000000001 8.201473633651078e-18 2.675 
1 0.5 4.882189154540458e-18 2.675 
1 0.5 -2.535479157014251e-17 2.675 
1 0.5000000000000001 -1.866480629793955e-17 2.675 
1 0.5 -2.012452084020887e-17 2.675 
1 0.5 -3.004506039160126e-17 2.675 
1 0.4999999999999999 -4.68546662299859e-18 2.675 
1 0.5 0 2.675 
1 0.5 0 2.675 
1 0.5 -7.316087963651093e-18 2.675 
1 0.5 3.004511859518073e-17 2.675 
1 0.5 0 2.675 
1 0.5 0 2.675 
1 0.5 0 2.675 
1 0.5000000000000001 -1.79451709000063e-17 2.675 
1 0.5 0 2.675 
1 0.4999999999999999 -1.647525269984019e-17 2.675 
1 0.5 3.027399424713042e-17 2.675 
1 0.5 0 2.675 
1 0.5 -2.44208030338737e-17 2.675 
1 0.5000000000000001 -6.68886333987032e-18 2.675 
1 0.5 0 2.675 
1 0.4999999999999999 3.888453036339188e-17 2.675 
1 0.5 0 2.675 
1 0.4999999999999999 0 2.675 
1 0.5 0 2.675 
1 0.5 0 2.675 
1 0.4999999999999999 9.97628755352612e-18 2.675 
1 0.4999999999999999 7.393047030371799e-18 2.675 
1 0.5 0 2.675 
1 0.5 2.522365209527444e-17 2.675 
1 0.4999999999999999 -3.102990678689998e-17 2.675 
1 0.4999999999999999 0 2.675 
1 0.5 -1.055060585674224e-17 2.675 
1 0.5 4.088453987713476e-17 2.675 
1 0.5 -8.77799185338899e-18 2.675 
1 0.4999999999999999 2.052576160260249e-17 2.675 
1 0.5 4.234135301927715e-17 2.675 
1 0.5 1.698743667274119e-17 2.675 
1 0.5 0 2.675 
1 0.4999999999999999 -7.705605826860618e-18 2.675 
1 0.5 4.388084730387421e-17 2.675 
1 0.5 0 2.675 
1 0.4999999999999999 0 2.675 
1 0.4999999999999999 0 2.675 
1 0.5 0 2.675 
1 0.5 -2.582047017069938e-17 2.675 
1 0.4999999999999999 1.233837621029892e-17 2.675 
1 0.4999999999999999 3.568364382618876e-17 2.675 
1 0.4999999999999999 9.9381451552858e-18 2.675 
1 0.5 -2.319045470965364e-17 2.675 
1 0.5 2.951683871608227e-17 2.675 
1 0.5000000000000001 9.743807823037016e-18 2.675 
1 0.4999999999999999 0 2.675 
1 0.5 0 2.675 
1 0.5 0 2.675 
1 0.5 7.72080192253102e-18 2.675 
1 0.5 1.425366434220308e-17 2.675 
1 0.5 -8.62297777383408e-18 2.675 
1 0.5 0 2.675 
1 0.5 0 2.675 
1 0.5000000000000001 6.773384079870865e-18 2.675 
1 0.4999999999999999 6.773295887794229e-18 2.675 
1 0.5000000000000001 -6.773384079870861e-18 2.675 
1 0.5 -9.959725780957588e-18 2.675 
1 0.5 1.36946944158117e-17 2.675 
1.000003724172904 0.5000023241352995 2.499330548987619e-06 2.67501399204903 
1 0.4999999999999999 2.314436787525797e-17 2.675 
1 0.5 -2.314402337234432e-17 2.675 
1 0.5 0 2.675 
1 0.5 1.496284147201845e-17 2.675 
1 0.5000000000000001 -3.740700689940674e-17 2.675 
1.000095282331575 0.5000988046249421 7.528784142129004e-05 2.675377781391306 
1 0.5 0 2.675 
1 0.5000000000000001 3.82414984784095e-17 2.675 
1 0.5 0 2.675 
1 0.4999999999999999 2.612544428959797e-17 2.675 
1 0.5 -3.047968500453096e-17 2.675 
1 0.5 0 2.675 
1 0.5 6.772855371155735e-18 2.675 
1 0.5 0 2.675 
1 0.5 0 2.675 
1 0.5 0 2.675 
1 0.4999999999999999 0 2.675 
1 0.4999999999999999 0 2.675 
1 0.5 9.127187745353618e-18 2.675 
1 0.5 -2.966336017239929e-17 2.675 
1 0.5 0 2.675 
1 0.4999999999999999 0 2.675 
1 0.5000000000000001 0 2.675 
1 0.5 -1.464266283250491e-17 2.675 
1 0.4999999999999999 -1.352867602951465e-17 2.675 
1 0.5000000000000001 1.803823470601953e-17 2.675 
1 0.5000000000000001 -1.803850164988631e-17 2.675 
1 0.4999999999999999 2.848859564547693e-17 2.675 
1 0.5 -2.848890074052479e-17 2.675 
1 0.5000000000000001 0 2.675 
1 0.5 -2.045541455376329e-17 2.675 
1 0.5 0 2.675 
1 0.5 -1.022760101788712e-17 2.675 
1 0.4999999999999999 5.041463047399339e-17 2.675 
1 0.4999999999999999 -2.100609603083057e-17 2.675 
1 0.5 5.041463047399338e-17 2.675 
1 0.4999999999999999 0 2.675 
1 0.5 0 2.675 
1 0.4999999999999999 1.977260955670299e-17 2.675 
1 0.5 2.018969170925791e-17 2.675 
1 0.5 -3.230350673481266e-17 2.675 
1 0.5 2.422763005110949e-17 2.675 
1 0.5 0 2.675 
1 0.4999999999999999 -2.753107236474693e-17 2.675 
1.000088882262018 0.500066629927833 7.090621766490143e-05 2.675339660925547 
1 0.5 -4.147573175850719e-17 2.675 
1 0.4999999999999999 0 2.675 
1 0.5 -2.488553252506153e-17 2.675 
0.9999974400510488 0.5000017412974903 4.792048122021448e-07 2.674992051820009 
1 0.5 -8.098907912969187e-18 2.675 
1 0.5 2.159706441306627e-17 2.675 
1 0.4999999999999999 -7.986545697523817e-18 2.675 
1 0.5 1.297805275036447e-17 2.675 
1 0.5 0 2.675 
1 0.5 0 2.675 
1 0.5 1.966794835683673e-17 2.675 
1 0.5 0 2.675 
1 0.5 4.155449956869576e-18 2.675 
1 0.5 -1.506364841071784e-17 2.675 
1 0.4999999999999999 -4.571021396271839e-17 2.675 
1 0.5 -3.115375124457949e-17 2.675 
1 0.5 -6.230716855703203e-18 2.675 
0.9999999976738009 0.4999999978132044 -2.869092334138054e-09 2.674999990892847 
1 0.5 0 2.675 
1 0.5 -3.035861812123096e-17 2.675 
0.999997257649339 0.4999976788843928 -2.371608850366396e-06 2.674989392169973 
1 0.4999999999999999 -2.833552485807735e-17 2.675 
1 0.5 2.361279428271769e-17 2.675 
1 0.5 -3.778079528574816e-17 2.675 
1 0.4999999999999999 0 2.675 
1 0.4999999999999999 -2.217041850502526e-17 2.675 
1 0.4999999999999999 5.542554291789002e-18 2.675 
1 0.4999999999999999 2.553193460706437e-17 2.675 
1 0.5 -3.829790191059656e-17 2.675 
1 0.4999999999999999 0 2.675 
1 0.5000000000000001 0 2.675 
1 0.4999999999999999 0 2.675 
1 0.5000000000000001 0 2.675 
1 0.4999999999999999 1.92730094073891e-17 2.675 
1 0.5 -1.101314823279377e-17 2.675 
1 0.4999999999999999 4.680611391450425e-17 2.675 
1 0.5 3.840968797490137e-17 2.675 
1 0.5 0 2.675 
1 0.4999999999999999 -3.666375105487488e-17 2.675 
1 0.4999999999999999 -4.701834333280555e-17 2.675 
1 0.5 -3.761398940668026e-17 2.675 
1 0.4999999999999999 0 2.675 
1 0.5 -3.406041782793834e-17 2.675 
1 0.5 -4.78978067828844e-18 2.675 
1 0.5 3.406066260116223e-17 2.675 
1 0.5 0 2.675 
1 0.5 0 2.675 
1 0.5 2.651247733263482e-17 2.675 
1 0.5 1.845352587804583e-17 2.675 
1 0.5 2.460470117072778e-17 2.675 
1 0.4999999999999999 2.050391764227315e-17 2.675 
1 0.5000000000000001 -6.102736443175574e-18 2.675 
1 0.5 9.764390193858807e-18 2.675 
1 0.5000000000000001 9.764378309080917e-18 2.675 
1 0.5 0 2.675 
1 0.4999999999999999 1.782727200771912e-17 2.675 
1 0.5 2.53547915701425e-17 2.675 
1 0.5 -3.110796733960474e-17 2.675 
1 0.5 0 2.675 
1 0.4999999999999999 -6.221657560002225e-18 2.675 
1 0.5 -1.609961667216712e-17 2.675 
1 0.4999999999999999 3.21993842415817e-17 2.675 
1 0.5000000000000001 2.01245208402089e-18 2.675 
1 0.5 -3.004506039160126e-17 2.675 
1 0.5 2.003004026106751e-17 2.675 
1 0.5 2.503758507893821e-17 2.675 
1 0.5 -9.370994020215689e-18 2.675 
1 0.5 2.248991651202127e-17 2.675 
1 0.4999999999999999 -5.622596412129413e-18 2.675 
1 0.5 -3.913445414383193e-17 2.675 
1 0.5 3.521928617164384e-17 2.675 
1 0.5 0 2.675 
1 0.5 -7.450768362053066e-17 2.675 
1 0.5 3.725405910790222e-17 2.675 
1 0.5 0 2.675 
1 0.4999999999999999 -4.389511578618436e-17 2.675 
1 0.5 2.926401596832004e-17 2.675 
1 0.5000000000000001 0 2.675 
1 0.5 -2.412520565372752e-17 2.675 
1 0.5 0 2.675 
1 0.5 -4.910241671158298e-17 2.675 
1 0.5 -3.72385553216206e-17 2.675 
1 0.5 3.413534237815222e-17 2.675 
0.9999645547861955 0.4999663348707413 -2.912457680977988e-05 2.674861086872123 
1 0.4999999999999999 2.684633006943967e-17 2.675 
1 0.5 3.691389743534022e-17 2.675 
1 0.5 -4.02699482090236e-17 2.675 
0.9998361401634668 0.4998326508004693 -0.0001169259892625722 2.674352267912916 
1 0.5 0 2.675 
1 0.4999999999999999 -2.494403832514019e-17 2.675 
1 0.5 1.495430908333859e-17 2.675 
1 0.5 3.589074512978928e-17 2.675 
1 0.5 2.990861816667716e-17 2.675 
0.9999216511857389 0.4999209364197261 -5.053006705825065e-05 2.674690670214236 
1 0.5 2.828894735662499e-17 2.675 
1 0.5 0 2.675 
0.9999010222750028 0.4998997172935229 -6.973148776234256e-05 2.674609069239843 
1 0.4999999999999999 2.608442005800239e-17 2.675 
1 0.5 0 2.675 
1 0.4999999999999999 0 2.675 
1 0.5000000000000001 1.513697294045128e-17 2.675 
1 0.5 -6.054848081740896e-18 2.675 
1 0.4999999999999999 1.94264427509241e-17 2.675 
1 0.5 -1.94264427509241e-17 2.675 
1 0.4999999999999999 3.88528855018482e-17 2.675 
1 0.4999999999999999 -4.070157657954055e-17 2.675 
1 0.5 2.442061533711851e-17 2.675 
1 0.5000000000000001 -2.035052190469732e-17 2.675 
1 0.5 3.411332927033826e-17 2.675 
1 0.5 0 2.675 
1 0.5 9.364377396912002e-18 2.675 
1 0.5 0 2.675 
1 0.5 1.839543605498921e-17 2.675 
1 0.5 0 2.675 
1 0.5000000000000001 3.240382757493973e-17 2.675 
1 0.5 -2.592283156119851e-17 2.675 
1 0.5 6.480755060565313e-18 2.675 
1 0.5 0 2.675 
1 0.5 -3.785795375535304e-17 2.675 
1 0.5 3.154677891142193e-17 2.675 
1 0.4999999999999999 0 2.675 
1 0.5 0 2.675 
0.9999347320974479 0.4999525134785367 -5.308556201515043e-05 2.67475147502937 
1 0.5 9.626514300886627e-18 2.675 
1 0.4999999999999999 8.724028585178507e-18 2.675 
1 0.5 9.626739240258943e-18 2.675 
1 0.5 1.864740269104471e-17 2.675 
1 0.4999999999999999 2.486313406174773e-17 2.675 
1 0.5 0 2.675 
1.000077159305866 0.5000351582810256 5.902746900017247e-05 2.675283520301607 
1 0.5 -4.988153588973507e-18 2.675 
1 0.5 -9.976462681837051e-18 2.675 
1 0.5 7.392853427324516e-18 2.675 
1 0.5 2.864758440022743e-17 2.675 
1 0.5 7.392891572004563e-18 2.675 
1 0.5 3.136203084499672e-17 2.675 
1 0.5 -3.449842429861457e-17 2.675 
1 0.4999999999999999 1.881770744838555e-17 2.675 
1 0.5 -6.305994619849475e-18 2.675 
1 0.4999999999999999 -4.203960612631151e-17 2.675 
1 0.5 4.204038108851167e-17 2.675 
1.000078045429666 0.5000379443034585 6.749022492036217e-05 2.675287951076522 
1 0.5 -8.274506132664096e-18 2.675 
1 0.5 -6.205454201665284e-18 2.675 
1 0.4999999999999999 2.232156833859992e-17 2.675 
1 0.5 2.232173021564846e-17 2.675 
1 0.5 -5.208017257865604e-17 2.675 
1.000051549024805 0.5000274059928874 4.2936435536927e-05 2.675191362416192 
1 0.5 0 2.675 
1 0.5 -3.611544427147751e-17 2.675 
1 0.4999999999999998 -1.226545659048246e-17 2.675 
1 0.5 -2.453130790932507e-17 2.675 
1 0.5 1.635406452835033e-17 2.675 
1 0.5 0 2.675 
1 0.5 0 2.675 
1 0.5 -2.633497674930145e-17 2.675 
1.000837056001656 0.5013840721249516 4.327487938814798e-07 2.678405579091022 
1.000125090836392 0.500188945111919 5.031057616713029e-07 2.675519508445982 
1.00083705412574 0.5013840691585046 4.329437747675503e-07 2.678405571472946 
1 0.4999999999999999 0 2.675 
1 0.5 7.146284708718349e-18 2.675 
1.000040945661524 0.5000634537228957 2.43315285416394e-05 2.675170627964112 
1 0.4999999999999999 -6.351202952891572e-17 2.675 
1 0.5 0 2.675 
1 0.5 0 2.675 
1.000000006064903 0.499999999268785 6.193626402565241e-09 2.675000020527984 
1.000037450383001 0.5000181912167573 4.644760842729671e-05 2.675138132545237 
1.000005925381495 0.5000015354641288 4.802126044829438e-06 2.675021181240575 
1.000118880307566 0.5000488850676502 0.0001411382482733026 2.675434176127526 
1 0.5 0 2.675 
1.000066894395988 0.500041867980391 4.852282972133873e-05 2.675251469975871 
1 0.5000000000000001 0 2.675 
1 0.4999999999999999 -3.202037345019202e-17 2.675 
1 0.5 0 2.675 
1 0.5000000000000001 0 2.675 
1 0.5 -2.311659622499687e-17 2.675 
1 0.4999999999999999 1.926401456715154e-17 2.675 
1.000027280876845 0.5000046542178727 1.805631201766077e-05 2.675096312909528 
1 0.5000000000000001 -1.720432731842047e-17 2.675 
1.003006173016752 0.5017855839763128 0.001697962962654577 2.686277037714232 
1 0.5 -5.625662659828384e-17 2.675 
0.9999927268320349 0.4999997873510097 3.049274077854354e-07 2.674974838547553 
1 0.5 0 2.675 
1 0.5 0 2.675 
0.999839529189012 0.5001121357568926 4.786875270166133e-08 2.674503615613863 
0.9999899490472143 0.5000061924371558 -4.730328880958441e-08 2.674968472968675 
0.999839529189012 0.5001121357568926 4.786875270166131e-08 2.674503615613863 
1 0.5 0 2.675 
1 0.5 0 2.675 
1 0.5 2.570018460615265e-17 2.675 
1 0.5000000000000002 2.608111682865614e-16 2.675000000000001 
1 0.5 -3.500827631328667e-17 2.675 
1.000000000000001 0.5000000000000009 7.58907090445203e-16 2.675000000000003 
1 0.5 -5.754788323485083e-17 2.675 
1 0.5 -9.10729497871434e-18 2.675 
1 0.4999999999999999 -2.732185698152345e-17 2.675 
1 0.5 -1.593786509825206e-17 2.675 
1 0.5000000000000001 0 2.675 
1 0.4999999999999999 0 2.675 
1 0.5 0 2.675 
0.999982727942573 0.4999916776638803 -2.139753466656018e-05 2.674936339862211 
0.9999979583449327 0.4999978167832921 -1.983137778961795e-06 2.674991874955745 
0.9999991213332523 0.4999995789927644 -1.088589507918761e-06 2.674996762497896 
0.9993217283479797 0.4992933309134706 -0.0004632253371380131 2.672311320686465 
1 0.4999999999999999 3.550673635676567e-17 2.675 
0.9997942346509757 0.4998706797891132 -0.0002576576449665803 2.674227273780528 
0.9999781372630948 0.4999793766963568 -1.331475334502438e-05 2.674914383633104 
0.9998757777095901 0.4999327131579069 -0.0001517719073967638 2.674538689954209 
1 0.4999999999999999 2.378931736878315e-17 2.675 
1 0.5 -2.973664671097896e-17 2.675 
1 0.5 -2.973654031803381e-18 2.675 
0.9985279110170419 0.4988093469026988 -0.001763704079439628 2.669360610988018 
0.9997894043122524 0.4997720661258843 -0.0001522840851643422 2.674161173945593 
0.9986591231648621 0.4989511109783579 -0.00161728355348711 2.669879036952389 
1 0.5 0 2.675 
0.9999605346223132 0.4999702602317668 -2.977057920798257e-05 2.674849192345698 
0.9993514558784219 0.4995239636386939 -0.0007979471681053027 2.672534486099214 
0.9999140283860917 0.4999056632643214 -5.657628642047438e-05 2.674656795157299 
0.9995371850410931 0.4996916613372925 -0.0005754409031760295 2.673254928386821 
0.9932884344921746 0.4941011877522462 -0.002339848465886144 2.649031668616941 
1 0.4999999999999999 -3.374703199968542e-17 2.675 
1.008578333101223 0.5062054599347563 0.005187631213904712 2.707890175614379 
1 0.5 5.401505782630243e-17 2.675 
0.9993665618945298 0.4995873599173774 -0.0007829040755153409 2.672617231909566 
0.9999070136371212 0.4999101752570738 -6.838663324764683e-05 2.67463487945886 
0.9991007626840006 0.4993522172016745 -0.001098963515199854 2.671589570385679 
1.003169805876307 0.5029926891465236 0.00112943600382435 2.687444498998403 
1 0.5 0 2.675 
1 0.4999999999999999 -1.498821635506705e-17 2.675 
1.000070188076136 0.5000363327830784 5.091446137065566e-05 2.675260076269686 
1.007863588128533 0.5057247725684433 0.00284527662336022 2.705132486171326 
1 0.5 1.635852619655788e-17 2.675 
1 0.4999999999999999 2.435942526353026e-17 2.675 
1 0.5 -4.871885052706052e-18 2.675 
1 0.5 1.461565515811816e-17 2.675 
1 0.5 2.375604087056204e-17 2.675 
1 0.4999999999999999 0 2.675 
1 0.4999999999999999 0 2.675 
1.000000072573454 0.5000000007344464 5.91390147665642e-08 2.67500025038286 
1.000000262307756 0.5000001245038267 3.254919225226284e-07 2.675000965903136 
1.000000019732768 0.5000000007072292 1.604485258047108e-08 2.675000068333006 
1 0.5 0 2.675 
1 0.5 0 2.675 
1 0.5000000000000001 -1.016007611980629e-17 2.675 
1 0.4999999999999999 0 2.675 
1 0.4999999999999999 0 2.675 
1 0.5 -3.983904633850539e-17 2.675 
1 0.5000000000000001 -2.31443184858641e-17 2.675 
1 0.4999999999999999 -4.628863697172822e-17 2.675 
1 0.4999999999999999 2.700176252113429e-17 2.675 
1 0.5 2.992505816659039e-17 2.675 
1 0.5 -3.740632270823801e-17 2.675 
1 0.5 2.057396988653375e-17 2.675 
1 0.5 -3.059224305265943e-17 2.675 
1 0.5 1.529617692793959e-17 2.675 
1 0.5 -4.588902718825626e-17 2.675 
1 0.5 2.177120357466496e-17 2.675 
1 0.5000000000000001 0 2.675 
1 0.5 2.612472004599235e-17 2.675 
1 0.4999999999999999 -6.772855371155739e-19 2.675 
1 0.5 -1.219121035633858e-17 2.675 
1 0.5 5.418259594189462e-18 2.675 
1 0.5 0 2.675 
1 0.5 0 2.675 
1 0.5 0 2.675 
1 0.4999999999999999 -4.563554011680247e-18 2.675 
1 0.5 0 2.675 
1 0.5 0 2.675 
1 0.4999999999999999 0 2.675 
1 0.5 3.660627740526169e-17 2.675 
1 0.5 -2.928502192420935e-17 2.675 
1 0.4999999999999999 6.764293070557882e-18 2.675 
1 0.5 -6.764383926016769e-18 2.675 
1 0.5 -2.705775247482946e-17 2.675 
1 0.4999999999999999 0 2.675 
1 0.5000000000000001 -1.068322400222702e-17 2.675 
1 0.4999999999999999 0 2.675 
1 0.5 -2.045509830263669e-17 2.675 
1 0.5 -1.022744289630231e-17 2.675 
1 0.5 1.022758553508588e-17 2.675 
1 0.5 5.041463047399336e-17 2.675 
1 0.5 -4.201219206166113e-17 2.675 
1 0.5000000000000001 2.520731523699669e-17 2.675 
1 0.5 0 2.675 
1 0.5 -6.590815792242146e-18 2.675 
1 0.4999999999999999 9.886225269461324e-18 2.675 
1 0.5 3.230350673481265e-17 2.675 
1 0.5 2.826556839296108e-17 2.675 
1 0.5 -4.441748407933908e-17 2.675 
1 0.5 0 2.675 
1 0.5 0 2.675 
1 0.4999999999999999 4.588581005519266e-18 2.675 
1 0.5 0 2.675 
1 0.4999999999999999 0 2.675 
1 0.5 0 2.675 
1 0.5 0 2.675 
1 0.5 0 2.675 
1 0.5 -2.69964015131233e-18 2.675 
1 0.4999999999999999 0 2.675 
1 0.5 0 2.675 
1 0.4999999999999999 1.597307179686299e-17 2.675 
1 0.5 0 2.675 
1 0.5 0 2.675 
1 0.5000000000000001 1.966810364038434e-17 2.675 
1 0.5 -3.324406784675477e-17 2.675 
1 0.5 4.155517300587172e-17 2.675000000000001 
1 0.5000000000000001 8.310979253544008e-18 2.675 
1 0.5 0 2.675 
1 0.5 0 2.675 
1 0.5 0 2.675 
1 0.5 1.011953937374365e-17 2.675 
1 0.5 5.059748566487848e-17 2.675 
1 0.5 -1.264937141621962e-17 2.675 
1 0.5 3.30579119958048e-17 2.675 
1 0.5 -1.88903976428741e-17 2.675 
1 0.5 1.88903976428741e-17 2.675 
1 0.5000000000000001 4.434046956952657e-17 2.675 
1 0.4999999999999999 0 2.675 
1 0.4999999999999999 3.325542606060487e-17 2.675 
1 0.5 0 2.675 
1 0.5 0 2.675 
1 0.5 0 2.675 
1 0.5 0 2.675 
1 0.5 0 2.675 
1 0.5 1.912517443027925e-17 2.675 
1 0.5 2.47800803660189e-17 2.675 
1 0.5 -1.376671131445495e-17 2.675 
1 0.5 -5.50668452578198e-18 2.675 
1 0.5 -2.269650331977876e-17 2.675 
1 0.5 -3.666349266402029e-17 2.675 
1 0.4999999999999999 3.491789815900128e-17 2.675 
1 0.5 3.761430357883548e-17 2.675 
1 0.4999999999999999 0 2.675 
1 0.5 -4.701761415032895e-18 2.675 
1 0.5 0 2.675 
1 0.4999999999999999 0 2.675 
1 0.5000000000000001 5.588077458003177e-18 2.675 
1 0.4999999999999999 -3.976820550595621e-17 2.675 
1 0.5000000000000001 0 2.675 
1 0.5 -1.387771057136187e-17 2.675 
1 0.5 -2.255430940650047e-17 2.675 
1 0.5 0 2.675 
1 0.5 -2.050385866460311e-17 2.675 
1 0.5000000000000001 -1.403631090367204e-17 2.675 
1 0.5 9.764378309080915e-18 2.675 
1 0.5 -2.68521622500861e-17 2.675 
1 0.5 0 2.675 
1 0.5 3.169348946267814e-17 2.675 
1 0.5 0 2.675 
1 0.4999999999999999 6.221677988341164e-18 2.675 
1 0.4999999999999999 3.110838994170581e-17 2.675 
1 0.5 1.011022673105438e-17 2.675 
1 0.5 -1.609969212079084e-17 2.675 
1 0.4999999999999999 2.213697292422977e-17 2.675 
1 0.5000000000000001 -1.60996166721671e-17 2.675 
1 0.5 0 2.675 
1 0.5 -1.001505092978031e-17 2.675 
1 0.4999999999999999 1.001506483164078e-17 2.675 
1 0.5 -4.498179282534089e-17 2.675 
1 0.4999999999999999 1.5930933567492e-17 2.675 
1 0.5 3.748510291519045e-17 2.675 
1 0.5 3.913301966558886e-17 2.675 
1 0.4999999999999999 0 2.675 
1 0.5000000000000001 0 2.675 
1 0.5 -3.725528655948047e-17 2.675 
1 0.5 3.725528655948046e-17 2.675 
1 0.4999999999999999 -3.72538418102653e-17 2.675 
1 0.4999999999999999 0 2.675 
1 0.4999999999999999 -4.389645693241868e-17 2.675 
1 0.5 7.316105626909115e-18 2.675 
1 0.5 3.188329747848843e-17 2.675 
1 0.5 -2.950699706810287e-17 2.675 
1 0.5 -4.591860704352599e-17 2.675 
1 0.5 -4.965140709549413e-17 2.675 
1 0.4999999999999999 -1.2412932378025e-17 2.675 
1 0.5000000000000001 -6.206466189012497e-18 2.675 
1 0.5 0 2.675 
1 0.5 -4.026976515920918e-17 2.675 
1 0.5 0 2.675 
1 0.5 8.314679441713398e-18 2.675 
1 0.5 2.494473955089702e-17 2.675 
1 0.5000000000000001 -2.910219614271318e-17 2.675 
1 0.5 -8.97268628244732e-18 2.675 
1 0.5 1.794517090000631e-17 2.675 
1 0.5 1.794556588816656e-17 2.675 
1 0.5 0 2.675 
1 0.5 0 2.675 
1 0.5 4.714889321415359e-17 2.675 
1 0.5 0 2.675 
1 0.5 2.196700359978691e-17 2.675 
1 0.4999999999999999 -1.647451692346936e-17 2.675 
1 0.5 -6.054789176180512e-18 2.675 
1 0.5 1.816436752854156e-17 2.675 
1 0.4999999999999999 -2.421939232696358e-17 2.675 
1 0.4999999999999999 3.88528855018482e-17 2.675 
1 0.5 -6.475515857942231e-18 2.675 
1 0.5 0 2.675 
1 0.5 0 2.675 
1 0.4999999999999999 0 2.675 
1 0.5000000000000001 -2.035052190469732e-17 2.675 
1 0.5 -4.01328974768161e-18 2.675 
1 0.4999999999999999 -4.682204337909226e-18 2.675 
1 0.4999999999999999 3.210675567077554e-17 2.675 
1 0.4999999999999999 3.679087210997841e-17 2.675 
1 0.5 0 2.675 
1 0.5 0 2.675 
1 0.5 1.296141578059926e-17 2.675 
1 0.5 -2.59220899682482e-17 2.675 
1 0.5 1.29610449841241e-17 2.675 
1 0.5000000000000001 3.154697794483952e-17 2.675 
1 0.4999999999999999 6.309261039123917e-18 2.675 
1 0.4999999999999999 3.785604992755118e-17 2.675 
1 0.5 0 2.675 
1 0.5 0 2.675 
1 0.5 7.908068983623902e-18 2.675 
1 0.5 9.62651430088663e-18 2.675 
1 0.4999999999999999 -5.775908580531977e-17 2.675 
1 0.5 1.925302860177325e-17 2.675 
1 0.5 3.729404671065418e-17 2.675 
1 0.5 0 2.675 
1 0.5 -3.729436067770662e-17 2.675 
1 0.4999999999999999 0 2.675 
1 0.5 -9.976187767429705e-18 2.675 
1 0.5 4.988181446561595e-18 2.675 
1 0.5 4.435691997448211e-17 2.675 
1 0.5 0 2.675 
1 0.5 -2.587529705646947e-17 2.675 
1 0.5 3.136267267870872e-18 2.675 
1 0.5 0 2.675 
1 0.5000000000000001 0 2.675 
1 0.4999999999999999 1.261188183789345e-17 2.675 
1 0.5000000000000001 -2.522357915819338e-17 2.675 
1 0.5 0 2.675 
1 0.5 -7.136713492488061e-17 2.675 
1 0.5 4.344086473688383e-17 2.675 
1 0.5 0 2.675 
1 0.4999999999999999 2.976042991163066e-17 2.675 
1 0.5000000000000001 -4.464064486744599e-17 2.675 
1 0.4999999999999999 2.976115257491817e-17 2.675 
1 0.5 -3.368034150509226e-17 2.675 
1 0.5 2.678195830525408e-17 2.675 
1 0.5 -2.597031824340614e-17 2.675 
1 0.5 -4.088497321686246e-18 2.675 
1 0.5000000000000001 2.248649693242411e-17 2.675 
1 0.4999999999999999 -1.63538159508539e-17 2.675 
1 0.4999999999999999 -2.743155590517395e-17 2.675 
1 0.4999999999999999 8.778097889655666e-18 2.675 
1 0.5 0 2.675 
1 0.5 3.078857680033363e-17 2.675 
1 0.5 -2.565714733361136e-17 2.675 
1 0.5000000000000001 2.565714733361137e-17 2.675 
1 0.5000000000000001 1.036211282764161e-16 2.675000000000001 
1 0.5 3.716048201530211e-16 2.675000000000001 
1 0.5000000000000001 4.234123196462863e-17 2.675 
1 0.4999999999999999 -4.234123196462863e-17 2.675 
1 0.5 4.234097234741502e-17 2.675 
1.000000076341411 0.5000000369237222 9.372971838541764e-08 2.675000281458089 
1.000000446419969 0.4999999123397099 4.640849691182881e-07 2.675001494087952 
1 0.4999999999999999 -2.007592658173425e-17 2.675 
1 0.5 3.706324907397095e-17 2.675 
1 0.5 -3.706328481328806e-17 2.675 
1.000620725042221 0.50013092388615 0.0007585906102236923 2.677210419405521 
1.007413843456833 0.5048908277002467 0.004072184263694583 2.703154302881537 
1 0.5 0 2.675 
1 0.4999999999999999 0 2.675 
1 0.5 2.134708892723556e-17 2.675 
1 0.5000000000000001 0 2.675 
1 0.5 -1.926408174433772e-17 2.675 
1 0.5 4.623363832984224e-17 2.675 
1.000008755058697 0.5000009168545829 5.988767086838691e-06 2.675030619952214 
1.000000974552112 0.5000004685016038 1.209885289484413e-06 2.675003591596464 
1.002324601129727 0.5015476739914104 0.001286017296779629 2.683798436887356 
1.000226826624667 0.5000947493704762 0.0002796210771850267 2.67582956106771 
1 0.5 3.134365282087437e-17 2.675 
1 0.4999999999999999 -2.820928753878693e-17 2.675 
1 0.5 6.268777247641151e-17 2.675 
1 0.5 -1.415418375836108e-18 2.675 
1 0.5000000000000001 8.492468982151008e-18 2.675 
1 0.4999999999999999 -6.903401437695236e-18 2.675 
1 0.5 0 2.675 
1 0.5 0 2.675 
1 0.5 0 2.675 
1 0.5000000000000002 4.37602631353291e-16 2.675000000000001 
1 0.5 8.226972342467802e-17 2.675000000000001 
0.9999999741730227 0.4999999626721885 -1.925339744462999e-08 2.674999892362169 
1.000000000000002 0.5000000000000012 3.174715988598247e-15 2.67500000000001 
1 0.5000000000000001 0 2.675 
1 0.5 -2.732196151862962e-17 2.675 
1 0.4999999999999999 0 2.675 
1 0.5 0 2.675 
1 0.5 0 2.675 
1 0.5 0 2.675 
1 0.4999999999999999 5.164160882070396e-17 2.675 
1 0.5 -1.2910402205176e-17 2.675 
1 0.5 0 2.675 
0.9986974733677416 0.4985570280474161 -0.0008576921486687013 2.669796321752232 
0.9998581990271606 0.4999200956742548 -0.0001722030234293053 2.674471828521547 
1 0.5 1.398327953567304e-17 2.675 
1 0.5000000000000001 0 2.675 
1 0.5 0 2.675 
1 0.4999999999999999 2.973664671097896e-17 2.675 
1 0.5 -2.676273286964157e-17 2.675 
1 0.5 3.568364382618876e-17 2.675 
1 0.4999999999999999 -2.484474950487858e-17 2.675 
1 0.5 -3.726681861901519e-17 2.675 
1 0.5 2.981345489521214e-17 2.675 
0.9995684121533495 0.4997561781348343 -0.0005354885138463608 2.673393745776205 
0.9964954711594967 0.4977177211670398 -0.002187543328920503 2.661823687854715 
1 0.5 0 2.675 
1 0.5 2.318985940595918e-17 2.675 
1 0.4999999999999999 0 2.675 
0.9936382259166571 0.4944922296658694 -0.002222999434557019 2.650422969127228 
0.9995572183129492 0.4996583916853062 -0.0005422568070822459 2.673307891994825 
1.009535303942562 0.5065767602748988 0.005822224742186972 2.711431820037963 
1.001030855314697 0.5002480402211421 0.001246708424750265 2.67868947407743 
1 0.5 2.951747637881562e-17 2.675 
1 0.4999999999999999 -2.398243145681684e-17 2.675 
1 0.5 0 2.675 
1.004401112276804 0.50373921037392 0.001730745376199095 2.69208658500828 
1.000384970194996 0.5001448319558112 0.0004739603727414676 2.676400824295591 
1.000687566873613 0.5001107360071561 0.0008274141992949483 2.677432470912817 
1.009110769089272 0.5062550349235428 0.004557773512838597 2.709768576854881 
1.008072030999166 0.5057757657770879 0.002935656216102368 2.705886756489147 
1.000478410488375 0.5000829231432149 0.0005744975865475016 2.676694293648271 
1 0.4999999999999999 2.679516025828226e-16 2.675000000000001 
1 0.5000000000000001 2.435933020381806e-17 2.675 
1 0.4999999999999999 2.923111532992042e-17 2.675 
1 0.5 0 2.675 
1 0.5 1.94875407603963e-17 2.675 
1 0.5 -1.461565557029722e-17 2.675 
1 0.5000000000000001 -2.435951955759254e-18 2.675 
1 0.4999999999999999 0 2.675 
1 0.5 4.871885190099073e-18 2.675 
1 0.5 1.90048857896041e-17 2.675 
1 0.5000000000000001 0 2.675 
1 0.5 -9.502491107847564e-18 2.675 
1 0.5 -8.908566464622099e-18 2.675 
1 0.5 4.751262721557548e-18 2.675 
1 0.5 9.502517654774887e-18 2.675 
1 0.4999999999999999 0 2.675 
1 0.5 0 2.675 
1 0.5 9.502556707339351e-18 2.675 
1 0.5 0 2.675 
1 0.5 0 2.675 
1 0.5 5.3893611086463e-18 2.675 
1 0.5 4.31152740614612e-17 2.675 
1 0.5 0 2.675 
1 0.5 0 2.675 
1 0.5 -4.634891961607079e-17 2.675 
1 0.5 0 2.675 
1 0.5 -3.233645554609589e-18 2.675 
1 0.5000000000000001 -6.773335281015469e-18 2.675 
1 0.4999999999999999 0 2.675 
1 0.5 -3.386705745589817e-18 2.675 
1 0.5 0 2.675 
1 0.4999999999999999 0 2.675 
1 0.5 0 2.675 
1 0.5 -1.016005814539708e-17 2.675 
1 0.5 0 2.675 
1 0.5 -8.466825363836856e-18 2.675 
1 0.5 -4.979980279197293e-17 2.675 
1 0.5 1.991965053009758e-17 2.675 
1 0.5 2.987933327086188e-17 2.675 
1 0.5 -1.867458329428867e-17 2.675 
1 0.5 3.983911102781584e-17 2.675 
1 0.5 9.959861070957247e-18 2.675 
1.000001403569388 0.5000005713081933 1.139775340654933e-06 2.675005120984171 
1.000020187408236 0.5000193703170033 2.358125529651685e-05 2.675079236778993 
1.000176319937988 0.5000889457120646 9.963926620858145e-05 2.675652006345921 
1 0.4999999999999999 -2.314436787525798e-17 2.675 
1 0.5 0 2.675 
1 0.4999999999999999 -4.243134110463962e-17 2.675 
1 0.5 -4.628804674468865e-17 2.675 
1 0.5 2.314402337234433e-17 2.675 
1 0.5000000000000001 1.542957858350532e-17 2.675 
1 0.5 2.314407275402641e-17 2.675 
1 0.5 3.085876367203523e-17 2.675 
1 0.5 -2.314402337234432e-17 2.675 
1 0.5 3.740659284966866e-17 2.675 
1 0.4999999999999999 7.481337925092752e-18 2.675 
1 0.5 -1.122173831640771e-17 2.675 
1 0.4999999999999999 -3.740632270823801e-17 2.675 
1 0.5 3.740700689940676e-17 2.675 
1 0.5 -1.496305281655218e-17 2.675 
1.00005472276806 0.5000405317762198 4.299644208525612e-05 2.67520883325064 
1.000656967108318 0.5004567511557766 0.0008087784220137432 2.677497169307495 
1.004982857555713 0.5039667101129388 0.003198154249601718 2.694223643398073 
1 0.5 0 2.675 
1 0.4999999999999999 0 2.675 
1 0.5000000000000001 0 2.675 
1 0.4999999999999999 0 2.675 
1 0.5 1.338417024129106e-17 2.675 
1 0.4999999999999999 3.250429570843777e-17 2.675 
1 0.5 0 2.675 
1 0.4999999999999999 0 2.675 
1 0.5 -3.824078560231801e-17 2.675 
1 0.5 5.442807180406197e-17 2.675 
1 0.5000000000000001 -2.177120357466496e-17 2.675 
1 0.4999999999999999 8.708481429865985e-18 2.675 
1 0.4999999999999999 -3.918703480787461e-17 2.675 
1 0.5 -3.483322693656274e-17 2.675 
1 0.5 0 2.675 
1 0.4999999999999999 0 2.675 
1 0.5 0 2.675 
1 0.5 0 2.675 
1 0.5 0 2.675 
1 0.5 0 2.675 
1 0.4999999999999999 0 2.675 
1 0.4999999999999999 0 2.675 
1 0.5 0 2.675 
1 0.5 0 2.675 
1 0.4999999999999999 0 2.675 
1 0.5 3.386429785808829e-18 2.675 
1 0.5 0 2.675 
1 0.4999999999999999 0 2.675 
1 0.5 0 2.675 
1 0.5 0 2.675 
1 0.5 1.701738538495304e-17 2.675 
1 0.4999999999999999 -2.836189971279189e-17 2.675 
1 0.5000000000000001 3.403427965535026e-17 2.675 
1 0.5 -5.672540626833009e-18 2.675 
1 0.4999999999999999 3.403524376099806e-17 2.675 
1 0.5 0 2.675 
1 0.5 -4.563538430453357e-17 2.675 
1 0.5 0 2.675 
1 0.5 0 2.675 
1 0.5 -2.509940771489992e-17 2.675 
1 0.5 3.194470072805443e-17 2.675 
1 0.4999999999999999 0 2.675 
1 0.5 3.1944777546114e-17 2.675 
1 0.5 -1.825415859777943e-17 2.675 
1 0.5 1.82541147017454e-17 2.675 
1 0.4999999999999999 0 2.675 
1 0.5 0 2.675 
1 0.4999999999999999 -3.660655664334047e-18 2.675 
1 0.5 3.660627740526171e-17 2.675 
1 0.5 -2.013355091117235e-17 2.675 
1 0.5 1.281225967074603e-17 2.675 
1 0.5000000000000001 -1.281223224496481e-17 2.675 
1 0.4999999999999999 2.928532566500981e-17 2.675 
1 0.5 1.830327832167024e-17 2.675 
1 0.4999999999999999 -3.607646941203908e-17 2.675 
1 0.5 2.931213139728175e-17 2.675 
1 0.5 -1.803823470601954e-17 2.675 
1 0.5 2.254779338252441e-17 2.675 
1 0.5 0 2.675 
1 0.4999999999999999 2.705775247482948e-17 2.675 
1 0.5 9.019157686978609e-18 2.675 
1 0.5 -3.382184132616981e-17 2.675 
1 0.5 -9.019117353009773e-18 2.675 
1 0.5000000000000001 -7.122224761368731e-18 2.675 
1 0.4999999999999999 -3.205001142615928e-17 2.675 
1 0.4999999999999999 0 2.675 
1 0.5 2.13668169262762e-17 2.675 
1 0.5 -4.27336338525524e-17 2.675 
1 0.4999999999999999 0 2.675 
1 0.5 2.136681565472132e-17 2.675 
1 0.5 -1.780567971226776e-17 2.675 
1 0.5 -2.492795308065556e-17 2.675 
1 0.5 3.196137479553733e-18 2.675 
1 0.4999999999999999 3.068296625057837e-17 2.675 
1 0.5 -1.342372633597685e-17 2.675 
1 0.5 0 2.675 
1 0.5 -3.260127163183688e-17 2.675 
1 0.5 -1.853778538570126e-17 2.675 
1 0.5 0 2.675 
1 0.4999999999999999 0 2.675 
1 0.5 0 2.675 
1 0.5 -5.041444471218479e-17 2.675 
1 0.5 4.201203726015402e-17 2.675 
1 0.5000000000000001 -1.26036111780462e-17 2.675 
1 0.5 1.26036111780462e-17 2.675 
1 0.5 2.520731523699668e-17 2.675 
1 0.4999999999999999 -2.100609603083057e-17 2.675 
1 0.4999999999999999 -1.26036111780462e-17 2.675 
1 0.5 1.092312968764004e-16 2.675 
1 0.5000000000000001 3.823069638048413e-16 2.675000000000001 
1 0.4999999999999999 0 2.675 
1 0.5 -3.295416737262904e-17 2.675 
1 0.5 2.636305092838031e-17 2.675 
1 0.4999999999999999 -9.886175302579144e-18 2.675 
1 0.5000000000000001 0 2.675 
1 0.5 -5.272640130466194e-17 2.675 
1 0.4999999999999999 0 2.675 
1 0.5 0 2.675 
1 0.5 0 2.675 
1 0.5 0 2.675 
1 0.5 4.03793834185158e-18 2.675 
1 0.4999999999999999 -3.63415778830956e-17 2.675 
1 0.5 4.037953098121733e-17 2.675 
1 0.4999999999999999 -4.441748407933904e-17 2.675 
1 0.5 3.63415778830956e-17 2.675 
1 0.4999999999999999 -3.230362478497385e-17 2.675 
1 0.5000000000000001 -1.211381966370905e-17 2.675 
1 0.4999999999999999 0 2.675 
1 0.5 0 2.675 
1 0.5 0 2.675 
1 0.5 0 2.675 
1 0.5 0 2.675 
1 0.5 0 2.675 
1 0.5000000000000001 0 2.675 
1.000078104541108 0.5000395703870482 5.859472837139728e-05 2.675288966434255 
1.000811276246508 0.5002372971450687 0.001002332497459237 2.677923076948099 
1.007873995100983 0.5054635231765892 0.004871479518797629 2.705052771685767 
1 0.5 8.295139002851765e-18 2.675 
1 0.4999999999999999 3.318038451199896e-17 2.675 
1 0.5 -4.147556318835834e-18 2.675 
1 0.5 3.318047398715588e-17 2.675 
1 0.5000000000000001 4.147569501425883e-18 2.675 
1 0.4999999999999999 2.903296600269218e-17 2.675 
1 0.5 -3.318065144615724e-17 2.675 
1 0.5 2.488547100643755e-17 2.675 
1 0.5 -1.866400343476125e-17 2.675 
0.9990681347946694 0.5007092818319624 0.0001730415450805317 2.672152698253436 
0.9999309680336236 0.5000171120195008 -6.93814201308438e-05 2.674770835426147 
0.9999876041511928 0.5000009846024159 -3.86350824777941e-06 2.674957791240252 
1 0.5 -1.889743254944127e-17 2.675 
1 0.4999999999999999 2.699633051633284e-17 2.675 
1 0.5 -1.619779830979971e-17 2.675 
1 0.5 0 2.675 
1 0.5 0 2.675 
1 0.5 0 2.675 
1 0.5 -7.986524993722954e-18 2.675 
1 0.5000000000000001 -3.194613917085247e-17 2.675 
1 0.5 0 2.675 
1 0.5000000000000001 2.895119263181417e-17 2.675 
1 0.4999999999999999 7.986554438798393e-18 2.675 
1 0.5000000000000001 0 2.675 
1 0.4999999999999999 0 2.675 
1 0.5 0 2.675 
1 0.4999999999999999 -1.397636450039249e-17 2.675 
1 0.5000000000000003 6.643395889420405e-16 2.675000000000002 
1 0.5 3.49654771318658e-17 2.675000000000001 
1 0.5 0 2.675 
1 0.5 1.311196557122449e-17 2.675 
1 0.5 1.748262076163266e-17 2.675 
1 0.5 0 2.675 
1 0.5 -2.622387075010654e-17 2.675 
1 0.5 -8.74133042955012e-18 2.675 
1 0.5 1.966799346648777e-17 2.675 
1 0.4999999999999999 0 2.675 
1 0.5 2.077717163488259e-17 2.675 
1 0.5 0 2.675 
1 0.5 -6.233239275694985e-18 2.675 
1 0.5000000000000001 0 2.675 
1 0.4999999999999999 0 2.675 
1 0.5 0 2.675 
1 0.5 0 2.675 
1 0.5 0 2.675 
1 0.5 0 2.675 
1 0.4999999999999999 0 2.675 
1 0.5 -8.177879994812989e-18 2.675 
1 0.5000000000000001 3.115349461979372e-17 2.675 
1 0.5 -1.947093413737107e-18 2.675 
1 0.5 8.177836166288806e-18 2.675 
0.9999999268643255 0.4999999186902309 -7.115697454737731e-08 2.674999707392839 
0.9999999457248178 0.5000000218194035 -4.61673546887895e-08 2.674999823931759 
0.9999989631680032 0.4999986616886009 -1.067035379873458e-06 2.674995758964495 
1 0.4999999999999999 1.011946096783994e-17 2.675 
1 0.4999999999999999 0 2.675 
1 0.5 -2.782868193547851e-17 2.675 
1 0.5 -3.035813675777428e-17 2.675 
1 0.5 2.782829202795975e-17 2.675 
1 0.5 3.288798148758882e-17 2.675 
0.9999949317976151 0.4999952106742228 -4.325859724156001e-06 2.674980145840975 
0.9999759858909953 0.4999922364842013 -2.963614604665823e-05 2.674913397076883 
0.9998045136090153 0.4998042624554157 -0.0001477099161354295 2.674228801432564 
1 0.4999999999999999 0 2.675 
1 0.5 -9.445057990227186e-18 2.675 
1 0.5 1.88903976428741e-17 2.675 
1 0.5 0 2.675 
1 0.4999999999999999 0 2.675 
1 0.4999999999999999 -2.833559646431114e-17 2.675 
1 0.5 -3.778047085234832e-17 2.675 
1 0.4999999999999999 3.778079528574817e-17 2.675 
1 0.4999999999999999 -1.416756839843809e-17 2.675 
1 0.5 2.217043612319102e-17 2.675 
1 0.5 0 2.675 
1 0.4999999999999999 2.771290046550975e-18 2.675 
1 0.5 2.21703203724078e-17 2.675 
1 0.5 -2.217050409349105e-17 2.675 
1 0.5 -1.662785082114608e-17 2.675 
1 0.4999999999999999 5.54262134503272e-18 2.675 
1 0.5 -5.542604626256315e-18 2.675 
1 0.5 3.325562775753789e-17 2.675 
1 0.5 3.191491825883047e-17 2.675 
1 0.5 -2.553193460706436e-17 2.675 
1 0.5 3.191491825883045e-17 2.675 
1 0.5 -1.914895095529827e-17 2.675 
1 0.4999999999999999 3.829790191059655e-17 2.675 
1 0.4999999999999999 0 2.675 
1 0.5 2.553193460706437e-17 2.675 
1 0.5 0 2.675 
1 0.5 0 2.675 
1 0.5 9.562704666722974e-18 2.675 
1 0.4999999999999999 0 2.675 
1 0.5 3.187552788159586e-18 2.675 
1 0.5 -4.46257390342342e-17 2.675 
1 0.5 3.187552788159586e-17 2.675 
1 0.4999999999999999 -1.275011628685284e-17 2.675 
1 0.5 -1.91253167289575e-17 2.675 
1 0.5000000000000001 -1.912517443027926e-17 2.675 
1 0.4999999999999999 1.912511194143147e-17 2.675 
1 0.5000000000000001 -5.781962343510774e-17 2.675 
1 0.5 0 2.675 
1 0.4999999999999999 0 2.675 
1 0.4999999999999999 0 2.675 
1 0.5 -5.506574116396889e-18 2.675 
1 0.5000000000000001 1.101314823279377e-17 2.675 
1 0.5 0 2.675 
1 0.5 1.376629056002678e-17 2.675 
1 0.5 0 2.675 
1 0.4999999999999999 3.317165241581522e-17 2.675 
1 0.5 -2.968021343515105e-17 2.675 
1 0.5 -2.79342865179999e-17 2.675 
1 0.5 3.491785814749988e-17 2.675 
1 0.5 0 2.675 
1 0.5 -3.491789815900123e-17 2.675 
1 0.4999999999999999 4.190147779080151e-17 2.675 
1 0.5000000000000001 0 2.675 
1 0.4999999999999999 0 2.675 
1 0.5 0 2.675 
1 0.5 -9.403747210180864e-18 2.675 
1 0.4999999999999999 -5.289607805726736e-18 2.675 
1 0.5000000000000001 0 2.675 
1 0.5 3.232335190982757e-17 2.675 
1 0.5 1.469270034462314e-17 2.675 
1 0.5000000000000001 0 2.675 
1 0.4999999999999999 0 2.675 
1 0.4999999999999999 5.142537614194566e-17 2.675 
1 0.5 0 2.675 
1 0.4999999999999999 0 2.675 
1 0.5 0 2.675 
1 0.4999999999999999 -3.991483898573698e-18 2.675 
1 0.5000000000000001 0 2.675 
1 0.4999999999999999 8.515165650290559e-18 2.675 
1 0.5 0 2.675 
1 0.4999999999999999 -2.554549695087167e-17 2.675 
1 0.5000000000000001 2.554549695087167e-17 2.675 
1 0.5 0 2.675 
1 0.5 0 2.675 
1 0.5 -1.387753302747866e-17 2.675 
1 0.5 0 2.675 
1 0.5 -8.906764726917385e-18 2.675 
1 0.5 -2.423468541975195e-17 2.675 
1 0.5 1.802018929507227e-17 2.675 
1 0.5 -6.628119333158698e-18 2.675 
1 0.5 1.926310163227595e-17 2.675 
1 0.4999999999999999 1.64029225667582e-17 2.675 
1 0.5 -2.050365320844775e-17 2.675 
1 0.5 2.050365320844774e-18 2.675 
1 0.5 -2.460429160283643e-17 2.675 
1 0.5 0 2.675 
1 0.5000000000000001 4.100715267139407e-18 2.675 
1 0.5000000000000001 1.640294726730215e-17 2.675 
1 0.4999999999999999 0 2.675 
1 0.5000000000000001 -4.100727062249404e-18 2.675 
1 0.5 1.098492559771603e-17 2.675 
1 0.5 2.929313492724275e-17 2.675 
1 0.5 -2.441105659098737e-18 2.675 
1 0.5 -2.929330356121402e-17 2.675 
1 0.5 1.891859188328405e-17 2.675 
1 0.4999999999999999 2.990354432395952e-17 2.675 
1 0.5000000000000001 -5.49246948404558e-18 2.675 
1 0.5 0 2.675 
1 0.5 -2.441105659098737e-17 2.675 
1 0.5 -6.338697892535627e-18 2.675 
1 0.5 0 2.675 
1 0.5 0 2.675 
1 0.5000000000000001 -1.010205301949099e-17 2.675 
1 0.5 0 2.675 
1 0.5 -3.169369609136234e-17 2.675 
1 0.5 1.90159800227854e-17 2.675 
1 0.5 6.338702540833166e-18 2.675 
1 0.5 -1.90161076224995e-17 2.675 
1 0.5000000000000001 1.710964748892239e-17 2.675 
1 0.5 2.488658220974565e-17 2.675 
1 0.5 -3.110827091974024e-18 2.675 
1 0.5 0 2.675 
1 0.5000000000000001 -9.332451801472153e-18 2.675 
1 0.5000000000000001 -2.177560734759614e-17 2.675 
1 0.5 1.011022673105438e-17 2.675 
1 0.5 0 2.675 
1 0.5 3.11080104965659e-17 2.675 
1 0.5 -4.025012704468882e-17 2.675 
1 0.5 1.207503811340664e-17 2.675 
1 0.5 -2.012461515098855e-17 2.675 
1 0.4999999999999999 4.02492303019771e-17 2.675 
1 0.5 -2.012461515098855e-17 2.675 
1 0.4999999999999999 8.049808336083552e-18 2.675 
1 0.5 -3.220010163575105e-17 2.675 
1 0.5 2.817508893128216e-17 2.675 
1 0.4999999999999999 4.829853868593738e-17 2.675 
1 0.5 -3.004490105306278e-17 2.675 
1 0.5 1.815222398659243e-17 2.675 
1 0.5 5.007517015787641e-18 2.675 
1 0.5 0 2.675 
1 0.5 1.001503403157529e-17 2.675 
1 0.5 0 2.675 
1 0.5 2.503758507893821e-17 2.675 
1 0.5 -2.566352470591167e-17 2.675 
1 0.5 5.633448823425236e-18 2.675 
1 0.5 1.874200537833833e-17 2.675 
1 0.4999999999999999 -1.874239634241728e-18 2.675 
1 0.5000000000000001 0 2.675 
1 0.4999999999999999 0 2.675 
1 0.5 0 2.675 
1 0.5 0 2.675 
1 0.5 0 2.675 
1 0.5 1.780527652529643e-17 2.675 
1 0.5 3.748538070987399e-17 2.675 
1 0.4999999999999999 0 2.675 
1 0.5 3.130756331506554e-17 2.675 
1 0.5 -3.913199095458531e-17 2.675 
1 0.5 0 2.675 
1 0.4999999999999999 7.826015450612462e-18 2.675 
1 0.5 0 2.675 
1 0.5 0 2.675 
1 0.5 0 2.675 
1 0.5 0 2.675 
1 0.5 1.241794727008843e-17 2.675 
1 0.4999999999999999 -1.241794727008843e-17 2.675 
1 0.5 3.10460721329004e-17 2.675 
1 0.5 3.725528655948046e-17 2.675 
1 0.5 -3.725405910790222e-17 2.675 
1 0.5 0 2.675 
1 0.5 -2.483685770632032e-17 2.675 
1 0.5 -1.241835640706655e-17 2.675 
1 0.4999999999999999 1.241835640706655e-17 2.675 
1 0.4999999999999999 5.121273938836378e-17 2.675 
1 0.4999999999999999 0 2.675 
1 0.5 -2.926446974657156e-17 2.675 
1 0.5 2.926446974657156e-17 2.675 
1 0.4999999999999999 -2.926401596832003e-17 2.675 
1 0.5000000000000001 3.658001996040004e-17 2.675 
1 0.5 0 2.675 
1 0.4999999999999999 0 2.675 
1 0.5 0 2.675 
1 0.5 -2.735385771147544e-17 2.675 
1 0.5 6.27793455673207e-18 2.675 
1 0.5 6.8877910565289e-17 2.675 
1 0.5 0 2.675 
1 0.5 0 2.675 
1 0.5 0 2.675 
1 0.5 0 2.675 
1 0.5 1.778000751245904e-17 2.675 
1 0.5 0 2.675 
1 0.5 0 2.675 
1 0.5000000000000001 3.723905077274284e-17 2.675 
1 0.5 0 2.675 
1 0.5000000000000001 0 2.675 
1 0.5 0 2.675 
1 0.4999999999999999 -3.103274383360432e-17 2.675 
0.9999417296599769 0.4999525496810144 -4.19214669544835e-05 2.674775594757367 
0.9996032119578813 0.4998535739766237 -0.0004903378871376329 2.67356194702621 
0.9963392276087237 0.4965079046410537 -0.002063257010829122 2.660680450307729 
1 0.5 -3.355791258679956e-17 2.675 
1 0.4999999999999999 -1.342316503471983e-17 2.675 
1 0.5 3.020248226545616e-17 2.675 
1 0.5 -1.006749408848538e-17 2.675 
1 0.5 -3.020260544357383e-17 2.675 
1 0.5 -3.355825104423776e-18 2.675 
1 0.4999999999999999 -2.013496469811129e-17 2.675 
1 0.5 -3.355842703972392e-17 2.675 
1 0.4999999999999999 2.684674163177912e-17 2.675 
0.9916326076094042 0.4923620074902147 -0.005051372445207441 2.642556916948068 
0.9992300587401395 0.4998469320947191 -0.0009285962803839052 2.672280132702395 
0.9999258885909675 0.4999425652014489 -6.090835439712616e-05 2.674716089751971 
1 0.5 2.078698333930242e-17 2.675 
1 0.5 8.314736632994538e-18 2.675 
1 0.5 2.49442098989836e-17 2.675 
1 0.5 0 2.675 
1 0.5 0 2.675 
1 0.5 -2.494435208377939e-17 2.675 
1 0.5 1.495462286317778e-17 2.675 
1 0.4999999999999999 -3.58906915281976e-17 2.675 
1 0.5 3.289980056751447e-17 2.675 
1 0.5 2.9909612603307e-17 2.675 
1 0.5 -1.79457675619842e-17 2.675 
1 0.5 -1.794556588816656e-17 2.675 
1 0.5 -1.495442145423609e-17 2.675 
1 0.4999999999999999 2.990884290847219e-17 2.675 
1 0.4999999999999999 -1.794537256489464e-17 2.675 
0.992113858905863 0.4941732045662186 -0.003537231549054479 2.645100022948572 
0.9990714877491308 0.4990315486570858 -0.001032527441658347 2.671328987757711 
0.9998406499285933 0.4998308437429932 -9.330075215646041e-05 2.674366816949452 
1 0.5 1.178712311507686e-17 2.675 
1 0.5 -3.771879396824596e-17 2.675 
1 0.4999999999999999 -9.429405521401315e-18 2.675 
1 0.5 2.828935782381743e-17 2.675 
1 0.5 -2.828935782381743e-17 2.675 
1 0.5 0 2.675 
0.9932210136558406 0.4946847867866814 -0.003743634995855231 2.649126277920773 
0.999607622490622 0.500088693535228 -0.0003934403369914322 2.673695814866743 
0.9999710384454346 0.4999874907506189 -2.241984330342106e-05 2.674894003338721 
1 0.5 2.059340455560434e-17 2.675 
1 0.5000000000000001 -3.294874112589775e-17 2.675 
1 0.5 0 2.675 
1 0.5 -2.196629819264463e-17 2.675 
1 0.5 2.74578727408058e-17 2.675 
1 0.4999999999999999 -2.745752820578225e-17 2.675 
1 0.5 -1.816436752854154e-17 2.675 
1 0.5 0 2.675 
1 0.5 0 2.675 
1 0.5 2.421939232696359e-17 2.675 
1 0.5 0 2.675 
1 0.4999999999999999 6.054848081740897e-18 2.675 
1 0.5 0 2.675 
1 0.5 0 2.675 
1 0.5 6.054822874276812e-18 2.675 
1 0.4999999999999999 1.94264427509241e-17 2.675 
1 0.5 -1.94264427509241e-17 2.675 
1 0.4999999999999999 2.913966412638612e-17 2.675 
1 0.5 -2.913966412638612e-17 2.675 
1 0.4999999999999999 2.913966412638612e-17 2.675 
1 0.5000000000000001 -2.913966412638612e-17 2.675 
1 0.4999999999999999 1.94264427509241e-17 2.675 
1 0.5 -1.94264427509241e-17 2.675 
1 0.5 0 2.675 
1 0.5000000000000001 -2.849073066657625e-17 2.675 
1 0.5 3.66314189215865e-17 2.675 
1 0.4999999999999999 0 2.675 
1 0.4999999999999999 0 2.675 
1 0.5 0 2.675 
1 0.4999999999999999 0 2.675 
1 0.5 0 2.675 
1 0.4999999999999999 4.477114819033413e-17 2.675 
1 0.5 -4.477114819033411e-17 2.675 
1 0.5 0 2.675 
1 0.5000000000000001 -1.471539574149923e-17 2.675 
1 0.4999999999999999 -1.60532430203265e-17 2.675 
1 0.5 0 2.675 
1 0.5 -1.070226244245202e-17 2.675 
1 0.5 1.070218709112755e-17 2.675 
1 0.4999999999999999 3.210675567077554e-17 2.675 
1 0.4999999999999999 -1.070214559647087e-17 2.675 
1 0.5 0 2.675 
1 0.5 3.679179531951792e-17 2.675 
1 0.5 0 2.675 
1 0.5 2.759311265555139e-17 2.675 
1 0.5 -4.369025694192749e-17 2.675 
1 0.5 -4.598974414939737e-17 2.675 
1 0.5 0 2.675 
1 0.5 0 2.675 
1 0.4999999999999999 0 2.675 
1 0.4999999999999999 0 2.675 
1 0.4999999999999999 4.860574136240961e-17 2.675 
1 0.5000000000000001 -1.944229654496384e-17 2.675 
1 0.4999999999999999 0 2.675 
1 0.4999999999999999 -3.24029081377708e-17 2.675 
1 0.5 0 2.675 
1 0.5000000000000001 -1.296151012113063e-17 2.675 
1 0.5 0 2.675 
1 0.5 -3.564287370634127e-17 2.675 
1 0.5 -4.212226898003782e-17 2.675 
1 0.5 -3.154869791735267e-17 2.675 
1 0.4999999999999999 0 2.675 
1 0.5 3.15476926332971e-18 2.675 
1 0.5 -3.785723115995651e-17 2.675 
1 0.5 3.47024618966268e-17 2.675 
1 0.4999999999999999 -3.470145680256412e-17 2.675 
1 0.5 1.892885744245527e-17 2.675 
1 0.5 -3.154809573742546e-17 2.675 
1 0.5 -3.785723115995654e-17 2.675 
1 0.5 1.186224964365733e-17 2.675 
1 0.5 0 2.675 
1 0.5 1.186210347543585e-17 2.675 
1 0.4999999999999999 0 2.675 
1 0.5000000000000001 1.186101349499935e-17 2.675 
1 0.5 -1.186138347531521e-17 2.675 
0.9999365371762 0.4999528680650576 -4.803260179494745e-05 2.674757859976617 
0.9994788727145255 0.4998473879592443 -0.0006401343670358818 2.673132169333953 
0.9953939443169397 0.4969930942861543 -0.00305740509111812 2.657694355695742 
1 0.5 9.626907660856918e-18 2.675 
1 0.4999999999999999 1.925381532171384e-17 2.675 
1 0.5 9.626907660856919e-18 2.675 
1 0.5 2.651181092301171e-17 2.675 
1 0.5 9.6268154033074e-18 2.675 
1 0.4999999999999999 2.888021772077683e-17 2.675 
1 0.5 0 2.675 
1 0.5 0 2.675 
1 0.5 -9.626514300886627e-18 2.675 
1 0.4999999999999999 0 2.675 
1 0.5 0 2.675 
1 0.5 -1.243145355923555e-17 2.675 
1 0.5 1.553927349638076e-17 2.675 
1 0.4999999999999999 0 2.675 
1 0.5 -3.107900448507456e-17 2.675 
1 0.5000000000000001 -6.215709398552299e-17 2.675 
1 0.5 -1.243158842797875e-17 2.675 
1 0.4999999999999999 6.21580089701491e-18 2.675 
1.008630552760608 0.507076182360141 0.004747171652371094 2.708496335598721 
1.000811353842511 0.5002583106633725 0.001004870838208557 2.677934258998776 
1.000076167406268 0.500064947585054 6.039815670525434e-05 2.675295004738808 
1 0.5 1.995296460625605e-17 2.675 
1 0.4999999999999999 -3.99059292125121e-17 2.675 
1 0.4999999999999999 3.990585072734823e-17 2.675 
1 0.4999999999999999 -9.976482303128023e-18 2.675 
1 0.5 1.745880969321483e-17 2.675 
1 0.5 -2.992938804551115e-17 2.675 
1 0.5 -2.957170002604122e-17 2.675 
1 0.5 3.69642671366226e-17 2.675 
1 0.5 1.478563999149402e-17 2.675 
1 0.5000000000000001 2.21788260484024e-17 2.675 
1 0.5 -1.478620190507254e-17 2.675 
1 0.5 3.696550476268135e-17 2.675 
1 0.5 0 2.675 
1 0.4999999999999999 -7.392891572004565e-18 2.675 
1 0.5000000000000001 -7.392891572004572e-18 2.675 
1 0.5000000000000001 3.136264382827806e-17 2.675 
1 0.5 0 2.675 
1 0.4999999999999999 6.272562200874821e-18 2.675 
1 0.5 -3.763517259393366e-17 2.675 
1 0.4999999999999999 3.136217505637674e-17 2.675 
1 0.5000000000000001 -3.449839256201444e-17 2.675 
1 0.5 4.704396574241707e-17 2.675 
1 0.5 -6.272631430644566e-18 2.675 
1 0.4999999999999999 0 2.675 
1 0.5 3.783564551368036e-17 2.675 
1 0.5 0 2.675 
1 0.5 -1.681607805144312e-17 2.675 
1 0.5 3.363215610288624e-17 2.675 
1 0.5 -1.26117186485956e-17 2.675 
1 0.5 1.261171864859561e-17 2.675 
1 0.5 -2.942813659002548e-17 2.675 
1 0.5 -2.52243015811189e-17 2.675 
1 0.4999999999999999 4.204050263519816e-17 2.675 
1.005614922486164 0.5047392553424792 0.003456556361784208 2.696814736482945 
1.000668843336874 0.500192641637574 0.0008122078329653978 2.6774059111579 
1.000052422964932 0.5000345853899112 4.567135790439762e-05 2.675197947372531 
1 0.5 -4.137367560232213e-17 2.675 
1 0.5 4.1373954105601e-17 2.675 
1 0.5 0 2.675 
1 0.5 -4.964670255643867e-17 2.675 
1 0.4999999999999999 2.068484733888428e-18 2.675 
1 0.5 -4.964703679598455e-17 2.675 
1 0.4999999999999999 -1.48806088898644e-17 2.675 
1 0.5 -2.232075147325807e-17 2.675 
1 0.4999999999999999 0 2.675 
1 0.4999999999999999 -2.232186574920847e-17 2.675 
1 0.5000000000000001 0 2.675 
1 0.4999999999999999 0 2.675 
1 0.4999999999999999 -1.48806842063055e-17 2.675 
1 0.5 -2.976009861637489e-17 2.675 
1 0.5 2.232145536577767e-17 2.675 
1.008558024661531 0.5066888686545249 0.003661962683981421 2.708054349261077 
1.001020242863363 0.5012595004626621 0.001039047394698562 2.679159410182925 
1.000167843113986 0.5001886787231685 7.840205387844671e-05 2.675672985924271 
1 0.4999999999999999 2.597065655477034e-17 2.675 
1 0.5 -2.597065655477033e-17 2.675 
1 0.4999999999999999 2.597065655477033e-17 2.675 
1 0.5 0 2.675 
1 0.5000000000000001 2.43465527017558e-18 2.675 
1 0.4999999999999999 0 2.675 
1 0.4999999999999999 0 2.675 
1 0.4999999999999999 2.044242765080409e-17 2.675 
1 0.5 4.088505470446064e-18 2.675 
1 0.5 4.088527923714437e-17 2.675 
1 0.4999999999999999 -4.088581921230967e-18 2.675 
1 0.5000000000000001 0 2.675 
1 0.5 0 2.675 
1 0.5000000000000001 1.226536196314043e-17 2.675 
1 0.4999999999999999 -1.226536196314043e-17 2.675 
1 0.5 -6.583493890041748e-18 2.675 
1 0.4999999999999999 0 2.675 
1 0.5 0 2.675 
1 0.5 0 2.675 
1 0.4999999999999999 -1.316726464717265e-17 2.675 
1 0.5 1.316748837465072e-17 2.675 
1 0.4999999999999999 3.950115730717278e-17 2.675 
1 0.5 0 2.675 
1 0.5 0 2.675 
1.00477305820327 0.5130234651899832 1.824879705626409e-05 2.687355299528031 
1.00330769365539 0.5050716257638305 9.604800371796954e-06 2.68684921788123 
1.004804618258733 0.5130057878477495 -9.919840399046433e-06 2.687454697867341 
1.003309207759104 0.5050730660954834 7.684324004412001e-06 2.686855172056345 
1.000837057846641 0.5013840750345406 4.329198996198474e-07 2.678405586581287 
1.000125090663793 0.5001889448529361 5.026882615695031e-07 2.675519507728052 
1.00480461794793 0.513005787560302 -9.922830563415054e-06 2.687454697021722 
1.003307464076023 0.5050713452260346 5.483909486640433e-06 2.68684828446717 
1.004769639157048 0.5130242248153933 -4.229945763405304e-05 2.68734394707575 
1 0.4999999999999999 -4.287770825231011e-17 2.675 
1 0.5 -1.071942706307752e-17 2.675 
1 0.4999999999999999 -4.287755028609481e-17 2.675 
1 0.5 5.002383800624979e-17 2.675 
1 0.5 1.286331247569303e-16 2.675000000000001 
1 0.5000000000000001 4.359210390256592e-16 2.675000000000001 
1.000103998780438 0.5001374720777174 -3.255712312706258e-05 2.675422899633658 
1.000374023794305 0.5006371838797913 9.885792379090997e-05 2.676528595967018 
1.002609630000353 0.5039290083479672 0.0007925963945452526 2.684436063942499 
1.000426207069004 0.5007265636804273 -7.92707769380596e-05 2.676743413166617 
1.000108331112803 0.5001456098222057 3.244143861940188e-05 2.675441643629914 
1 0.4999999999999999 -6.351145852112253e-17 2.675 
1 0.5 2.117054669979241e-17 2.675 
1 0.4999999999999999 -2.117054669979241e-17 2.675 
1 0.4999999999999999 2.117048617370751e-17 2.675 
1 0.4999999999999999 0 2.675 
1 0.5 0 2.675 
1 0.5 0 2.675 
1 0.4999999999999999 4.2181825754702e-17 2.675 
1 0.4999999999999999 1.349828693650487e-17 2.675 
1 0.4999999999999999 9.448674134950301e-17 2.675000000000001 
1.000000000000001 0.5000000000000004 1.309311226210086e-15 2.675000000000004 
1.000000001593366 0.4999999998079208 1.627199563694027e-09 2.675000005393105 
1 0.5000000000000001 1.079848472565749e-16 2.675000000000001 
1 0.4999999999999999 6.479177729522339e-16 2.675000000000002 
1.000363795260405 0.500147803360377 0.0002076864788307203 2.676327630011255 
1.000640612327811 0.5002763481063766 0.0003578679306779593 2.677346462110958 
1.000065136669702 0.500031033019301 8.076315847255863e-05 2.675239974169026 
1.000009996766094 0.5000027127297432 8.105615672492439e-06 2.675035796859507 
1.001151650854586 0.5004576559879474 0.0006579790220667648 2.679201011892059 
1 0.5 0 2.675 
1 0.4999999999999999 0 2.675 
1 0.5 0 2.675 
1.000060274117059 0.5000385798835948 4.355640480864518e-05 2.675227001889032 
1.000556972498611 0.5001317725420595 0.0006840804457019632 2.676989935712107 
1.006627473525099 0.5043745374003981 0.003609102120386318 2.700152543383417 
1.000496049203104 0.5001303357597592 0.0006118820884843871 2.676778194759383 
1.005818151210982 0.5038542824294813 0.003142525282681538 2.697073028656962 
1 0.4999999999999999 1.067344842933291e-17 2.675 
1 0.4999999999999999 0 2.675 
1 0.5 0 2.675 
1 0.4999999999999999 0 2.675 
1 0.5 -2.668386115904446e-17 2.675 
1 0.5 -2.668386115904445e-17 2.675 
1 0.5 -1.067359272956991e-17 2.675 
1 0.4999999999999999 0 2.675 
1 0.5000000000000001 0 2.675 
1 0.5000000000000001 0 2.675 
1 0.5 -3.852779753424194e-18 2.675 
1 0.5 0 2.675 
1 0.4999999999999999 0 2.675 
1 0.5 7.705532074998956e-18 2.675 
1 0.4999999999999999 0 2.675 
1 0.5 0 2.675 
1 0.5 -1.926394739014055e-17 2.675 
1 0.4999999999999999 0 2.675 
1.000079176732807 0.5000150840948449 5.184693175414177e-05 2.675280332104394 
1.000008729339664 0.5000042032390899 1.083873995690225e-05 2.675032175284909 
1.000000684368183 0.5000000659374548 5.529478710854217e-07 2.675002390624594 
1.000003005817188 0.5000014484994008 3.732118139930415e-06 2.675011079419288 
1.000000232473677 0.5000000174037249 1.882442627677491e-07 2.675000809574549 
1 0.5 -3.440865463684092e-17 2.675 
1 0.5 3.440865463684092e-17 2.675 
1 0.5 0 2.675 
1.004038873136787 0.5024272011510084 0.002309160732471175 2.690177972589575 
1.000389839321988 0.5001253185603122 0.0004843531033969271 2.676408023214043 
1.000040649201698 0.5000279177998168 2.960733830895438e-05 2.675154021099576 
1.000291175558906 0.5001023975899879 0.0003628249606617648 2.676055618541347 
1.000030096979612 0.5000209368900628 2.179072936020442e-05 2.67511416637233 
1 0.4999999999999999 -1.582186459838893e-17 2.675 
1 0.5 -3.516039162392743e-17 2.675 
1 0.5 1.406383846522197e-17 2.675 
0.9994488258244609 0.5001983634905662 -0.0003521750731224637 2.673204289707169 
0.9999702722067301 0.4999967363668869 3.41474184568537e-05 2.674895966327611 
0.9999997949501876 0.500000067936803 -1.760230710303703e-07 2.674999327573848 
1 0.4999999999999999 -2.507494481425944e-17 2.675 
1 0.4999999999999999 0 2.675 
1 0.5 0 2.675 
1 0.5 5.014988962851889e-17 2.675 
1 0.5 0 2.675 
1 0.5 0 2.675 
0.9961522352741446 0.502723075101706 3.049022515584447e-05 2.663188922540694 
0.9987558744574914 0.5007900038144129 -5.270137186280164e-06 2.671119323779529 
0.9961354160966206 0.5026957586443646 5.525286198920061e-06 2.663117323833698 
0.9987557271693396 0.5007900520371704 -5.395447423230414e-06 2.671118843473683 
0.999839529189012 0.5001121357568926 4.786875270166134e-08 2.674503615613863 
0.9999899490472143 0.5000061924371557 -4.730328880958439e-08 2.674968472968675 
0.9961354160966207 0.5026957586443646 5.525286198918407e-06 2.663117323833698 
0.998756144054847 0.5007897719383817 -5.469635043093957e-06 2.671120129644902 
0.9961471513838436 0.5027018757329814 -1.59497194908902e-05 2.663160785251091 
1 0.5 0 2.675 
1 0.5 0 2.675 
1 0.5 0 2.675 
1 0.4999999999999999 -1.713355737988949e-17 2.675 
1 0.5000000000000001 0 2.675 
1 0.5 -4.283364101025442e-17 2.675 
1 0.4999999999999999 0 2.675 
1 0.5 2.570018460615265e-17 2.675 
1 0.5 0 2.675 
0.9999955090725229 0.5000030958728093 5.16560795607074e-07 2.674986077496023 
1 0.5 8.927140201401232e-17 2.675000000000001 
1 0.5 0 2.675 
1 0.5 4.726133047800653e-17 2.675 
1 0.5 2.975713400467078e-17 2.675 
1 0.5 2.888182795846151e-17 2.675 
1 0.5 2.800662105062934e-17 2.675 
1 0.4999999999999999 0 2.675 
1 0.5000000000000003 5.335102243654778e-16 2.675000000000002 
1 0.5 9.531341431025703e-17 2.675 
1 0.5 9.591286974617059e-18 2.675 
1 0.5 8.901938187890988e-17 2.675 
1 0.5000000000000003 3.521810562549465e-16 2.675000000000002 
1 0.5 -1.019074241053062e-17 2.675 
1 0.5 0 2.675 
1 0.5 0 2.675 
1 0.5 0 2.675 
1 0.5 3.41522400014685e-17 2.675 
1 0.4999999999999999 -2.732179200117481e-17 2.675 
1 0.4999999999999999 0 2.675 
1 0.5 4.553642830253909e-17 2.675 
1 0.5 -4.553675742357734e-17 2.675 
1 0.5000000000000001 0 2.675 
1 0.4999999999999999 2.504513139207715e-17 2.675 
1 0.5 0 2.675 
1 0.5 0 2.675 
1 0.5 0 2.675 
1 0.5 0 2.675 
1 0.5 1.85676271466675e-17 2.675 
1 0.4999999999999999 -1.85676271466675e-17 2.675 
1 0.5 0 2.675 
1 0.5000000000000001 0 2.675 
1 0.5 0 2.675 
1 0.4999999999999999 2.475721499259305e-17 2.675 
0.9998961553483766 0.4998774495105077 -9.550797367151872e-05 2.6745810193799 
0.9999740362189884 0.4999684216863969 -2.387901320701669e-05 2.674894768199045 
0.9999958199708631 0.4999979872198228 -5.178894867695719e-06 2.674984593601095 
0.9999995096053199 0.4999994691449589 -4.786036474895789e-07 2.674998045166657 
0.9999944473132533 0.4999935241615651 -5.022400965918928e-06 2.674977633189503 
0.9996120806669084 0.4995916099161904 -0.0002675141838255089 2.673459852265716 
0.9999580249693937 0.4999800907592088 -5.253311730818008e-05 2.67484546788174 
0.9999903249637921 0.4999897202723664 -8.232025011178465e-06 2.674961531248055 
0.9999265059822465 0.4999643275218211 -9.196087810413352e-05 2.674729058062356 
0.999983654423418 0.4999827026652892 -1.382445913822144e-05 2.674935045363875 
1 0.4999999999999999 1.627429239849462e-17 2.675 
1 0.5000000000000001 -4.14245014192005e-17 2.675 
1 0.5 4.142450141920053e-17 2.675 
0.9970042801403992 0.4971076842647779 -0.0007751299567979101 2.663255003533035 
0.9976523535068493 0.4977098664684851 -0.0005984054354053659 2.665780562004056 
0.999842329719266 0.4999049397076585 -0.0001977427739495532 2.674409767093949 
0.9999835195541963 0.4999845912917716 -1.019561454322248e-05 2.674935527755716 
0.9981598808486112 0.4982687729958268 -0.0004879698024827298 2.667803575299788 
1 0.4999999999999999 0 2.675 
1 0.5 -1.486832335548947e-17 2.675 
1 0.5000000000000001 3.568397605317471e-17 2.675 
1 0.5 0 2.675 
1 0.5 0 2.675 
1 0.5 -5.947273971031459e-17 2.675 
1 0.5 0 2.675 
1 0.4999999999999999 2.081547498803133e-17 2.675 
1 0.4999999999999999 5.947278568008948e-17 2.675 
0.9888993579500505 0.4894844204729075 -0.006425821189112067 2.63183200045869 
0.9891113406714558 0.4895241008669251 -0.006300118037917176 2.632569249551929 
0.9985778696404488 0.4988685812872165 -0.001709691210434406 2.669560693707924 
0.9997980038217952 0.4997811721048585 -0.0001468178356132795 2.674195306234525 
0.9897073979390536 0.4900256208355298 -0.005969943100454005 2.634839229334235 
1 0.5 5.30659789576969e-17 2.675 
1 0.4999999999999999 0 2.675 
1 0.5 0 2.675 
0.9999869678581274 0.4999955204147129 -7.79342985960348e-06 2.674952866918065 
0.9997505494592505 0.499870859821554 -0.0003103521928920898 2.674076906892532 
0.9979172027486576 0.4989730692640113 -0.001222372053470749 2.667326141735376 
0.999954147424515 0.4999904122382006 -6.17858764959044e-05 2.674837290028849 
0.9995206330614826 0.5004309028550374 -0.000130101485566727 2.673567047510706 
0.9930985151410289 0.4932572214843693 -0.003005617786433854 2.647969844490905 
0.9939996288721267 0.4941094565422746 -0.002633241333867232 2.651472314547438 
0.9994487223369316 0.4996139569298232 -0.0006822138874433877 2.672912773921381 
0.9999278791168091 0.4999218226622789 -4.807708876578721e-05 2.674712552597906 
0.9949174186255398 0.4949894051148687 -0.002252121579047172 2.655049453844551 
0.9930369225534821 0.4938082489729671 -0.002423880220243506 2.648025744629826 
0.9995066313305003 0.499605204999681 -0.0006002734279122372 2.673107947445629 
0.9999310825414027 0.4999197317534767 -4.270820446011502e-05 2.674722543102797 
0.9995272684324203 0.4996283723506037 -0.0005770321840715817 2.673190236095689 
0.9999355011497122 0.499925830906222 -4.002787272406032e-05 2.674740803125856 
1 0.5000000000000001 0 2.675 
1 0.5 0 2.675 
1 0.5 -4.82101542285076e-18 2.675 
1.007457542743361 0.5056984071911774 0.004448983849191794 2.703715530362903 
1.000817977986795 0.5002424894615186 0.0009991146268019931 2.677947965994664 
1.000090437337321 0.5000435718220487 7.558369101308407e-05 2.675333496130023 
1.000941639071105 0.500252888661738 0.00114454078723618 2.678382031424363 
1.00010074361611 0.5000443608531728 8.468761827472991e-05 2.675369432530436 
1 0.5 4.500965980894742e-17 2.675 
1 0.5 0 2.675 
1 0.5 0 2.675 
0.9943341035219828 0.495582675710116 -0.003185183316765418 2.653362784251891 
0.9932121650197411 0.4944371747134727 -0.00381592261288534 2.648961798361961 
0.9992223309181493 0.4994662268463638 -0.0009559154093381332 2.67206255044298 
0.999886207046631 0.4998857903631167 -8.385414539905621e-05 2.674551072452189 
0.9922300634829593 0.493393374222666 -0.004359260785336144 2.645093583726479 
1.001856951648175 0.5021320999169305 0.0005109599195558955 2.682473145089812 
1.000155458411681 0.500073878494479 0.0001946087748040379 2.675572850460807 
1.000021647960436 0.5000163766225521 1.673761057279249e-05 2.675082777809792 
1.000278106463523 0.5001161183370735 0.000343751606760579 2.676017257028275 
1.000033298536127 0.500020013780459 2.662451521148897e-05 2.675124746252515 
1 0.5 -2.569420062162002e-17 2.675 
1 0.5 4.282443761473155e-17 2.675 
1 0.5 0 2.675 
1 0.5000000000000001 -2.498116875565727e-17 2.675 
1 0.5 4.996072118355683e-18 2.675 
1 0.4999999999999999 -2.99764327101341e-17 2.675 
1.000068056481845 0.5000352497400746 4.914029950386005e-05 2.675252183202691 
1.000669643847315 0.5001146667411707 0.0008079826690466632 2.677372258534132 
1.008857087125933 0.5060061343366908 0.004410610502493785 2.708756045589332 
1.00064245377764 0.500116795597317 0.000777112834782742 2.677278980463733 
1.008437776993728 0.5056726460551743 0.004185430988373521 2.707122153060387 
1.007538635958655 0.5056103521060672 0.002708828206460987 2.703940212586811 
1.000448512541392 0.5000867116938483 0.0005413896150885824 2.676592598001446 
1.000043931580679 0.5000203790987727 3.145680871851757e-05 2.675161591235805 
1.000468459122301 0.5000858955882641 0.0005640161687842465 2.676661283175707 
1.000045199484934 0.5000200293884038 3.237344708902984e-05 2.675165787376148 
1 0.4999999999999999 0 2.675 
1 0.5000000000000001 5.452842065519295e-18 2.675 
1 0.5 -3.27168667412449e-17 2.675 
0.9999999999999996 0.4999999999999999 2.415431330994636e-15 2.674999999999999 
1.000002042915173 0.5000006808289638 6.867191760465945e-07 2.675007378264257 
1.021875035922689 0.507196585952168 0.004041267854291765 2.754794369717708 
1.000010375991745 0.500003213065967 2.774169747237232e-06 2.67503735200478 
1.00575678310743 0.5028311763639873 0.0007221669777493097 2.696295049648803 
0.9999999999999997 0.4999999999999997 2.233523830427198e-15 2.674999999999999 
0.9999998112309779 0.4999996763205654 -7.477933378340631e-08 2.674999187851455 
0.9959756648602357 0.4975140376278434 -0.0004482672781886806 2.659914536256622 
0.9877413033144999 0.4952172249190854 -0.001966759942435055 2.630618462406788 
0.9839269328322198 0.4937368175785897 -0.001322710901531853 2.616874070231137 
1.028739151604572 0.5099961767775404 0.00789523351057555 2.780400488479583 
1.013430732577858 0.505294981295311 0.003399100092901161 2.724219578573939 
1.025666770508238 0.5083896470370628 0.005190806832538284 2.768783470554892 
1.022015627795531 0.5075727996317455 0.004445259058520584 2.755495105141786 
1.00003271644197 0.5000506446558233 -1.993824192240732e-05 2.675136224208901 
0.9999999999999999 0.4999999999999998 2.848138543602529e-15 2.675 
1.017429245688599 0.5058179444263051 0.003113733970323206 2.738476954799073 
1.00010874083987 0.5000356384291088 2.853279338057484e-05 2.675392451077836 
1.009972251105708 0.5034152871686225 0.00167042467085028 2.711230369058184 
0.9999999999999996 0.4999999999999995 2.765648630152799e-15 2.674999999999998 
0.9999999999999996 0.4999999999999997 2.781446562984064e-15 2.674999999999998 
0.9987789075298233 0.4994481705825569 -0.0001902677025994436 2.67051975440409 
0.9955023148483273 0.4985345927329301 -0.0007262007426607123 2.65880726094409 
0.9822337609042593 0.4930766924358135 -0.001301860480600982 2.610788168430319 
1.022936169996314 0.5083647323149376 0.00621593189941194 2.759079643946025 
1.006778510265822 0.5029153263317989 0.001493244775521941 2.699883991483369 
1.024245923213006 0.5078608344490961 0.004839333104777293 2.763492511529588 
1.02079605703187 0.5070862826941185 0.004063112221292901 2.750956480335361 
0.9999999999999997 0.4999999999999999 2.029534017758806e-15 2.674999999999999 
1.000000025313568 0.499999981550721 2.865677504090761e-09 2.67500007798062 
1.019733962104167 0.5065251535498764 0.003578406363470783 2.746921923828087 
1.000036220725108 0.5000116980902969 9.577236661151803e-06 2.675130631632041 
1.007317933928198 0.5025567749943748 0.001197596131073407 2.701578302061272 
0.9999999999999998 0.4999999999999999 1.421333346635488e-15 2.674999999999999 
1.000000000000002 0.5000000000000037 4.133825668017472e-15 2.675000000000009 
0.9978620606686825 0.4990128038440684 -0.0003280577055672037 2.667148303934233 
0.9915393268320987 0.4968535024430435 -0.001375745756973383 2.644396531982097 
0.9829640680136144 0.4934078545809591 -0.001267443718677524 2.613435659155797 
1.026042739832724 0.5092721870410571 0.007156232771685697 2.770497815712377 
1.010228337491564 0.5041889171096352 0.002392545365463381 2.712503075230695 
1.025246817017653 0.5081745856791723 0.005065278130197527 2.767186443307833 
1.02153003799548 0.5072619380758036 0.004234572713295371 2.753631563536851 
1.002482445996006 0.5037334931308354 -0.0008045003215267697 2.683983204136848 
0.9999999999999997 0.5000000000000001 2.834618690715976e-15 2.674999999999999 
1.000659687799243 0.5002389756388733 0.000172679026949172 2.677392836044783 
1.001204720873768 0.5004375839734287 0.0003146354066910412 2.679371475511888 
1.002085204222612 0.5007576570159977 0.0005427458875399549 2.682569603030641 
1.003927767332039 0.5009061532014247 0.001026485373316 2.689008572676598 
1.01516658739033 0.5052034348999566 0.00270212542633202 2.730242841248606 
1.000308434206824 0.5001066084909056 8.167278457717822e-05 2.676116020885066 
1.013096444825568 0.5044921425235723 0.002298210366874279 2.722658005597398 
0.9998519746109604 0.5000329547375318 0.0001301132648334763 2.674506758046233 
0.9999999999999994 0.4999999999999996 3.625489797008365e-15 2.674999999999998 
0.999628481200335 0.4998315877011976 -8.763776442530393e-05 2.673636130629395 
0.9999011040511644 0.4999441065936505 -2.254284327590814e-05 2.674631372066477 
0.9999790682361726 0.4999875034823368 -4.677187440615248e-06 2.674921642510836 
0.9999943126406839 0.4999969275636532 -1.32661808016135e-06 2.674978870879514 
0.9993218104154095 0.4996906298023399 -0.0001066149755221413 2.672509671006066 
0.9916587111747565 0.4965856312797861 -0.001393308406460029 2.644665659771744 
0.9933365871538182 0.497207357817248 -0.001008147423839768 2.650716760111325 
0.9948649242580206 0.4978475041393271 -0.0007832563841422009 2.656274341911069 
0.9957541511482634 0.4986582348243239 -0.0006408051953411904 2.659728032414637 
0.9698561080830651 0.4877171180257786 -0.004887821965753872 2.566424631525511 
0.9698358329313611 0.4869550778757301 -0.004805686316690773 2.565942475383505 
0.9712637215692903 0.4875583637595746 -0.004597078871328025 2.571036549165018 
0.9733308096352258 0.4884610573737256 -0.004317866073801931 2.578438383635277 
1.000068695996379 0.5010367004416665 -0.0001128327787716118 2.675757368614889 
0.9808706546060906 0.4920661828439859 -0.00260039250867952 2.605683386704597 
0.983206483798326 0.4930482498734715 -0.002232117795336911 2.614096039783498 
0.9856423747644368 0.4940627257324303 -0.001947822651972321 2.622882666211282 
0.9880435279889628 0.4950475710757062 -0.001661152581172772 2.631552976388403 
0.9816729291654561 0.4929053961444998 -0.001296497004211695 2.608794540891512 
1.019375499629338 0.5072835664493529 0.00516482931891243 2.74601637594126 
0.9856620158511337 0.4944868203988421 -0.002169318239217586 2.623175137650144 
0.9824798800590174 0.4930549928853396 -0.00253955299286612 2.611650159931449 
0.9796868576825267 0.491796540103237 -0.002880987739291335 2.601557951630239 
0.9773057420844304 0.4906714877547806 -0.003181257877873229 2.592946568792121 
1.00317396432035 0.5015965459325613 0.0005888079972307331 2.686749037831131 
1.022825092503221 0.5074196199399281 0.004629016513341366 2.758258990444866 
1.019734710569981 0.5067638710898833 0.003806805474850679 2.747056155303486 
